Data run ended at:  Friday, April 09, 2021	10:26:03 PM
Total number of sweeps:  1735	live time (sec):  20.820000	real time (sec):  40.076000


time (sec)	counts
0.000000E+0	0.000000E+0
2.000000E-5	2.800000E+1
4.000000E-5	3.200000E+1
6.000000E-5	3.300000E+1
8.000000E-5	3.000000E+1
1.000000E-4	3.600000E+1
1.200000E-4	2.300000E+1
1.400000E-4	3.400000E+1
1.600000E-4	2.800000E+1
1.800000E-4	3.000000E+1
2.000000E-4	3.400000E+1
2.200000E-4	2.500000E+1
2.400000E-4	1.800000E+1
2.600000E-4	2.100000E+1
2.800000E-4	2.700000E+1
3.000000E-4	2.700000E+1
3.200000E-4	2.600000E+1
3.400000E-4	3.100000E+1
3.600000E-4	3.000000E+1
3.800000E-4	3.300000E+1
4.000000E-4	1.900000E+1
4.200000E-4	3.000000E+1
4.400000E-4	2.600000E+1
4.600000E-4	1.800000E+1
4.800000E-4	3.000000E+1
5.000000E-4	2.600000E+1
5.200000E-4	3.000000E+1
5.400000E-4	2.100000E+1
5.600000E-4	2.300000E+1
5.800000E-4	2.400000E+1
6.000000E-4	1.700000E+1
6.200000E-4	3.400000E+1
6.400000E-4	2.000000E+1
6.600000E-4	3.200000E+1
6.800000E-4	2.600000E+1
7.000000E-4	2.200000E+1
7.200000E-4	3.100000E+1
7.400000E-4	2.500000E+1
7.600000E-4	2.400000E+1
7.800000E-4	2.400000E+1
8.000000E-4	2.600000E+1
8.200000E-4	2.200000E+1
8.400000E-4	2.800000E+1
8.600000E-4	2.100000E+1
8.800000E-4	3.500000E+1
9.000000E-4	2.900000E+1
9.200000E-4	2.600000E+1
9.400000E-4	2.500000E+1
9.600000E-4	2.300000E+1
9.800000E-4	2.400000E+1
1.000000E-3	2.500000E+1
1.020000E-3	2.200000E+1
1.040000E-3	2.900000E+1
1.060000E-3	2.500000E+1
1.080000E-3	1.700000E+1
1.100000E-3	2.600000E+1
1.120000E-3	1.900000E+1
1.140000E-3	1.700000E+1
1.160000E-3	2.300000E+1
1.180000E-3	2.900000E+1
1.200000E-3	2.000000E+1
1.220000E-3	2.600000E+1
1.240000E-3	2.400000E+1
1.260000E-3	2.300000E+1
1.280000E-3	2.200000E+1
1.300000E-3	2.300000E+1
1.320000E-3	1.800000E+1
1.340000E-3	2.200000E+1
1.360000E-3	2.200000E+1
1.380000E-3	2.200000E+1
1.400000E-3	1.900000E+1
1.420000E-3	2.500000E+1
1.440000E-3	2.300000E+1
1.460000E-3	2.800000E+1
1.480000E-3	3.500000E+1
1.500000E-3	2.500000E+1
1.520000E-3	2.800000E+1
1.540000E-3	2.200000E+1
1.560000E-3	2.600000E+1
1.580000E-3	2.800000E+1
1.600000E-3	2.500000E+1
1.620000E-3	2.600000E+1
1.640000E-3	1.900000E+1
1.660000E-3	1.900000E+1
1.680000E-3	2.800000E+1
1.700000E-3	3.300000E+1
1.720000E-3	2.100000E+1
1.740000E-3	2.500000E+1
1.760000E-3	1.700000E+1
1.780000E-3	1.900000E+1
1.800000E-3	1.900000E+1
1.820000E-3	2.400000E+1
1.840000E-3	2.700000E+1
1.860000E-3	3.500000E+1
1.880000E-3	2.500000E+1
1.900000E-3	3.000000E+1
1.920000E-3	2.400000E+1
1.940000E-3	2.500000E+1
1.960000E-3	2.400000E+1
1.980000E-3	1.900000E+1
2.000000E-3	2.200000E+1
2.020000E-3	2.000000E+1
2.040000E-3	3.400000E+1
2.060000E-3	2.000000E+1
2.080000E-3	1.900000E+1
2.100000E-3	2.900000E+1
2.120000E-3	2.400000E+1
2.140000E-3	2.800000E+1
2.160000E-3	2.500000E+1
2.180000E-3	2.100000E+1
2.200000E-3	2.400000E+1
2.220000E-3	3.500000E+1
2.240000E-3	1.600000E+1
2.260000E-3	2.800000E+1
2.280000E-3	3.000000E+1
2.300000E-3	3.100000E+1
2.320000E-3	2.600000E+1
2.340000E-3	2.100000E+1
2.360000E-3	2.500000E+1
2.380000E-3	3.200000E+1
2.400000E-3	1.700000E+1
2.420000E-3	3.100000E+1
2.440000E-3	2.400000E+1
2.460000E-3	2.500000E+1
2.480000E-3	2.000000E+1
2.500000E-3	2.500000E+1
2.520000E-3	3.500000E+1
2.540000E-3	2.900000E+1
2.560000E-3	1.800000E+1
2.580000E-3	3.200000E+1
2.600000E-3	1.900000E+1
2.620000E-3	2.600000E+1
2.640000E-3	2.600000E+1
2.660000E-3	2.500000E+1
2.680000E-3	1.900000E+1
2.700000E-3	2.400000E+1
2.720000E-3	2.400000E+1
2.740000E-3	2.300000E+1
2.760000E-3	2.700000E+1
2.780000E-3	2.400000E+1
2.800000E-3	2.100000E+1
2.820000E-3	2.300000E+1
2.840000E-3	2.800000E+1
2.860000E-3	3.200000E+1
2.880000E-3	2.600000E+1
2.900000E-3	2.400000E+1
2.920000E-3	2.500000E+1
2.940000E-3	3.800000E+1
2.960000E-3	1.400000E+1
2.980000E-3	2.600000E+1
3.000000E-3	2.300000E+1
3.020000E-3	2.700000E+1
3.040000E-3	2.400000E+1
3.060000E-3	1.800000E+1
3.080000E-3	3.600000E+1
3.100000E-3	1.900000E+1
3.120000E-3	2.800000E+1
3.140000E-3	2.100000E+1
3.160000E-3	2.100000E+1
3.180000E-3	2.500000E+1
3.200000E-3	3.300000E+1
3.220000E-3	2.300000E+1
3.240000E-3	2.100000E+1
3.260000E-3	3.100000E+1
3.280000E-3	2.900000E+1
3.300000E-3	1.600000E+1
3.320000E-3	2.300000E+1
3.340000E-3	1.700000E+1
3.360000E-3	2.700000E+1
3.380000E-3	2.300000E+1
3.400000E-3	2.600000E+1
3.420000E-3	2.100000E+1
3.440000E-3	2.800000E+1
3.460000E-3	1.800000E+1
3.480000E-3	2.900000E+1
3.500000E-3	3.400000E+1
3.520000E-3	2.700000E+1
3.540000E-3	2.800000E+1
3.560000E-3	2.100000E+1
3.580000E-3	2.800000E+1
3.600000E-3	2.600000E+1
3.620000E-3	2.500000E+1
3.640000E-3	3.300000E+1
3.660000E-3	3.500000E+1
3.680000E-3	2.200000E+1
3.700000E-3	1.800000E+1
3.720000E-3	2.500000E+1
3.740000E-3	2.500000E+1
3.760000E-3	2.900000E+1
3.780000E-3	2.800000E+1
3.800000E-3	3.100000E+1
3.820000E-3	2.000000E+1
3.840000E-3	2.300000E+1
3.860000E-3	3.500000E+1
3.880000E-3	3.100000E+1
3.900000E-3	2.600000E+1
3.920000E-3	2.600000E+1
3.940000E-3	2.000000E+1
3.960000E-3	2.100000E+1
3.980000E-3	2.500000E+1
4.000000E-3	2.600000E+1
4.020000E-3	2.600000E+1
4.040000E-3	2.100000E+1
4.060000E-3	2.300000E+1
4.080000E-3	2.600000E+1
4.100000E-3	2.900000E+1
4.120000E-3	2.800000E+1
4.140000E-3	2.800000E+1
4.160000E-3	2.100000E+1
4.180000E-3	2.700000E+1
4.200000E-3	2.900000E+1
4.220000E-3	2.500000E+1
4.240000E-3	2.600000E+1
4.260000E-3	2.100000E+1
4.280000E-3	1.700000E+1
4.300000E-3	3.000000E+1
4.320000E-3	2.600000E+1
4.340000E-3	2.200000E+1
4.360000E-3	1.700000E+1
4.380000E-3	1.800000E+1
4.400000E-3	2.800000E+1
4.420000E-3	3.000000E+1
4.440000E-3	3.400000E+1
4.460000E-3	2.400000E+1
4.480000E-3	2.700000E+1
4.500000E-3	2.000000E+1
4.520000E-3	3.000000E+1
4.540000E-3	2.800000E+1
4.560000E-3	2.900000E+1
4.580000E-3	2.900000E+1
4.600000E-3	2.700000E+1
4.620000E-3	3.100000E+1
4.640000E-3	3.200000E+1
4.660000E-3	3.000000E+1
4.680000E-3	2.500000E+1
4.700000E-3	3.000000E+1
4.720000E-3	3.100000E+1
4.740000E-3	3.000000E+1
4.760000E-3	2.500000E+1
4.780000E-3	1.400000E+1
4.800000E-3	3.000000E+1
4.820000E-3	3.000000E+1
4.840000E-3	2.200000E+1
4.860000E-3	2.600000E+1
4.880000E-3	3.500000E+1
4.900000E-3	2.900000E+1
4.920000E-3	3.400000E+1
4.940000E-3	1.800000E+1
4.960000E-3	3.000000E+1
4.980000E-3	2.900000E+1
5.000000E-3	2.600000E+1
5.020000E-3	2.000000E+1
5.040000E-3	2.200000E+1
5.060000E-3	2.200000E+1
5.080000E-3	2.100000E+1
5.100000E-3	3.100000E+1
5.120000E-3	2.300000E+1
5.140000E-3	2.400000E+1
5.160000E-3	3.700000E+1
5.180000E-3	2.100000E+1
5.200000E-3	2.200000E+1
5.220000E-3	2.800000E+1
5.240000E-3	2.200000E+1
5.260000E-3	1.800000E+1
5.280000E-3	3.400000E+1
5.300000E-3	2.700000E+1
5.320000E-3	2.700000E+1
5.340000E-3	2.600000E+1
5.360000E-3	2.300000E+1
5.380000E-3	2.300000E+1
5.400000E-3	2.300000E+1
5.420000E-3	2.800000E+1
5.440000E-3	2.300000E+1
5.460000E-3	2.800000E+1
5.480000E-3	2.200000E+1
5.500000E-3	2.200000E+1
5.520000E-3	1.900000E+1
5.540000E-3	1.900000E+1
5.560000E-3	2.100000E+1
5.580000E-3	2.100000E+1
5.600000E-3	2.600000E+1
5.620000E-3	2.800000E+1
5.640000E-3	2.600000E+1
5.660000E-3	3.600000E+1
5.680000E-3	3.100000E+1
5.700000E-3	2.700000E+1
5.720000E-3	2.000000E+1
5.740000E-3	2.300000E+1
5.760000E-3	1.900000E+1
5.780000E-3	1.800000E+1
5.800000E-3	3.300000E+1
5.820000E-3	1.800000E+1
5.840000E-3	2.700000E+1
5.860000E-3	2.300000E+1
5.880000E-3	2.100000E+1
5.900000E-3	2.600000E+1
5.920000E-3	1.700000E+1
5.940000E-3	2.400000E+1
5.960000E-3	3.600000E+1
5.980000E-3	2.700000E+1
6.000000E-3	1.900000E+1
6.020000E-3	2.200000E+1
6.040000E-3	1.700000E+1
6.060000E-3	2.300000E+1
6.080000E-3	3.000000E+1
6.100000E-3	1.800000E+1
6.120000E-3	2.700000E+1
6.140000E-3	2.200000E+1
6.160000E-3	2.300000E+1
6.180000E-3	2.000000E+1
6.200000E-3	2.000000E+1
6.220000E-3	2.800000E+1
6.240000E-3	2.600000E+1
6.260000E-3	2.700000E+1
6.280000E-3	2.200000E+1
6.300000E-3	3.200000E+1
6.320000E-3	3.300000E+1
6.340000E-3	2.500000E+1
6.360000E-3	3.000000E+1
6.380000E-3	3.000000E+1
6.400000E-3	2.600000E+1
6.420000E-3	3.100000E+1
6.440000E-3	1.600000E+1
6.460000E-3	3.200000E+1
6.480000E-3	2.700000E+1
6.500000E-3	2.700000E+1
6.520000E-3	2.100000E+1
6.540000E-3	2.000000E+1
6.560000E-3	2.100000E+1
6.580000E-3	2.100000E+1
6.600000E-3	1.700000E+1
6.620000E-3	2.600000E+1
6.640000E-3	2.900000E+1
6.660000E-3	3.100000E+1
6.680000E-3	2.800000E+1
6.700000E-3	2.700000E+1
6.720000E-3	3.200000E+1
6.740000E-3	2.500000E+1
6.760000E-3	2.800000E+1
6.780000E-3	2.500000E+1
6.800000E-3	2.500000E+1
6.820000E-3	3.400000E+1
6.840000E-3	3.300000E+1
6.860000E-3	2.800000E+1
6.880000E-3	2.400000E+1
6.900000E-3	3.000000E+1
6.920000E-3	2.900000E+1
6.940000E-3	2.500000E+1
6.960000E-3	3.600000E+1
6.980000E-3	2.400000E+1
7.000000E-3	2.200000E+1
7.020000E-3	3.600000E+1
7.040000E-3	1.600000E+1
7.060000E-3	3.300000E+1
7.080000E-3	2.000000E+1
7.100000E-3	2.500000E+1
7.120000E-3	2.000000E+1
7.140000E-3	1.800000E+1
7.160000E-3	3.000000E+1
7.180000E-3	2.600000E+1
7.200000E-3	2.100000E+1
7.220000E-3	2.500000E+1
7.240000E-3	2.100000E+1
7.260000E-3	2.400000E+1
7.280000E-3	2.300000E+1
7.300000E-3	3.000000E+1
7.320000E-3	3.900000E+1
7.340000E-3	2.300000E+1
7.360000E-3	2.300000E+1
7.380000E-3	2.700000E+1
7.400000E-3	2.300000E+1
7.420000E-3	2.600000E+1
7.440000E-3	2.500000E+1
7.460000E-3	2.800000E+1
7.480000E-3	2.600000E+1
7.500000E-3	2.600000E+1
7.520000E-3	3.100000E+1
7.540000E-3	2.300000E+1
7.560000E-3	3.200000E+1
7.580000E-3	2.300000E+1
7.600000E-3	2.400000E+1
7.620000E-3	3.000000E+1
7.640000E-3	2.300000E+1
7.660000E-3	2.000000E+1
7.680000E-3	2.600000E+1
7.700000E-3	2.200000E+1
7.720000E-3	3.200000E+1
7.740000E-3	2.400000E+1
7.760000E-3	2.600000E+1
7.780000E-3	2.300000E+1
7.800000E-3	3.500000E+1
7.820000E-3	2.700000E+1
7.840000E-3	2.700000E+1
7.860000E-3	2.400000E+1
7.880000E-3	3.800000E+1
7.900000E-3	2.300000E+1
7.920000E-3	3.100000E+1
7.940000E-3	1.900000E+1
7.960000E-3	3.900000E+1
7.980000E-3	3.100000E+1
8.000000E-3	2.200000E+1
8.020000E-3	1.800000E+1
8.040000E-3	2.700000E+1
8.060000E-3	3.100000E+1
8.080000E-3	2.300000E+1
8.100000E-3	2.900000E+1
8.120000E-3	2.600000E+1
8.140000E-3	1.600000E+1
8.160000E-3	1.800000E+1
8.180000E-3	3.300000E+1
8.200000E-3	2.200000E+1
8.220000E-3	2.400000E+1
8.240000E-3	1.700000E+1
8.260000E-3	2.400000E+1
8.280000E-3	1.900000E+1
8.300000E-3	2.200000E+1
8.320000E-3	2.600000E+1
8.340000E-3	1.700000E+1
8.360000E-3	2.400000E+1
8.380000E-3	2.600000E+1
8.400000E-3	3.100000E+1
8.420000E-3	2.100000E+1
8.440000E-3	1.900000E+1
8.460000E-3	2.300000E+1
8.480000E-3	2.500000E+1
8.500000E-3	2.700000E+1
8.520000E-3	2.800000E+1
8.540000E-3	2.700000E+1
8.560000E-3	2.300000E+1
8.580000E-3	3.000000E+1
8.600000E-3	2.700000E+1
8.620000E-3	3.100000E+1
8.640000E-3	2.700000E+1
8.660000E-3	3.000000E+1
8.680000E-3	2.300000E+1
8.700000E-3	2.700000E+1
8.720000E-3	3.500000E+1
8.740000E-3	3.000000E+1
8.760000E-3	1.900000E+1
8.780000E-3	2.900000E+1
8.800000E-3	2.800000E+1
8.820000E-3	2.600000E+1
8.840000E-3	3.400000E+1
8.860000E-3	2.400000E+1
8.880000E-3	2.500000E+1
8.900000E-3	1.800000E+1
8.920000E-3	2.800000E+1
8.940000E-3	2.600000E+1
8.960000E-3	2.800000E+1
8.980000E-3	2.200000E+1
9.000000E-3	2.400000E+1
9.020000E-3	2.300000E+1
9.040000E-3	1.900000E+1
9.060000E-3	1.700000E+1
9.080000E-3	2.300000E+1
9.100000E-3	2.600000E+1
9.120000E-3	1.800000E+1
9.140000E-3	2.900000E+1
9.160000E-3	2.700000E+1
9.180000E-3	2.400000E+1
9.200000E-3	2.500000E+1
9.220000E-3	2.600000E+1
9.240000E-3	4.000000E+1
9.260000E-3	2.800000E+1
9.280000E-3	3.700000E+1
9.300000E-3	2.600000E+1
9.320000E-3	1.300000E+1
9.340000E-3	1.800000E+1
9.360000E-3	2.900000E+1
9.380000E-3	2.600000E+1
9.400000E-3	3.300000E+1
9.420000E-3	3.000000E+1
9.440000E-3	2.800000E+1
9.460000E-3	2.500000E+1
9.480000E-3	2.700000E+1
9.500000E-3	2.500000E+1
9.520000E-3	2.600000E+1
9.540000E-3	1.700000E+1
9.560000E-3	3.800000E+1
9.580000E-3	2.800000E+1
9.600000E-3	2.000000E+1
9.620000E-3	1.900000E+1
9.640000E-3	2.300000E+1
9.660000E-3	3.500000E+1
9.680000E-3	2.000000E+1
9.700000E-3	2.700000E+1
9.720000E-3	3.600000E+1
9.740000E-3	2.700000E+1
9.760000E-3	2.300000E+1
9.780000E-3	2.500000E+1
9.800000E-3	2.800000E+1
9.820000E-3	2.600000E+1
9.840000E-3	2.800000E+1
9.860000E-3	2.500000E+1
9.880000E-3	2.600000E+1
9.900000E-3	3.100000E+1
9.920000E-3	2.600000E+1
9.940000E-3	2.500000E+1
9.960000E-3	2.100000E+1
9.980000E-3	3.000000E+1
1.000000E-2	2.600000E+1
1.002000E-2	2.900000E+1
1.004000E-2	1.600000E+1
1.006000E-2	2.300000E+1
1.008000E-2	2.500000E+1
1.010000E-2	3.300000E+1
1.012000E-2	2.500000E+1
1.014000E-2	2.200000E+1
1.016000E-2	3.300000E+1
1.018000E-2	2.200000E+1
1.020000E-2	2.500000E+1
1.022000E-2	2.500000E+1
1.024000E-2	2.900000E+1
1.026000E-2	3.100000E+1
1.028000E-2	2.300000E+1
1.030000E-2	2.400000E+1
1.032000E-2	3.400000E+1
1.034000E-2	2.500000E+1
1.036000E-2	2.200000E+1
1.038000E-2	2.800000E+1
1.040000E-2	3.300000E+1
1.042000E-2	2.300000E+1
1.044000E-2	2.000000E+1
1.046000E-2	1.900000E+1
1.048000E-2	2.400000E+1
1.050000E-2	2.400000E+1
1.052000E-2	1.700000E+1
1.054000E-2	2.500000E+1
1.056000E-2	2.900000E+1
1.058000E-2	1.900000E+1
1.060000E-2	2.700000E+1
1.062000E-2	2.200000E+1
1.064000E-2	2.900000E+1
1.066000E-2	2.300000E+1
1.068000E-2	2.000000E+1
1.070000E-2	1.800000E+1
1.072000E-2	2.800000E+1
1.074000E-2	2.000000E+1
1.076000E-2	3.300000E+1
1.078000E-2	3.300000E+1
1.080000E-2	2.400000E+1
1.082000E-2	3.200000E+1
1.084000E-2	2.400000E+1
1.086000E-2	2.600000E+1
1.088000E-2	2.600000E+1
1.090000E-2	2.400000E+1
1.092000E-2	1.800000E+1
1.094000E-2	2.700000E+1
1.096000E-2	2.900000E+1
1.098000E-2	2.500000E+1
1.100000E-2	2.200000E+1
1.102000E-2	2.000000E+1
1.104000E-2	2.700000E+1
1.106000E-2	2.800000E+1
1.108000E-2	1.900000E+1
1.110000E-2	2.900000E+1
1.112000E-2	2.700000E+1
1.114000E-2	2.500000E+1
1.116000E-2	2.300000E+1
1.118000E-2	2.800000E+1
1.120000E-2	2.600000E+1
1.122000E-2	2.500000E+1
1.124000E-2	2.800000E+1
1.126000E-2	2.200000E+1
1.128000E-2	3.500000E+1
1.130000E-2	3.100000E+1
1.132000E-2	2.200000E+1
1.134000E-2	2.200000E+1
1.136000E-2	2.800000E+1
1.138000E-2	2.000000E+1
1.140000E-2	2.800000E+1
1.142000E-2	2.700000E+1
1.144000E-2	2.300000E+1
1.146000E-2	2.300000E+1
1.148000E-2	3.000000E+1
1.150000E-2	2.700000E+1
1.152000E-2	1.800000E+1
1.154000E-2	2.300000E+1
1.156000E-2	2.000000E+1
1.158000E-2	2.000000E+1
1.160000E-2	3.300000E+1
1.162000E-2	2.900000E+1
1.164000E-2	1.900000E+1
1.166000E-2	3.000000E+1
1.168000E-2	3.400000E+1
1.170000E-2	2.600000E+1
1.172000E-2	2.400000E+1
1.174000E-2	1.600000E+1
1.176000E-2	2.500000E+1
1.178000E-2	2.000000E+1
1.180000E-2	2.700000E+1
1.182000E-2	2.600000E+1
1.184000E-2	3.000000E+1
1.186000E-2	1.700000E+1
1.188000E-2	2.600000E+1
1.190000E-2	2.600000E+1
1.192000E-2	2.500000E+1
1.194000E-2	2.400000E+1
1.196000E-2	2.200000E+1
1.198000E-2	2.600000E+1
