

live time:  167769.980000
real time:  194406.729000
sweeps:  8388499.000000
0.000000E+0	0.000000E+0	0.000000E+0
2.000000E-5	0.000000E+0	8.378700E+4
4.000000E-5	0.000000E+0	8.387200E+4
6.000000E-5	0.000000E+0	8.413900E+4
8.000000E-5	0.000000E+0	8.425500E+4
1.000000E-4	0.000000E+0	8.377400E+4
1.200000E-4	0.000000E+0	8.387700E+4
1.400000E-4	0.000000E+0	8.444300E+4
1.600000E-4	0.000000E+0	8.450500E+4
1.800000E-4	0.000000E+0	8.439700E+4
2.000000E-4	0.000000E+0	8.427400E+4
2.200000E-4	0.000000E+0	8.448700E+4
2.400000E-4	0.000000E+0	8.416500E+4
2.600000E-4	0.000000E+0	8.456400E+4
2.800000E-4	0.000000E+0	8.429200E+4
3.000000E-4	0.000000E+0	8.434800E+4
3.200000E-4	0.000000E+0	8.407100E+4
3.400000E-4	0.000000E+0	8.440300E+4
3.600000E-4	0.000000E+0	8.403600E+4
3.800000E-4	0.000000E+0	8.436900E+4
4.000000E-4	0.000000E+0	8.470000E+4
4.200000E-4	0.000000E+0	8.430300E+4
4.400000E-4	0.000000E+0	8.381300E+4
4.600000E-4	0.000000E+0	8.414400E+4
4.800000E-4	0.000000E+0	8.453000E+4
5.000000E-4	0.000000E+0	8.419300E+4
5.200000E-4	0.000000E+0	8.416900E+4
5.400000E-4	0.000000E+0	8.432400E+4
5.600000E-4	0.000000E+0	8.472000E+4
5.800000E-4	0.000000E+0	8.406800E+4
6.000000E-4	0.000000E+0	8.399400E+4
6.200000E-4	0.000000E+0	8.406900E+4
6.400000E-4	0.000000E+0	8.383400E+4
6.600000E-4	0.000000E+0	8.407500E+4
6.800000E-4	0.000000E+0	8.398500E+4
7.000000E-4	0.000000E+0	8.440000E+4
7.200000E-4	0.000000E+0	8.439700E+4
7.400000E-4	0.000000E+0	8.416200E+4
7.600000E-4	0.000000E+0	8.404100E+4
7.800000E-4	0.000000E+0	8.413500E+4
8.000000E-4	0.000000E+0	8.420900E+4
8.200000E-4	0.000000E+0	8.396500E+4
8.400000E-4	0.000000E+0	8.413500E+4
8.600000E-4	0.000000E+0	8.426800E+4
8.800000E-4	0.000000E+0	8.444900E+4
9.000000E-4	0.000000E+0	8.367300E+4
9.200000E-4	0.000000E+0	8.408400E+4
9.400000E-4	0.000000E+0	8.453400E+4
9.600000E-4	0.000000E+0	8.411700E+4
9.800000E-4	0.000000E+0	8.427400E+4
1.000000E-3	0.000000E+0	8.399800E+4
1.020000E-3	0.000000E+0	8.438900E+4
1.040000E-3	0.000000E+0	8.463400E+4
1.060000E-3	0.000000E+0	8.417000E+4
1.080000E-3	0.000000E+0	8.387700E+4
1.100000E-3	0.000000E+0	8.417000E+4
1.120000E-3	0.000000E+0	8.423400E+4
1.140000E-3	0.000000E+0	8.440700E+4
1.160000E-3	0.000000E+0	8.416300E+4
1.180000E-3	0.000000E+0	8.416600E+4
1.200000E-3	0.000000E+0	8.455600E+4
1.220000E-3	0.000000E+0	8.390500E+4
1.240000E-3	0.000000E+0	8.414500E+4
1.260000E-3	0.000000E+0	8.401500E+4
1.280000E-3	0.000000E+0	8.428700E+4
1.300000E-3	0.000000E+0	8.426400E+4
1.320000E-3	0.000000E+0	8.414200E+4
1.340000E-3	0.000000E+0	8.466400E+4
1.360000E-3	0.000000E+0	8.422700E+4
1.380000E-3	0.000000E+0	8.455800E+4
1.400000E-3	0.000000E+0	8.429200E+4
1.420000E-3	0.000000E+0	8.397000E+4
1.440000E-3	0.000000E+0	8.459500E+4
1.460000E-3	0.000000E+0	8.433700E+4
1.480000E-3	0.000000E+0	8.391900E+4
1.500000E-3	0.000000E+0	8.339700E+4
1.520000E-3	0.000000E+0	8.412300E+4
1.540000E-3	0.000000E+0	8.451400E+4
1.560000E-3	0.000000E+0	8.407000E+4
1.580000E-3	0.000000E+0	8.411400E+4
1.600000E-3	0.000000E+0	8.460200E+4
1.620000E-3	0.000000E+0	8.488000E+4
1.640000E-3	0.000000E+0	8.431300E+4
1.660000E-3	0.000000E+0	8.422200E+4
1.680000E-3	0.000000E+0	8.446400E+4
1.700000E-3	0.000000E+0	8.418400E+4
1.720000E-3	0.000000E+0	8.398600E+4
1.740000E-3	0.000000E+0	8.440600E+4
1.760000E-3	0.000000E+0	8.451500E+4
1.780000E-3	0.000000E+0	8.457500E+4
1.800000E-3	0.000000E+0	8.399800E+4
1.820000E-3	0.000000E+0	8.452100E+4
1.840000E-3	0.000000E+0	8.447900E+4
1.860000E-3	0.000000E+0	8.428800E+4
1.880000E-3	0.000000E+0	8.429300E+4
1.900000E-3	0.000000E+0	8.426900E+4
1.920000E-3	0.000000E+0	8.421900E+4
1.940000E-3	0.000000E+0	8.429400E+4
1.960000E-3	0.000000E+0	8.413100E+4
1.980000E-3	0.000000E+0	8.449900E+4
2.000000E-3	0.000000E+0	8.417700E+4
2.020000E-3	0.000000E+0	8.460100E+4
2.040000E-3	0.000000E+0	8.438700E+4
2.060000E-3	0.000000E+0	8.491800E+4
2.080000E-3	0.000000E+0	8.363900E+4
2.100000E-3	0.000000E+0	8.401200E+4
2.120000E-3	0.000000E+0	8.438000E+4
2.140000E-3	0.000000E+0	8.399300E+4
2.160000E-3	0.000000E+0	8.428000E+4
2.180000E-3	0.000000E+0	8.439300E+4
2.200000E-3	0.000000E+0	8.388900E+4
2.220000E-3	0.000000E+0	8.371700E+4
2.240000E-3	0.000000E+0	8.422300E+4
2.260000E-3	0.000000E+0	8.421100E+4
2.280000E-3	0.000000E+0	8.448100E+4
2.300000E-3	0.000000E+0	8.448600E+4
2.320000E-3	0.000000E+0	8.394300E+4
2.340000E-3	0.000000E+0	8.381600E+4
2.360000E-3	0.000000E+0	8.417300E+4
2.380000E-3	0.000000E+0	8.384900E+4
2.400000E-3	0.000000E+0	8.447600E+4
2.420000E-3	0.000000E+0	8.443500E+4
2.440000E-3	0.000000E+0	8.379500E+4
2.460000E-3	0.000000E+0	8.428100E+4
2.480000E-3	0.000000E+0	8.369000E+4
2.500000E-3	0.000000E+0	8.440500E+4
2.520000E-3	0.000000E+0	8.447200E+4
2.540000E-3	0.000000E+0	8.446700E+4
2.560000E-3	0.000000E+0	8.412500E+4
2.580000E-3	0.000000E+0	8.445400E+4
2.600000E-3	0.000000E+0	8.457700E+4
2.620000E-3	0.000000E+0	8.388800E+4
2.640000E-3	0.000000E+0	8.429200E+4
2.660000E-3	0.000000E+0	8.397700E+4
2.680000E-3	0.000000E+0	8.464000E+4
2.700000E-3	0.000000E+0	8.427000E+4
2.720000E-3	0.000000E+0	8.369100E+4
2.740000E-3	0.000000E+0	8.416400E+4
2.760000E-3	0.000000E+0	8.449500E+4
2.780000E-3	0.000000E+0	8.401300E+4
2.800000E-3	0.000000E+0	8.391600E+4
2.820000E-3	0.000000E+0	8.391100E+4
2.840000E-3	0.000000E+0	8.458100E+4
2.860000E-3	0.000000E+0	8.437700E+4
2.880000E-3	0.000000E+0	8.441500E+4
2.900000E-3	0.000000E+0	8.382000E+4
2.920000E-3	0.000000E+0	8.438200E+4
2.940000E-3	0.000000E+0	8.401600E+4
2.960000E-3	0.000000E+0	8.430200E+4
2.980000E-3	0.000000E+0	8.407600E+4
3.000000E-3	0.000000E+0	8.398400E+4
3.020000E-3	0.000000E+0	8.442400E+4
3.040000E-3	0.000000E+0	8.412700E+4
3.060000E-3	0.000000E+0	8.451500E+4
3.080000E-3	0.000000E+0	8.385200E+4
3.100000E-3	0.000000E+0	8.450400E+4
3.120000E-3	0.000000E+0	8.420700E+4
3.140000E-3	0.000000E+0	8.404000E+4
3.160000E-3	0.000000E+0	8.417200E+4
3.180000E-3	0.000000E+0	8.441400E+4
3.200000E-3	0.000000E+0	8.419200E+4
3.220000E-3	0.000000E+0	8.378000E+4
3.240000E-3	0.000000E+0	8.416600E+4
3.260000E-3	0.000000E+0	8.427400E+4
3.280000E-3	0.000000E+0	8.435600E+4
3.300000E-3	0.000000E+0	8.456300E+4
3.320000E-3	0.000000E+0	8.431400E+4
3.340000E-3	0.000000E+0	8.404200E+4
3.360000E-3	0.000000E+0	8.424500E+4
3.380000E-3	0.000000E+0	8.403600E+4
3.400000E-3	0.000000E+0	8.436000E+4
3.420000E-3	0.000000E+0	8.424700E+4
3.440000E-3	0.000000E+0	8.380300E+4
3.460000E-3	0.000000E+0	8.461500E+4
3.480000E-3	0.000000E+0	8.452500E+4
3.500000E-3	0.000000E+0	8.460300E+4
3.520000E-3	0.000000E+0	8.416300E+4
3.540000E-3	0.000000E+0	8.497900E+4
3.560000E-3	0.000000E+0	8.395100E+4
3.580000E-3	0.000000E+0	8.434000E+4
3.600000E-3	0.000000E+0	8.337800E+4
3.620000E-3	0.000000E+0	8.435600E+4
3.640000E-3	0.000000E+0	8.432000E+4
3.660000E-3	0.000000E+0	8.422600E+4
3.680000E-3	0.000000E+0	8.442600E+4
3.700000E-3	0.000000E+0	8.420800E+4
3.720000E-3	0.000000E+0	8.380100E+4
3.740000E-3	0.000000E+0	8.409600E+4
3.760000E-3	0.000000E+0	8.415400E+4
3.780000E-3	0.000000E+0	8.417500E+4
3.800000E-3	0.000000E+0	8.376600E+4
3.820000E-3	0.000000E+0	8.406200E+4
3.840000E-3	0.000000E+0	8.450900E+4
3.860000E-3	0.000000E+0	8.449300E+4
3.880000E-3	0.000000E+0	8.376800E+4
3.900000E-3	0.000000E+0	8.397100E+4
3.920000E-3	0.000000E+0	8.422800E+4
3.940000E-3	0.000000E+0	8.421700E+4
3.960000E-3	0.000000E+0	8.441900E+4
3.980000E-3	0.000000E+0	8.410700E+4
4.000000E-3	0.000000E+0	8.412700E+4
4.020000E-3	0.000000E+0	8.433600E+4
4.040000E-3	0.000000E+0	8.412100E+4
4.060000E-3	0.000000E+0	8.380400E+4
4.080000E-3	0.000000E+0	8.422100E+4
4.100000E-3	0.000000E+0	8.399900E+4
4.120000E-3	0.000000E+0	8.402000E+4
4.140000E-3	0.000000E+0	8.429400E+4
4.160000E-3	0.000000E+0	8.346700E+4
4.180000E-3	0.000000E+0	8.428100E+4
4.200000E-3	0.000000E+0	8.371300E+4
4.220000E-3	0.000000E+0	8.435500E+4
4.240000E-3	0.000000E+0	8.387900E+4
4.260000E-3	0.000000E+0	8.381000E+4
4.280000E-3	0.000000E+0	8.478100E+4
4.300000E-3	0.000000E+0	8.383000E+4
4.320000E-3	0.000000E+0	8.465500E+4
4.340000E-3	0.000000E+0	8.440100E+4
4.360000E-3	0.000000E+0	8.454700E+4
4.380000E-3	0.000000E+0	8.392400E+4
4.400000E-3	0.000000E+0	8.499300E+4
4.420000E-3	0.000000E+0	8.415100E+4
4.440000E-3	0.000000E+0	8.404900E+4
4.460000E-3	0.000000E+0	8.428200E+4
4.480000E-3	0.000000E+0	8.402200E+4
4.500000E-3	0.000000E+0	8.396700E+4
4.520000E-3	0.000000E+0	8.440700E+4
4.540000E-3	0.000000E+0	8.450400E+4
4.560000E-3	0.000000E+0	8.451600E+4
4.580000E-3	0.000000E+0	8.452000E+4
4.600000E-3	0.000000E+0	8.450500E+4
4.620000E-3	0.000000E+0	8.409200E+4
4.640000E-3	0.000000E+0	8.440200E+4
4.660000E-3	0.000000E+0	8.407700E+4
4.680000E-3	0.000000E+0	8.413500E+4
4.700000E-3	0.000000E+0	8.413000E+4
4.720000E-3	0.000000E+0	8.432500E+4
4.740000E-3	0.000000E+0	8.406400E+4
4.760000E-3	0.000000E+0	8.399000E+4
4.780000E-3	0.000000E+0	8.385700E+4
4.800000E-3	0.000000E+0	8.477500E+4
4.820000E-3	0.000000E+0	8.402700E+4
4.840000E-3	0.000000E+0	8.409100E+4
4.860000E-3	0.000000E+0	8.453700E+4
4.880000E-3	0.000000E+0	8.424400E+4
4.900000E-3	0.000000E+0	8.446500E+4
4.920000E-3	0.000000E+0	8.412500E+4
4.940000E-3	0.000000E+0	8.491100E+4
4.960000E-3	0.000000E+0	8.434900E+4
4.980000E-3	0.000000E+0	8.380600E+4
5.000000E-3	0.000000E+0	8.349600E+4
5.020000E-3	0.000000E+0	8.417500E+4
5.040000E-3	0.000000E+0	8.436700E+4
5.060000E-3	0.000000E+0	8.466300E+4
5.080000E-3	0.000000E+0	8.440300E+4
5.100000E-3	0.000000E+0	8.434900E+4
5.120000E-3	0.000000E+0	8.457000E+4
5.140000E-3	0.000000E+0	8.415400E+4
5.160000E-3	0.000000E+0	8.445300E+4
5.180000E-3	0.000000E+0	8.393000E+4
5.200000E-3	0.000000E+0	8.389600E+4
5.220000E-3	0.000000E+0	8.408500E+4
5.240000E-3	0.000000E+0	8.380600E+4
5.260000E-3	0.000000E+0	8.440700E+4
5.280000E-3	0.000000E+0	8.351400E+4
5.300000E-3	0.000000E+0	8.346500E+4
5.320000E-3	0.000000E+0	8.366700E+4
5.340000E-3	0.000000E+0	8.358800E+4
5.360000E-3	0.000000E+0	8.378500E+4
5.380000E-3	0.000000E+0	8.358000E+4
5.400000E-3	0.000000E+0	8.375700E+4
5.420000E-3	0.000000E+0	8.357600E+4
5.440000E-3	0.000000E+0	8.331000E+4
5.460000E-3	0.000000E+0	8.386800E+4
5.480000E-3	0.000000E+0	8.290300E+4
5.500000E-3	0.000000E+0	8.311400E+4
5.520000E-3	0.000000E+0	8.344200E+4
5.540000E-3	0.000000E+0	8.312400E+4
5.560000E-3	0.000000E+0	8.327800E+4
5.580000E-3	0.000000E+0	8.297100E+4
5.600000E-3	0.000000E+0	8.328400E+4
5.620000E-3	0.000000E+0	8.199200E+4
5.640000E-3	0.000000E+0	8.167200E+4
5.660000E-3	0.000000E+0	8.099000E+4
5.680000E-3	0.000000E+0	7.920600E+4
5.700000E-3	0.000000E+0	7.844100E+4
5.720000E-3	0.000000E+0	7.584500E+4
5.740000E-3	0.000000E+0	7.223400E+4
5.760000E-3	0.000000E+0	6.748200E+4
5.780000E-3	0.000000E+0	6.140700E+4
5.800000E-3	0.000000E+0	5.551800E+4
5.820000E-3	0.000000E+0	5.151100E+4
5.840000E-3	0.000000E+0	5.030900E+4
5.860000E-3	0.000000E+0	5.196000E+4
5.880000E-3	0.000000E+0	5.633600E+4
5.900000E-3	0.000000E+0	6.287900E+4
5.920000E-3	0.000000E+0	6.857400E+4
5.940000E-3	0.000000E+0	7.409800E+4
5.960000E-3	0.000000E+0	7.674100E+4
5.980000E-3	0.000000E+0	7.905500E+4
6.000000E-3	0.000000E+0	8.093700E+4
6.020000E-3	0.000000E+0	8.126600E+4
6.040000E-3	0.000000E+0	8.199300E+4
6.060000E-3	0.000000E+0	8.243800E+4
6.080000E-3	0.000000E+0	8.270300E+4
6.100000E-3	0.000000E+0	8.274000E+4
6.120000E-3	0.000000E+0	8.311600E+4
6.140000E-3	0.000000E+0	8.335500E+4
6.160000E-3	0.000000E+0	8.268900E+4
6.180000E-3	0.000000E+0	8.341900E+4
6.200000E-3	0.000000E+0	8.361900E+4
6.220000E-3	0.000000E+0	8.314700E+4
6.240000E-3	0.000000E+0	8.378000E+4
6.260000E-3	0.000000E+0	8.358200E+4
6.280000E-3	0.000000E+0	8.369200E+4
6.300000E-3	0.000000E+0	8.392000E+4
6.320000E-3	0.000000E+0	8.356200E+4
6.340000E-3	0.000000E+0	8.406800E+4
6.360000E-3	0.000000E+0	8.407500E+4
6.380000E-3	0.000000E+0	8.416200E+4
6.400000E-3	0.000000E+0	8.411100E+4
6.420000E-3	0.000000E+0	8.437300E+4
6.440000E-3	0.000000E+0	8.339200E+4
6.460000E-3	0.000000E+0	8.386600E+4
6.480000E-3	0.000000E+0	8.420600E+4
6.500000E-3	0.000000E+0	8.379500E+4
6.520000E-3	0.000000E+0	8.412200E+4
6.540000E-3	0.000000E+0	8.426200E+4
6.560000E-3	0.000000E+0	8.411800E+4
6.580000E-3	0.000000E+0	8.417600E+4
6.600000E-3	0.000000E+0	8.396600E+4
6.620000E-3	0.000000E+0	8.410800E+4
6.640000E-3	0.000000E+0	8.448300E+4
6.660000E-3	0.000000E+0	8.410300E+4
6.680000E-3	0.000000E+0	8.380400E+4
6.700000E-3	0.000000E+0	8.383600E+4
6.720000E-3	0.000000E+0	8.405800E+4
6.740000E-3	0.000000E+0	8.405400E+4
6.760000E-3	0.000000E+0	8.396800E+4
6.780000E-3	0.000000E+0	8.429900E+4
6.800000E-3	0.000000E+0	8.391200E+4
6.820000E-3	0.000000E+0	8.409100E+4
6.840000E-3	0.000000E+0	8.401600E+4
6.860000E-3	0.000000E+0	8.467200E+4
6.880000E-3	0.000000E+0	8.391300E+4
6.900000E-3	0.000000E+0	8.409000E+4
6.920000E-3	0.000000E+0	8.446600E+4
6.940000E-3	0.000000E+0	8.426600E+4
6.960000E-3	0.000000E+0	8.318600E+4
6.980000E-3	0.000000E+0	8.414900E+4
7.000000E-3	0.000000E+0	8.433300E+4
7.020000E-3	0.000000E+0	8.431400E+4
7.040000E-3	0.000000E+0	8.398300E+4
7.060000E-3	0.000000E+0	8.422400E+4
7.080000E-3	0.000000E+0	8.463300E+4
7.100000E-3	0.000000E+0	8.375600E+4
7.120000E-3	0.000000E+0	8.408400E+4
7.140000E-3	0.000000E+0	8.439100E+4
7.160000E-3	0.000000E+0	8.436800E+4
7.180000E-3	0.000000E+0	8.464200E+4
7.200000E-3	0.000000E+0	8.389200E+4
7.220000E-3	0.000000E+0	8.450900E+4
7.240000E-3	0.000000E+0	8.442800E+4
7.260000E-3	0.000000E+0	8.462400E+4
7.280000E-3	0.000000E+0	8.428300E+4
7.300000E-3	0.000000E+0	8.419600E+4
7.320000E-3	0.000000E+0	8.401700E+4
7.340000E-3	0.000000E+0	8.448200E+4
7.360000E-3	0.000000E+0	8.418000E+4
7.380000E-3	0.000000E+0	8.418000E+4
7.400000E-3	0.000000E+0	8.412300E+4
7.420000E-3	0.000000E+0	8.415400E+4
7.440000E-3	0.000000E+0	8.447600E+4
7.460000E-3	0.000000E+0	8.376100E+4
7.480000E-3	0.000000E+0	8.416800E+4
7.500000E-3	0.000000E+0	8.356600E+4
7.520000E-3	0.000000E+0	8.427700E+4
7.540000E-3	0.000000E+0	8.432800E+4
7.560000E-3	0.000000E+0	8.468500E+4
7.580000E-3	0.000000E+0	8.417500E+4
7.600000E-3	0.000000E+0	8.386000E+4
7.620000E-3	0.000000E+0	8.462800E+4
7.640000E-3	0.000000E+0	8.403900E+4
7.660000E-3	0.000000E+0	8.450800E+4
7.680000E-3	0.000000E+0	8.478200E+4
7.700000E-3	0.000000E+0	8.441500E+4
7.720000E-3	0.000000E+0	8.400000E+4
7.740000E-3	0.000000E+0	8.409900E+4
7.760000E-3	0.000000E+0	8.454100E+4
7.780000E-3	0.000000E+0	8.403700E+4
7.800000E-3	0.000000E+0	8.438000E+4
7.820000E-3	0.000000E+0	8.427300E+4
7.840000E-3	0.000000E+0	8.410500E+4
7.860000E-3	0.000000E+0	8.419500E+4
7.880000E-3	0.000000E+0	8.434100E+4
7.900000E-3	0.000000E+0	8.468600E+4
7.920000E-3	0.000000E+0	8.411300E+4
7.940000E-3	0.000000E+0	8.425500E+4
7.960000E-3	0.000000E+0	8.429900E+4
7.980000E-3	0.000000E+0	8.392700E+4
8.000000E-3	0.000000E+0	8.379500E+4
8.020000E-3	0.000000E+0	8.407500E+4
8.040000E-3	0.000000E+0	8.353600E+4
8.060000E-3	0.000000E+0	8.419400E+4
8.080000E-3	0.000000E+0	8.502000E+4
8.100000E-3	0.000000E+0	8.382600E+4
8.120000E-3	0.000000E+0	8.405600E+4
8.140000E-3	0.000000E+0	8.439800E+4
8.160000E-3	0.000000E+0	8.404200E+4
8.180000E-3	0.000000E+0	8.392200E+4
8.200000E-3	0.000000E+0	8.426600E+4
8.220000E-3	0.000000E+0	8.397600E+4
8.240000E-3	0.000000E+0	8.443000E+4
8.260000E-3	0.000000E+0	8.383200E+4
8.280000E-3	0.000000E+0	8.442500E+4
8.300000E-3	0.000000E+0	8.454600E+4
8.320000E-3	0.000000E+0	8.415400E+4
8.340000E-3	0.000000E+0	8.449300E+4
8.360000E-3	0.000000E+0	8.400300E+4
8.380000E-3	0.000000E+0	8.462500E+4
8.400000E-3	0.000000E+0	8.417300E+4
8.420000E-3	0.000000E+0	8.412800E+4
8.440000E-3	0.000000E+0	8.471900E+4
8.460000E-3	0.000000E+0	8.435200E+4
8.480000E-3	0.000000E+0	8.426000E+4
8.500000E-3	0.000000E+0	8.441900E+4
8.520000E-3	0.000000E+0	8.425200E+4
8.540000E-3	0.000000E+0	8.446100E+4
8.560000E-3	0.000000E+0	8.455600E+4
8.580000E-3	0.000000E+0	8.409700E+4
8.600000E-3	0.000000E+0	8.441000E+4
8.620000E-3	0.000000E+0	8.436700E+4
8.640000E-3	0.000000E+0	8.438000E+4
8.660000E-3	0.000000E+0	8.382900E+4
8.680000E-3	0.000000E+0	8.434300E+4
8.700000E-3	0.000000E+0	8.437800E+4
8.720000E-3	0.000000E+0	8.395100E+4
8.740000E-3	0.000000E+0	8.431800E+4
8.760000E-3	0.000000E+0	8.485000E+4
8.780000E-3	0.000000E+0	8.391900E+4
8.800000E-3	0.000000E+0	8.417100E+4
8.820000E-3	0.000000E+0	8.419900E+4
8.840000E-3	0.000000E+0	8.422700E+4
8.860000E-3	0.000000E+0	8.412400E+4
8.880000E-3	0.000000E+0	8.411200E+4
8.900000E-3	0.000000E+0	8.486400E+4
8.920000E-3	0.000000E+0	8.406600E+4
8.940000E-3	0.000000E+0	8.401300E+4
8.960000E-3	0.000000E+0	8.404900E+4
8.980000E-3	0.000000E+0	8.376400E+4
9.000000E-3	0.000000E+0	8.411000E+4
9.020000E-3	0.000000E+0	8.410600E+4
9.040000E-3	0.000000E+0	8.457000E+4
9.060000E-3	0.000000E+0	8.407800E+4
9.080000E-3	0.000000E+0	8.434400E+4
9.100000E-3	0.000000E+0	8.385000E+4
9.120000E-3	0.000000E+0	8.450200E+4
9.140000E-3	0.000000E+0	8.451100E+4
9.160000E-3	0.000000E+0	8.347500E+4
9.180000E-3	0.000000E+0	8.414700E+4
9.200000E-3	0.000000E+0	8.421100E+4
9.220000E-3	0.000000E+0	8.415300E+4
9.240000E-3	0.000000E+0	8.412200E+4
9.260000E-3	0.000000E+0	8.425200E+4
9.280000E-3	0.000000E+0	8.414400E+4
9.300000E-3	0.000000E+0	8.429400E+4
9.320000E-3	0.000000E+0	8.372400E+4
9.340000E-3	0.000000E+0	8.429100E+4
9.360000E-3	0.000000E+0	8.448500E+4
9.380000E-3	0.000000E+0	8.462000E+4
9.400000E-3	0.000000E+0	8.422900E+4
9.420000E-3	0.000000E+0	8.422900E+4
9.440000E-3	0.000000E+0	8.421100E+4
9.460000E-3	0.000000E+0	8.453700E+4
9.480000E-3	0.000000E+0	8.412200E+4
9.500000E-3	0.000000E+0	8.463800E+4
9.520000E-3	0.000000E+0	8.436500E+4
9.540000E-3	0.000000E+0	8.385100E+4
9.560000E-3	0.000000E+0	8.448400E+4
9.580000E-3	0.000000E+0	8.446200E+4
9.600000E-3	0.000000E+0	8.395400E+4
9.620000E-3	0.000000E+0	8.426900E+4
9.640000E-3	0.000000E+0	8.444800E+4
9.660000E-3	0.000000E+0	8.432600E+4
9.680000E-3	0.000000E+0	8.381000E+4
9.700000E-3	0.000000E+0	8.410500E+4
9.720000E-3	0.000000E+0	8.421800E+4
9.740000E-3	0.000000E+0	8.464000E+4
9.760000E-3	0.000000E+0	8.381900E+4
9.780000E-3	0.000000E+0	8.414100E+4
9.800000E-3	0.000000E+0	8.437500E+4
9.820000E-3	0.000000E+0	8.394500E+4
9.840000E-3	0.000000E+0	8.441700E+4
9.860000E-3	0.000000E+0	8.471200E+4
9.880000E-3	0.000000E+0	8.464900E+4
9.900000E-3	0.000000E+0	8.437100E+4
9.920000E-3	0.000000E+0	8.474100E+4
9.940000E-3	0.000000E+0	8.383300E+4
9.960000E-3	0.000000E+0	8.392500E+4
9.980000E-3	0.000000E+0	8.402400E+4
1.000000E-2	0.000000E+0	8.422700E+4
1.002000E-2	0.000000E+0	8.389900E+4
1.004000E-2	0.000000E+0	8.425600E+4
1.006000E-2	0.000000E+0	8.409200E+4
1.008000E-2	0.000000E+0	8.446600E+4
1.010000E-2	0.000000E+0	8.442600E+4
1.012000E-2	0.000000E+0	8.429300E+4
1.014000E-2	0.000000E+0	8.491200E+4
1.016000E-2	0.000000E+0	8.471300E+4
1.018000E-2	0.000000E+0	8.468300E+4
1.020000E-2	0.000000E+0	8.495000E+4
1.022000E-2	0.000000E+0	8.439100E+4
1.024000E-2	0.000000E+0	8.434800E+4
1.026000E-2	0.000000E+0	8.399500E+4
1.028000E-2	0.000000E+0	8.430000E+4
1.030000E-2	0.000000E+0	8.417000E+4
1.032000E-2	0.000000E+0	8.422100E+4
1.034000E-2	0.000000E+0	8.437000E+4
1.036000E-2	0.000000E+0	8.412600E+4
1.038000E-2	0.000000E+0	8.452500E+4
1.040000E-2	0.000000E+0	8.445500E+4
1.042000E-2	0.000000E+0	8.415000E+4
1.044000E-2	0.000000E+0	8.463100E+4
1.046000E-2	0.000000E+0	8.413500E+4
1.048000E-2	0.000000E+0	8.448400E+4
1.050000E-2	0.000000E+0	8.406300E+4
1.052000E-2	0.000000E+0	8.439400E+4
1.054000E-2	0.000000E+0	8.451700E+4
1.056000E-2	0.000000E+0	8.452700E+4
1.058000E-2	0.000000E+0	8.415700E+4
1.060000E-2	0.000000E+0	8.353500E+4
1.062000E-2	0.000000E+0	8.381800E+4
1.064000E-2	0.000000E+0	8.427200E+4
1.066000E-2	0.000000E+0	8.419600E+4
1.068000E-2	0.000000E+0	8.399000E+4
1.070000E-2	0.000000E+0	8.399100E+4
1.072000E-2	0.000000E+0	8.390900E+4
1.074000E-2	0.000000E+0	8.408100E+4
1.076000E-2	0.000000E+0	8.433000E+4
1.078000E-2	0.000000E+0	8.398800E+4
1.080000E-2	0.000000E+0	8.410900E+4
1.082000E-2	0.000000E+0	8.397100E+4
1.084000E-2	0.000000E+0	8.393600E+4
1.086000E-2	0.000000E+0	8.402400E+4
1.088000E-2	0.000000E+0	8.432100E+4
1.090000E-2	0.000000E+0	8.453500E+4
1.092000E-2	0.000000E+0	8.413500E+4
1.094000E-2	0.000000E+0	8.428700E+4
1.096000E-2	0.000000E+0	8.444400E+4
1.098000E-2	0.000000E+0	8.402600E+4
1.100000E-2	0.000000E+0	8.436100E+4
1.102000E-2	0.000000E+0	8.383400E+4
1.104000E-2	0.000000E+0	8.453700E+4
1.106000E-2	0.000000E+0	8.378300E+4
1.108000E-2	0.000000E+0	8.463400E+4
1.110000E-2	0.000000E+0	8.422300E+4
1.112000E-2	0.000000E+0	8.399900E+4
1.114000E-2	0.000000E+0	8.402700E+4
1.116000E-2	0.000000E+0	8.409200E+4
1.118000E-2	0.000000E+0	8.409100E+4
1.120000E-2	0.000000E+0	8.360300E+4
1.122000E-2	0.000000E+0	8.381500E+4
1.124000E-2	0.000000E+0	8.473700E+4
1.126000E-2	0.000000E+0	8.457600E+4
1.128000E-2	0.000000E+0	8.475800E+4
1.130000E-2	0.000000E+0	8.371900E+4
1.132000E-2	0.000000E+0	8.461200E+4
1.134000E-2	0.000000E+0	8.442300E+4
1.136000E-2	0.000000E+0	8.421900E+4
1.138000E-2	0.000000E+0	8.395200E+4
1.140000E-2	0.000000E+0	8.417300E+4
1.142000E-2	0.000000E+0	8.432100E+4
1.144000E-2	0.000000E+0	8.440600E+4
1.146000E-2	0.000000E+0	8.436200E+4
1.148000E-2	0.000000E+0	8.407300E+4
1.150000E-2	0.000000E+0	8.425400E+4
1.152000E-2	0.000000E+0	8.404100E+4
1.154000E-2	0.000000E+0	8.404600E+4
1.156000E-2	0.000000E+0	8.426100E+4
1.158000E-2	0.000000E+0	8.434800E+4
1.160000E-2	0.000000E+0	8.423000E+4
1.162000E-2	0.000000E+0	8.436800E+4
1.164000E-2	0.000000E+0	8.413100E+4
1.166000E-2	0.000000E+0	8.372200E+4
1.168000E-2	0.000000E+0	8.439200E+4
1.170000E-2	0.000000E+0	8.460900E+4
1.172000E-2	0.000000E+0	8.416300E+4
1.174000E-2	0.000000E+0	8.404900E+4
1.176000E-2	0.000000E+0	8.421300E+4
1.178000E-2	0.000000E+0	8.411400E+4
1.180000E-2	0.000000E+0	8.412400E+4
1.182000E-2	0.000000E+0	8.485900E+4
1.184000E-2	0.000000E+0	8.421800E+4
1.186000E-2	0.000000E+0	8.371100E+4
1.188000E-2	0.000000E+0	8.364400E+4
1.190000E-2	0.000000E+0	8.431400E+4
1.192000E-2	0.000000E+0	8.389700E+4
1.194000E-2	0.000000E+0	8.435600E+4
1.196000E-2	0.000000E+0	8.372800E+4
1.198000E-2	0.000000E+0	8.388000E+4
1.200000E-2	0.000000E+0	8.408700E+4
1.202000E-2	0.000000E+0	8.425300E+4
1.204000E-2	0.000000E+0	8.393900E+4
1.206000E-2	0.000000E+0	8.420800E+4
1.208000E-2	0.000000E+0	8.446300E+4
1.210000E-2	0.000000E+0	8.427400E+4
1.212000E-2	0.000000E+0	8.403100E+4
1.214000E-2	0.000000E+0	8.403400E+4
1.216000E-2	0.000000E+0	8.408000E+4
1.218000E-2	0.000000E+0	8.391200E+4
1.220000E-2	0.000000E+0	8.416500E+4
1.222000E-2	0.000000E+0	8.405900E+4
1.224000E-2	0.000000E+0	8.408300E+4
1.226000E-2	0.000000E+0	8.360800E+4
1.228000E-2	0.000000E+0	8.406600E+4
1.230000E-2	0.000000E+0	8.396800E+4
1.232000E-2	0.000000E+0	8.442500E+4
1.234000E-2	0.000000E+0	8.442000E+4
1.236000E-2	0.000000E+0	8.411000E+4
1.238000E-2	0.000000E+0	8.416000E+4
1.240000E-2	0.000000E+0	8.368500E+4
1.242000E-2	0.000000E+0	8.437600E+4
1.244000E-2	0.000000E+0	8.425300E+4
1.246000E-2	0.000000E+0	8.339500E+4
1.248000E-2	0.000000E+0	8.389700E+4
1.250000E-2	0.000000E+0	8.432400E+4
1.252000E-2	0.000000E+0	8.428900E+4
1.254000E-2	0.000000E+0	8.353600E+4
1.256000E-2	0.000000E+0	8.430400E+4
1.258000E-2	0.000000E+0	8.452000E+4
1.260000E-2	0.000000E+0	8.418900E+4
1.262000E-2	0.000000E+0	8.367700E+4
1.264000E-2	0.000000E+0	8.391200E+4
1.266000E-2	0.000000E+0	8.409800E+4
1.268000E-2	0.000000E+0	8.408400E+4
1.270000E-2	0.000000E+0	8.426400E+4
1.272000E-2	0.000000E+0	8.391200E+4
1.274000E-2	0.000000E+0	8.404000E+4
1.276000E-2	0.000000E+0	8.445300E+4
1.278000E-2	0.000000E+0	8.427500E+4
1.280000E-2	0.000000E+0	8.432700E+4
1.282000E-2	0.000000E+0	8.385200E+4
1.284000E-2	0.000000E+0	8.440800E+4
1.286000E-2	0.000000E+0	8.433200E+4
1.288000E-2	0.000000E+0	8.440000E+4
1.290000E-2	0.000000E+0	8.373300E+4
1.292000E-2	0.000000E+0	8.407100E+4
1.294000E-2	0.000000E+0	8.384000E+4
1.296000E-2	0.000000E+0	8.421700E+4
1.298000E-2	0.000000E+0	8.406700E+4
1.300000E-2	0.000000E+0	8.384200E+4
1.302000E-2	0.000000E+0	8.449800E+4
1.304000E-2	0.000000E+0	8.444100E+4
1.306000E-2	0.000000E+0	8.400100E+4
1.308000E-2	0.000000E+0	8.472600E+4
1.310000E-2	0.000000E+0	8.453100E+4
1.312000E-2	0.000000E+0	8.400500E+4
1.314000E-2	0.000000E+0	8.399200E+4
1.316000E-2	0.000000E+0	8.420000E+4
1.318000E-2	0.000000E+0	8.419400E+4
1.320000E-2	0.000000E+0	8.423500E+4
1.322000E-2	0.000000E+0	8.400100E+4
1.324000E-2	0.000000E+0	8.386300E+4
1.326000E-2	0.000000E+0	8.423500E+4
1.328000E-2	0.000000E+0	8.467400E+4
1.330000E-2	0.000000E+0	8.440900E+4
1.332000E-2	0.000000E+0	8.468700E+4
1.334000E-2	0.000000E+0	8.421500E+4
1.336000E-2	0.000000E+0	8.422200E+4
1.338000E-2	0.000000E+0	8.378100E+4
1.340000E-2	0.000000E+0	8.459100E+4
1.342000E-2	0.000000E+0	8.449100E+4
1.344000E-2	0.000000E+0	8.433000E+4
1.346000E-2	0.000000E+0	8.434200E+4
1.348000E-2	0.000000E+0	8.438100E+4
1.350000E-2	0.000000E+0	8.426300E+4
1.352000E-2	0.000000E+0	8.404800E+4
1.354000E-2	0.000000E+0	8.434900E+4
1.356000E-2	0.000000E+0	8.421900E+4
1.358000E-2	0.000000E+0	8.330200E+4
1.360000E-2	0.000000E+0	8.406200E+4
1.362000E-2	0.000000E+0	8.400700E+4
1.364000E-2	0.000000E+0	8.414900E+4
1.366000E-2	0.000000E+0	8.391200E+4
1.368000E-2	0.000000E+0	8.433300E+4
1.370000E-2	0.000000E+0	8.435600E+4
1.372000E-2	0.000000E+0	8.414200E+4
1.374000E-2	0.000000E+0	8.379500E+4
1.376000E-2	0.000000E+0	8.438500E+4
1.378000E-2	0.000000E+0	8.498100E+4
1.380000E-2	0.000000E+0	8.358100E+4
1.382000E-2	0.000000E+0	8.354300E+4
1.384000E-2	0.000000E+0	8.370800E+4
1.386000E-2	0.000000E+0	8.491400E+4
1.388000E-2	0.000000E+0	8.405800E+4
1.390000E-2	0.000000E+0	8.446100E+4
1.392000E-2	0.000000E+0	8.383500E+4
1.394000E-2	0.000000E+0	8.468700E+4
1.396000E-2	0.000000E+0	8.377700E+4
1.398000E-2	0.000000E+0	8.462800E+4
1.400000E-2	0.000000E+0	8.416900E+4
1.402000E-2	0.000000E+0	8.433500E+4
1.404000E-2	0.000000E+0	8.458500E+4
1.406000E-2	0.000000E+0	8.395200E+4
1.408000E-2	0.000000E+0	8.432400E+4
1.410000E-2	0.000000E+0	8.413000E+4
1.412000E-2	0.000000E+0	8.365900E+4
1.414000E-2	0.000000E+0	8.402000E+4
1.416000E-2	0.000000E+0	8.441700E+4
1.418000E-2	0.000000E+0	8.432100E+4
1.420000E-2	0.000000E+0	8.422100E+4
1.422000E-2	0.000000E+0	8.415900E+4
1.424000E-2	0.000000E+0	8.385000E+4
1.426000E-2	0.000000E+0	8.447900E+4
1.428000E-2	0.000000E+0	8.441600E+4
1.430000E-2	0.000000E+0	8.409600E+4
1.432000E-2	0.000000E+0	8.464200E+4
1.434000E-2	0.000000E+0	8.402600E+4
1.436000E-2	0.000000E+0	8.395000E+4
1.438000E-2	0.000000E+0	8.398500E+4
1.440000E-2	0.000000E+0	8.435300E+4
1.442000E-2	0.000000E+0	8.439300E+4
1.444000E-2	0.000000E+0	8.481700E+4
1.446000E-2	0.000000E+0	8.411800E+4
1.448000E-2	0.000000E+0	8.378600E+4
1.450000E-2	0.000000E+0	8.398000E+4
1.452000E-2	0.000000E+0	8.407100E+4
1.454000E-2	0.000000E+0	8.398000E+4
1.456000E-2	0.000000E+0	8.422100E+4
1.458000E-2	0.000000E+0	8.406400E+4
1.460000E-2	0.000000E+0	8.388400E+4
1.462000E-2	0.000000E+0	8.443700E+4
1.464000E-2	0.000000E+0	8.434700E+4
1.466000E-2	0.000000E+0	8.411500E+4
1.468000E-2	0.000000E+0	8.415400E+4
1.470000E-2	0.000000E+0	8.351400E+4
1.472000E-2	0.000000E+0	8.391000E+4
1.474000E-2	0.000000E+0	8.450600E+4
1.476000E-2	0.000000E+0	8.401600E+4
1.478000E-2	0.000000E+0	8.468000E+4
1.480000E-2	0.000000E+0	8.415100E+4
1.482000E-2	0.000000E+0	8.416500E+4
1.484000E-2	0.000000E+0	8.417100E+4
1.486000E-2	0.000000E+0	8.423300E+4
1.488000E-2	0.000000E+0	8.373000E+4
1.490000E-2	0.000000E+0	8.444100E+4
1.492000E-2	0.000000E+0	8.441700E+4
1.494000E-2	0.000000E+0	8.425700E+4
1.496000E-2	0.000000E+0	8.430700E+4
1.498000E-2	0.000000E+0	8.412800E+4
1.500000E-2	0.000000E+0	8.434500E+4
1.502000E-2	0.000000E+0	8.414800E+4
1.504000E-2	0.000000E+0	8.482400E+4
1.506000E-2	0.000000E+0	8.397200E+4
1.508000E-2	0.000000E+0	8.437300E+4
1.510000E-2	0.000000E+0	8.432300E+4
1.512000E-2	0.000000E+0	8.404500E+4
1.514000E-2	0.000000E+0	8.369600E+4
1.516000E-2	0.000000E+0	8.422000E+4
1.518000E-2	0.000000E+0	8.418300E+4
1.520000E-2	0.000000E+0	8.377300E+4
1.522000E-2	0.000000E+0	8.413700E+4
1.524000E-2	0.000000E+0	8.411100E+4
1.526000E-2	0.000000E+0	8.366400E+4
1.528000E-2	0.000000E+0	8.474400E+4
1.530000E-2	0.000000E+0	8.490400E+4
1.532000E-2	0.000000E+0	8.402500E+4
1.534000E-2	0.000000E+0	8.436400E+4
1.536000E-2	0.000000E+0	8.403600E+4
1.538000E-2	0.000000E+0	8.406900E+4
1.540000E-2	0.000000E+0	8.438600E+4
1.542000E-2	0.000000E+0	8.390900E+4
1.544000E-2	0.000000E+0	8.386900E+4
1.546000E-2	0.000000E+0	8.367900E+4
1.548000E-2	0.000000E+0	8.382300E+4
1.550000E-2	0.000000E+0	8.423600E+4
1.552000E-2	0.000000E+0	8.405300E+4
1.554000E-2	0.000000E+0	8.399900E+4
1.556000E-2	0.000000E+0	8.450700E+4
1.558000E-2	0.000000E+0	8.443300E+4
1.560000E-2	0.000000E+0	8.409700E+4
1.562000E-2	0.000000E+0	8.404700E+4
1.564000E-2	0.000000E+0	8.385100E+4
1.566000E-2	0.000000E+0	8.417400E+4
1.568000E-2	0.000000E+0	8.403500E+4
1.570000E-2	0.000000E+0	8.425700E+4
1.572000E-2	0.000000E+0	8.423400E+4
1.574000E-2	0.000000E+0	8.424000E+4
1.576000E-2	0.000000E+0	8.375700E+4
1.578000E-2	0.000000E+0	8.390900E+4
1.580000E-2	0.000000E+0	8.435700E+4
1.582000E-2	0.000000E+0	8.434500E+4
1.584000E-2	0.000000E+0	8.403900E+4
1.586000E-2	0.000000E+0	8.408100E+4
1.588000E-2	0.000000E+0	8.409500E+4
1.590000E-2	0.000000E+0	8.411900E+4
1.592000E-2	0.000000E+0	8.391800E+4
1.594000E-2	0.000000E+0	8.427500E+4
1.596000E-2	0.000000E+0	8.402000E+4
1.598000E-2	0.000000E+0	8.407600E+4
1.600000E-2	0.000000E+0	8.415900E+4
1.602000E-2	0.000000E+0	8.387800E+4
1.604000E-2	0.000000E+0	8.426600E+4
1.606000E-2	0.000000E+0	8.443500E+4
1.608000E-2	0.000000E+0	8.401500E+4
1.610000E-2	0.000000E+0	8.401400E+4
1.612000E-2	0.000000E+0	8.384400E+4
1.614000E-2	0.000000E+0	8.407700E+4
1.616000E-2	0.000000E+0	8.452500E+4
1.618000E-2	0.000000E+0	8.341400E+4
1.620000E-2	0.000000E+0	8.385300E+4
1.622000E-2	0.000000E+0	8.351500E+4
1.624000E-2	0.000000E+0	8.413600E+4
1.626000E-2	0.000000E+0	8.386600E+4
1.628000E-2	0.000000E+0	8.387200E+4
1.630000E-2	0.000000E+0	8.379300E+4
1.632000E-2	0.000000E+0	8.398000E+4
1.634000E-2	0.000000E+0	8.403000E+4
1.636000E-2	0.000000E+0	8.381000E+4
1.638000E-2	0.000000E+0	8.402800E+4
1.640000E-2	0.000000E+0	8.372300E+4
1.642000E-2	0.000000E+0	8.406700E+4
1.644000E-2	0.000000E+0	8.429800E+4
1.646000E-2	0.000000E+0	8.336800E+4
1.648000E-2	0.000000E+0	8.458400E+4
1.650000E-2	0.000000E+0	8.441200E+4
1.652000E-2	0.000000E+0	8.407300E+4
1.654000E-2	0.000000E+0	8.369200E+4
1.656000E-2	0.000000E+0	8.406500E+4
1.658000E-2	0.000000E+0	8.451600E+4
1.660000E-2	0.000000E+0	8.362000E+4
1.662000E-2	0.000000E+0	8.404400E+4
1.664000E-2	0.000000E+0	8.419100E+4
1.666000E-2	0.000000E+0	8.400500E+4
1.668000E-2	0.000000E+0	8.382100E+4
1.670000E-2	0.000000E+0	8.394500E+4
1.672000E-2	0.000000E+0	8.379500E+4
1.674000E-2	0.000000E+0	8.354300E+4
1.676000E-2	0.000000E+0	8.373600E+4
1.678000E-2	0.000000E+0	8.386100E+4
1.680000E-2	0.000000E+0	8.416100E+4
1.682000E-2	0.000000E+0	8.342800E+4
1.684000E-2	0.000000E+0	8.362200E+4
1.686000E-2	0.000000E+0	8.344000E+4
1.688000E-2	0.000000E+0	8.353600E+4
1.690000E-2	0.000000E+0	8.290400E+4
1.692000E-2	0.000000E+0	8.335800E+4
1.694000E-2	0.000000E+0	8.321600E+4
1.696000E-2	0.000000E+0	8.294900E+4
1.698000E-2	0.000000E+0	8.260500E+4
1.700000E-2	0.000000E+0	8.222400E+4
1.702000E-2	0.000000E+0	8.192200E+4
1.704000E-2	0.000000E+0	8.122900E+4
1.706000E-2	0.000000E+0	8.093800E+4
1.708000E-2	0.000000E+0	8.044600E+4
1.710000E-2	0.000000E+0	7.859400E+4
1.712000E-2	0.000000E+0	7.703700E+4
1.714000E-2	0.000000E+0	7.341200E+4
1.716000E-2	0.000000E+0	6.828300E+4
1.718000E-2	0.000000E+0	6.288800E+4
1.720000E-2	0.000000E+0	5.667700E+4
1.722000E-2	0.000000E+0	5.243400E+4
1.724000E-2	0.000000E+0	5.061700E+4
1.726000E-2	0.000000E+0	5.190000E+4
1.728000E-2	0.000000E+0	5.578600E+4
1.730000E-2	0.000000E+0	6.183300E+4
1.732000E-2	0.000000E+0	6.662400E+4
1.734000E-2	0.000000E+0	7.205700E+4
1.736000E-2	0.000000E+0	7.554100E+4
1.738000E-2	0.000000E+0	7.778000E+4
1.740000E-2	0.000000E+0	8.009600E+4
1.742000E-2	0.000000E+0	8.089600E+4
1.744000E-2	0.000000E+0	8.125800E+4
1.746000E-2	0.000000E+0	8.216700E+4
1.748000E-2	0.000000E+0	8.223300E+4
1.750000E-2	0.000000E+0	8.249400E+4
1.752000E-2	0.000000E+0	8.253100E+4
1.754000E-2	0.000000E+0	8.378500E+4
1.756000E-2	0.000000E+0	8.300300E+4
1.758000E-2	0.000000E+0	8.302300E+4
1.760000E-2	0.000000E+0	8.381900E+4
1.762000E-2	0.000000E+0	8.335400E+4
1.764000E-2	0.000000E+0	8.350800E+4
1.766000E-2	0.000000E+0	8.342500E+4
1.768000E-2	0.000000E+0	8.376700E+4
1.770000E-2	0.000000E+0	8.381400E+4
1.772000E-2	0.000000E+0	8.408200E+4
1.774000E-2	0.000000E+0	8.319500E+4
1.776000E-2	0.000000E+0	8.351300E+4
1.778000E-2	0.000000E+0	8.381800E+4
1.780000E-2	0.000000E+0	8.397800E+4
1.782000E-2	0.000000E+0	8.395100E+4
1.784000E-2	0.000000E+0	8.430400E+4
1.786000E-2	0.000000E+0	8.466800E+4
1.788000E-2	0.000000E+0	8.388900E+4
1.790000E-2	0.000000E+0	8.360500E+4
1.792000E-2	0.000000E+0	8.411400E+4
1.794000E-2	0.000000E+0	8.409100E+4
1.796000E-2	0.000000E+0	8.416000E+4
1.798000E-2	0.000000E+0	8.387000E+4
1.800000E-2	0.000000E+0	8.387000E+4
1.802000E-2	0.000000E+0	8.339400E+4
1.804000E-2	0.000000E+0	8.401600E+4
1.806000E-2	0.000000E+0	8.397500E+4
1.808000E-2	0.000000E+0	8.399700E+4
1.810000E-2	0.000000E+0	8.422700E+4
1.812000E-2	0.000000E+0	8.416600E+4
1.814000E-2	0.000000E+0	8.364800E+4
1.816000E-2	0.000000E+0	8.419600E+4
1.818000E-2	0.000000E+0	8.389900E+4
1.820000E-2	0.000000E+0	8.409600E+4
1.822000E-2	0.000000E+0	8.375300E+4
1.824000E-2	0.000000E+0	8.370900E+4
1.826000E-2	0.000000E+0	8.394100E+4
1.828000E-2	0.000000E+0	8.441500E+4
1.830000E-2	0.000000E+0	8.366700E+4
1.832000E-2	0.000000E+0	8.386900E+4
1.834000E-2	0.000000E+0	8.416500E+4
1.836000E-2	0.000000E+0	8.353300E+4
1.838000E-2	0.000000E+0	8.405200E+4
1.840000E-2	0.000000E+0	8.463200E+4
1.842000E-2	0.000000E+0	8.424300E+4
1.844000E-2	0.000000E+0	8.459700E+4
1.846000E-2	0.000000E+0	8.426500E+4
1.848000E-2	0.000000E+0	8.387100E+4
1.850000E-2	0.000000E+0	8.410100E+4
1.852000E-2	0.000000E+0	8.372200E+4
1.854000E-2	0.000000E+0	8.382200E+4
1.856000E-2	0.000000E+0	8.443000E+4
1.858000E-2	0.000000E+0	8.363700E+4
1.860000E-2	0.000000E+0	8.418900E+4
1.862000E-2	0.000000E+0	8.400500E+4
1.864000E-2	0.000000E+0	8.507000E+4
1.866000E-2	0.000000E+0	8.349700E+4
1.868000E-2	0.000000E+0	8.437800E+4
1.870000E-2	0.000000E+0	8.405300E+4
1.872000E-2	0.000000E+0	8.403900E+4
1.874000E-2	0.000000E+0	8.398300E+4
1.876000E-2	0.000000E+0	8.388000E+4
1.878000E-2	0.000000E+0	8.376300E+4
1.880000E-2	0.000000E+0	8.371200E+4
1.882000E-2	0.000000E+0	8.412300E+4
1.884000E-2	0.000000E+0	8.365700E+4
1.886000E-2	0.000000E+0	8.415300E+4
1.888000E-2	0.000000E+0	8.392000E+4
1.890000E-2	0.000000E+0	8.424400E+4
1.892000E-2	0.000000E+0	8.385000E+4
1.894000E-2	0.000000E+0	8.413100E+4
1.896000E-2	0.000000E+0	8.430800E+4
1.898000E-2	0.000000E+0	8.489700E+4
1.900000E-2	0.000000E+0	8.408200E+4
1.902000E-2	0.000000E+0	8.397500E+4
1.904000E-2	0.000000E+0	8.420400E+4
1.906000E-2	0.000000E+0	8.391700E+4
1.908000E-2	0.000000E+0	8.427400E+4
1.910000E-2	0.000000E+0	8.352400E+4
1.912000E-2	0.000000E+0	8.371300E+4
1.914000E-2	0.000000E+0	8.453300E+4
1.916000E-2	0.000000E+0	8.377600E+4
1.918000E-2	0.000000E+0	8.412300E+4
1.920000E-2	0.000000E+0	8.387500E+4
1.922000E-2	0.000000E+0	8.383800E+4
1.924000E-2	0.000000E+0	8.482900E+4
1.926000E-2	0.000000E+0	8.419300E+4
1.928000E-2	0.000000E+0	8.400500E+4
1.930000E-2	0.000000E+0	8.399800E+4
1.932000E-2	0.000000E+0	8.424200E+4
1.934000E-2	0.000000E+0	8.422100E+4
1.936000E-2	0.000000E+0	8.372200E+4
1.938000E-2	0.000000E+0	8.398200E+4
1.940000E-2	0.000000E+0	8.394500E+4
1.942000E-2	0.000000E+0	8.400700E+4
1.944000E-2	0.000000E+0	8.403800E+4
1.946000E-2	0.000000E+0	8.404200E+4
1.948000E-2	0.000000E+0	8.423000E+4
1.950000E-2	0.000000E+0	8.439100E+4
1.952000E-2	0.000000E+0	8.401400E+4
1.954000E-2	0.000000E+0	8.429600E+4
1.956000E-2	0.000000E+0	8.394600E+4
1.958000E-2	0.000000E+0	8.401500E+4
1.960000E-2	0.000000E+0	8.351600E+4
1.962000E-2	0.000000E+0	8.406600E+4
1.964000E-2	0.000000E+0	8.439700E+4
1.966000E-2	0.000000E+0	8.422500E+4
1.968000E-2	0.000000E+0	8.386000E+4
1.970000E-2	0.000000E+0	8.425300E+4
1.972000E-2	0.000000E+0	8.371200E+4
1.974000E-2	0.000000E+0	8.371300E+4
1.976000E-2	0.000000E+0	8.373100E+4
1.978000E-2	0.000000E+0	8.388800E+4
1.980000E-2	0.000000E+0	8.422600E+4
1.982000E-2	0.000000E+0	8.429100E+4
1.984000E-2	0.000000E+0	8.387400E+4
1.986000E-2	0.000000E+0	8.442000E+4
1.988000E-2	0.000000E+0	8.448200E+4
1.990000E-2	0.000000E+0	8.435800E+4
1.992000E-2	0.000000E+0	8.419600E+4
1.994000E-2	0.000000E+0	8.457300E+4
1.996000E-2	0.000000E+0	8.412500E+4
1.998000E-2	0.000000E+0	8.386300E+4
