

live time:  264069.000000
real time:  306003.741000
sweeps:  13203450.000000
0.000000E+0	0.000000E+0	0.000000E+0
2.000000E-5	0.000000E+0	1.316340E+5
4.000000E-5	0.000000E+0	1.320620E+5
6.000000E-5	0.000000E+0	1.321720E+5
8.000000E-5	0.000000E+0	1.323700E+5
1.000000E-4	0.000000E+0	1.316250E+5
1.200000E-4	0.000000E+0	1.321270E+5
1.400000E-4	0.000000E+0	1.327390E+5
1.600000E-4	0.000000E+0	1.329150E+5
1.800000E-4	0.000000E+0	1.321740E+5
2.000000E-4	0.000000E+0	1.325520E+5
2.200000E-4	0.000000E+0	1.325900E+5
2.400000E-4	0.000000E+0	1.325810E+5
2.600000E-4	0.000000E+0	1.325230E+5
2.800000E-4	0.000000E+0	1.321890E+5
3.000000E-4	0.000000E+0	1.325410E+5
3.200000E-4	0.000000E+0	1.318630E+5
3.400000E-4	0.000000E+0	1.324810E+5
3.600000E-4	0.000000E+0	1.320760E+5
3.800000E-4	0.000000E+0	1.325760E+5
4.000000E-4	0.000000E+0	1.328680E+5
4.200000E-4	0.000000E+0	1.322030E+5
4.400000E-4	0.000000E+0	1.316740E+5
4.600000E-4	0.000000E+0	1.323700E+5
4.800000E-4	0.000000E+0	1.326940E+5
5.000000E-4	0.000000E+0	1.322750E+5
5.200000E-4	0.000000E+0	1.326430E+5
5.400000E-4	0.000000E+0	1.323870E+5
5.600000E-4	0.000000E+0	1.326250E+5
5.800000E-4	0.000000E+0	1.321940E+5
6.000000E-4	0.000000E+0	1.318610E+5
6.200000E-4	0.000000E+0	1.319010E+5
6.400000E-4	0.000000E+0	1.320120E+5
6.600000E-4	0.000000E+0	1.320940E+5
6.800000E-4	0.000000E+0	1.320070E+5
7.000000E-4	0.000000E+0	1.324520E+5
7.200000E-4	0.000000E+0	1.326170E+5
7.400000E-4	0.000000E+0	1.319510E+5
7.600000E-4	0.000000E+0	1.320480E+5
7.800000E-4	0.000000E+0	1.321500E+5
8.000000E-4	0.000000E+0	1.325910E+5
8.200000E-4	0.000000E+0	1.320920E+5
8.400000E-4	0.000000E+0	1.322630E+5
8.600000E-4	0.000000E+0	1.325900E+5
8.800000E-4	0.000000E+0	1.324430E+5
9.000000E-4	0.000000E+0	1.314370E+5
9.200000E-4	0.000000E+0	1.321650E+5
9.400000E-4	0.000000E+0	1.326690E+5
9.600000E-4	0.000000E+0	1.322560E+5
9.800000E-4	0.000000E+0	1.324230E+5
1.000000E-3	0.000000E+0	1.319680E+5
1.020000E-3	0.000000E+0	1.323230E+5
1.040000E-3	0.000000E+0	1.325540E+5
1.060000E-3	0.000000E+0	1.322880E+5
1.080000E-3	0.000000E+0	1.319560E+5
1.100000E-3	0.000000E+0	1.324800E+5
1.120000E-3	0.000000E+0	1.318480E+5
1.140000E-3	0.000000E+0	1.320120E+5
1.160000E-3	0.000000E+0	1.322150E+5
1.180000E-3	0.000000E+0	1.318970E+5
1.200000E-3	0.000000E+0	1.326570E+5
1.220000E-3	0.000000E+0	1.320340E+5
1.240000E-3	0.000000E+0	1.325150E+5
1.260000E-3	0.000000E+0	1.318410E+5
1.280000E-3	0.000000E+0	1.323500E+5
1.300000E-3	0.000000E+0	1.324630E+5
1.320000E-3	0.000000E+0	1.320950E+5
1.340000E-3	0.000000E+0	1.326870E+5
1.360000E-3	0.000000E+0	1.320570E+5
1.380000E-3	0.000000E+0	1.324020E+5
1.400000E-3	0.000000E+0	1.324810E+5
1.420000E-3	0.000000E+0	1.321600E+5
1.440000E-3	0.000000E+0	1.324040E+5
1.460000E-3	0.000000E+0	1.326870E+5
1.480000E-3	0.000000E+0	1.321850E+5
1.500000E-3	0.000000E+0	1.313150E+5
1.520000E-3	0.000000E+0	1.321710E+5
1.540000E-3	0.000000E+0	1.325980E+5
1.560000E-3	0.000000E+0	1.327010E+5
1.580000E-3	0.000000E+0	1.320100E+5
1.600000E-3	0.000000E+0	1.325480E+5
1.620000E-3	0.000000E+0	1.331880E+5
1.640000E-3	0.000000E+0	1.323950E+5
1.660000E-3	0.000000E+0	1.321630E+5
1.680000E-3	0.000000E+0	1.325220E+5
1.700000E-3	0.000000E+0	1.318220E+5
1.720000E-3	0.000000E+0	1.318780E+5
1.740000E-3	0.000000E+0	1.322820E+5
1.760000E-3	0.000000E+0	1.327690E+5
1.780000E-3	0.000000E+0	1.326890E+5
1.800000E-3	0.000000E+0	1.320690E+5
1.820000E-3	0.000000E+0	1.330410E+5
1.840000E-3	0.000000E+0	1.326790E+5
1.860000E-3	0.000000E+0	1.324520E+5
1.880000E-3	0.000000E+0	1.325740E+5
1.900000E-3	0.000000E+0	1.325220E+5
1.920000E-3	0.000000E+0	1.326600E+5
1.940000E-3	0.000000E+0	1.320920E+5
1.960000E-3	0.000000E+0	1.325440E+5
1.980000E-3	0.000000E+0	1.327890E+5
2.000000E-3	0.000000E+0	1.323660E+5
2.020000E-3	0.000000E+0	1.324880E+5
2.040000E-3	0.000000E+0	1.321620E+5
2.060000E-3	0.000000E+0	1.332160E+5
2.080000E-3	0.000000E+0	1.318770E+5
2.100000E-3	0.000000E+0	1.318880E+5
2.120000E-3	0.000000E+0	1.325090E+5
2.140000E-3	0.000000E+0	1.325670E+5
2.160000E-3	0.000000E+0	1.323250E+5
2.180000E-3	0.000000E+0	1.324830E+5
2.200000E-3	0.000000E+0	1.321400E+5
2.220000E-3	0.000000E+0	1.316850E+5
2.240000E-3	0.000000E+0	1.325540E+5
2.260000E-3	0.000000E+0	1.324700E+5
2.280000E-3	0.000000E+0	1.327090E+5
2.300000E-3	0.000000E+0	1.326560E+5
2.320000E-3	0.000000E+0	1.319910E+5
2.340000E-3	0.000000E+0	1.314570E+5
2.360000E-3	0.000000E+0	1.324940E+5
2.380000E-3	0.000000E+0	1.320250E+5
2.400000E-3	0.000000E+0	1.326690E+5
2.420000E-3	0.000000E+0	1.322390E+5
2.440000E-3	0.000000E+0	1.320020E+5
2.460000E-3	0.000000E+0	1.321710E+5
2.480000E-3	0.000000E+0	1.320700E+5
2.500000E-3	0.000000E+0	1.323330E+5
2.520000E-3	0.000000E+0	1.324020E+5
2.540000E-3	0.000000E+0	1.325010E+5
2.560000E-3	0.000000E+0	1.318560E+5
2.580000E-3	0.000000E+0	1.325630E+5
2.600000E-3	0.000000E+0	1.325850E+5
2.620000E-3	0.000000E+0	1.319190E+5
2.640000E-3	0.000000E+0	1.324420E+5
2.660000E-3	0.000000E+0	1.319890E+5
2.680000E-3	0.000000E+0	1.328630E+5
2.700000E-3	0.000000E+0	1.322720E+5
2.720000E-3	0.000000E+0	1.318500E+5
2.740000E-3	0.000000E+0	1.319750E+5
2.760000E-3	0.000000E+0	1.327760E+5
2.780000E-3	0.000000E+0	1.323020E+5
2.800000E-3	0.000000E+0	1.319150E+5
2.820000E-3	0.000000E+0	1.319840E+5
2.840000E-3	0.000000E+0	1.322160E+5
2.860000E-3	0.000000E+0	1.323740E+5
2.880000E-3	0.000000E+0	1.327880E+5
2.900000E-3	0.000000E+0	1.316030E+5
2.920000E-3	0.000000E+0	1.322560E+5
2.940000E-3	0.000000E+0	1.323560E+5
2.960000E-3	0.000000E+0	1.323000E+5
2.980000E-3	0.000000E+0	1.321880E+5
3.000000E-3	0.000000E+0	1.319600E+5
3.020000E-3	0.000000E+0	1.326500E+5
3.040000E-3	0.000000E+0	1.324410E+5
3.060000E-3	0.000000E+0	1.322020E+5
3.080000E-3	0.000000E+0	1.318730E+5
3.100000E-3	0.000000E+0	1.326020E+5
3.120000E-3	0.000000E+0	1.321920E+5
3.140000E-3	0.000000E+0	1.316570E+5
3.160000E-3	0.000000E+0	1.318180E+5
3.180000E-3	0.000000E+0	1.317890E+5
3.200000E-3	0.000000E+0	1.326420E+5
3.220000E-3	0.000000E+0	1.320710E+5
3.240000E-3	0.000000E+0	1.322170E+5
3.260000E-3	0.000000E+0	1.324520E+5
3.280000E-3	0.000000E+0	1.326410E+5
3.300000E-3	0.000000E+0	1.323080E+5
3.320000E-3	0.000000E+0	1.323320E+5
3.340000E-3	0.000000E+0	1.320540E+5
3.360000E-3	0.000000E+0	1.325740E+5
3.380000E-3	0.000000E+0	1.316430E+5
3.400000E-3	0.000000E+0	1.323590E+5
3.420000E-3	0.000000E+0	1.325160E+5
3.440000E-3	0.000000E+0	1.320360E+5
3.460000E-3	0.000000E+0	1.325760E+5
3.480000E-3	0.000000E+0	1.324980E+5
3.500000E-3	0.000000E+0	1.328470E+5
3.520000E-3	0.000000E+0	1.324780E+5
3.540000E-3	0.000000E+0	1.331600E+5
3.560000E-3	0.000000E+0	1.323760E+5
3.580000E-3	0.000000E+0	1.322850E+5
3.600000E-3	0.000000E+0	1.312870E+5
3.620000E-3	0.000000E+0	1.324030E+5
3.640000E-3	0.000000E+0	1.323560E+5
3.660000E-3	0.000000E+0	1.324120E+5
3.680000E-3	0.000000E+0	1.325350E+5
3.700000E-3	0.000000E+0	1.320550E+5
3.720000E-3	0.000000E+0	1.320000E+5
3.740000E-3	0.000000E+0	1.322400E+5
3.760000E-3	0.000000E+0	1.324290E+5
3.780000E-3	0.000000E+0	1.322340E+5
3.800000E-3	0.000000E+0	1.319720E+5
3.820000E-3	0.000000E+0	1.319440E+5
3.840000E-3	0.000000E+0	1.325110E+5
3.860000E-3	0.000000E+0	1.323720E+5
3.880000E-3	0.000000E+0	1.320610E+5
3.900000E-3	0.000000E+0	1.316060E+5
3.920000E-3	0.000000E+0	1.326030E+5
3.940000E-3	0.000000E+0	1.324380E+5
3.960000E-3	0.000000E+0	1.322720E+5
3.980000E-3	0.000000E+0	1.321570E+5
4.000000E-3	0.000000E+0	1.321050E+5
4.020000E-3	0.000000E+0	1.326320E+5
4.040000E-3	0.000000E+0	1.323690E+5
4.060000E-3	0.000000E+0	1.316970E+5
4.080000E-3	0.000000E+0	1.322170E+5
4.100000E-3	0.000000E+0	1.325400E+5
4.120000E-3	0.000000E+0	1.321120E+5
4.140000E-3	0.000000E+0	1.324940E+5
4.160000E-3	0.000000E+0	1.319470E+5
4.180000E-3	0.000000E+0	1.324900E+5
4.200000E-3	0.000000E+0	1.318690E+5
4.220000E-3	0.000000E+0	1.327220E+5
4.240000E-3	0.000000E+0	1.320600E+5
4.260000E-3	0.000000E+0	1.321150E+5
4.280000E-3	0.000000E+0	1.330730E+5
4.300000E-3	0.000000E+0	1.320100E+5
4.320000E-3	0.000000E+0	1.328910E+5
4.340000E-3	0.000000E+0	1.321590E+5
4.360000E-3	0.000000E+0	1.325060E+5
4.380000E-3	0.000000E+0	1.315800E+5
4.400000E-3	0.000000E+0	1.331250E+5
4.420000E-3	0.000000E+0	1.320610E+5
4.440000E-3	0.000000E+0	1.324600E+5
4.460000E-3	0.000000E+0	1.327810E+5
4.480000E-3	0.000000E+0	1.323410E+5
4.500000E-3	0.000000E+0	1.316000E+5
4.520000E-3	0.000000E+0	1.326260E+5
4.540000E-3	0.000000E+0	1.325110E+5
4.560000E-3	0.000000E+0	1.329850E+5
4.580000E-3	0.000000E+0	1.328260E+5
4.600000E-3	0.000000E+0	1.327900E+5
4.620000E-3	0.000000E+0	1.321380E+5
4.640000E-3	0.000000E+0	1.327040E+5
4.660000E-3	0.000000E+0	1.322270E+5
4.680000E-3	0.000000E+0	1.323550E+5
4.700000E-3	0.000000E+0	1.321220E+5
4.720000E-3	0.000000E+0	1.325150E+5
4.740000E-3	0.000000E+0	1.319860E+5
4.760000E-3	0.000000E+0	1.317660E+5
4.780000E-3	0.000000E+0	1.317690E+5
4.800000E-3	0.000000E+0	1.327440E+5
4.820000E-3	0.000000E+0	1.321910E+5
4.840000E-3	0.000000E+0	1.322630E+5
4.860000E-3	0.000000E+0	1.325840E+5
4.880000E-3	0.000000E+0	1.325890E+5
4.900000E-3	0.000000E+0	1.326730E+5
4.920000E-3	0.000000E+0	1.320750E+5
4.940000E-3	0.000000E+0	1.328170E+5
4.960000E-3	0.000000E+0	1.323240E+5
4.980000E-3	0.000000E+0	1.320460E+5
5.000000E-3	0.000000E+0	1.318670E+5
5.020000E-3	0.000000E+0	1.322190E+5
5.040000E-3	0.000000E+0	1.320180E+5
5.060000E-3	0.000000E+0	1.328920E+5
5.080000E-3	0.000000E+0	1.321880E+5
5.100000E-3	0.000000E+0	1.323740E+5
5.120000E-3	0.000000E+0	1.328440E+5
5.140000E-3	0.000000E+0	1.320640E+5
5.160000E-3	0.000000E+0	1.328970E+5
5.180000E-3	0.000000E+0	1.314660E+5
5.200000E-3	0.000000E+0	1.317990E+5
5.220000E-3	0.000000E+0	1.317340E+5
5.240000E-3	0.000000E+0	1.317460E+5
5.260000E-3	0.000000E+0	1.321340E+5
5.280000E-3	0.000000E+0	1.315580E+5
5.300000E-3	0.000000E+0	1.313630E+5
5.320000E-3	0.000000E+0	1.318330E+5
5.340000E-3	0.000000E+0	1.315660E+5
5.360000E-3	0.000000E+0	1.320110E+5
5.380000E-3	0.000000E+0	1.315250E+5
5.400000E-3	0.000000E+0	1.315180E+5
5.420000E-3	0.000000E+0	1.313790E+5
5.440000E-3	0.000000E+0	1.310690E+5
5.460000E-3	0.000000E+0	1.314720E+5
5.480000E-3	0.000000E+0	1.309020E+5
5.500000E-3	0.000000E+0	1.305160E+5
5.520000E-3	0.000000E+0	1.310990E+5
5.540000E-3	0.000000E+0	1.306010E+5
5.560000E-3	0.000000E+0	1.310450E+5
5.580000E-3	0.000000E+0	1.302590E+5
5.600000E-3	0.000000E+0	1.305540E+5
5.620000E-3	0.000000E+0	1.289800E+5
5.640000E-3	0.000000E+0	1.285020E+5
5.660000E-3	0.000000E+0	1.269110E+5
5.680000E-3	0.000000E+0	1.249780E+5
5.700000E-3	0.000000E+0	1.233830E+5
5.720000E-3	0.000000E+0	1.190110E+5
5.740000E-3	0.000000E+0	1.129840E+5
5.760000E-3	0.000000E+0	1.054420E+5
5.780000E-3	0.000000E+0	9.515800E+4
5.800000E-3	0.000000E+0	8.589400E+4
5.820000E-3	0.000000E+0	7.993300E+4
5.840000E-3	0.000000E+0	7.863000E+4
5.860000E-3	0.000000E+0	8.183900E+4
5.880000E-3	0.000000E+0	8.985000E+4
5.900000E-3	0.000000E+0	1.001580E+5
5.920000E-3	0.000000E+0	1.096880E+5
5.940000E-3	0.000000E+0	1.173350E+5
5.960000E-3	0.000000E+0	1.212910E+5
5.980000E-3	0.000000E+0	1.250750E+5
6.000000E-3	0.000000E+0	1.271310E+5
6.020000E-3	0.000000E+0	1.280900E+5
6.040000E-3	0.000000E+0	1.288260E+5
6.060000E-3	0.000000E+0	1.293070E+5
6.080000E-3	0.000000E+0	1.300470E+5
6.100000E-3	0.000000E+0	1.300950E+5
6.120000E-3	0.000000E+0	1.306880E+5
6.140000E-3	0.000000E+0	1.309760E+5
6.160000E-3	0.000000E+0	1.306550E+5
6.180000E-3	0.000000E+0	1.313120E+5
6.200000E-3	0.000000E+0	1.315170E+5
6.220000E-3	0.000000E+0	1.311710E+5
6.240000E-3	0.000000E+0	1.310480E+5
6.260000E-3	0.000000E+0	1.317760E+5
6.280000E-3	0.000000E+0	1.319990E+5
6.300000E-3	0.000000E+0	1.318020E+5
6.320000E-3	0.000000E+0	1.312750E+5
6.340000E-3	0.000000E+0	1.319680E+5
6.360000E-3	0.000000E+0	1.315490E+5
6.380000E-3	0.000000E+0	1.319400E+5
6.400000E-3	0.000000E+0	1.323040E+5
6.420000E-3	0.000000E+0	1.326800E+5
6.440000E-3	0.000000E+0	1.312000E+5
6.460000E-3	0.000000E+0	1.319080E+5
6.480000E-3	0.000000E+0	1.323920E+5
6.500000E-3	0.000000E+0	1.318910E+5
6.520000E-3	0.000000E+0	1.318680E+5
6.540000E-3	0.000000E+0	1.322040E+5
6.560000E-3	0.000000E+0	1.321370E+5
6.580000E-3	0.000000E+0	1.320670E+5
6.600000E-3	0.000000E+0	1.317310E+5
6.620000E-3	0.000000E+0	1.319940E+5
6.640000E-3	0.000000E+0	1.320150E+5
6.660000E-3	0.000000E+0	1.322850E+5
6.680000E-3	0.000000E+0	1.317860E+5
6.700000E-3	0.000000E+0	1.318720E+5
6.720000E-3	0.000000E+0	1.318010E+5
6.740000E-3	0.000000E+0	1.322840E+5
6.760000E-3	0.000000E+0	1.324920E+5
6.780000E-3	0.000000E+0	1.324300E+5
6.800000E-3	0.000000E+0	1.320360E+5
6.820000E-3	0.000000E+0	1.320830E+5
6.840000E-3	0.000000E+0	1.320630E+5
6.860000E-3	0.000000E+0	1.330410E+5
6.880000E-3	0.000000E+0	1.321380E+5
6.900000E-3	0.000000E+0	1.321620E+5
6.920000E-3	0.000000E+0	1.330920E+5
6.940000E-3	0.000000E+0	1.321550E+5
6.960000E-3	0.000000E+0	1.310140E+5
6.980000E-3	0.000000E+0	1.324550E+5
7.000000E-3	0.000000E+0	1.326420E+5
7.020000E-3	0.000000E+0	1.321700E+5
7.040000E-3	0.000000E+0	1.317040E+5
7.060000E-3	0.000000E+0	1.323820E+5
7.080000E-3	0.000000E+0	1.323940E+5
7.100000E-3	0.000000E+0	1.317540E+5
7.120000E-3	0.000000E+0	1.319240E+5
7.140000E-3	0.000000E+0	1.325140E+5
7.160000E-3	0.000000E+0	1.329310E+5
7.180000E-3	0.000000E+0	1.329370E+5
7.200000E-3	0.000000E+0	1.317370E+5
7.220000E-3	0.000000E+0	1.322460E+5
7.240000E-3	0.000000E+0	1.323590E+5
7.260000E-3	0.000000E+0	1.328290E+5
7.280000E-3	0.000000E+0	1.318810E+5
7.300000E-3	0.000000E+0	1.322930E+5
7.320000E-3	0.000000E+0	1.324670E+5
7.340000E-3	0.000000E+0	1.322360E+5
7.360000E-3	0.000000E+0	1.322030E+5
7.380000E-3	0.000000E+0	1.325730E+5
7.400000E-3	0.000000E+0	1.322220E+5
7.420000E-3	0.000000E+0	1.324830E+5
7.440000E-3	0.000000E+0	1.322730E+5
7.460000E-3	0.000000E+0	1.319420E+5
7.480000E-3	0.000000E+0	1.325200E+5
7.500000E-3	0.000000E+0	1.313810E+5
7.520000E-3	0.000000E+0	1.326270E+5
7.540000E-3	0.000000E+0	1.323830E+5
7.560000E-3	0.000000E+0	1.324730E+5
7.580000E-3	0.000000E+0	1.318840E+5
7.600000E-3	0.000000E+0	1.319140E+5
7.620000E-3	0.000000E+0	1.327780E+5
7.640000E-3	0.000000E+0	1.325090E+5
7.660000E-3	0.000000E+0	1.328900E+5
7.680000E-3	0.000000E+0	1.328100E+5
7.700000E-3	0.000000E+0	1.322220E+5
7.720000E-3	0.000000E+0	1.324760E+5
7.740000E-3	0.000000E+0	1.320030E+5
7.760000E-3	0.000000E+0	1.327910E+5
7.780000E-3	0.000000E+0	1.322240E+5
7.800000E-3	0.000000E+0	1.327700E+5
7.820000E-3	0.000000E+0	1.323460E+5
7.840000E-3	0.000000E+0	1.323950E+5
7.860000E-3	0.000000E+0	1.323640E+5
7.880000E-3	0.000000E+0	1.326720E+5
7.900000E-3	0.000000E+0	1.327560E+5
7.920000E-3	0.000000E+0	1.322470E+5
7.940000E-3	0.000000E+0	1.321680E+5
7.960000E-3	0.000000E+0	1.323950E+5
7.980000E-3	0.000000E+0	1.319810E+5
8.000000E-3	0.000000E+0	1.316330E+5
8.020000E-3	0.000000E+0	1.319600E+5
8.040000E-3	0.000000E+0	1.316240E+5
8.060000E-3	0.000000E+0	1.322890E+5
8.080000E-3	0.000000E+0	1.334990E+5
8.100000E-3	0.000000E+0	1.317870E+5
8.120000E-3	0.000000E+0	1.319980E+5
8.140000E-3	0.000000E+0	1.321910E+5
8.160000E-3	0.000000E+0	1.323340E+5
8.180000E-3	0.000000E+0	1.319170E+5
8.200000E-3	0.000000E+0	1.320770E+5
8.220000E-3	0.000000E+0	1.317600E+5
8.240000E-3	0.000000E+0	1.324580E+5
8.260000E-3	0.000000E+0	1.316060E+5
8.280000E-3	0.000000E+0	1.326710E+5
8.300000E-3	0.000000E+0	1.327360E+5
8.320000E-3	0.000000E+0	1.322630E+5
8.340000E-3	0.000000E+0	1.326170E+5
8.360000E-3	0.000000E+0	1.318310E+5
8.380000E-3	0.000000E+0	1.325860E+5
8.400000E-3	0.000000E+0	1.323570E+5
8.420000E-3	0.000000E+0	1.323440E+5
8.440000E-3	0.000000E+0	1.324370E+5
8.460000E-3	0.000000E+0	1.325390E+5
8.480000E-3	0.000000E+0	1.323380E+5
8.500000E-3	0.000000E+0	1.324250E+5
8.520000E-3	0.000000E+0	1.321790E+5
8.540000E-3	0.000000E+0	1.325380E+5
8.560000E-3	0.000000E+0	1.326430E+5
8.580000E-3	0.000000E+0	1.319900E+5
8.600000E-3	0.000000E+0	1.325380E+5
8.620000E-3	0.000000E+0	1.322610E+5
8.640000E-3	0.000000E+0	1.326190E+5
8.660000E-3	0.000000E+0	1.321670E+5
8.680000E-3	0.000000E+0	1.324860E+5
8.700000E-3	0.000000E+0	1.325990E+5
8.720000E-3	0.000000E+0	1.323820E+5
8.740000E-3	0.000000E+0	1.322650E+5
8.760000E-3	0.000000E+0	1.332890E+5
8.780000E-3	0.000000E+0	1.320530E+5
8.800000E-3	0.000000E+0	1.322750E+5
8.820000E-3	0.000000E+0	1.326400E+5
8.840000E-3	0.000000E+0	1.325290E+5
8.860000E-3	0.000000E+0	1.324770E+5
8.880000E-3	0.000000E+0	1.321840E+5
8.900000E-3	0.000000E+0	1.331890E+5
8.920000E-3	0.000000E+0	1.323600E+5
8.940000E-3	0.000000E+0	1.322740E+5
8.960000E-3	0.000000E+0	1.323800E+5
8.980000E-3	0.000000E+0	1.317560E+5
9.000000E-3	0.000000E+0	1.320820E+5
9.020000E-3	0.000000E+0	1.322170E+5
9.040000E-3	0.000000E+0	1.327740E+5
9.060000E-3	0.000000E+0	1.322630E+5
9.080000E-3	0.000000E+0	1.326810E+5
9.100000E-3	0.000000E+0	1.321380E+5
9.120000E-3	0.000000E+0	1.324800E+5
9.140000E-3	0.000000E+0	1.323630E+5
9.160000E-3	0.000000E+0	1.311550E+5
9.180000E-3	0.000000E+0	1.319640E+5
9.200000E-3	0.000000E+0	1.325660E+5
9.220000E-3	0.000000E+0	1.324460E+5
9.240000E-3	0.000000E+0	1.322750E+5
9.260000E-3	0.000000E+0	1.325010E+5
9.280000E-3	0.000000E+0	1.321880E+5
9.300000E-3	0.000000E+0	1.323750E+5
9.320000E-3	0.000000E+0	1.323290E+5
9.340000E-3	0.000000E+0	1.326020E+5
9.360000E-3	0.000000E+0	1.322940E+5
9.380000E-3	0.000000E+0	1.325550E+5
9.400000E-3	0.000000E+0	1.321900E+5
9.420000E-3	0.000000E+0	1.320720E+5
9.440000E-3	0.000000E+0	1.320150E+5
9.460000E-3	0.000000E+0	1.323810E+5
9.480000E-3	0.000000E+0	1.318840E+5
9.500000E-3	0.000000E+0	1.327320E+5
9.520000E-3	0.000000E+0	1.324100E+5
9.540000E-3	0.000000E+0	1.315920E+5
9.560000E-3	0.000000E+0	1.325050E+5
9.580000E-3	0.000000E+0	1.326650E+5
9.600000E-3	0.000000E+0	1.317810E+5
9.620000E-3	0.000000E+0	1.324690E+5
9.640000E-3	0.000000E+0	1.325550E+5
9.660000E-3	0.000000E+0	1.323870E+5
9.680000E-3	0.000000E+0	1.315540E+5
9.700000E-3	0.000000E+0	1.324000E+5
9.720000E-3	0.000000E+0	1.325230E+5
9.740000E-3	0.000000E+0	1.328860E+5
9.760000E-3	0.000000E+0	1.319280E+5
9.780000E-3	0.000000E+0	1.321870E+5
9.800000E-3	0.000000E+0	1.324470E+5
9.820000E-3	0.000000E+0	1.319160E+5
9.840000E-3	0.000000E+0	1.324140E+5
9.860000E-3	0.000000E+0	1.326710E+5
9.880000E-3	0.000000E+0	1.327400E+5
9.900000E-3	0.000000E+0	1.326550E+5
9.920000E-3	0.000000E+0	1.328820E+5
9.940000E-3	0.000000E+0	1.317040E+5
9.960000E-3	0.000000E+0	1.315330E+5
9.980000E-3	0.000000E+0	1.322170E+5
1.000000E-2	0.000000E+0	1.323300E+5
1.002000E-2	0.000000E+0	1.320660E+5
1.004000E-2	0.000000E+0	1.321680E+5
1.006000E-2	0.000000E+0	1.320050E+5
1.008000E-2	0.000000E+0	1.325410E+5
1.010000E-2	0.000000E+0	1.325840E+5
1.012000E-2	0.000000E+0	1.323330E+5
1.014000E-2	0.000000E+0	1.329970E+5
1.016000E-2	0.000000E+0	1.330160E+5
1.018000E-2	0.000000E+0	1.324000E+5
1.020000E-2	0.000000E+0	1.329490E+5
1.022000E-2	0.000000E+0	1.328260E+5
1.024000E-2	0.000000E+0	1.324280E+5
1.026000E-2	0.000000E+0	1.321880E+5
1.028000E-2	0.000000E+0	1.324020E+5
1.030000E-2	0.000000E+0	1.323200E+5
1.032000E-2	0.000000E+0	1.326330E+5
1.034000E-2	0.000000E+0	1.325550E+5
1.036000E-2	0.000000E+0	1.323750E+5
1.038000E-2	0.000000E+0	1.324840E+5
1.040000E-2	0.000000E+0	1.326550E+5
1.042000E-2	0.000000E+0	1.321680E+5
1.044000E-2	0.000000E+0	1.327730E+5
1.046000E-2	0.000000E+0	1.322260E+5
1.048000E-2	0.000000E+0	1.327370E+5
1.050000E-2	0.000000E+0	1.320930E+5
1.052000E-2	0.000000E+0	1.322580E+5
1.054000E-2	0.000000E+0	1.321380E+5
1.056000E-2	0.000000E+0	1.324210E+5
1.058000E-2	0.000000E+0	1.323350E+5
1.060000E-2	0.000000E+0	1.313820E+5
1.062000E-2	0.000000E+0	1.319860E+5
1.064000E-2	0.000000E+0	1.322040E+5
1.066000E-2	0.000000E+0	1.327400E+5
1.068000E-2	0.000000E+0	1.320590E+5
1.070000E-2	0.000000E+0	1.318140E+5
1.072000E-2	0.000000E+0	1.321110E+5
1.074000E-2	0.000000E+0	1.322490E+5
1.076000E-2	0.000000E+0	1.324600E+5
1.078000E-2	0.000000E+0	1.321700E+5
1.080000E-2	0.000000E+0	1.322770E+5
1.082000E-2	0.000000E+0	1.319450E+5
1.084000E-2	0.000000E+0	1.317940E+5
1.086000E-2	0.000000E+0	1.318000E+5
1.088000E-2	0.000000E+0	1.323700E+5
1.090000E-2	0.000000E+0	1.324280E+5
1.092000E-2	0.000000E+0	1.319570E+5
1.094000E-2	0.000000E+0	1.323270E+5
1.096000E-2	0.000000E+0	1.325240E+5
1.098000E-2	0.000000E+0	1.323800E+5
1.100000E-2	0.000000E+0	1.325470E+5
1.102000E-2	0.000000E+0	1.315020E+5
1.104000E-2	0.000000E+0	1.326460E+5
1.106000E-2	0.000000E+0	1.318470E+5
1.108000E-2	0.000000E+0	1.328040E+5
1.110000E-2	0.000000E+0	1.328150E+5
1.112000E-2	0.000000E+0	1.320810E+5
1.114000E-2	0.000000E+0	1.323130E+5
1.116000E-2	0.000000E+0	1.319760E+5
1.118000E-2	0.000000E+0	1.321220E+5
1.120000E-2	0.000000E+0	1.317760E+5
1.122000E-2	0.000000E+0	1.319530E+5
1.124000E-2	0.000000E+0	1.327440E+5
1.126000E-2	0.000000E+0	1.327240E+5
1.128000E-2	0.000000E+0	1.326960E+5
1.130000E-2	0.000000E+0	1.316170E+5
1.132000E-2	0.000000E+0	1.327770E+5
1.134000E-2	0.000000E+0	1.324900E+5
1.136000E-2	0.000000E+0	1.321070E+5
1.138000E-2	0.000000E+0	1.322700E+5
1.140000E-2	0.000000E+0	1.323990E+5
1.142000E-2	0.000000E+0	1.321390E+5
1.144000E-2	0.000000E+0	1.322380E+5
1.146000E-2	0.000000E+0	1.326300E+5
1.148000E-2	0.000000E+0	1.322920E+5
1.150000E-2	0.000000E+0	1.320940E+5
1.152000E-2	0.000000E+0	1.322330E+5
1.154000E-2	0.000000E+0	1.322470E+5
1.156000E-2	0.000000E+0	1.324590E+5
1.158000E-2	0.000000E+0	1.323270E+5
1.160000E-2	0.000000E+0	1.326170E+5
1.162000E-2	0.000000E+0	1.322700E+5
1.164000E-2	0.000000E+0	1.322740E+5
1.166000E-2	0.000000E+0	1.314930E+5
1.168000E-2	0.000000E+0	1.325440E+5
1.170000E-2	0.000000E+0	1.328010E+5
1.172000E-2	0.000000E+0	1.317020E+5
1.174000E-2	0.000000E+0	1.321350E+5
1.176000E-2	0.000000E+0	1.322170E+5
1.178000E-2	0.000000E+0	1.325650E+5
1.180000E-2	0.000000E+0	1.320190E+5
1.182000E-2	0.000000E+0	1.328480E+5
1.184000E-2	0.000000E+0	1.322240E+5
1.186000E-2	0.000000E+0	1.317680E+5
1.188000E-2	0.000000E+0	1.319140E+5
1.190000E-2	0.000000E+0	1.322070E+5
1.192000E-2	0.000000E+0	1.320130E+5
1.194000E-2	0.000000E+0	1.325450E+5
1.196000E-2	0.000000E+0	1.319170E+5
1.198000E-2	0.000000E+0	1.318930E+5
1.200000E-2	0.000000E+0	1.318160E+5
1.202000E-2	0.000000E+0	1.320030E+5
1.204000E-2	0.000000E+0	1.322570E+5
1.206000E-2	0.000000E+0	1.327770E+5
1.208000E-2	0.000000E+0	1.325540E+5
1.210000E-2	0.000000E+0	1.324390E+5
1.212000E-2	0.000000E+0	1.316120E+5
1.214000E-2	0.000000E+0	1.318730E+5
1.216000E-2	0.000000E+0	1.325440E+5
1.218000E-2	0.000000E+0	1.320540E+5
1.220000E-2	0.000000E+0	1.325060E+5
1.222000E-2	0.000000E+0	1.326100E+5
1.224000E-2	0.000000E+0	1.321870E+5
1.226000E-2	0.000000E+0	1.315840E+5
1.228000E-2	0.000000E+0	1.323540E+5
1.230000E-2	0.000000E+0	1.316150E+5
1.232000E-2	0.000000E+0	1.324500E+5
1.234000E-2	0.000000E+0	1.325440E+5
1.236000E-2	0.000000E+0	1.321870E+5
1.238000E-2	0.000000E+0	1.321350E+5
1.240000E-2	0.000000E+0	1.318840E+5
1.242000E-2	0.000000E+0	1.328540E+5
1.244000E-2	0.000000E+0	1.325250E+5
1.246000E-2	0.000000E+0	1.314790E+5
1.248000E-2	0.000000E+0	1.323930E+5
1.250000E-2	0.000000E+0	1.325170E+5
1.252000E-2	0.000000E+0	1.324190E+5
1.254000E-2	0.000000E+0	1.316900E+5
1.256000E-2	0.000000E+0	1.323160E+5
1.258000E-2	0.000000E+0	1.326790E+5
1.260000E-2	0.000000E+0	1.326130E+5
1.262000E-2	0.000000E+0	1.317120E+5
1.264000E-2	0.000000E+0	1.324330E+5
1.266000E-2	0.000000E+0	1.323070E+5
1.268000E-2	0.000000E+0	1.324070E+5
1.270000E-2	0.000000E+0	1.324160E+5
1.272000E-2	0.000000E+0	1.321100E+5
1.274000E-2	0.000000E+0	1.320820E+5
1.276000E-2	0.000000E+0	1.327230E+5
1.278000E-2	0.000000E+0	1.322650E+5
1.280000E-2	0.000000E+0	1.323060E+5
1.282000E-2	0.000000E+0	1.314920E+5
1.284000E-2	0.000000E+0	1.323200E+5
1.286000E-2	0.000000E+0	1.325900E+5
1.288000E-2	0.000000E+0	1.323960E+5
1.290000E-2	0.000000E+0	1.317840E+5
1.292000E-2	0.000000E+0	1.322760E+5
1.294000E-2	0.000000E+0	1.320520E+5
1.296000E-2	0.000000E+0	1.322140E+5
1.298000E-2	0.000000E+0	1.325030E+5
1.300000E-2	0.000000E+0	1.316050E+5
1.302000E-2	0.000000E+0	1.324850E+5
1.304000E-2	0.000000E+0	1.323310E+5
1.306000E-2	0.000000E+0	1.319200E+5
1.308000E-2	0.000000E+0	1.329240E+5
1.310000E-2	0.000000E+0	1.327430E+5
1.312000E-2	0.000000E+0	1.321230E+5
1.314000E-2	0.000000E+0	1.321670E+5
1.316000E-2	0.000000E+0	1.324080E+5
1.318000E-2	0.000000E+0	1.320880E+5
1.320000E-2	0.000000E+0	1.324780E+5
1.322000E-2	0.000000E+0	1.318720E+5
1.324000E-2	0.000000E+0	1.318370E+5
1.326000E-2	0.000000E+0	1.323600E+5
1.328000E-2	0.000000E+0	1.327160E+5
1.330000E-2	0.000000E+0	1.325900E+5
1.332000E-2	0.000000E+0	1.327970E+5
1.334000E-2	0.000000E+0	1.320080E+5
1.336000E-2	0.000000E+0	1.320120E+5
1.338000E-2	0.000000E+0	1.317550E+5
1.340000E-2	0.000000E+0	1.324760E+5
1.342000E-2	0.000000E+0	1.326950E+5
1.344000E-2	0.000000E+0	1.322980E+5
1.346000E-2	0.000000E+0	1.321350E+5
1.348000E-2	0.000000E+0	1.320800E+5
1.350000E-2	0.000000E+0	1.322720E+5
1.352000E-2	0.000000E+0	1.324350E+5
1.354000E-2	0.000000E+0	1.322870E+5
1.356000E-2	0.000000E+0	1.320480E+5
1.358000E-2	0.000000E+0	1.308680E+5
1.360000E-2	0.000000E+0	1.318990E+5
1.362000E-2	0.000000E+0	1.316170E+5
1.364000E-2	0.000000E+0	1.319350E+5
1.366000E-2	0.000000E+0	1.318010E+5
1.368000E-2	0.000000E+0	1.324360E+5
1.370000E-2	0.000000E+0	1.324320E+5
1.372000E-2	0.000000E+0	1.321490E+5
1.374000E-2	0.000000E+0	1.320090E+5
1.376000E-2	0.000000E+0	1.325530E+5
1.378000E-2	0.000000E+0	1.329410E+5
1.380000E-2	0.000000E+0	1.316440E+5
1.382000E-2	0.000000E+0	1.314780E+5
1.384000E-2	0.000000E+0	1.317670E+5
1.386000E-2	0.000000E+0	1.326530E+5
1.388000E-2	0.000000E+0	1.322940E+5
1.390000E-2	0.000000E+0	1.324140E+5
1.392000E-2	0.000000E+0	1.317830E+5
1.394000E-2	0.000000E+0	1.329150E+5
1.396000E-2	0.000000E+0	1.315600E+5
1.398000E-2	0.000000E+0	1.326660E+5
1.400000E-2	0.000000E+0	1.321620E+5
1.402000E-2	0.000000E+0	1.321350E+5
1.404000E-2	0.000000E+0	1.326400E+5
1.406000E-2	0.000000E+0	1.317750E+5
1.408000E-2	0.000000E+0	1.326320E+5
1.410000E-2	0.000000E+0	1.322030E+5
1.412000E-2	0.000000E+0	1.318650E+5
1.414000E-2	0.000000E+0	1.317110E+5
1.416000E-2	0.000000E+0	1.328540E+5
1.418000E-2	0.000000E+0	1.323580E+5
1.420000E-2	0.000000E+0	1.326490E+5
1.422000E-2	0.000000E+0	1.320520E+5
1.424000E-2	0.000000E+0	1.318960E+5
1.426000E-2	0.000000E+0	1.323880E+5
1.428000E-2	0.000000E+0	1.324640E+5
1.430000E-2	0.000000E+0	1.322100E+5
1.432000E-2	0.000000E+0	1.326360E+5
1.434000E-2	0.000000E+0	1.319900E+5
1.436000E-2	0.000000E+0	1.321700E+5
1.438000E-2	0.000000E+0	1.321520E+5
1.440000E-2	0.000000E+0	1.319680E+5
1.442000E-2	0.000000E+0	1.325030E+5
1.444000E-2	0.000000E+0	1.326480E+5
1.446000E-2	0.000000E+0	1.323730E+5
1.448000E-2	0.000000E+0	1.318540E+5
1.450000E-2	0.000000E+0	1.322570E+5
1.452000E-2	0.000000E+0	1.325400E+5
1.454000E-2	0.000000E+0	1.322840E+5
1.456000E-2	0.000000E+0	1.320620E+5
1.458000E-2	0.000000E+0	1.317850E+5
1.460000E-2	0.000000E+0	1.318030E+5
1.462000E-2	0.000000E+0	1.328600E+5
1.464000E-2	0.000000E+0	1.324320E+5
1.466000E-2	0.000000E+0	1.320550E+5
1.468000E-2	0.000000E+0	1.324720E+5
1.470000E-2	0.000000E+0	1.317520E+5
1.472000E-2	0.000000E+0	1.320140E+5
1.474000E-2	0.000000E+0	1.322990E+5
1.476000E-2	0.000000E+0	1.318670E+5
1.478000E-2	0.000000E+0	1.326790E+5
1.480000E-2	0.000000E+0	1.323570E+5
1.482000E-2	0.000000E+0	1.322150E+5
1.484000E-2	0.000000E+0	1.320380E+5
1.486000E-2	0.000000E+0	1.323060E+5
1.488000E-2	0.000000E+0	1.318220E+5
1.490000E-2	0.000000E+0	1.321720E+5
1.492000E-2	0.000000E+0	1.321610E+5
1.494000E-2	0.000000E+0	1.325540E+5
1.496000E-2	0.000000E+0	1.324370E+5
1.498000E-2	0.000000E+0	1.324680E+5
1.500000E-2	0.000000E+0	1.323580E+5
1.502000E-2	0.000000E+0	1.324820E+5
1.504000E-2	0.000000E+0	1.331550E+5
1.506000E-2	0.000000E+0	1.320980E+5
1.508000E-2	0.000000E+0	1.324190E+5
1.510000E-2	0.000000E+0	1.324670E+5
1.512000E-2	0.000000E+0	1.325040E+5
1.514000E-2	0.000000E+0	1.314130E+5
1.516000E-2	0.000000E+0	1.323480E+5
1.518000E-2	0.000000E+0	1.325740E+5
1.520000E-2	0.000000E+0	1.318910E+5
1.522000E-2	0.000000E+0	1.322480E+5
1.524000E-2	0.000000E+0	1.327570E+5
1.526000E-2	0.000000E+0	1.317750E+5
1.528000E-2	0.000000E+0	1.326510E+5
1.530000E-2	0.000000E+0	1.325270E+5
1.532000E-2	0.000000E+0	1.324030E+5
1.534000E-2	0.000000E+0	1.321060E+5
1.536000E-2	0.000000E+0	1.320130E+5
1.538000E-2	0.000000E+0	1.321710E+5
1.540000E-2	0.000000E+0	1.320800E+5
1.542000E-2	0.000000E+0	1.318210E+5
1.544000E-2	0.000000E+0	1.322950E+5
1.546000E-2	0.000000E+0	1.314040E+5
1.548000E-2	0.000000E+0	1.319230E+5
1.550000E-2	0.000000E+0	1.323070E+5
1.552000E-2	0.000000E+0	1.321700E+5
1.554000E-2	0.000000E+0	1.320180E+5
1.556000E-2	0.000000E+0	1.327600E+5
1.558000E-2	0.000000E+0	1.323740E+5
1.560000E-2	0.000000E+0	1.321310E+5
1.562000E-2	0.000000E+0	1.316600E+5
1.564000E-2	0.000000E+0	1.317520E+5
1.566000E-2	0.000000E+0	1.321410E+5
1.568000E-2	0.000000E+0	1.319140E+5
1.570000E-2	0.000000E+0	1.322760E+5
1.572000E-2	0.000000E+0	1.322900E+5
1.574000E-2	0.000000E+0	1.323180E+5
1.576000E-2	0.000000E+0	1.318050E+5
1.578000E-2	0.000000E+0	1.318460E+5
1.580000E-2	0.000000E+0	1.327460E+5
1.582000E-2	0.000000E+0	1.323150E+5
1.584000E-2	0.000000E+0	1.318850E+5
1.586000E-2	0.000000E+0	1.319950E+5
1.588000E-2	0.000000E+0	1.318570E+5
1.590000E-2	0.000000E+0	1.321590E+5
1.592000E-2	0.000000E+0	1.316800E+5
1.594000E-2	0.000000E+0	1.320300E+5
1.596000E-2	0.000000E+0	1.318510E+5
1.598000E-2	0.000000E+0	1.318710E+5
1.600000E-2	0.000000E+0	1.320400E+5
1.602000E-2	0.000000E+0	1.321010E+5
1.604000E-2	0.000000E+0	1.322550E+5
1.606000E-2	0.000000E+0	1.323200E+5
1.608000E-2	0.000000E+0	1.322700E+5
1.610000E-2	0.000000E+0	1.322050E+5
1.612000E-2	0.000000E+0	1.313170E+5
1.614000E-2	0.000000E+0	1.324590E+5
1.616000E-2	0.000000E+0	1.325780E+5
1.618000E-2	0.000000E+0	1.311500E+5
1.620000E-2	0.000000E+0	1.317280E+5
1.622000E-2	0.000000E+0	1.315450E+5
1.624000E-2	0.000000E+0	1.323080E+5
1.626000E-2	0.000000E+0	1.314290E+5
1.628000E-2	0.000000E+0	1.318690E+5
1.630000E-2	0.000000E+0	1.319430E+5
1.632000E-2	0.000000E+0	1.320030E+5
1.634000E-2	0.000000E+0	1.321390E+5
1.636000E-2	0.000000E+0	1.316170E+5
1.638000E-2	0.000000E+0	1.320120E+5
1.640000E-2	0.000000E+0	1.316770E+5
1.642000E-2	0.000000E+0	1.318770E+5
1.644000E-2	0.000000E+0	1.322200E+5
1.646000E-2	0.000000E+0	1.311540E+5
1.648000E-2	0.000000E+0	1.326710E+5
1.650000E-2	0.000000E+0	1.322790E+5
1.652000E-2	0.000000E+0	1.320200E+5
1.654000E-2	0.000000E+0	1.313400E+5
1.656000E-2	0.000000E+0	1.315570E+5
1.658000E-2	0.000000E+0	1.322290E+5
1.660000E-2	0.000000E+0	1.312990E+5
1.662000E-2	0.000000E+0	1.316640E+5
1.664000E-2	0.000000E+0	1.323990E+5
1.666000E-2	0.000000E+0	1.320620E+5
1.668000E-2	0.000000E+0	1.316310E+5
1.670000E-2	0.000000E+0	1.315960E+5
1.672000E-2	0.000000E+0	1.319410E+5
1.674000E-2	0.000000E+0	1.310140E+5
1.676000E-2	0.000000E+0	1.314760E+5
1.678000E-2	0.000000E+0	1.319390E+5
1.680000E-2	0.000000E+0	1.319100E+5
1.682000E-2	0.000000E+0	1.314970E+5
1.684000E-2	0.000000E+0	1.310760E+5
1.686000E-2	0.000000E+0	1.311760E+5
1.688000E-2	0.000000E+0	1.310340E+5
1.690000E-2	0.000000E+0	1.303170E+5
1.692000E-2	0.000000E+0	1.308490E+5
1.694000E-2	0.000000E+0	1.306850E+5
1.696000E-2	0.000000E+0	1.299380E+5
1.698000E-2	0.000000E+0	1.298070E+5
1.700000E-2	0.000000E+0	1.295140E+5
1.702000E-2	0.000000E+0	1.289670E+5
1.704000E-2	0.000000E+0	1.278860E+5
1.706000E-2	0.000000E+0	1.268240E+5
1.708000E-2	0.000000E+0	1.262800E+5
1.710000E-2	0.000000E+0	1.231980E+5
1.712000E-2	0.000000E+0	1.206070E+5
1.714000E-2	0.000000E+0	1.148190E+5
1.716000E-2	0.000000E+0	1.066460E+5
1.718000E-2	0.000000E+0	9.744700E+4
1.720000E-2	0.000000E+0	8.782700E+4
1.722000E-2	0.000000E+0	8.095600E+4
1.724000E-2	0.000000E+0	7.844400E+4
1.726000E-2	0.000000E+0	8.124500E+4
1.728000E-2	0.000000E+0	8.821000E+4
1.730000E-2	0.000000E+0	9.761300E+4
1.732000E-2	0.000000E+0	1.062990E+5
1.734000E-2	0.000000E+0	1.141060E+5
1.736000E-2	0.000000E+0	1.194100E+5
1.738000E-2	0.000000E+0	1.230890E+5
1.740000E-2	0.000000E+0	1.257730E+5
1.742000E-2	0.000000E+0	1.272610E+5
1.744000E-2	0.000000E+0	1.282060E+5
1.746000E-2	0.000000E+0	1.288330E+5
1.748000E-2	0.000000E+0	1.294740E+5
1.750000E-2	0.000000E+0	1.295720E+5
1.752000E-2	0.000000E+0	1.298260E+5
1.754000E-2	0.000000E+0	1.313210E+5
1.756000E-2	0.000000E+0	1.301330E+5
1.758000E-2	0.000000E+0	1.306400E+5
1.760000E-2	0.000000E+0	1.313080E+5
1.762000E-2	0.000000E+0	1.309350E+5
1.764000E-2	0.000000E+0	1.311340E+5
1.766000E-2	0.000000E+0	1.314140E+5
1.768000E-2	0.000000E+0	1.316080E+5
1.770000E-2	0.000000E+0	1.317330E+5
1.772000E-2	0.000000E+0	1.318670E+5
1.774000E-2	0.000000E+0	1.312560E+5
1.776000E-2	0.000000E+0	1.314170E+5
1.778000E-2	0.000000E+0	1.314610E+5
1.780000E-2	0.000000E+0	1.316400E+5
1.782000E-2	0.000000E+0	1.319330E+5
1.784000E-2	0.000000E+0	1.321330E+5
1.786000E-2	0.000000E+0	1.322910E+5
1.788000E-2	0.000000E+0	1.320610E+5
1.790000E-2	0.000000E+0	1.314190E+5
1.792000E-2	0.000000E+0	1.322380E+5
1.794000E-2	0.000000E+0	1.320940E+5
1.796000E-2	0.000000E+0	1.322140E+5
1.798000E-2	0.000000E+0	1.318030E+5
1.800000E-2	0.000000E+0	1.319140E+5
1.802000E-2	0.000000E+0	1.316070E+5
1.804000E-2	0.000000E+0	1.320440E+5
1.806000E-2	0.000000E+0	1.320070E+5
1.808000E-2	0.000000E+0	1.317470E+5
1.810000E-2	0.000000E+0	1.322520E+5
1.812000E-2	0.000000E+0	1.322230E+5
1.814000E-2	0.000000E+0	1.316910E+5
1.816000E-2	0.000000E+0	1.319640E+5
1.818000E-2	0.000000E+0	1.316810E+5
1.820000E-2	0.000000E+0	1.322760E+5
1.822000E-2	0.000000E+0	1.313940E+5
1.824000E-2	0.000000E+0	1.316090E+5
1.826000E-2	0.000000E+0	1.316550E+5
1.828000E-2	0.000000E+0	1.323280E+5
1.830000E-2	0.000000E+0	1.318380E+5
1.832000E-2	0.000000E+0	1.322690E+5
1.834000E-2	0.000000E+0	1.322660E+5
1.836000E-2	0.000000E+0	1.314140E+5
1.838000E-2	0.000000E+0	1.324060E+5
1.840000E-2	0.000000E+0	1.326750E+5
1.842000E-2	0.000000E+0	1.323040E+5
1.844000E-2	0.000000E+0	1.325280E+5
1.846000E-2	0.000000E+0	1.323780E+5
1.848000E-2	0.000000E+0	1.314620E+5
1.850000E-2	0.000000E+0	1.320270E+5
1.852000E-2	0.000000E+0	1.317420E+5
1.854000E-2	0.000000E+0	1.318040E+5
1.856000E-2	0.000000E+0	1.322930E+5
1.858000E-2	0.000000E+0	1.315960E+5
1.860000E-2	0.000000E+0	1.320690E+5
1.862000E-2	0.000000E+0	1.322710E+5
1.864000E-2	0.000000E+0	1.331990E+5
1.866000E-2	0.000000E+0	1.312600E+5
1.868000E-2	0.000000E+0	1.324330E+5
1.870000E-2	0.000000E+0	1.320640E+5
1.872000E-2	0.000000E+0	1.320840E+5
1.874000E-2	0.000000E+0	1.321920E+5
1.876000E-2	0.000000E+0	1.315370E+5
1.878000E-2	0.000000E+0	1.316720E+5
1.880000E-2	0.000000E+0	1.318630E+5
1.882000E-2	0.000000E+0	1.322750E+5
1.884000E-2	0.000000E+0	1.319020E+5
1.886000E-2	0.000000E+0	1.324420E+5
1.888000E-2	0.000000E+0	1.319480E+5
1.890000E-2	0.000000E+0	1.320530E+5
1.892000E-2	0.000000E+0	1.317840E+5
1.894000E-2	0.000000E+0	1.321360E+5
1.896000E-2	0.000000E+0	1.321310E+5
1.898000E-2	0.000000E+0	1.329930E+5
1.900000E-2	0.000000E+0	1.319950E+5
1.902000E-2	0.000000E+0	1.316600E+5
1.904000E-2	0.000000E+0	1.321310E+5
1.906000E-2	0.000000E+0	1.321190E+5
1.908000E-2	0.000000E+0	1.324240E+5
1.910000E-2	0.000000E+0	1.313370E+5
1.912000E-2	0.000000E+0	1.320240E+5
1.914000E-2	0.000000E+0	1.327290E+5
1.916000E-2	0.000000E+0	1.319420E+5
1.918000E-2	0.000000E+0	1.321610E+5
1.920000E-2	0.000000E+0	1.316230E+5
1.922000E-2	0.000000E+0	1.318820E+5
1.924000E-2	0.000000E+0	1.330540E+5
1.926000E-2	0.000000E+0	1.321740E+5
1.928000E-2	0.000000E+0	1.323410E+5
1.930000E-2	0.000000E+0	1.321060E+5
1.932000E-2	0.000000E+0	1.326750E+5
1.934000E-2	0.000000E+0	1.325810E+5
1.936000E-2	0.000000E+0	1.319300E+5
1.938000E-2	0.000000E+0	1.323250E+5
1.940000E-2	0.000000E+0	1.318520E+5
1.942000E-2	0.000000E+0	1.322130E+5
1.944000E-2	0.000000E+0	1.322150E+5
1.946000E-2	0.000000E+0	1.321760E+5
1.948000E-2	0.000000E+0	1.321480E+5
1.950000E-2	0.000000E+0	1.324280E+5
1.952000E-2	0.000000E+0	1.320560E+5
1.954000E-2	0.000000E+0	1.322210E+5
1.956000E-2	0.000000E+0	1.322400E+5
1.958000E-2	0.000000E+0	1.321400E+5
1.960000E-2	0.000000E+0	1.316570E+5
1.962000E-2	0.000000E+0	1.320010E+5
1.964000E-2	0.000000E+0	1.323280E+5
1.966000E-2	0.000000E+0	1.320290E+5
1.968000E-2	0.000000E+0	1.322120E+5
1.970000E-2	0.000000E+0	1.326530E+5
1.972000E-2	0.000000E+0	1.317600E+5
1.974000E-2	0.000000E+0	1.318150E+5
1.976000E-2	0.000000E+0	1.317110E+5
1.978000E-2	0.000000E+0	1.320560E+5
1.980000E-2	0.000000E+0	1.322760E+5
1.982000E-2	0.000000E+0	1.324360E+5
1.984000E-2	0.000000E+0	1.319620E+5
1.986000E-2	0.000000E+0	1.325920E+5
1.988000E-2	0.000000E+0	1.326550E+5
1.990000E-2	0.000000E+0	1.326030E+5
1.992000E-2	0.000000E+0	1.325090E+5
1.994000E-2	0.000000E+0	1.325470E+5
1.996000E-2	0.000000E+0	1.323080E+5
1.998000E-2	0.000000E+0	1.321060E+5
