

live time:  136706.280000
real time:  158401.168000
sweeps:  6835314.000000
0.000000E+0	0.000000E+0	0.000000E+0
2.000000E-5	0.000000E+0	6.823100E+4
4.000000E-5	0.000000E+0	6.836200E+4
6.000000E-5	0.000000E+0	6.863800E+4
8.000000E-5	0.000000E+0	6.886400E+4
1.000000E-4	0.000000E+0	6.850200E+4
1.200000E-4	0.000000E+0	6.820500E+4
1.400000E-4	0.000000E+0	6.891300E+4
1.600000E-4	0.000000E+0	6.908900E+4
1.800000E-4	0.000000E+0	6.870700E+4
2.000000E-4	0.000000E+0	6.879700E+4
2.200000E-4	0.000000E+0	6.891100E+4
2.400000E-4	0.000000E+0	6.870300E+4
2.600000E-4	0.000000E+0	6.869500E+4
2.800000E-4	0.000000E+0	6.864900E+4
3.000000E-4	0.000000E+0	6.881200E+4
3.200000E-4	0.000000E+0	6.852400E+4
3.400000E-4	0.000000E+0	6.858900E+4
3.600000E-4	0.000000E+0	6.875900E+4
3.800000E-4	0.000000E+0	6.877700E+4
4.000000E-4	0.000000E+0	6.904000E+4
4.200000E-4	0.000000E+0	6.858100E+4
4.400000E-4	0.000000E+0	6.850100E+4
4.600000E-4	0.000000E+0	6.861400E+4
4.800000E-4	0.000000E+0	6.889300E+4
5.000000E-4	0.000000E+0	6.853400E+4
5.200000E-4	0.000000E+0	6.856000E+4
5.400000E-4	0.000000E+0	6.877300E+4
5.600000E-4	0.000000E+0	6.930400E+4
5.800000E-4	0.000000E+0	6.870100E+4
6.000000E-4	0.000000E+0	6.844500E+4
6.200000E-4	0.000000E+0	6.851000E+4
6.400000E-4	0.000000E+0	6.837100E+4
6.600000E-4	0.000000E+0	6.865700E+4
6.800000E-4	0.000000E+0	6.827200E+4
7.000000E-4	0.000000E+0	6.872300E+4
7.200000E-4	0.000000E+0	6.889100E+4
7.400000E-4	0.000000E+0	6.865800E+4
7.600000E-4	0.000000E+0	6.844000E+4
7.800000E-4	0.000000E+0	6.865300E+4
8.000000E-4	0.000000E+0	6.878400E+4
8.200000E-4	0.000000E+0	6.839900E+4
8.400000E-4	0.000000E+0	6.846300E+4
8.600000E-4	0.000000E+0	6.862100E+4
8.800000E-4	0.000000E+0	6.894900E+4
9.000000E-4	0.000000E+0	6.806100E+4
9.200000E-4	0.000000E+0	6.870800E+4
9.400000E-4	0.000000E+0	6.899100E+4
9.600000E-4	0.000000E+0	6.874900E+4
9.800000E-4	0.000000E+0	6.854000E+4
1.000000E-3	0.000000E+0	6.852200E+4
1.020000E-3	0.000000E+0	6.847400E+4
1.040000E-3	0.000000E+0	6.894500E+4
1.060000E-3	0.000000E+0	6.873600E+4
1.080000E-3	0.000000E+0	6.834200E+4
1.100000E-3	0.000000E+0	6.873500E+4
1.120000E-3	0.000000E+0	6.866400E+4
1.140000E-3	0.000000E+0	6.905000E+4
1.160000E-3	0.000000E+0	6.838900E+4
1.180000E-3	0.000000E+0	6.866400E+4
1.200000E-3	0.000000E+0	6.903400E+4
1.220000E-3	0.000000E+0	6.841400E+4
1.240000E-3	0.000000E+0	6.861400E+4
1.260000E-3	0.000000E+0	6.845900E+4
1.280000E-3	0.000000E+0	6.883500E+4
1.300000E-3	0.000000E+0	6.871600E+4
1.320000E-3	0.000000E+0	6.864900E+4
1.340000E-3	0.000000E+0	6.914300E+4
1.360000E-3	0.000000E+0	6.860700E+4
1.380000E-3	0.000000E+0	6.902300E+4
1.400000E-3	0.000000E+0	6.883400E+4
1.420000E-3	0.000000E+0	6.857300E+4
1.440000E-3	0.000000E+0	6.907000E+4
1.460000E-3	0.000000E+0	6.877000E+4
1.480000E-3	0.000000E+0	6.822400E+4
1.500000E-3	0.000000E+0	6.805200E+4
1.520000E-3	0.000000E+0	6.856700E+4
1.540000E-3	0.000000E+0	6.891900E+4
1.560000E-3	0.000000E+0	6.851500E+4
1.580000E-3	0.000000E+0	6.874100E+4
1.600000E-3	0.000000E+0	6.901300E+4
1.620000E-3	0.000000E+0	6.934400E+4
1.640000E-3	0.000000E+0	6.877400E+4
1.660000E-3	0.000000E+0	6.866800E+4
1.680000E-3	0.000000E+0	6.876600E+4
1.700000E-3	0.000000E+0	6.887700E+4
1.720000E-3	0.000000E+0	6.843800E+4
1.740000E-3	0.000000E+0	6.886800E+4
1.760000E-3	0.000000E+0	6.892800E+4
1.780000E-3	0.000000E+0	6.891500E+4
1.800000E-3	0.000000E+0	6.838300E+4
1.820000E-3	0.000000E+0	6.887200E+4
1.840000E-3	0.000000E+0	6.893200E+4
1.860000E-3	0.000000E+0	6.869100E+4
1.880000E-3	0.000000E+0	6.875800E+4
1.900000E-3	0.000000E+0	6.870300E+4
1.920000E-3	0.000000E+0	6.874200E+4
1.940000E-3	0.000000E+0	6.886500E+4
1.960000E-3	0.000000E+0	6.854500E+4
1.980000E-3	0.000000E+0	6.907300E+4
2.000000E-3	0.000000E+0	6.877800E+4
2.020000E-3	0.000000E+0	6.908700E+4
2.040000E-3	0.000000E+0	6.884000E+4
2.060000E-3	0.000000E+0	6.923300E+4
2.080000E-3	0.000000E+0	6.802000E+4
2.100000E-3	0.000000E+0	6.856700E+4
2.120000E-3	0.000000E+0	6.870900E+4
2.140000E-3	0.000000E+0	6.817300E+4
2.160000E-3	0.000000E+0	6.871900E+4
2.180000E-3	0.000000E+0	6.872100E+4
2.200000E-3	0.000000E+0	6.822000E+4
2.220000E-3	0.000000E+0	6.829800E+4
2.240000E-3	0.000000E+0	6.861500E+4
2.260000E-3	0.000000E+0	6.864500E+4
2.280000E-3	0.000000E+0	6.899400E+4
2.300000E-3	0.000000E+0	6.874000E+4
2.320000E-3	0.000000E+0	6.854400E+4
2.340000E-3	0.000000E+0	6.838300E+4
2.360000E-3	0.000000E+0	6.862600E+4
2.380000E-3	0.000000E+0	6.819100E+4
2.400000E-3	0.000000E+0	6.890100E+4
2.420000E-3	0.000000E+0	6.880900E+4
2.440000E-3	0.000000E+0	6.840200E+4
2.460000E-3	0.000000E+0	6.854600E+4
2.480000E-3	0.000000E+0	6.816600E+4
2.500000E-3	0.000000E+0	6.870600E+4
2.520000E-3	0.000000E+0	6.884900E+4
2.540000E-3	0.000000E+0	6.877100E+4
2.560000E-3	0.000000E+0	6.860100E+4
2.580000E-3	0.000000E+0	6.887800E+4
2.600000E-3	0.000000E+0	6.874400E+4
2.620000E-3	0.000000E+0	6.855100E+4
2.640000E-3	0.000000E+0	6.879600E+4
2.660000E-3	0.000000E+0	6.840300E+4
2.680000E-3	0.000000E+0	6.906700E+4
2.700000E-3	0.000000E+0	6.873400E+4
2.720000E-3	0.000000E+0	6.828500E+4
2.740000E-3	0.000000E+0	6.843100E+4
2.760000E-3	0.000000E+0	6.877300E+4
2.780000E-3	0.000000E+0	6.868600E+4
2.800000E-3	0.000000E+0	6.842600E+4
2.820000E-3	0.000000E+0	6.816500E+4
2.840000E-3	0.000000E+0	6.891000E+4
2.860000E-3	0.000000E+0	6.867200E+4
2.880000E-3	0.000000E+0	6.890300E+4
2.900000E-3	0.000000E+0	6.848900E+4
2.920000E-3	0.000000E+0	6.896200E+4
2.940000E-3	0.000000E+0	6.863500E+4
2.960000E-3	0.000000E+0	6.866900E+4
2.980000E-3	0.000000E+0	6.854900E+4
3.000000E-3	0.000000E+0	6.847900E+4
3.020000E-3	0.000000E+0	6.887500E+4
3.040000E-3	0.000000E+0	6.874200E+4
3.060000E-3	0.000000E+0	6.874800E+4
3.080000E-3	0.000000E+0	6.847100E+4
3.100000E-3	0.000000E+0	6.891100E+4
3.120000E-3	0.000000E+0	6.870000E+4
3.140000E-3	0.000000E+0	6.859700E+4
3.160000E-3	0.000000E+0	6.865800E+4
3.180000E-3	0.000000E+0	6.878400E+4
3.200000E-3	0.000000E+0	6.862900E+4
3.220000E-3	0.000000E+0	6.810800E+4
3.240000E-3	0.000000E+0	6.851500E+4
3.260000E-3	0.000000E+0	6.867900E+4
3.280000E-3	0.000000E+0	6.857600E+4
3.300000E-3	0.000000E+0	6.897800E+4
3.320000E-3	0.000000E+0	6.898600E+4
3.340000E-3	0.000000E+0	6.854200E+4
3.360000E-3	0.000000E+0	6.847900E+4
3.380000E-3	0.000000E+0	6.841300E+4
3.400000E-3	0.000000E+0	6.876800E+4
3.420000E-3	0.000000E+0	6.872900E+4
3.440000E-3	0.000000E+0	6.827700E+4
3.460000E-3	0.000000E+0	6.895900E+4
3.480000E-3	0.000000E+0	6.883300E+4
3.500000E-3	0.000000E+0	6.882900E+4
3.520000E-3	0.000000E+0	6.878900E+4
3.540000E-3	0.000000E+0	6.913600E+4
3.560000E-3	0.000000E+0	6.840400E+4
3.580000E-3	0.000000E+0	6.869300E+4
3.600000E-3	0.000000E+0	6.807300E+4
3.620000E-3	0.000000E+0	6.889500E+4
3.640000E-3	0.000000E+0	6.876400E+4
3.660000E-3	0.000000E+0	6.875900E+4
3.680000E-3	0.000000E+0	6.875700E+4
3.700000E-3	0.000000E+0	6.865800E+4
3.720000E-3	0.000000E+0	6.830100E+4
3.740000E-3	0.000000E+0	6.844800E+4
3.760000E-3	0.000000E+0	6.868300E+4
3.780000E-3	0.000000E+0	6.885700E+4
3.800000E-3	0.000000E+0	6.831400E+4
3.820000E-3	0.000000E+0	6.850400E+4
3.840000E-3	0.000000E+0	6.900400E+4
3.860000E-3	0.000000E+0	6.883700E+4
3.880000E-3	0.000000E+0	6.839900E+4
3.900000E-3	0.000000E+0	6.861300E+4
3.920000E-3	0.000000E+0	6.855700E+4
3.940000E-3	0.000000E+0	6.845000E+4
3.960000E-3	0.000000E+0	6.903400E+4
3.980000E-3	0.000000E+0	6.851100E+4
4.000000E-3	0.000000E+0	6.854500E+4
4.020000E-3	0.000000E+0	6.867500E+4
4.040000E-3	0.000000E+0	6.858400E+4
4.060000E-3	0.000000E+0	6.814900E+4
4.080000E-3	0.000000E+0	6.859200E+4
4.100000E-3	0.000000E+0	6.845900E+4
4.120000E-3	0.000000E+0	6.869000E+4
4.140000E-3	0.000000E+0	6.889200E+4
4.160000E-3	0.000000E+0	6.802400E+4
4.180000E-3	0.000000E+0	6.859400E+4
4.200000E-3	0.000000E+0	6.825100E+4
4.220000E-3	0.000000E+0	6.875700E+4
4.240000E-3	0.000000E+0	6.840200E+4
4.260000E-3	0.000000E+0	6.831800E+4
4.280000E-3	0.000000E+0	6.904500E+4
4.300000E-3	0.000000E+0	6.838700E+4
4.320000E-3	0.000000E+0	6.892600E+4
4.340000E-3	0.000000E+0	6.884000E+4
4.360000E-3	0.000000E+0	6.870800E+4
4.380000E-3	0.000000E+0	6.829700E+4
4.400000E-3	0.000000E+0	6.918700E+4
4.420000E-3	0.000000E+0	6.882900E+4
4.440000E-3	0.000000E+0	6.850400E+4
4.460000E-3	0.000000E+0	6.859200E+4
4.480000E-3	0.000000E+0	6.843500E+4
4.500000E-3	0.000000E+0	6.829300E+4
4.520000E-3	0.000000E+0	6.888800E+4
4.540000E-3	0.000000E+0	6.894700E+4
4.560000E-3	0.000000E+0	6.880700E+4
4.580000E-3	0.000000E+0	6.894500E+4
4.600000E-3	0.000000E+0	6.903600E+4
4.620000E-3	0.000000E+0	6.843200E+4
4.640000E-3	0.000000E+0	6.881000E+4
4.660000E-3	0.000000E+0	6.863200E+4
4.680000E-3	0.000000E+0	6.852700E+4
4.700000E-3	0.000000E+0	6.856300E+4
4.720000E-3	0.000000E+0	6.878200E+4
4.740000E-3	0.000000E+0	6.839200E+4
4.760000E-3	0.000000E+0	6.831300E+4
4.780000E-3	0.000000E+0	6.840300E+4
4.800000E-3	0.000000E+0	6.903400E+4
4.820000E-3	0.000000E+0	6.866900E+4
4.840000E-3	0.000000E+0	6.866200E+4
4.860000E-3	0.000000E+0	6.876400E+4
4.880000E-3	0.000000E+0	6.868700E+4
4.900000E-3	0.000000E+0	6.887200E+4
4.920000E-3	0.000000E+0	6.845500E+4
4.940000E-3	0.000000E+0	6.922300E+4
4.960000E-3	0.000000E+0	6.873300E+4
4.980000E-3	0.000000E+0	6.823000E+4
5.000000E-3	0.000000E+0	6.785200E+4
5.020000E-3	0.000000E+0	6.861400E+4
5.040000E-3	0.000000E+0	6.875300E+4
5.060000E-3	0.000000E+0	6.916700E+4
5.080000E-3	0.000000E+0	6.870500E+4
5.100000E-3	0.000000E+0	6.894700E+4
5.120000E-3	0.000000E+0	6.894600E+4
5.140000E-3	0.000000E+0	6.861400E+4
5.160000E-3	0.000000E+0	6.892400E+4
5.180000E-3	0.000000E+0	6.855900E+4
5.200000E-3	0.000000E+0	6.834600E+4
5.220000E-3	0.000000E+0	6.860000E+4
5.240000E-3	0.000000E+0	6.830600E+4
5.260000E-3	0.000000E+0	6.871200E+4
5.280000E-3	0.000000E+0	6.804500E+4
5.300000E-3	0.000000E+0	6.816600E+4
5.320000E-3	0.000000E+0	6.806600E+4
5.340000E-3	0.000000E+0	6.802700E+4
5.360000E-3	0.000000E+0	6.825500E+4
5.380000E-3	0.000000E+0	6.831600E+4
5.400000E-3	0.000000E+0	6.827200E+4
5.420000E-3	0.000000E+0	6.809700E+4
5.440000E-3	0.000000E+0	6.794200E+4
5.460000E-3	0.000000E+0	6.823600E+4
5.480000E-3	0.000000E+0	6.756300E+4
5.500000E-3	0.000000E+0	6.774800E+4
5.520000E-3	0.000000E+0	6.823300E+4
5.540000E-3	0.000000E+0	6.783400E+4
5.560000E-3	0.000000E+0	6.792500E+4
5.580000E-3	0.000000E+0	6.768400E+4
5.600000E-3	0.000000E+0	6.786900E+4
5.620000E-3	0.000000E+0	6.665300E+4
5.640000E-3	0.000000E+0	6.669200E+4
5.660000E-3	0.000000E+0	6.588500E+4
5.680000E-3	0.000000E+0	6.446300E+4
5.700000E-3	0.000000E+0	6.379600E+4
5.720000E-3	0.000000E+0	6.134800E+4
5.740000E-3	0.000000E+0	5.860500E+4
5.760000E-3	0.000000E+0	5.449800E+4
5.780000E-3	0.000000E+0	4.984300E+4
5.800000E-3	0.000000E+0	4.499200E+4
5.820000E-3	0.000000E+0	4.191100E+4
5.840000E-3	0.000000E+0	4.125300E+4
5.860000E-3	0.000000E+0	4.262400E+4
5.880000E-3	0.000000E+0	4.639500E+4
5.900000E-3	0.000000E+0	5.151500E+4
5.920000E-3	0.000000E+0	5.606100E+4
5.940000E-3	0.000000E+0	6.053900E+4
5.960000E-3	0.000000E+0	6.285600E+4
5.980000E-3	0.000000E+0	6.467100E+4
6.000000E-3	0.000000E+0	6.591000E+4
6.020000E-3	0.000000E+0	6.622400E+4
6.040000E-3	0.000000E+0	6.685900E+4
6.060000E-3	0.000000E+0	6.727800E+4
6.080000E-3	0.000000E+0	6.747500E+4
6.100000E-3	0.000000E+0	6.759400E+4
6.120000E-3	0.000000E+0	6.778200E+4
6.140000E-3	0.000000E+0	6.786200E+4
6.160000E-3	0.000000E+0	6.741800E+4
6.180000E-3	0.000000E+0	6.796700E+4
6.200000E-3	0.000000E+0	6.816600E+4
6.220000E-3	0.000000E+0	6.763000E+4
6.240000E-3	0.000000E+0	6.814900E+4
6.260000E-3	0.000000E+0	6.812100E+4
6.280000E-3	0.000000E+0	6.843800E+4
6.300000E-3	0.000000E+0	6.835200E+4
6.320000E-3	0.000000E+0	6.809200E+4
6.340000E-3	0.000000E+0	6.862100E+4
6.360000E-3	0.000000E+0	6.856100E+4
6.380000E-3	0.000000E+0	6.858800E+4
6.400000E-3	0.000000E+0	6.845000E+4
6.420000E-3	0.000000E+0	6.893200E+4
6.440000E-3	0.000000E+0	6.820500E+4
6.460000E-3	0.000000E+0	6.826200E+4
6.480000E-3	0.000000E+0	6.876100E+4
6.500000E-3	0.000000E+0	6.844700E+4
6.520000E-3	0.000000E+0	6.872500E+4
6.540000E-3	0.000000E+0	6.867400E+4
6.560000E-3	0.000000E+0	6.862600E+4
6.580000E-3	0.000000E+0	6.856600E+4
6.600000E-3	0.000000E+0	6.854500E+4
6.620000E-3	0.000000E+0	6.859100E+4
6.640000E-3	0.000000E+0	6.874100E+4
6.660000E-3	0.000000E+0	6.885800E+4
6.680000E-3	0.000000E+0	6.862400E+4
6.700000E-3	0.000000E+0	6.838100E+4
6.720000E-3	0.000000E+0	6.841500E+4
6.740000E-3	0.000000E+0	6.848900E+4
6.760000E-3	0.000000E+0	6.840000E+4
6.780000E-3	0.000000E+0	6.857800E+4
6.800000E-3	0.000000E+0	6.821700E+4
6.820000E-3	0.000000E+0	6.856800E+4
6.840000E-3	0.000000E+0	6.833400E+4
6.860000E-3	0.000000E+0	6.920300E+4
6.880000E-3	0.000000E+0	6.861900E+4
6.900000E-3	0.000000E+0	6.842400E+4
6.920000E-3	0.000000E+0	6.883900E+4
6.940000E-3	0.000000E+0	6.877600E+4
6.960000E-3	0.000000E+0	6.789400E+4
6.980000E-3	0.000000E+0	6.860500E+4
7.000000E-3	0.000000E+0	6.869600E+4
7.020000E-3	0.000000E+0	6.887400E+4
7.040000E-3	0.000000E+0	6.838500E+4
7.060000E-3	0.000000E+0	6.870800E+4
7.080000E-3	0.000000E+0	6.883900E+4
7.100000E-3	0.000000E+0	6.806000E+4
7.120000E-3	0.000000E+0	6.870000E+4
7.140000E-3	0.000000E+0	6.897900E+4
7.160000E-3	0.000000E+0	6.865100E+4
7.180000E-3	0.000000E+0	6.904400E+4
7.200000E-3	0.000000E+0	6.856500E+4
7.220000E-3	0.000000E+0	6.864400E+4
7.240000E-3	0.000000E+0	6.875200E+4
7.260000E-3	0.000000E+0	6.908600E+4
7.280000E-3	0.000000E+0	6.894500E+4
7.300000E-3	0.000000E+0	6.864700E+4
7.320000E-3	0.000000E+0	6.851000E+4
7.340000E-3	0.000000E+0	6.891600E+4
7.360000E-3	0.000000E+0	6.864300E+4
7.380000E-3	0.000000E+0	6.875100E+4
7.400000E-3	0.000000E+0	6.856400E+4
7.420000E-3	0.000000E+0	6.872200E+4
7.440000E-3	0.000000E+0	6.896200E+4
7.460000E-3	0.000000E+0	6.809300E+4
7.480000E-3	0.000000E+0	6.854900E+4
7.500000E-3	0.000000E+0	6.825600E+4
7.520000E-3	0.000000E+0	6.885500E+4
7.540000E-3	0.000000E+0	6.877200E+4
7.560000E-3	0.000000E+0	6.912100E+4
7.580000E-3	0.000000E+0	6.843800E+4
7.600000E-3	0.000000E+0	6.843000E+4
7.620000E-3	0.000000E+0	6.895000E+4
7.640000E-3	0.000000E+0	6.854400E+4
7.660000E-3	0.000000E+0	6.890500E+4
7.680000E-3	0.000000E+0	6.907700E+4
7.700000E-3	0.000000E+0	6.902100E+4
7.720000E-3	0.000000E+0	6.863600E+4
7.740000E-3	0.000000E+0	6.840300E+4
7.760000E-3	0.000000E+0	6.878800E+4
7.780000E-3	0.000000E+0	6.845400E+4
7.800000E-3	0.000000E+0	6.878300E+4
7.820000E-3	0.000000E+0	6.887600E+4
7.840000E-3	0.000000E+0	6.851100E+4
7.860000E-3	0.000000E+0	6.862500E+4
7.880000E-3	0.000000E+0	6.873000E+4
7.900000E-3	0.000000E+0	6.906800E+4
7.920000E-3	0.000000E+0	6.868600E+4
7.940000E-3	0.000000E+0	6.876200E+4
7.960000E-3	0.000000E+0	6.873800E+4
7.980000E-3	0.000000E+0	6.824900E+4
8.000000E-3	0.000000E+0	6.836900E+4
8.020000E-3	0.000000E+0	6.862500E+4
8.040000E-3	0.000000E+0	6.815500E+4
8.060000E-3	0.000000E+0	6.850800E+4
8.080000E-3	0.000000E+0	6.942900E+4
8.100000E-3	0.000000E+0	6.838400E+4
8.120000E-3	0.000000E+0	6.857600E+4
8.140000E-3	0.000000E+0	6.878700E+4
8.160000E-3	0.000000E+0	6.844700E+4
8.180000E-3	0.000000E+0	6.858100E+4
8.200000E-3	0.000000E+0	6.874300E+4
8.220000E-3	0.000000E+0	6.848400E+4
8.240000E-3	0.000000E+0	6.897000E+4
8.260000E-3	0.000000E+0	6.821300E+4
8.280000E-3	0.000000E+0	6.892300E+4
8.300000E-3	0.000000E+0	6.897300E+4
8.320000E-3	0.000000E+0	6.866300E+4
8.340000E-3	0.000000E+0	6.876100E+4
8.360000E-3	0.000000E+0	6.835600E+4
8.380000E-3	0.000000E+0	6.892000E+4
8.400000E-3	0.000000E+0	6.849900E+4
8.420000E-3	0.000000E+0	6.853900E+4
8.440000E-3	0.000000E+0	6.929300E+4
8.460000E-3	0.000000E+0	6.874300E+4
8.480000E-3	0.000000E+0	6.878400E+4
8.500000E-3	0.000000E+0	6.893200E+4
8.520000E-3	0.000000E+0	6.854500E+4
8.540000E-3	0.000000E+0	6.883200E+4
8.560000E-3	0.000000E+0	6.878600E+4
8.580000E-3	0.000000E+0	6.850700E+4
8.600000E-3	0.000000E+0	6.882700E+4
8.620000E-3	0.000000E+0	6.870900E+4
8.640000E-3	0.000000E+0	6.890300E+4
8.660000E-3	0.000000E+0	6.844300E+4
8.680000E-3	0.000000E+0	6.895500E+4
8.700000E-3	0.000000E+0	6.864300E+4
8.720000E-3	0.000000E+0	6.854200E+4
8.740000E-3	0.000000E+0	6.881300E+4
8.760000E-3	0.000000E+0	6.914100E+4
8.780000E-3	0.000000E+0	6.850000E+4
8.800000E-3	0.000000E+0	6.864600E+4
8.820000E-3	0.000000E+0	6.867400E+4
8.840000E-3	0.000000E+0	6.853400E+4
8.860000E-3	0.000000E+0	6.862300E+4
8.880000E-3	0.000000E+0	6.856700E+4
8.900000E-3	0.000000E+0	6.912500E+4
8.920000E-3	0.000000E+0	6.862900E+4
8.940000E-3	0.000000E+0	6.858400E+4
8.960000E-3	0.000000E+0	6.836800E+4
8.980000E-3	0.000000E+0	6.820000E+4
9.000000E-3	0.000000E+0	6.849800E+4
9.020000E-3	0.000000E+0	6.861200E+4
9.040000E-3	0.000000E+0	6.889800E+4
9.060000E-3	0.000000E+0	6.875200E+4
9.080000E-3	0.000000E+0	6.874500E+4
9.100000E-3	0.000000E+0	6.841700E+4
9.120000E-3	0.000000E+0	6.909400E+4
9.140000E-3	0.000000E+0	6.899400E+4
9.160000E-3	0.000000E+0	6.818400E+4
9.180000E-3	0.000000E+0	6.866300E+4
9.200000E-3	0.000000E+0	6.873700E+4
9.220000E-3	0.000000E+0	6.861500E+4
9.240000E-3	0.000000E+0	6.861700E+4
9.260000E-3	0.000000E+0	6.869400E+4
9.280000E-3	0.000000E+0	6.871800E+4
9.300000E-3	0.000000E+0	6.863700E+4
9.320000E-3	0.000000E+0	6.831000E+4
9.340000E-3	0.000000E+0	6.873500E+4
9.360000E-3	0.000000E+0	6.856400E+4
9.380000E-3	0.000000E+0	6.895100E+4
9.400000E-3	0.000000E+0	6.858000E+4
9.420000E-3	0.000000E+0	6.839300E+4
9.440000E-3	0.000000E+0	6.861700E+4
9.460000E-3	0.000000E+0	6.895900E+4
9.480000E-3	0.000000E+0	6.850200E+4
9.500000E-3	0.000000E+0	6.911000E+4
9.520000E-3	0.000000E+0	6.887900E+4
9.540000E-3	0.000000E+0	6.842800E+4
9.560000E-3	0.000000E+0	6.881100E+4
9.580000E-3	0.000000E+0	6.878700E+4
9.600000E-3	0.000000E+0	6.855200E+4
9.620000E-3	0.000000E+0	6.870700E+4
9.640000E-3	0.000000E+0	6.883700E+4
9.660000E-3	0.000000E+0	6.880100E+4
9.680000E-3	0.000000E+0	6.837600E+4
9.700000E-3	0.000000E+0	6.846800E+4
9.720000E-3	0.000000E+0	6.879800E+4
9.740000E-3	0.000000E+0	6.882000E+4
9.760000E-3	0.000000E+0	6.843000E+4
9.780000E-3	0.000000E+0	6.843300E+4
9.800000E-3	0.000000E+0	6.870300E+4
9.820000E-3	0.000000E+0	6.840900E+4
9.840000E-3	0.000000E+0	6.876400E+4
9.860000E-3	0.000000E+0	6.891300E+4
9.880000E-3	0.000000E+0	6.912900E+4
9.900000E-3	0.000000E+0	6.863400E+4
9.920000E-3	0.000000E+0	6.901800E+4
9.940000E-3	0.000000E+0	6.847300E+4
9.960000E-3	0.000000E+0	6.835600E+4
9.980000E-3	0.000000E+0	6.840800E+4
1.000000E-2	0.000000E+0	6.870000E+4
1.002000E-2	0.000000E+0	6.835900E+4
1.004000E-2	0.000000E+0	6.865600E+4
1.006000E-2	0.000000E+0	6.863000E+4
1.008000E-2	0.000000E+0	6.866900E+4
1.010000E-2	0.000000E+0	6.870500E+4
1.012000E-2	0.000000E+0	6.892000E+4
1.014000E-2	0.000000E+0	6.910100E+4
1.016000E-2	0.000000E+0	6.907800E+4
1.018000E-2	0.000000E+0	6.896300E+4
1.020000E-2	0.000000E+0	6.927700E+4
1.022000E-2	0.000000E+0	6.884500E+4
1.024000E-2	0.000000E+0	6.882900E+4
1.026000E-2	0.000000E+0	6.837300E+4
1.028000E-2	0.000000E+0	6.877400E+4
1.030000E-2	0.000000E+0	6.858900E+4
1.032000E-2	0.000000E+0	6.858200E+4
1.034000E-2	0.000000E+0	6.875900E+4
1.036000E-2	0.000000E+0	6.875200E+4
1.038000E-2	0.000000E+0	6.883800E+4
1.040000E-2	0.000000E+0	6.876400E+4
1.042000E-2	0.000000E+0	6.863400E+4
1.044000E-2	0.000000E+0	6.911100E+4
1.046000E-2	0.000000E+0	6.863100E+4
1.048000E-2	0.000000E+0	6.891900E+4
1.050000E-2	0.000000E+0	6.852300E+4
1.052000E-2	0.000000E+0	6.865800E+4
1.054000E-2	0.000000E+0	6.880100E+4
1.056000E-2	0.000000E+0	6.897400E+4
1.058000E-2	0.000000E+0	6.885100E+4
1.060000E-2	0.000000E+0	6.789600E+4
1.062000E-2	0.000000E+0	6.835500E+4
1.064000E-2	0.000000E+0	6.871100E+4
1.066000E-2	0.000000E+0	6.870500E+4
1.068000E-2	0.000000E+0	6.840200E+4
1.070000E-2	0.000000E+0	6.837100E+4
1.072000E-2	0.000000E+0	6.868300E+4
1.074000E-2	0.000000E+0	6.870000E+4
1.076000E-2	0.000000E+0	6.875200E+4
1.078000E-2	0.000000E+0	6.862500E+4
1.080000E-2	0.000000E+0	6.851200E+4
1.082000E-2	0.000000E+0	6.853100E+4
1.084000E-2	0.000000E+0	6.836300E+4
1.086000E-2	0.000000E+0	6.825200E+4
1.088000E-2	0.000000E+0	6.887100E+4
1.090000E-2	0.000000E+0	6.903700E+4
1.092000E-2	0.000000E+0	6.861400E+4
1.094000E-2	0.000000E+0	6.859400E+4
1.096000E-2	0.000000E+0	6.896500E+4
1.098000E-2	0.000000E+0	6.872000E+4
1.100000E-2	0.000000E+0	6.876200E+4
1.102000E-2	0.000000E+0	6.834300E+4
1.104000E-2	0.000000E+0	6.890100E+4
1.106000E-2	0.000000E+0	6.846900E+4
1.108000E-2	0.000000E+0	6.897700E+4
1.110000E-2	0.000000E+0	6.865600E+4
1.112000E-2	0.000000E+0	6.843800E+4
1.114000E-2	0.000000E+0	6.834400E+4
1.116000E-2	0.000000E+0	6.838500E+4
1.118000E-2	0.000000E+0	6.872100E+4
1.120000E-2	0.000000E+0	6.795800E+4
1.122000E-2	0.000000E+0	6.827300E+4
1.124000E-2	0.000000E+0	6.912800E+4
1.126000E-2	0.000000E+0	6.892600E+4
1.128000E-2	0.000000E+0	6.917800E+4
1.130000E-2	0.000000E+0	6.832300E+4
1.132000E-2	0.000000E+0	6.907300E+4
1.134000E-2	0.000000E+0	6.867200E+4
1.136000E-2	0.000000E+0	6.849300E+4
1.138000E-2	0.000000E+0	6.831600E+4
1.140000E-2	0.000000E+0	6.836100E+4
1.142000E-2	0.000000E+0	6.871100E+4
1.144000E-2	0.000000E+0	6.870800E+4
1.146000E-2	0.000000E+0	6.887000E+4
1.148000E-2	0.000000E+0	6.832200E+4
1.150000E-2	0.000000E+0	6.885300E+4
1.152000E-2	0.000000E+0	6.841300E+4
1.154000E-2	0.000000E+0	6.870400E+4
1.156000E-2	0.000000E+0	6.851200E+4
1.158000E-2	0.000000E+0	6.868600E+4
1.160000E-2	0.000000E+0	6.861300E+4
1.162000E-2	0.000000E+0	6.880000E+4
1.164000E-2	0.000000E+0	6.855600E+4
1.166000E-2	0.000000E+0	6.822900E+4
1.168000E-2	0.000000E+0	6.890800E+4
1.170000E-2	0.000000E+0	6.891700E+4
1.172000E-2	0.000000E+0	6.847900E+4
1.174000E-2	0.000000E+0	6.860000E+4
1.176000E-2	0.000000E+0	6.848700E+4
1.178000E-2	0.000000E+0	6.860700E+4
1.180000E-2	0.000000E+0	6.867900E+4
1.182000E-2	0.000000E+0	6.913500E+4
1.184000E-2	0.000000E+0	6.851800E+4
1.186000E-2	0.000000E+0	6.843400E+4
1.188000E-2	0.000000E+0	6.821900E+4
1.190000E-2	0.000000E+0	6.885900E+4
1.192000E-2	0.000000E+0	6.837500E+4
1.194000E-2	0.000000E+0	6.877200E+4
1.196000E-2	0.000000E+0	6.820200E+4
1.198000E-2	0.000000E+0	6.842200E+4
1.200000E-2	0.000000E+0	6.845900E+4
1.202000E-2	0.000000E+0	6.872500E+4
1.204000E-2	0.000000E+0	6.832200E+4
1.206000E-2	0.000000E+0	6.899100E+4
1.208000E-2	0.000000E+0	6.873200E+4
1.210000E-2	0.000000E+0	6.860600E+4
1.212000E-2	0.000000E+0	6.840800E+4
1.214000E-2	0.000000E+0	6.847000E+4
1.216000E-2	0.000000E+0	6.848500E+4
1.218000E-2	0.000000E+0	6.819700E+4
1.220000E-2	0.000000E+0	6.867000E+4
1.222000E-2	0.000000E+0	6.864000E+4
1.224000E-2	0.000000E+0	6.864400E+4
1.226000E-2	0.000000E+0	6.819300E+4
1.228000E-2	0.000000E+0	6.835400E+4
1.230000E-2	0.000000E+0	6.841900E+4
1.232000E-2	0.000000E+0	6.875900E+4
1.234000E-2	0.000000E+0	6.886600E+4
1.236000E-2	0.000000E+0	6.850000E+4
1.238000E-2	0.000000E+0	6.861100E+4
1.240000E-2	0.000000E+0	6.821200E+4
1.242000E-2	0.000000E+0	6.859900E+4
1.244000E-2	0.000000E+0	6.871800E+4
1.246000E-2	0.000000E+0	6.789600E+4
1.248000E-2	0.000000E+0	6.855900E+4
1.250000E-2	0.000000E+0	6.878200E+4
1.252000E-2	0.000000E+0	6.852500E+4
1.254000E-2	0.000000E+0	6.828200E+4
1.256000E-2	0.000000E+0	6.868800E+4
1.258000E-2	0.000000E+0	6.887700E+4
1.260000E-2	0.000000E+0	6.880900E+4
1.262000E-2	0.000000E+0	6.817100E+4
1.264000E-2	0.000000E+0	6.824600E+4
1.266000E-2	0.000000E+0	6.824800E+4
1.268000E-2	0.000000E+0	6.857300E+4
1.270000E-2	0.000000E+0	6.861600E+4
1.272000E-2	0.000000E+0	6.847300E+4
1.274000E-2	0.000000E+0	6.853300E+4
1.276000E-2	0.000000E+0	6.889600E+4
1.278000E-2	0.000000E+0	6.858600E+4
1.280000E-2	0.000000E+0	6.874900E+4
1.282000E-2	0.000000E+0	6.839800E+4
1.284000E-2	0.000000E+0	6.869000E+4
1.286000E-2	0.000000E+0	6.886100E+4
1.288000E-2	0.000000E+0	6.889800E+4
1.290000E-2	0.000000E+0	6.805600E+4
1.292000E-2	0.000000E+0	6.857900E+4
1.294000E-2	0.000000E+0	6.838700E+4
1.296000E-2	0.000000E+0	6.855900E+4
1.298000E-2	0.000000E+0	6.854800E+4
1.300000E-2	0.000000E+0	6.830800E+4
1.302000E-2	0.000000E+0	6.879400E+4
1.304000E-2	0.000000E+0	6.885600E+4
1.306000E-2	0.000000E+0	6.841800E+4
1.308000E-2	0.000000E+0	6.920800E+4
1.310000E-2	0.000000E+0	6.886200E+4
1.312000E-2	0.000000E+0	6.841300E+4
1.314000E-2	0.000000E+0	6.840300E+4
1.316000E-2	0.000000E+0	6.897800E+4
1.318000E-2	0.000000E+0	6.863700E+4
1.320000E-2	0.000000E+0	6.854000E+4
1.322000E-2	0.000000E+0	6.844000E+4
1.324000E-2	0.000000E+0	6.831600E+4
1.326000E-2	0.000000E+0	6.865500E+4
1.328000E-2	0.000000E+0	6.897100E+4
1.330000E-2	0.000000E+0	6.893900E+4
1.332000E-2	0.000000E+0	6.888300E+4
1.334000E-2	0.000000E+0	6.865000E+4
1.336000E-2	0.000000E+0	6.878300E+4
1.338000E-2	0.000000E+0	6.853300E+4
1.340000E-2	0.000000E+0	6.885500E+4
1.342000E-2	0.000000E+0	6.895900E+4
1.344000E-2	0.000000E+0	6.877400E+4
1.346000E-2	0.000000E+0	6.884200E+4
1.348000E-2	0.000000E+0	6.894500E+4
1.350000E-2	0.000000E+0	6.874000E+4
1.352000E-2	0.000000E+0	6.838400E+4
1.354000E-2	0.000000E+0	6.876900E+4
1.356000E-2	0.000000E+0	6.860800E+4
1.358000E-2	0.000000E+0	6.797100E+4
1.360000E-2	0.000000E+0	6.858300E+4
1.362000E-2	0.000000E+0	6.842200E+4
1.364000E-2	0.000000E+0	6.862300E+4
1.366000E-2	0.000000E+0	6.842400E+4
1.368000E-2	0.000000E+0	6.889700E+4
1.370000E-2	0.000000E+0	6.885200E+4
1.372000E-2	0.000000E+0	6.843300E+4
1.374000E-2	0.000000E+0	6.844300E+4
1.376000E-2	0.000000E+0	6.905900E+4
1.378000E-2	0.000000E+0	6.923200E+4
1.380000E-2	0.000000E+0	6.810900E+4
1.382000E-2	0.000000E+0	6.806500E+4
1.384000E-2	0.000000E+0	6.817700E+4
1.386000E-2	0.000000E+0	6.913800E+4
1.388000E-2	0.000000E+0	6.858700E+4
1.390000E-2	0.000000E+0	6.871600E+4
1.392000E-2	0.000000E+0	6.834300E+4
1.394000E-2	0.000000E+0	6.911800E+4
1.396000E-2	0.000000E+0	6.827600E+4
1.398000E-2	0.000000E+0	6.900300E+4
1.400000E-2	0.000000E+0	6.856700E+4
1.402000E-2	0.000000E+0	6.870100E+4
1.404000E-2	0.000000E+0	6.908500E+4
1.406000E-2	0.000000E+0	6.863100E+4
1.408000E-2	0.000000E+0	6.861200E+4
1.410000E-2	0.000000E+0	6.854700E+4
1.412000E-2	0.000000E+0	6.813900E+4
1.414000E-2	0.000000E+0	6.854800E+4
1.416000E-2	0.000000E+0	6.862800E+4
1.418000E-2	0.000000E+0	6.852200E+4
1.420000E-2	0.000000E+0	6.853700E+4
1.422000E-2	0.000000E+0	6.863600E+4
1.424000E-2	0.000000E+0	6.836800E+4
1.426000E-2	0.000000E+0	6.888900E+4
1.428000E-2	0.000000E+0	6.890500E+4
1.430000E-2	0.000000E+0	6.865500E+4
1.432000E-2	0.000000E+0	6.918700E+4
1.434000E-2	0.000000E+0	6.851600E+4
1.436000E-2	0.000000E+0	6.858200E+4
1.438000E-2	0.000000E+0	6.842900E+4
1.440000E-2	0.000000E+0	6.888100E+4
1.442000E-2	0.000000E+0	6.880000E+4
1.444000E-2	0.000000E+0	6.913900E+4
1.446000E-2	0.000000E+0	6.851800E+4
1.448000E-2	0.000000E+0	6.834500E+4
1.450000E-2	0.000000E+0	6.834000E+4
1.452000E-2	0.000000E+0	6.858100E+4
1.454000E-2	0.000000E+0	6.845700E+4
1.456000E-2	0.000000E+0	6.869800E+4
1.458000E-2	0.000000E+0	6.840500E+4
1.460000E-2	0.000000E+0	6.832800E+4
1.462000E-2	0.000000E+0	6.886500E+4
1.464000E-2	0.000000E+0	6.868100E+4
1.466000E-2	0.000000E+0	6.845100E+4
1.468000E-2	0.000000E+0	6.867600E+4
1.470000E-2	0.000000E+0	6.790100E+4
1.472000E-2	0.000000E+0	6.842400E+4
1.474000E-2	0.000000E+0	6.892300E+4
1.476000E-2	0.000000E+0	6.853400E+4
1.478000E-2	0.000000E+0	6.898700E+4
1.480000E-2	0.000000E+0	6.869400E+4
1.482000E-2	0.000000E+0	6.838500E+4
1.484000E-2	0.000000E+0	6.859200E+4
1.486000E-2	0.000000E+0	6.868000E+4
1.488000E-2	0.000000E+0	6.808900E+4
1.490000E-2	0.000000E+0	6.857000E+4
1.492000E-2	0.000000E+0	6.894100E+4
1.494000E-2	0.000000E+0	6.873500E+4
1.496000E-2	0.000000E+0	6.875300E+4
1.498000E-2	0.000000E+0	6.875200E+4
1.500000E-2	0.000000E+0	6.887900E+4
1.502000E-2	0.000000E+0	6.852200E+4
1.504000E-2	0.000000E+0	6.914300E+4
1.506000E-2	0.000000E+0	6.840600E+4
1.508000E-2	0.000000E+0	6.861400E+4
1.510000E-2	0.000000E+0	6.879700E+4
1.512000E-2	0.000000E+0	6.852700E+4
1.514000E-2	0.000000E+0	6.825100E+4
1.516000E-2	0.000000E+0	6.866500E+4
1.518000E-2	0.000000E+0	6.849500E+4
1.520000E-2	0.000000E+0	6.814600E+4
1.522000E-2	0.000000E+0	6.862000E+4
1.524000E-2	0.000000E+0	6.851300E+4
1.526000E-2	0.000000E+0	6.808600E+4
1.528000E-2	0.000000E+0	6.895100E+4
1.530000E-2	0.000000E+0	6.928900E+4
1.532000E-2	0.000000E+0	6.883000E+4
1.534000E-2	0.000000E+0	6.868600E+4
1.536000E-2	0.000000E+0	6.843300E+4
1.538000E-2	0.000000E+0	6.871200E+4
1.540000E-2	0.000000E+0	6.869200E+4
1.542000E-2	0.000000E+0	6.833200E+4
1.544000E-2	0.000000E+0	6.847500E+4
1.546000E-2	0.000000E+0	6.796400E+4
1.548000E-2	0.000000E+0	6.846400E+4
1.550000E-2	0.000000E+0	6.866600E+4
1.552000E-2	0.000000E+0	6.849700E+4
1.554000E-2	0.000000E+0	6.841900E+4
1.556000E-2	0.000000E+0	6.881800E+4
1.558000E-2	0.000000E+0	6.905100E+4
1.560000E-2	0.000000E+0	6.861300E+4
1.562000E-2	0.000000E+0	6.859600E+4
1.564000E-2	0.000000E+0	6.826000E+4
1.566000E-2	0.000000E+0	6.867300E+4
1.568000E-2	0.000000E+0	6.848500E+4
1.570000E-2	0.000000E+0	6.870800E+4
1.572000E-2	0.000000E+0	6.876800E+4
1.574000E-2	0.000000E+0	6.841200E+4
1.576000E-2	0.000000E+0	6.831100E+4
1.578000E-2	0.000000E+0	6.830200E+4
1.580000E-2	0.000000E+0	6.886800E+4
1.582000E-2	0.000000E+0	6.879100E+4
1.584000E-2	0.000000E+0	6.851800E+4
1.586000E-2	0.000000E+0	6.848600E+4
1.588000E-2	0.000000E+0	6.877800E+4
1.590000E-2	0.000000E+0	6.857500E+4
1.592000E-2	0.000000E+0	6.855200E+4
1.594000E-2	0.000000E+0	6.875500E+4
1.596000E-2	0.000000E+0	6.847100E+4
1.598000E-2	0.000000E+0	6.866300E+4
1.600000E-2	0.000000E+0	6.871900E+4
1.602000E-2	0.000000E+0	6.849600E+4
1.604000E-2	0.000000E+0	6.887100E+4
1.606000E-2	0.000000E+0	6.888700E+4
1.608000E-2	0.000000E+0	6.834400E+4
1.610000E-2	0.000000E+0	6.834000E+4
1.612000E-2	0.000000E+0	6.830200E+4
1.614000E-2	0.000000E+0	6.863000E+4
1.616000E-2	0.000000E+0	6.905600E+4
1.618000E-2	0.000000E+0	6.788700E+4
1.620000E-2	0.000000E+0	6.839100E+4
1.622000E-2	0.000000E+0	6.822000E+4
1.624000E-2	0.000000E+0	6.836800E+4
1.626000E-2	0.000000E+0	6.844600E+4
1.628000E-2	0.000000E+0	6.841900E+4
1.630000E-2	0.000000E+0	6.832300E+4
1.632000E-2	0.000000E+0	6.839500E+4
1.634000E-2	0.000000E+0	6.845000E+4
1.636000E-2	0.000000E+0	6.813900E+4
1.638000E-2	0.000000E+0	6.851100E+4
1.640000E-2	0.000000E+0	6.822500E+4
1.642000E-2	0.000000E+0	6.868500E+4
1.644000E-2	0.000000E+0	6.871400E+4
1.646000E-2	0.000000E+0	6.798000E+4
1.648000E-2	0.000000E+0	6.892600E+4
1.650000E-2	0.000000E+0	6.889500E+4
1.652000E-2	0.000000E+0	6.849800E+4
1.654000E-2	0.000000E+0	6.819800E+4
1.656000E-2	0.000000E+0	6.853300E+4
1.658000E-2	0.000000E+0	6.878300E+4
1.660000E-2	0.000000E+0	6.824900E+4
1.662000E-2	0.000000E+0	6.868600E+4
1.664000E-2	0.000000E+0	6.866700E+4
1.666000E-2	0.000000E+0	6.866300E+4
1.668000E-2	0.000000E+0	6.830900E+4
1.670000E-2	0.000000E+0	6.845900E+4
1.672000E-2	0.000000E+0	6.830600E+4
1.674000E-2	0.000000E+0	6.810400E+4
1.676000E-2	0.000000E+0	6.819400E+4
1.678000E-2	0.000000E+0	6.829000E+4
1.680000E-2	0.000000E+0	6.857900E+4
1.682000E-2	0.000000E+0	6.798300E+4
1.684000E-2	0.000000E+0	6.819100E+4
1.686000E-2	0.000000E+0	6.796300E+4
1.688000E-2	0.000000E+0	6.808500E+4
1.690000E-2	0.000000E+0	6.769600E+4
1.692000E-2	0.000000E+0	6.808800E+4
1.694000E-2	0.000000E+0	6.773600E+4
1.696000E-2	0.000000E+0	6.749700E+4
1.698000E-2	0.000000E+0	6.738200E+4
1.700000E-2	0.000000E+0	6.698900E+4
1.702000E-2	0.000000E+0	6.689100E+4
1.704000E-2	0.000000E+0	6.600400E+4
1.706000E-2	0.000000E+0	6.585400E+4
1.708000E-2	0.000000E+0	6.547800E+4
1.710000E-2	0.000000E+0	6.382600E+4
1.712000E-2	0.000000E+0	6.264200E+4
1.714000E-2	0.000000E+0	5.932700E+4
1.716000E-2	0.000000E+0	5.502200E+4
1.718000E-2	0.000000E+0	5.069200E+4
1.720000E-2	0.000000E+0	4.571000E+4
1.722000E-2	0.000000E+0	4.254700E+4
1.724000E-2	0.000000E+0	4.133000E+4
1.726000E-2	0.000000E+0	4.270400E+4
1.728000E-2	0.000000E+0	4.597300E+4
1.730000E-2	0.000000E+0	5.110800E+4
1.732000E-2	0.000000E+0	5.476100E+4
1.734000E-2	0.000000E+0	5.902200E+4
1.736000E-2	0.000000E+0	6.174300E+4
1.738000E-2	0.000000E+0	6.332400E+4
1.740000E-2	0.000000E+0	6.524600E+4
1.742000E-2	0.000000E+0	6.602700E+4
1.744000E-2	0.000000E+0	6.622500E+4
1.746000E-2	0.000000E+0	6.713100E+4
1.748000E-2	0.000000E+0	6.714100E+4
1.750000E-2	0.000000E+0	6.738700E+4
1.752000E-2	0.000000E+0	6.740300E+4
1.754000E-2	0.000000E+0	6.834100E+4
1.756000E-2	0.000000E+0	6.777100E+4
1.758000E-2	0.000000E+0	6.768700E+4
1.760000E-2	0.000000E+0	6.835800E+4
1.762000E-2	0.000000E+0	6.788300E+4
1.764000E-2	0.000000E+0	6.823600E+4
1.766000E-2	0.000000E+0	6.807500E+4
1.768000E-2	0.000000E+0	6.837000E+4
1.770000E-2	0.000000E+0	6.843600E+4
1.772000E-2	0.000000E+0	6.846600E+4
1.774000E-2	0.000000E+0	6.787700E+4
1.776000E-2	0.000000E+0	6.792700E+4
1.778000E-2	0.000000E+0	6.838900E+4
1.780000E-2	0.000000E+0	6.849400E+4
1.782000E-2	0.000000E+0	6.840900E+4
1.784000E-2	0.000000E+0	6.892300E+4
1.786000E-2	0.000000E+0	6.888900E+4
1.788000E-2	0.000000E+0	6.839000E+4
1.790000E-2	0.000000E+0	6.826300E+4
1.792000E-2	0.000000E+0	6.874500E+4
1.794000E-2	0.000000E+0	6.868500E+4
1.796000E-2	0.000000E+0	6.858700E+4
1.798000E-2	0.000000E+0	6.832100E+4
1.800000E-2	0.000000E+0	6.848800E+4
1.802000E-2	0.000000E+0	6.783500E+4
1.804000E-2	0.000000E+0	6.847900E+4
1.806000E-2	0.000000E+0	6.847500E+4
1.808000E-2	0.000000E+0	6.844700E+4
1.810000E-2	0.000000E+0	6.853400E+4
1.812000E-2	0.000000E+0	6.883900E+4
1.814000E-2	0.000000E+0	6.823400E+4
1.816000E-2	0.000000E+0	6.853700E+4
1.818000E-2	0.000000E+0	6.827000E+4
1.820000E-2	0.000000E+0	6.837000E+4
1.822000E-2	0.000000E+0	6.804100E+4
1.824000E-2	0.000000E+0	6.828500E+4
1.826000E-2	0.000000E+0	6.819000E+4
1.828000E-2	0.000000E+0	6.863000E+4
1.830000E-2	0.000000E+0	6.817900E+4
1.832000E-2	0.000000E+0	6.829300E+4
1.834000E-2	0.000000E+0	6.865300E+4
1.836000E-2	0.000000E+0	6.788800E+4
1.838000E-2	0.000000E+0	6.846500E+4
1.840000E-2	0.000000E+0	6.912500E+4
1.842000E-2	0.000000E+0	6.878600E+4
1.844000E-2	0.000000E+0	6.892800E+4
1.846000E-2	0.000000E+0	6.865500E+4
1.848000E-2	0.000000E+0	6.819300E+4
1.850000E-2	0.000000E+0	6.844800E+4
1.852000E-2	0.000000E+0	6.843800E+4
1.854000E-2	0.000000E+0	6.828700E+4
1.856000E-2	0.000000E+0	6.876800E+4
1.858000E-2	0.000000E+0	6.793700E+4
1.860000E-2	0.000000E+0	6.855900E+4
1.862000E-2	0.000000E+0	6.841600E+4
1.864000E-2	0.000000E+0	6.943700E+4
1.866000E-2	0.000000E+0	6.789000E+4
1.868000E-2	0.000000E+0	6.884700E+4
1.870000E-2	0.000000E+0	6.849600E+4
1.872000E-2	0.000000E+0	6.837600E+4
1.874000E-2	0.000000E+0	6.838500E+4
1.876000E-2	0.000000E+0	6.856000E+4
1.878000E-2	0.000000E+0	6.824700E+4
1.880000E-2	0.000000E+0	6.830300E+4
1.882000E-2	0.000000E+0	6.850300E+4
1.884000E-2	0.000000E+0	6.832100E+4
1.886000E-2	0.000000E+0	6.863000E+4
1.888000E-2	0.000000E+0	6.839400E+4
1.890000E-2	0.000000E+0	6.865400E+4
1.892000E-2	0.000000E+0	6.845600E+4
1.894000E-2	0.000000E+0	6.864600E+4
1.896000E-2	0.000000E+0	6.870100E+4
1.898000E-2	0.000000E+0	6.912500E+4
1.900000E-2	0.000000E+0	6.859200E+4
1.902000E-2	0.000000E+0	6.840200E+4
1.904000E-2	0.000000E+0	6.892500E+4
1.906000E-2	0.000000E+0	6.852400E+4
1.908000E-2	0.000000E+0	6.881300E+4
1.910000E-2	0.000000E+0	6.813000E+4
1.912000E-2	0.000000E+0	6.810100E+4
1.914000E-2	0.000000E+0	6.881600E+4
1.916000E-2	0.000000E+0	6.819500E+4
1.918000E-2	0.000000E+0	6.863000E+4
1.920000E-2	0.000000E+0	6.841900E+4
1.922000E-2	0.000000E+0	6.843200E+4
1.924000E-2	0.000000E+0	6.903100E+4
1.926000E-2	0.000000E+0	6.847700E+4
1.928000E-2	0.000000E+0	6.855700E+4
1.930000E-2	0.000000E+0	6.820600E+4
1.932000E-2	0.000000E+0	6.873400E+4
1.934000E-2	0.000000E+0	6.877300E+4
1.936000E-2	0.000000E+0	6.819900E+4
1.938000E-2	0.000000E+0	6.846800E+4
1.940000E-2	0.000000E+0	6.850300E+4
1.942000E-2	0.000000E+0	6.845500E+4
1.944000E-2	0.000000E+0	6.848500E+4
1.946000E-2	0.000000E+0	6.865300E+4
1.948000E-2	0.000000E+0	6.864200E+4
1.950000E-2	0.000000E+0	6.886800E+4
1.952000E-2	0.000000E+0	6.843100E+4
1.954000E-2	0.000000E+0	6.879800E+4
1.956000E-2	0.000000E+0	6.853800E+4
1.958000E-2	0.000000E+0	6.857100E+4
1.960000E-2	0.000000E+0	6.793000E+4
1.962000E-2	0.000000E+0	6.852000E+4
1.964000E-2	0.000000E+0	6.869600E+4
1.966000E-2	0.000000E+0	6.854800E+4
1.968000E-2	0.000000E+0	6.837100E+4
1.970000E-2	0.000000E+0	6.870300E+4
1.972000E-2	0.000000E+0	6.804700E+4
1.974000E-2	0.000000E+0	6.822900E+4
1.976000E-2	0.000000E+0	6.817100E+4
1.978000E-2	0.000000E+0	6.832200E+4
1.980000E-2	0.000000E+0	6.857300E+4
1.982000E-2	0.000000E+0	6.870500E+4
1.984000E-2	0.000000E+0	6.833500E+4
1.986000E-2	0.000000E+0	6.880700E+4
1.988000E-2	0.000000E+0	6.876900E+4
1.990000E-2	0.000000E+0	6.870000E+4
1.992000E-2	0.000000E+0	6.859300E+4
1.994000E-2	0.000000E+0	6.901000E+4
1.996000E-2	0.000000E+0	6.864800E+4
1.998000E-2	0.000000E+0	6.843200E+4
