

live time:  248533.120000
real time:  288004.735000
sweeps:  12426656.000000
0.000000E+0	0.000000E+0	0.000000E+0
2.000000E-5	0.000000E+0	1.239960E+5
4.000000E-5	0.000000E+0	1.241370E+5
6.000000E-5	0.000000E+0	1.242820E+5
8.000000E-5	0.000000E+0	1.247180E+5
1.000000E-4	0.000000E+0	1.238700E+5
1.200000E-4	0.000000E+0	1.243310E+5
1.400000E-4	0.000000E+0	1.250060E+5
1.600000E-4	0.000000E+0	1.250950E+5
1.800000E-4	0.000000E+0	1.244670E+5
2.000000E-4	0.000000E+0	1.248690E+5
2.200000E-4	0.000000E+0	1.248000E+5
2.400000E-4	0.000000E+0	1.247330E+5
2.600000E-4	0.000000E+0	1.248160E+5
2.800000E-4	0.000000E+0	1.244500E+5
3.000000E-4	0.000000E+0	1.248490E+5
3.200000E-4	0.000000E+0	1.240900E+5
3.400000E-4	0.000000E+0	1.246400E+5
3.600000E-4	0.000000E+0	1.242910E+5
3.800000E-4	0.000000E+0	1.248070E+5
4.000000E-4	0.000000E+0	1.250720E+5
4.200000E-4	0.000000E+0	1.245350E+5
4.400000E-4	0.000000E+0	1.237590E+5
4.600000E-4	0.000000E+0	1.246530E+5
4.800000E-4	0.000000E+0	1.248220E+5
5.000000E-4	0.000000E+0	1.246060E+5
5.200000E-4	0.000000E+0	1.248970E+5
5.400000E-4	0.000000E+0	1.246940E+5
5.600000E-4	0.000000E+0	1.249250E+5
5.800000E-4	0.000000E+0	1.245760E+5
6.000000E-4	0.000000E+0	1.242150E+5
6.200000E-4	0.000000E+0	1.242900E+5
6.400000E-4	0.000000E+0	1.243850E+5
6.600000E-4	0.000000E+0	1.243010E+5
6.800000E-4	0.000000E+0	1.242270E+5
7.000000E-4	0.000000E+0	1.246250E+5
7.200000E-4	0.000000E+0	1.248860E+5
7.400000E-4	0.000000E+0	1.242720E+5
7.600000E-4	0.000000E+0	1.242650E+5
7.800000E-4	0.000000E+0	1.244460E+5
8.000000E-4	0.000000E+0	1.247590E+5
8.200000E-4	0.000000E+0	1.243920E+5
8.400000E-4	0.000000E+0	1.246690E+5
8.600000E-4	0.000000E+0	1.246940E+5
8.800000E-4	0.000000E+0	1.246380E+5
9.000000E-4	0.000000E+0	1.237910E+5
9.200000E-4	0.000000E+0	1.243420E+5
9.400000E-4	0.000000E+0	1.248680E+5
9.600000E-4	0.000000E+0	1.244870E+5
9.800000E-4	0.000000E+0	1.247370E+5
1.000000E-3	0.000000E+0	1.241360E+5
1.020000E-3	0.000000E+0	1.245620E+5
1.040000E-3	0.000000E+0	1.247660E+5
1.060000E-3	0.000000E+0	1.245840E+5
1.080000E-3	0.000000E+0	1.242510E+5
1.100000E-3	0.000000E+0	1.246650E+5
1.120000E-3	0.000000E+0	1.242910E+5
1.140000E-3	0.000000E+0	1.242460E+5
1.160000E-3	0.000000E+0	1.244830E+5
1.180000E-3	0.000000E+0	1.240900E+5
1.200000E-3	0.000000E+0	1.249460E+5
1.220000E-3	0.000000E+0	1.243130E+5
1.240000E-3	0.000000E+0	1.246940E+5
1.260000E-3	0.000000E+0	1.241330E+5
1.280000E-3	0.000000E+0	1.245510E+5
1.300000E-3	0.000000E+0	1.248160E+5
1.320000E-3	0.000000E+0	1.245490E+5
1.340000E-3	0.000000E+0	1.249920E+5
1.360000E-3	0.000000E+0	1.245700E+5
1.380000E-3	0.000000E+0	1.246360E+5
1.400000E-3	0.000000E+0	1.247470E+5
1.420000E-3	0.000000E+0	1.245160E+5
1.440000E-3	0.000000E+0	1.246840E+5
1.460000E-3	0.000000E+0	1.250020E+5
1.480000E-3	0.000000E+0	1.245330E+5
1.500000E-3	0.000000E+0	1.234820E+5
1.520000E-3	0.000000E+0	1.244910E+5
1.540000E-3	0.000000E+0	1.248450E+5
1.560000E-3	0.000000E+0	1.248890E+5
1.580000E-3	0.000000E+0	1.243610E+5
1.600000E-3	0.000000E+0	1.249950E+5
1.620000E-3	0.000000E+0	1.254440E+5
1.640000E-3	0.000000E+0	1.246190E+5
1.660000E-3	0.000000E+0	1.244360E+5
1.680000E-3	0.000000E+0	1.247540E+5
1.700000E-3	0.000000E+0	1.241480E+5
1.720000E-3	0.000000E+0	1.241870E+5
1.740000E-3	0.000000E+0	1.245840E+5
1.760000E-3	0.000000E+0	1.251320E+5
1.780000E-3	0.000000E+0	1.248960E+5
1.800000E-3	0.000000E+0	1.244100E+5
1.820000E-3	0.000000E+0	1.251970E+5
1.840000E-3	0.000000E+0	1.249490E+5
1.860000E-3	0.000000E+0	1.247070E+5
1.880000E-3	0.000000E+0	1.247840E+5
1.900000E-3	0.000000E+0	1.247640E+5
1.920000E-3	0.000000E+0	1.247550E+5
1.940000E-3	0.000000E+0	1.243080E+5
1.960000E-3	0.000000E+0	1.247140E+5
1.980000E-3	0.000000E+0	1.250080E+5
2.000000E-3	0.000000E+0	1.246610E+5
2.020000E-3	0.000000E+0	1.248080E+5
2.040000E-3	0.000000E+0	1.244990E+5
2.060000E-3	0.000000E+0	1.254960E+5
2.080000E-3	0.000000E+0	1.239730E+5
2.100000E-3	0.000000E+0	1.241480E+5
2.120000E-3	0.000000E+0	1.248440E+5
2.140000E-3	0.000000E+0	1.247010E+5
2.160000E-3	0.000000E+0	1.244370E+5
2.180000E-3	0.000000E+0	1.246960E+5
2.200000E-3	0.000000E+0	1.243950E+5
2.220000E-3	0.000000E+0	1.238930E+5
2.240000E-3	0.000000E+0	1.246690E+5
2.260000E-3	0.000000E+0	1.246460E+5
2.280000E-3	0.000000E+0	1.248410E+5
2.300000E-3	0.000000E+0	1.249990E+5
2.320000E-3	0.000000E+0	1.243190E+5
2.340000E-3	0.000000E+0	1.237680E+5
2.360000E-3	0.000000E+0	1.246920E+5
2.380000E-3	0.000000E+0	1.241990E+5
2.400000E-3	0.000000E+0	1.248420E+5
2.420000E-3	0.000000E+0	1.245970E+5
2.440000E-3	0.000000E+0	1.242680E+5
2.460000E-3	0.000000E+0	1.243650E+5
2.480000E-3	0.000000E+0	1.243850E+5
2.500000E-3	0.000000E+0	1.246950E+5
2.520000E-3	0.000000E+0	1.246680E+5
2.540000E-3	0.000000E+0	1.248370E+5
2.560000E-3	0.000000E+0	1.241610E+5
2.580000E-3	0.000000E+0	1.248640E+5
2.600000E-3	0.000000E+0	1.247870E+5
2.620000E-3	0.000000E+0	1.242080E+5
2.640000E-3	0.000000E+0	1.245840E+5
2.660000E-3	0.000000E+0	1.242530E+5
2.680000E-3	0.000000E+0	1.250720E+5
2.700000E-3	0.000000E+0	1.245390E+5
2.720000E-3	0.000000E+0	1.240380E+5
2.740000E-3	0.000000E+0	1.243340E+5
2.760000E-3	0.000000E+0	1.250990E+5
2.780000E-3	0.000000E+0	1.246150E+5
2.800000E-3	0.000000E+0	1.241630E+5
2.820000E-3	0.000000E+0	1.242260E+5
2.840000E-3	0.000000E+0	1.245180E+5
2.860000E-3	0.000000E+0	1.245320E+5
2.880000E-3	0.000000E+0	1.250050E+5
2.900000E-3	0.000000E+0	1.238220E+5
2.920000E-3	0.000000E+0	1.245890E+5
2.940000E-3	0.000000E+0	1.245620E+5
2.960000E-3	0.000000E+0	1.245490E+5
2.980000E-3	0.000000E+0	1.244850E+5
3.000000E-3	0.000000E+0	1.241590E+5
3.020000E-3	0.000000E+0	1.249480E+5
3.040000E-3	0.000000E+0	1.246780E+5
3.060000E-3	0.000000E+0	1.244720E+5
3.080000E-3	0.000000E+0	1.241710E+5
3.100000E-3	0.000000E+0	1.248130E+5
3.120000E-3	0.000000E+0	1.245140E+5
3.140000E-3	0.000000E+0	1.241460E+5
3.160000E-3	0.000000E+0	1.240330E+5
3.180000E-3	0.000000E+0	1.241640E+5
3.200000E-3	0.000000E+0	1.248130E+5
3.220000E-3	0.000000E+0	1.242730E+5
3.240000E-3	0.000000E+0	1.244920E+5
3.260000E-3	0.000000E+0	1.247410E+5
3.280000E-3	0.000000E+0	1.248980E+5
3.300000E-3	0.000000E+0	1.247190E+5
3.320000E-3	0.000000E+0	1.246600E+5
3.340000E-3	0.000000E+0	1.243270E+5
3.360000E-3	0.000000E+0	1.247190E+5
3.380000E-3	0.000000E+0	1.240030E+5
3.400000E-3	0.000000E+0	1.245370E+5
3.420000E-3	0.000000E+0	1.246550E+5
3.440000E-3	0.000000E+0	1.242470E+5
3.460000E-3	0.000000E+0	1.248450E+5
3.480000E-3	0.000000E+0	1.248010E+5
3.500000E-3	0.000000E+0	1.249630E+5
3.520000E-3	0.000000E+0	1.247170E+5
3.540000E-3	0.000000E+0	1.253880E+5
3.560000E-3	0.000000E+0	1.246040E+5
3.580000E-3	0.000000E+0	1.247290E+5
3.600000E-3	0.000000E+0	1.235620E+5
3.620000E-3	0.000000E+0	1.246020E+5
3.640000E-3	0.000000E+0	1.245070E+5
3.660000E-3	0.000000E+0	1.245430E+5
3.680000E-3	0.000000E+0	1.247850E+5
3.700000E-3	0.000000E+0	1.244240E+5
3.720000E-3	0.000000E+0	1.241420E+5
3.740000E-3	0.000000E+0	1.244380E+5
3.760000E-3	0.000000E+0	1.247610E+5
3.780000E-3	0.000000E+0	1.246080E+5
3.800000E-3	0.000000E+0	1.243640E+5
3.820000E-3	0.000000E+0	1.241920E+5
3.840000E-3	0.000000E+0	1.246810E+5
3.860000E-3	0.000000E+0	1.244010E+5
3.880000E-3	0.000000E+0	1.242290E+5
3.900000E-3	0.000000E+0	1.238750E+5
3.920000E-3	0.000000E+0	1.249800E+5
3.940000E-3	0.000000E+0	1.247620E+5
3.960000E-3	0.000000E+0	1.244520E+5
3.980000E-3	0.000000E+0	1.244070E+5
4.000000E-3	0.000000E+0	1.243670E+5
4.020000E-3	0.000000E+0	1.247900E+5
4.040000E-3	0.000000E+0	1.246230E+5
4.060000E-3	0.000000E+0	1.240140E+5
4.080000E-3	0.000000E+0	1.244440E+5
4.100000E-3	0.000000E+0	1.246570E+5
4.120000E-3	0.000000E+0	1.243870E+5
4.140000E-3	0.000000E+0	1.247760E+5
4.160000E-3	0.000000E+0	1.241640E+5
4.180000E-3	0.000000E+0	1.247060E+5
4.200000E-3	0.000000E+0	1.241210E+5
4.220000E-3	0.000000E+0	1.250220E+5
4.240000E-3	0.000000E+0	1.243590E+5
4.260000E-3	0.000000E+0	1.242940E+5
4.280000E-3	0.000000E+0	1.254720E+5
4.300000E-3	0.000000E+0	1.242070E+5
4.320000E-3	0.000000E+0	1.250660E+5
4.340000E-3	0.000000E+0	1.243790E+5
4.360000E-3	0.000000E+0	1.246970E+5
4.380000E-3	0.000000E+0	1.239190E+5
4.400000E-3	0.000000E+0	1.255210E+5
4.420000E-3	0.000000E+0	1.243770E+5
4.440000E-3	0.000000E+0	1.247060E+5
4.460000E-3	0.000000E+0	1.250120E+5
4.480000E-3	0.000000E+0	1.244620E+5
4.500000E-3	0.000000E+0	1.240650E+5
4.520000E-3	0.000000E+0	1.248450E+5
4.540000E-3	0.000000E+0	1.248170E+5
4.560000E-3	0.000000E+0	1.250460E+5
4.580000E-3	0.000000E+0	1.250700E+5
4.600000E-3	0.000000E+0	1.251510E+5
4.620000E-3	0.000000E+0	1.242530E+5
4.640000E-3	0.000000E+0	1.248680E+5
4.660000E-3	0.000000E+0	1.244580E+5
4.680000E-3	0.000000E+0	1.246260E+5
4.700000E-3	0.000000E+0	1.243380E+5
4.720000E-3	0.000000E+0	1.247170E+5
4.740000E-3	0.000000E+0	1.243290E+5
4.760000E-3	0.000000E+0	1.238930E+5
4.780000E-3	0.000000E+0	1.240030E+5
4.800000E-3	0.000000E+0	1.249900E+5
4.820000E-3	0.000000E+0	1.244600E+5
4.840000E-3	0.000000E+0	1.244340E+5
4.860000E-3	0.000000E+0	1.248000E+5
4.880000E-3	0.000000E+0	1.247450E+5
4.900000E-3	0.000000E+0	1.249160E+5
4.920000E-3	0.000000E+0	1.242750E+5
4.940000E-3	0.000000E+0	1.252250E+5
4.960000E-3	0.000000E+0	1.246930E+5
4.980000E-3	0.000000E+0	1.243700E+5
5.000000E-3	0.000000E+0	1.240650E+5
5.020000E-3	0.000000E+0	1.243550E+5
5.040000E-3	0.000000E+0	1.244470E+5
5.060000E-3	0.000000E+0	1.251620E+5
5.080000E-3	0.000000E+0	1.244820E+5
5.100000E-3	0.000000E+0	1.247220E+5
5.120000E-3	0.000000E+0	1.250510E+5
5.140000E-3	0.000000E+0	1.242830E+5
5.160000E-3	0.000000E+0	1.250130E+5
5.180000E-3	0.000000E+0	1.238230E+5
5.200000E-3	0.000000E+0	1.241050E+5
5.220000E-3	0.000000E+0	1.241650E+5
5.240000E-3	0.000000E+0	1.238820E+5
5.260000E-3	0.000000E+0	1.246070E+5
5.280000E-3	0.000000E+0	1.238150E+5
5.300000E-3	0.000000E+0	1.237440E+5
5.320000E-3	0.000000E+0	1.240010E+5
5.340000E-3	0.000000E+0	1.239850E+5
5.360000E-3	0.000000E+0	1.241720E+5
5.380000E-3	0.000000E+0	1.238730E+5
5.400000E-3	0.000000E+0	1.237880E+5
5.420000E-3	0.000000E+0	1.237720E+5
5.440000E-3	0.000000E+0	1.233610E+5
5.460000E-3	0.000000E+0	1.238610E+5
5.480000E-3	0.000000E+0	1.231820E+5
5.500000E-3	0.000000E+0	1.229400E+5
5.520000E-3	0.000000E+0	1.233750E+5
5.540000E-3	0.000000E+0	1.230270E+5
5.560000E-3	0.000000E+0	1.233750E+5
5.580000E-3	0.000000E+0	1.227890E+5
5.600000E-3	0.000000E+0	1.228590E+5
5.620000E-3	0.000000E+0	1.215730E+5
5.640000E-3	0.000000E+0	1.208710E+5
5.660000E-3	0.000000E+0	1.195690E+5
5.680000E-3	0.000000E+0	1.176850E+5
5.700000E-3	0.000000E+0	1.163350E+5
5.720000E-3	0.000000E+0	1.124720E+5
5.740000E-3	0.000000E+0	1.067500E+5
5.760000E-3	0.000000E+0	1.000060E+5
5.780000E-3	0.000000E+0	9.038300E+4
5.800000E-3	0.000000E+0	8.141600E+4
5.820000E-3	0.000000E+0	7.543200E+4
5.840000E-3	0.000000E+0	7.369600E+4
5.860000E-3	0.000000E+0	7.651900E+4
5.880000E-3	0.000000E+0	8.386200E+4
5.900000E-3	0.000000E+0	9.356000E+4
5.920000E-3	0.000000E+0	1.025680E+5
5.940000E-3	0.000000E+0	1.101110E+5
5.960000E-3	0.000000E+0	1.140340E+5
5.980000E-3	0.000000E+0	1.176140E+5
6.000000E-3	0.000000E+0	1.196540E+5
6.020000E-3	0.000000E+0	1.204400E+5
6.040000E-3	0.000000E+0	1.211170E+5
6.060000E-3	0.000000E+0	1.218570E+5
6.080000E-3	0.000000E+0	1.222810E+5
6.100000E-3	0.000000E+0	1.225120E+5
6.120000E-3	0.000000E+0	1.229350E+5
6.140000E-3	0.000000E+0	1.232640E+5
6.160000E-3	0.000000E+0	1.229770E+5
6.180000E-3	0.000000E+0	1.235530E+5
6.200000E-3	0.000000E+0	1.238040E+5
6.220000E-3	0.000000E+0	1.233550E+5
6.240000E-3	0.000000E+0	1.234680E+5
6.260000E-3	0.000000E+0	1.242790E+5
6.280000E-3	0.000000E+0	1.242110E+5
6.300000E-3	0.000000E+0	1.241530E+5
6.320000E-3	0.000000E+0	1.235290E+5
6.340000E-3	0.000000E+0	1.242690E+5
6.360000E-3	0.000000E+0	1.238400E+5
6.380000E-3	0.000000E+0	1.243050E+5
6.400000E-3	0.000000E+0	1.245610E+5
6.420000E-3	0.000000E+0	1.248600E+5
6.440000E-3	0.000000E+0	1.234260E+5
6.460000E-3	0.000000E+0	1.241540E+5
6.480000E-3	0.000000E+0	1.246590E+5
6.500000E-3	0.000000E+0	1.241390E+5
6.520000E-3	0.000000E+0	1.241000E+5
6.540000E-3	0.000000E+0	1.244800E+5
6.560000E-3	0.000000E+0	1.243910E+5
6.580000E-3	0.000000E+0	1.243520E+5
6.600000E-3	0.000000E+0	1.239220E+5
6.620000E-3	0.000000E+0	1.243160E+5
6.640000E-3	0.000000E+0	1.242970E+5
6.660000E-3	0.000000E+0	1.243650E+5
6.680000E-3	0.000000E+0	1.240940E+5
6.700000E-3	0.000000E+0	1.241750E+5
6.720000E-3	0.000000E+0	1.241210E+5
6.740000E-3	0.000000E+0	1.244410E+5
6.760000E-3	0.000000E+0	1.246720E+5
6.780000E-3	0.000000E+0	1.246490E+5
6.800000E-3	0.000000E+0	1.242850E+5
6.820000E-3	0.000000E+0	1.244560E+5
6.840000E-3	0.000000E+0	1.242760E+5
6.860000E-3	0.000000E+0	1.253340E+5
6.880000E-3	0.000000E+0	1.242690E+5
6.900000E-3	0.000000E+0	1.245270E+5
6.920000E-3	0.000000E+0	1.252230E+5
6.940000E-3	0.000000E+0	1.245220E+5
6.960000E-3	0.000000E+0	1.232580E+5
6.980000E-3	0.000000E+0	1.246660E+5
7.000000E-3	0.000000E+0	1.249610E+5
7.020000E-3	0.000000E+0	1.245170E+5
7.040000E-3	0.000000E+0	1.240420E+5
7.060000E-3	0.000000E+0	1.246130E+5
7.080000E-3	0.000000E+0	1.245820E+5
7.100000E-3	0.000000E+0	1.240920E+5
7.120000E-3	0.000000E+0	1.243580E+5
7.140000E-3	0.000000E+0	1.247020E+5
7.160000E-3	0.000000E+0	1.250620E+5
7.180000E-3	0.000000E+0	1.250950E+5
7.200000E-3	0.000000E+0	1.240680E+5
7.220000E-3	0.000000E+0	1.245150E+5
7.240000E-3	0.000000E+0	1.245340E+5
7.260000E-3	0.000000E+0	1.250200E+5
7.280000E-3	0.000000E+0	1.243130E+5
7.300000E-3	0.000000E+0	1.245130E+5
7.320000E-3	0.000000E+0	1.245270E+5
7.340000E-3	0.000000E+0	1.244660E+5
7.360000E-3	0.000000E+0	1.244430E+5
7.380000E-3	0.000000E+0	1.247650E+5
7.400000E-3	0.000000E+0	1.244600E+5
7.420000E-3	0.000000E+0	1.247880E+5
7.440000E-3	0.000000E+0	1.246640E+5
7.460000E-3	0.000000E+0	1.243460E+5
7.480000E-3	0.000000E+0	1.246940E+5
7.500000E-3	0.000000E+0	1.236110E+5
7.520000E-3	0.000000E+0	1.247750E+5
7.540000E-3	0.000000E+0	1.247660E+5
7.560000E-3	0.000000E+0	1.247810E+5
7.580000E-3	0.000000E+0	1.241930E+5
7.600000E-3	0.000000E+0	1.242670E+5
7.620000E-3	0.000000E+0	1.250610E+5
7.640000E-3	0.000000E+0	1.246220E+5
7.660000E-3	0.000000E+0	1.251170E+5
7.680000E-3	0.000000E+0	1.250340E+5
7.700000E-3	0.000000E+0	1.243560E+5
7.720000E-3	0.000000E+0	1.246380E+5
7.740000E-3	0.000000E+0	1.243500E+5
7.760000E-3	0.000000E+0	1.252310E+5
7.780000E-3	0.000000E+0	1.244070E+5
7.800000E-3	0.000000E+0	1.250860E+5
7.820000E-3	0.000000E+0	1.245910E+5
7.840000E-3	0.000000E+0	1.246140E+5
7.860000E-3	0.000000E+0	1.246410E+5
7.880000E-3	0.000000E+0	1.248600E+5
7.900000E-3	0.000000E+0	1.250130E+5
7.920000E-3	0.000000E+0	1.245300E+5
7.940000E-3	0.000000E+0	1.245730E+5
7.960000E-3	0.000000E+0	1.246530E+5
7.980000E-3	0.000000E+0	1.243200E+5
8.000000E-3	0.000000E+0	1.239430E+5
8.020000E-3	0.000000E+0	1.241230E+5
8.040000E-3	0.000000E+0	1.237660E+5
8.060000E-3	0.000000E+0	1.246500E+5
8.080000E-3	0.000000E+0	1.258010E+5
8.100000E-3	0.000000E+0	1.240390E+5
8.120000E-3	0.000000E+0	1.240880E+5
8.140000E-3	0.000000E+0	1.246970E+5
8.160000E-3	0.000000E+0	1.244700E+5
8.180000E-3	0.000000E+0	1.241630E+5
8.200000E-3	0.000000E+0	1.244780E+5
8.220000E-3	0.000000E+0	1.240110E+5
8.240000E-3	0.000000E+0	1.246390E+5
8.260000E-3	0.000000E+0	1.239730E+5
8.280000E-3	0.000000E+0	1.250490E+5
8.300000E-3	0.000000E+0	1.250320E+5
8.320000E-3	0.000000E+0	1.244320E+5
8.340000E-3	0.000000E+0	1.250360E+5
8.360000E-3	0.000000E+0	1.240740E+5
8.380000E-3	0.000000E+0	1.249000E+5
8.400000E-3	0.000000E+0	1.246120E+5
8.420000E-3	0.000000E+0	1.244550E+5
8.440000E-3	0.000000E+0	1.247600E+5
8.460000E-3	0.000000E+0	1.247400E+5
8.480000E-3	0.000000E+0	1.244980E+5
8.500000E-3	0.000000E+0	1.247190E+5
8.520000E-3	0.000000E+0	1.244680E+5
8.540000E-3	0.000000E+0	1.247610E+5
8.560000E-3	0.000000E+0	1.250530E+5
8.580000E-3	0.000000E+0	1.242950E+5
8.600000E-3	0.000000E+0	1.246780E+5
8.620000E-3	0.000000E+0	1.244930E+5
8.640000E-3	0.000000E+0	1.248770E+5
8.660000E-3	0.000000E+0	1.243430E+5
8.680000E-3	0.000000E+0	1.247640E+5
8.700000E-3	0.000000E+0	1.248340E+5
8.720000E-3	0.000000E+0	1.245930E+5
8.740000E-3	0.000000E+0	1.245170E+5
8.760000E-3	0.000000E+0	1.254870E+5
8.780000E-3	0.000000E+0	1.242970E+5
8.800000E-3	0.000000E+0	1.245900E+5
8.820000E-3	0.000000E+0	1.248320E+5
8.840000E-3	0.000000E+0	1.248190E+5
8.860000E-3	0.000000E+0	1.246490E+5
8.880000E-3	0.000000E+0	1.245130E+5
8.900000E-3	0.000000E+0	1.253930E+5
8.920000E-3	0.000000E+0	1.245380E+5
8.940000E-3	0.000000E+0	1.246500E+5
8.960000E-3	0.000000E+0	1.245460E+5
8.980000E-3	0.000000E+0	1.240300E+5
9.000000E-3	0.000000E+0	1.243710E+5
9.020000E-3	0.000000E+0	1.244950E+5
9.040000E-3	0.000000E+0	1.250350E+5
9.060000E-3	0.000000E+0	1.245290E+5
9.080000E-3	0.000000E+0	1.248640E+5
9.100000E-3	0.000000E+0	1.243430E+5
9.120000E-3	0.000000E+0	1.247650E+5
9.140000E-3	0.000000E+0	1.247270E+5
9.160000E-3	0.000000E+0	1.233710E+5
9.180000E-3	0.000000E+0	1.242360E+5
9.200000E-3	0.000000E+0	1.249090E+5
9.220000E-3	0.000000E+0	1.246150E+5
9.240000E-3	0.000000E+0	1.245080E+5
9.260000E-3	0.000000E+0	1.246610E+5
9.280000E-3	0.000000E+0	1.245270E+5
9.300000E-3	0.000000E+0	1.245130E+5
9.320000E-3	0.000000E+0	1.245670E+5
9.340000E-3	0.000000E+0	1.247460E+5
9.360000E-3	0.000000E+0	1.245670E+5
9.380000E-3	0.000000E+0	1.249410E+5
9.400000E-3	0.000000E+0	1.244850E+5
9.420000E-3	0.000000E+0	1.244030E+5
9.440000E-3	0.000000E+0	1.243150E+5
9.460000E-3	0.000000E+0	1.245340E+5
9.480000E-3	0.000000E+0	1.242340E+5
9.500000E-3	0.000000E+0	1.249700E+5
9.520000E-3	0.000000E+0	1.248110E+5
9.540000E-3	0.000000E+0	1.238910E+5
9.560000E-3	0.000000E+0	1.245470E+5
9.580000E-3	0.000000E+0	1.248000E+5
9.600000E-3	0.000000E+0	1.241490E+5
9.620000E-3	0.000000E+0	1.246510E+5
9.640000E-3	0.000000E+0	1.247650E+5
9.660000E-3	0.000000E+0	1.245470E+5
9.680000E-3	0.000000E+0	1.238590E+5
9.700000E-3	0.000000E+0	1.245530E+5
9.720000E-3	0.000000E+0	1.246800E+5
9.740000E-3	0.000000E+0	1.251960E+5
9.760000E-3	0.000000E+0	1.241720E+5
9.780000E-3	0.000000E+0	1.244360E+5
9.800000E-3	0.000000E+0	1.247860E+5
9.820000E-3	0.000000E+0	1.242480E+5
9.840000E-3	0.000000E+0	1.247070E+5
9.860000E-3	0.000000E+0	1.250230E+5
9.880000E-3	0.000000E+0	1.249140E+5
9.900000E-3	0.000000E+0	1.247000E+5
9.920000E-3	0.000000E+0	1.251790E+5
9.940000E-3	0.000000E+0	1.240380E+5
9.960000E-3	0.000000E+0	1.238280E+5
9.980000E-3	0.000000E+0	1.244720E+5
1.000000E-2	0.000000E+0	1.246610E+5
1.002000E-2	0.000000E+0	1.243000E+5
1.004000E-2	0.000000E+0	1.244270E+5
1.006000E-2	0.000000E+0	1.242360E+5
1.008000E-2	0.000000E+0	1.248550E+5
1.010000E-2	0.000000E+0	1.248730E+5
1.012000E-2	0.000000E+0	1.245670E+5
1.014000E-2	0.000000E+0	1.253540E+5
1.016000E-2	0.000000E+0	1.251640E+5
1.018000E-2	0.000000E+0	1.247690E+5
1.020000E-2	0.000000E+0	1.253050E+5
1.022000E-2	0.000000E+0	1.251240E+5
1.024000E-2	0.000000E+0	1.246490E+5
1.026000E-2	0.000000E+0	1.245100E+5
1.028000E-2	0.000000E+0	1.246030E+5
1.030000E-2	0.000000E+0	1.244270E+5
1.032000E-2	0.000000E+0	1.248120E+5
1.034000E-2	0.000000E+0	1.248780E+5
1.036000E-2	0.000000E+0	1.246020E+5
1.038000E-2	0.000000E+0	1.246600E+5
1.040000E-2	0.000000E+0	1.250470E+5
1.042000E-2	0.000000E+0	1.244220E+5
1.044000E-2	0.000000E+0	1.250270E+5
1.046000E-2	0.000000E+0	1.244800E+5
1.048000E-2	0.000000E+0	1.249770E+5
1.050000E-2	0.000000E+0	1.242810E+5
1.052000E-2	0.000000E+0	1.246360E+5
1.054000E-2	0.000000E+0	1.245290E+5
1.056000E-2	0.000000E+0	1.247380E+5
1.058000E-2	0.000000E+0	1.246540E+5
1.060000E-2	0.000000E+0	1.236790E+5
1.062000E-2	0.000000E+0	1.242390E+5
1.064000E-2	0.000000E+0	1.245180E+5
1.066000E-2	0.000000E+0	1.249000E+5
1.068000E-2	0.000000E+0	1.241170E+5
1.070000E-2	0.000000E+0	1.241570E+5
1.072000E-2	0.000000E+0	1.242790E+5
1.074000E-2	0.000000E+0	1.246110E+5
1.076000E-2	0.000000E+0	1.245900E+5
1.078000E-2	0.000000E+0	1.243510E+5
1.080000E-2	0.000000E+0	1.245050E+5
1.082000E-2	0.000000E+0	1.241770E+5
1.084000E-2	0.000000E+0	1.241790E+5
1.086000E-2	0.000000E+0	1.241440E+5
1.088000E-2	0.000000E+0	1.246950E+5
1.090000E-2	0.000000E+0	1.246740E+5
1.092000E-2	0.000000E+0	1.243270E+5
1.094000E-2	0.000000E+0	1.245930E+5
1.096000E-2	0.000000E+0	1.248470E+5
1.098000E-2	0.000000E+0	1.244780E+5
1.100000E-2	0.000000E+0	1.245540E+5
1.102000E-2	0.000000E+0	1.238840E+5
1.104000E-2	0.000000E+0	1.248760E+5
1.106000E-2	0.000000E+0	1.238780E+5
1.108000E-2	0.000000E+0	1.250180E+5
1.110000E-2	0.000000E+0	1.250210E+5
1.112000E-2	0.000000E+0	1.242820E+5
1.114000E-2	0.000000E+0	1.245490E+5
1.116000E-2	0.000000E+0	1.244380E+5
1.118000E-2	0.000000E+0	1.243450E+5
1.120000E-2	0.000000E+0	1.241430E+5
1.122000E-2	0.000000E+0	1.241720E+5
1.124000E-2	0.000000E+0	1.250160E+5
1.126000E-2	0.000000E+0	1.249340E+5
1.128000E-2	0.000000E+0	1.251640E+5
1.130000E-2	0.000000E+0	1.238620E+5
1.132000E-2	0.000000E+0	1.250750E+5
1.134000E-2	0.000000E+0	1.246230E+5
1.136000E-2	0.000000E+0	1.244280E+5
1.138000E-2	0.000000E+0	1.245970E+5
1.140000E-2	0.000000E+0	1.246090E+5
1.142000E-2	0.000000E+0	1.242250E+5
1.144000E-2	0.000000E+0	1.244180E+5
1.146000E-2	0.000000E+0	1.248490E+5
1.148000E-2	0.000000E+0	1.245090E+5
1.150000E-2	0.000000E+0	1.245530E+5
1.152000E-2	0.000000E+0	1.245970E+5
1.154000E-2	0.000000E+0	1.243770E+5
1.156000E-2	0.000000E+0	1.247170E+5
1.158000E-2	0.000000E+0	1.245910E+5
1.160000E-2	0.000000E+0	1.247930E+5
1.162000E-2	0.000000E+0	1.246430E+5
1.164000E-2	0.000000E+0	1.245580E+5
1.166000E-2	0.000000E+0	1.238330E+5
1.168000E-2	0.000000E+0	1.249060E+5
1.170000E-2	0.000000E+0	1.250420E+5
1.172000E-2	0.000000E+0	1.241080E+5
1.174000E-2	0.000000E+0	1.243730E+5
1.176000E-2	0.000000E+0	1.245140E+5
1.178000E-2	0.000000E+0	1.247290E+5
1.180000E-2	0.000000E+0	1.242790E+5
1.182000E-2	0.000000E+0	1.251700E+5
1.184000E-2	0.000000E+0	1.244610E+5
1.186000E-2	0.000000E+0	1.240970E+5
1.188000E-2	0.000000E+0	1.239840E+5
1.190000E-2	0.000000E+0	1.244740E+5
1.192000E-2	0.000000E+0	1.242530E+5
1.194000E-2	0.000000E+0	1.247840E+5
1.196000E-2	0.000000E+0	1.240720E+5
1.198000E-2	0.000000E+0	1.240990E+5
1.200000E-2	0.000000E+0	1.241650E+5
1.202000E-2	0.000000E+0	1.245270E+5
1.204000E-2	0.000000E+0	1.244840E+5
1.206000E-2	0.000000E+0	1.249790E+5
1.208000E-2	0.000000E+0	1.247740E+5
1.210000E-2	0.000000E+0	1.247210E+5
1.212000E-2	0.000000E+0	1.239240E+5
1.214000E-2	0.000000E+0	1.240550E+5
1.216000E-2	0.000000E+0	1.246750E+5
1.218000E-2	0.000000E+0	1.244060E+5
1.220000E-2	0.000000E+0	1.245980E+5
1.222000E-2	0.000000E+0	1.247190E+5
1.224000E-2	0.000000E+0	1.246740E+5
1.226000E-2	0.000000E+0	1.237910E+5
1.228000E-2	0.000000E+0	1.246810E+5
1.230000E-2	0.000000E+0	1.240270E+5
1.232000E-2	0.000000E+0	1.247530E+5
1.234000E-2	0.000000E+0	1.246980E+5
1.236000E-2	0.000000E+0	1.245370E+5
1.238000E-2	0.000000E+0	1.243240E+5
1.240000E-2	0.000000E+0	1.242310E+5
1.242000E-2	0.000000E+0	1.250940E+5
1.244000E-2	0.000000E+0	1.247220E+5
1.246000E-2	0.000000E+0	1.238050E+5
1.248000E-2	0.000000E+0	1.245410E+5
1.250000E-2	0.000000E+0	1.246690E+5
1.252000E-2	0.000000E+0	1.247130E+5
1.254000E-2	0.000000E+0	1.240190E+5
1.256000E-2	0.000000E+0	1.246340E+5
1.258000E-2	0.000000E+0	1.250120E+5
1.260000E-2	0.000000E+0	1.249410E+5
1.262000E-2	0.000000E+0	1.239280E+5
1.264000E-2	0.000000E+0	1.246050E+5
1.266000E-2	0.000000E+0	1.245650E+5
1.268000E-2	0.000000E+0	1.246510E+5
1.270000E-2	0.000000E+0	1.245690E+5
1.272000E-2	0.000000E+0	1.243110E+5
1.274000E-2	0.000000E+0	1.243790E+5
1.276000E-2	0.000000E+0	1.250120E+5
1.278000E-2	0.000000E+0	1.245120E+5
1.280000E-2	0.000000E+0	1.244220E+5
1.282000E-2	0.000000E+0	1.237180E+5
1.284000E-2	0.000000E+0	1.245220E+5
1.286000E-2	0.000000E+0	1.250010E+5
1.288000E-2	0.000000E+0	1.246280E+5
1.290000E-2	0.000000E+0	1.240030E+5
1.292000E-2	0.000000E+0	1.245430E+5
1.294000E-2	0.000000E+0	1.244370E+5
1.296000E-2	0.000000E+0	1.243910E+5
1.298000E-2	0.000000E+0	1.246070E+5
1.300000E-2	0.000000E+0	1.240650E+5
1.302000E-2	0.000000E+0	1.247790E+5
1.304000E-2	0.000000E+0	1.244560E+5
1.306000E-2	0.000000E+0	1.241820E+5
1.308000E-2	0.000000E+0	1.250560E+5
1.310000E-2	0.000000E+0	1.248730E+5
1.312000E-2	0.000000E+0	1.243950E+5
1.314000E-2	0.000000E+0	1.243660E+5
1.316000E-2	0.000000E+0	1.246190E+5
1.318000E-2	0.000000E+0	1.242870E+5
1.320000E-2	0.000000E+0	1.247430E+5
1.322000E-2	0.000000E+0	1.242920E+5
1.324000E-2	0.000000E+0	1.241990E+5
1.326000E-2	0.000000E+0	1.247140E+5
1.328000E-2	0.000000E+0	1.250430E+5
1.330000E-2	0.000000E+0	1.248060E+5
1.332000E-2	0.000000E+0	1.250380E+5
1.334000E-2	0.000000E+0	1.242470E+5
1.336000E-2	0.000000E+0	1.242910E+5
1.338000E-2	0.000000E+0	1.240550E+5
1.340000E-2	0.000000E+0	1.246880E+5
1.342000E-2	0.000000E+0	1.250330E+5
1.344000E-2	0.000000E+0	1.246020E+5
1.346000E-2	0.000000E+0	1.243870E+5
1.348000E-2	0.000000E+0	1.244110E+5
1.350000E-2	0.000000E+0	1.244710E+5
1.352000E-2	0.000000E+0	1.246630E+5
1.354000E-2	0.000000E+0	1.246800E+5
1.356000E-2	0.000000E+0	1.242550E+5
1.358000E-2	0.000000E+0	1.232060E+5
1.360000E-2	0.000000E+0	1.241960E+5
1.362000E-2	0.000000E+0	1.240230E+5
1.364000E-2	0.000000E+0	1.240880E+5
1.366000E-2	0.000000E+0	1.239640E+5
1.368000E-2	0.000000E+0	1.247830E+5
1.370000E-2	0.000000E+0	1.246650E+5
1.372000E-2	0.000000E+0	1.245200E+5
1.374000E-2	0.000000E+0	1.242210E+5
1.376000E-2	0.000000E+0	1.247120E+5
1.378000E-2	0.000000E+0	1.253160E+5
1.380000E-2	0.000000E+0	1.239250E+5
1.382000E-2	0.000000E+0	1.237060E+5
1.384000E-2	0.000000E+0	1.240680E+5
1.386000E-2	0.000000E+0	1.248590E+5
1.388000E-2	0.000000E+0	1.244450E+5
1.390000E-2	0.000000E+0	1.245260E+5
1.392000E-2	0.000000E+0	1.241600E+5
1.394000E-2	0.000000E+0	1.251700E+5
1.396000E-2	0.000000E+0	1.238460E+5
1.398000E-2	0.000000E+0	1.250760E+5
1.400000E-2	0.000000E+0	1.244400E+5
1.402000E-2	0.000000E+0	1.244020E+5
1.404000E-2	0.000000E+0	1.248450E+5
1.406000E-2	0.000000E+0	1.241770E+5
1.408000E-2	0.000000E+0	1.249030E+5
1.410000E-2	0.000000E+0	1.245000E+5
1.412000E-2	0.000000E+0	1.241640E+5
1.414000E-2	0.000000E+0	1.240880E+5
1.416000E-2	0.000000E+0	1.249870E+5
1.418000E-2	0.000000E+0	1.245570E+5
1.420000E-2	0.000000E+0	1.248560E+5
1.422000E-2	0.000000E+0	1.242110E+5
1.424000E-2	0.000000E+0	1.241530E+5
1.426000E-2	0.000000E+0	1.247220E+5
1.428000E-2	0.000000E+0	1.246680E+5
1.430000E-2	0.000000E+0	1.245020E+5
1.432000E-2	0.000000E+0	1.249820E+5
1.434000E-2	0.000000E+0	1.243670E+5
1.436000E-2	0.000000E+0	1.244820E+5
1.438000E-2	0.000000E+0	1.244180E+5
1.440000E-2	0.000000E+0	1.243680E+5
1.442000E-2	0.000000E+0	1.247240E+5
1.444000E-2	0.000000E+0	1.248300E+5
1.446000E-2	0.000000E+0	1.245840E+5
1.448000E-2	0.000000E+0	1.242920E+5
1.450000E-2	0.000000E+0	1.244000E+5
1.452000E-2	0.000000E+0	1.246810E+5
1.454000E-2	0.000000E+0	1.244760E+5
1.456000E-2	0.000000E+0	1.244170E+5
1.458000E-2	0.000000E+0	1.240280E+5
1.460000E-2	0.000000E+0	1.240710E+5
1.462000E-2	0.000000E+0	1.251420E+5
1.464000E-2	0.000000E+0	1.245040E+5
1.466000E-2	0.000000E+0	1.242830E+5
1.468000E-2	0.000000E+0	1.247440E+5
1.470000E-2	0.000000E+0	1.239530E+5
1.472000E-2	0.000000E+0	1.241990E+5
1.474000E-2	0.000000E+0	1.246210E+5
1.476000E-2	0.000000E+0	1.242870E+5
1.478000E-2	0.000000E+0	1.249500E+5
1.480000E-2	0.000000E+0	1.245750E+5
1.482000E-2	0.000000E+0	1.245220E+5
1.484000E-2	0.000000E+0	1.244200E+5
1.486000E-2	0.000000E+0	1.245420E+5
1.488000E-2	0.000000E+0	1.240960E+5
1.490000E-2	0.000000E+0	1.245620E+5
1.492000E-2	0.000000E+0	1.244310E+5
1.494000E-2	0.000000E+0	1.247410E+5
1.496000E-2	0.000000E+0	1.247920E+5
1.498000E-2	0.000000E+0	1.246450E+5
1.500000E-2	0.000000E+0	1.245000E+5
1.502000E-2	0.000000E+0	1.245850E+5
1.504000E-2	0.000000E+0	1.253790E+5
1.506000E-2	0.000000E+0	1.243190E+5
1.508000E-2	0.000000E+0	1.246430E+5
1.510000E-2	0.000000E+0	1.247540E+5
1.512000E-2	0.000000E+0	1.246540E+5
1.514000E-2	0.000000E+0	1.238300E+5
1.516000E-2	0.000000E+0	1.245540E+5
1.518000E-2	0.000000E+0	1.248840E+5
1.520000E-2	0.000000E+0	1.241470E+5
1.522000E-2	0.000000E+0	1.244680E+5
1.524000E-2	0.000000E+0	1.248680E+5
1.526000E-2	0.000000E+0	1.238550E+5
1.528000E-2	0.000000E+0	1.247740E+5
1.530000E-2	0.000000E+0	1.248870E+5
1.532000E-2	0.000000E+0	1.246800E+5
1.534000E-2	0.000000E+0	1.243680E+5
1.536000E-2	0.000000E+0	1.242780E+5
1.538000E-2	0.000000E+0	1.244840E+5
1.540000E-2	0.000000E+0	1.243230E+5
1.542000E-2	0.000000E+0	1.240760E+5
1.544000E-2	0.000000E+0	1.245720E+5
1.546000E-2	0.000000E+0	1.237700E+5
1.548000E-2	0.000000E+0	1.241780E+5
1.550000E-2	0.000000E+0	1.246300E+5
1.552000E-2	0.000000E+0	1.243600E+5
1.554000E-2	0.000000E+0	1.243260E+5
1.556000E-2	0.000000E+0	1.249000E+5
1.558000E-2	0.000000E+0	1.246570E+5
1.560000E-2	0.000000E+0	1.244280E+5
1.562000E-2	0.000000E+0	1.240540E+5
1.564000E-2	0.000000E+0	1.239720E+5
1.566000E-2	0.000000E+0	1.243320E+5
1.568000E-2	0.000000E+0	1.242800E+5
1.570000E-2	0.000000E+0	1.245950E+5
1.572000E-2	0.000000E+0	1.244680E+5
1.574000E-2	0.000000E+0	1.245000E+5
1.576000E-2	0.000000E+0	1.241780E+5
1.578000E-2	0.000000E+0	1.241860E+5
1.580000E-2	0.000000E+0	1.250150E+5
1.582000E-2	0.000000E+0	1.245570E+5
1.584000E-2	0.000000E+0	1.241690E+5
1.586000E-2	0.000000E+0	1.242410E+5
1.588000E-2	0.000000E+0	1.242360E+5
1.590000E-2	0.000000E+0	1.244170E+5
1.592000E-2	0.000000E+0	1.240310E+5
1.594000E-2	0.000000E+0	1.243460E+5
1.596000E-2	0.000000E+0	1.243330E+5
1.598000E-2	0.000000E+0	1.242920E+5
1.600000E-2	0.000000E+0	1.243600E+5
1.602000E-2	0.000000E+0	1.243650E+5
1.604000E-2	0.000000E+0	1.244130E+5
1.606000E-2	0.000000E+0	1.246560E+5
1.608000E-2	0.000000E+0	1.243920E+5
1.610000E-2	0.000000E+0	1.244250E+5
1.612000E-2	0.000000E+0	1.236270E+5
1.614000E-2	0.000000E+0	1.246280E+5
1.616000E-2	0.000000E+0	1.249860E+5
1.618000E-2	0.000000E+0	1.235200E+5
1.620000E-2	0.000000E+0	1.239540E+5
1.622000E-2	0.000000E+0	1.238280E+5
1.624000E-2	0.000000E+0	1.244220E+5
1.626000E-2	0.000000E+0	1.239080E+5
1.628000E-2	0.000000E+0	1.241550E+5
1.630000E-2	0.000000E+0	1.242650E+5
1.632000E-2	0.000000E+0	1.242380E+5
1.634000E-2	0.000000E+0	1.243860E+5
1.636000E-2	0.000000E+0	1.240150E+5
1.638000E-2	0.000000E+0	1.242280E+5
1.640000E-2	0.000000E+0	1.239790E+5
1.642000E-2	0.000000E+0	1.241970E+5
1.644000E-2	0.000000E+0	1.245330E+5
1.646000E-2	0.000000E+0	1.234800E+5
1.648000E-2	0.000000E+0	1.247840E+5
1.650000E-2	0.000000E+0	1.245940E+5
1.652000E-2	0.000000E+0	1.242510E+5
1.654000E-2	0.000000E+0	1.235490E+5
1.656000E-2	0.000000E+0	1.238800E+5
1.658000E-2	0.000000E+0	1.244720E+5
1.660000E-2	0.000000E+0	1.236550E+5
1.662000E-2	0.000000E+0	1.239150E+5
1.664000E-2	0.000000E+0	1.246900E+5
1.666000E-2	0.000000E+0	1.244910E+5
1.668000E-2	0.000000E+0	1.239280E+5
1.670000E-2	0.000000E+0	1.240190E+5
1.672000E-2	0.000000E+0	1.241910E+5
1.674000E-2	0.000000E+0	1.233800E+5
1.676000E-2	0.000000E+0	1.238020E+5
1.678000E-2	0.000000E+0	1.242070E+5
1.680000E-2	0.000000E+0	1.241600E+5
1.682000E-2	0.000000E+0	1.239320E+5
1.684000E-2	0.000000E+0	1.233190E+5
1.686000E-2	0.000000E+0	1.234860E+5
1.688000E-2	0.000000E+0	1.233950E+5
1.690000E-2	0.000000E+0	1.227620E+5
1.692000E-2	0.000000E+0	1.231820E+5
1.694000E-2	0.000000E+0	1.230330E+5
1.696000E-2	0.000000E+0	1.224260E+5
1.698000E-2	0.000000E+0	1.222670E+5
1.700000E-2	0.000000E+0	1.219550E+5
1.702000E-2	0.000000E+0	1.214670E+5
1.704000E-2	0.000000E+0	1.203670E+5
1.706000E-2	0.000000E+0	1.195300E+5
1.708000E-2	0.000000E+0	1.190680E+5
1.710000E-2	0.000000E+0	1.161900E+5
1.712000E-2	0.000000E+0	1.139350E+5
1.714000E-2	0.000000E+0	1.085740E+5
1.716000E-2	0.000000E+0	1.011570E+5
1.718000E-2	0.000000E+0	9.254700E+4
1.720000E-2	0.000000E+0	8.331900E+4
1.722000E-2	0.000000E+0	7.654300E+4
1.724000E-2	0.000000E+0	7.374600E+4
1.726000E-2	0.000000E+0	7.602700E+4
1.728000E-2	0.000000E+0	8.234800E+4
1.730000E-2	0.000000E+0	9.110400E+4
1.732000E-2	0.000000E+0	9.939000E+4
1.734000E-2	0.000000E+0	1.070450E+5
1.736000E-2	0.000000E+0	1.121510E+5
1.738000E-2	0.000000E+0	1.156440E+5
1.740000E-2	0.000000E+0	1.183270E+5
1.742000E-2	0.000000E+0	1.197240E+5
1.744000E-2	0.000000E+0	1.208020E+5
1.746000E-2	0.000000E+0	1.214390E+5
1.748000E-2	0.000000E+0	1.218530E+5
1.750000E-2	0.000000E+0	1.220540E+5
1.752000E-2	0.000000E+0	1.221640E+5
1.754000E-2	0.000000E+0	1.237860E+5
1.756000E-2	0.000000E+0	1.224870E+5
1.758000E-2	0.000000E+0	1.228880E+5
1.760000E-2	0.000000E+0	1.235230E+5
1.762000E-2	0.000000E+0	1.231690E+5
1.764000E-2	0.000000E+0	1.236840E+5
1.766000E-2	0.000000E+0	1.236340E+5
1.768000E-2	0.000000E+0	1.240650E+5
1.770000E-2	0.000000E+0	1.240470E+5
1.772000E-2	0.000000E+0	1.242090E+5
1.774000E-2	0.000000E+0	1.234990E+5
1.776000E-2	0.000000E+0	1.236550E+5
1.778000E-2	0.000000E+0	1.238630E+5
1.780000E-2	0.000000E+0	1.239600E+5
1.782000E-2	0.000000E+0	1.240850E+5
1.784000E-2	0.000000E+0	1.245220E+5
1.786000E-2	0.000000E+0	1.247020E+5
1.788000E-2	0.000000E+0	1.242400E+5
1.790000E-2	0.000000E+0	1.236740E+5
1.792000E-2	0.000000E+0	1.242510E+5
1.794000E-2	0.000000E+0	1.242990E+5
1.796000E-2	0.000000E+0	1.245300E+5
1.798000E-2	0.000000E+0	1.241210E+5
1.800000E-2	0.000000E+0	1.241360E+5
1.802000E-2	0.000000E+0	1.238120E+5
1.804000E-2	0.000000E+0	1.244160E+5
1.806000E-2	0.000000E+0	1.242070E+5
1.808000E-2	0.000000E+0	1.239440E+5
1.810000E-2	0.000000E+0	1.244890E+5
1.812000E-2	0.000000E+0	1.243760E+5
1.814000E-2	0.000000E+0	1.239270E+5
1.816000E-2	0.000000E+0	1.242900E+5
1.818000E-2	0.000000E+0	1.238880E+5
1.820000E-2	0.000000E+0	1.245570E+5
1.822000E-2	0.000000E+0	1.236880E+5
1.824000E-2	0.000000E+0	1.238940E+5
1.826000E-2	0.000000E+0	1.240110E+5
1.828000E-2	0.000000E+0	1.246100E+5
1.830000E-2	0.000000E+0	1.241410E+5
1.832000E-2	0.000000E+0	1.245380E+5
1.834000E-2	0.000000E+0	1.244970E+5
1.836000E-2	0.000000E+0	1.236150E+5
1.838000E-2	0.000000E+0	1.247130E+5
1.840000E-2	0.000000E+0	1.249930E+5
1.842000E-2	0.000000E+0	1.245520E+5
1.844000E-2	0.000000E+0	1.248270E+5
1.846000E-2	0.000000E+0	1.245860E+5
1.848000E-2	0.000000E+0	1.236240E+5
1.850000E-2	0.000000E+0	1.242680E+5
1.852000E-2	0.000000E+0	1.240660E+5
1.854000E-2	0.000000E+0	1.239930E+5
1.856000E-2	0.000000E+0	1.245200E+5
1.858000E-2	0.000000E+0	1.237780E+5
1.860000E-2	0.000000E+0	1.242730E+5
1.862000E-2	0.000000E+0	1.244950E+5
1.864000E-2	0.000000E+0	1.253180E+5
1.866000E-2	0.000000E+0	1.235060E+5
1.868000E-2	0.000000E+0	1.247990E+5
1.870000E-2	0.000000E+0	1.243380E+5
1.872000E-2	0.000000E+0	1.243160E+5
1.874000E-2	0.000000E+0	1.243210E+5
1.876000E-2	0.000000E+0	1.238050E+5
1.878000E-2	0.000000E+0	1.238280E+5
1.880000E-2	0.000000E+0	1.241350E+5
1.882000E-2	0.000000E+0	1.245180E+5
1.884000E-2	0.000000E+0	1.242770E+5
1.886000E-2	0.000000E+0	1.246960E+5
1.888000E-2	0.000000E+0	1.241410E+5
1.890000E-2	0.000000E+0	1.242410E+5
1.892000E-2	0.000000E+0	1.240920E+5
1.894000E-2	0.000000E+0	1.243840E+5
1.896000E-2	0.000000E+0	1.244280E+5
1.898000E-2	0.000000E+0	1.253910E+5
1.900000E-2	0.000000E+0	1.242600E+5
1.902000E-2	0.000000E+0	1.241720E+5
1.904000E-2	0.000000E+0	1.243550E+5
1.906000E-2	0.000000E+0	1.243160E+5
1.908000E-2	0.000000E+0	1.248630E+5
1.910000E-2	0.000000E+0	1.236740E+5
1.912000E-2	0.000000E+0	1.242570E+5
1.914000E-2	0.000000E+0	1.249780E+5
1.916000E-2	0.000000E+0	1.241590E+5
1.918000E-2	0.000000E+0	1.243790E+5
1.920000E-2	0.000000E+0	1.238680E+5
1.922000E-2	0.000000E+0	1.241070E+5
1.924000E-2	0.000000E+0	1.253430E+5
1.926000E-2	0.000000E+0	1.245530E+5
1.928000E-2	0.000000E+0	1.243960E+5
1.930000E-2	0.000000E+0	1.242550E+5
1.932000E-2	0.000000E+0	1.248900E+5
1.934000E-2	0.000000E+0	1.245480E+5
1.936000E-2	0.000000E+0	1.241920E+5
1.938000E-2	0.000000E+0	1.245890E+5
1.940000E-2	0.000000E+0	1.240190E+5
1.942000E-2	0.000000E+0	1.243930E+5
1.944000E-2	0.000000E+0	1.243970E+5
1.946000E-2	0.000000E+0	1.244400E+5
1.948000E-2	0.000000E+0	1.243910E+5
1.950000E-2	0.000000E+0	1.247370E+5
1.952000E-2	0.000000E+0	1.244790E+5
1.954000E-2	0.000000E+0	1.245460E+5
1.956000E-2	0.000000E+0	1.243590E+5
1.958000E-2	0.000000E+0	1.243740E+5
1.960000E-2	0.000000E+0	1.238170E+5
1.962000E-2	0.000000E+0	1.243220E+5
1.964000E-2	0.000000E+0	1.245920E+5
1.966000E-2	0.000000E+0	1.244670E+5
1.968000E-2	0.000000E+0	1.243510E+5
1.970000E-2	0.000000E+0	1.248340E+5
1.972000E-2	0.000000E+0	1.240650E+5
1.974000E-2	0.000000E+0	1.240720E+5
1.976000E-2	0.000000E+0	1.239630E+5
1.978000E-2	0.000000E+0	1.242990E+5
1.980000E-2	0.000000E+0	1.245020E+5
1.982000E-2	0.000000E+0	1.246830E+5
1.984000E-2	0.000000E+0	1.242520E+5
1.986000E-2	0.000000E+0	1.248150E+5
1.988000E-2	0.000000E+0	1.249780E+5
1.990000E-2	0.000000E+0	1.249690E+5
1.992000E-2	0.000000E+0	1.247740E+5
1.994000E-2	0.000000E+0	1.248690E+5
1.996000E-2	0.000000E+0	1.245060E+5
1.998000E-2	0.000000E+0	1.242370E+5
