

live time:  229888.340000
real time:  266400.910000
sweeps:  11494417.000000
0.000000E+0	0.000000E+0	0.000000E+0
2.000000E-5	0.000000E+0	1.147660E+5
4.000000E-5	0.000000E+0	1.148380E+5
6.000000E-5	0.000000E+0	1.150590E+5
8.000000E-5	0.000000E+0	1.154860E+5
1.000000E-4	0.000000E+0	1.144990E+5
1.200000E-4	0.000000E+0	1.150720E+5
1.400000E-4	0.000000E+0	1.156710E+5
1.600000E-4	0.000000E+0	1.156340E+5
1.800000E-4	0.000000E+0	1.153480E+5
2.000000E-4	0.000000E+0	1.155300E+5
2.200000E-4	0.000000E+0	1.156230E+5
2.400000E-4	0.000000E+0	1.154300E+5
2.600000E-4	0.000000E+0	1.157720E+5
2.800000E-4	0.000000E+0	1.152590E+5
3.000000E-4	0.000000E+0	1.154790E+5
3.200000E-4	0.000000E+0	1.148300E+5
3.400000E-4	0.000000E+0	1.153640E+5
3.600000E-4	0.000000E+0	1.149710E+5
3.800000E-4	0.000000E+0	1.154950E+5
4.000000E-4	0.000000E+0	1.157680E+5
4.200000E-4	0.000000E+0	1.153920E+5
4.400000E-4	0.000000E+0	1.146260E+5
4.600000E-4	0.000000E+0	1.153300E+5
4.800000E-4	0.000000E+0	1.155970E+5
5.000000E-4	0.000000E+0	1.153340E+5
5.200000E-4	0.000000E+0	1.155120E+5
5.400000E-4	0.000000E+0	1.154610E+5
5.600000E-4	0.000000E+0	1.155340E+5
5.800000E-4	0.000000E+0	1.150800E+5
6.000000E-4	0.000000E+0	1.148520E+5
6.200000E-4	0.000000E+0	1.149350E+5
6.400000E-4	0.000000E+0	1.151340E+5
6.600000E-4	0.000000E+0	1.150150E+5
6.800000E-4	0.000000E+0	1.148980E+5
7.000000E-4	0.000000E+0	1.152970E+5
7.200000E-4	0.000000E+0	1.155350E+5
7.400000E-4	0.000000E+0	1.150250E+5
7.600000E-4	0.000000E+0	1.150180E+5
7.800000E-4	0.000000E+0	1.150460E+5
8.000000E-4	0.000000E+0	1.154960E+5
8.200000E-4	0.000000E+0	1.149720E+5
8.400000E-4	0.000000E+0	1.153770E+5
8.600000E-4	0.000000E+0	1.153180E+5
8.800000E-4	0.000000E+0	1.153020E+5
9.000000E-4	0.000000E+0	1.144770E+5
9.200000E-4	0.000000E+0	1.150610E+5
9.400000E-4	0.000000E+0	1.155200E+5
9.600000E-4	0.000000E+0	1.152140E+5
9.800000E-4	0.000000E+0	1.153550E+5
1.000000E-3	0.000000E+0	1.149230E+5
1.020000E-3	0.000000E+0	1.154510E+5
1.040000E-3	0.000000E+0	1.155290E+5
1.060000E-3	0.000000E+0	1.150000E+5
1.080000E-3	0.000000E+0	1.149980E+5
1.100000E-3	0.000000E+0	1.153840E+5
1.120000E-3	0.000000E+0	1.150550E+5
1.140000E-3	0.000000E+0	1.152060E+5
1.160000E-3	0.000000E+0	1.152440E+5
1.180000E-3	0.000000E+0	1.149790E+5
1.200000E-3	0.000000E+0	1.155110E+5
1.220000E-3	0.000000E+0	1.149580E+5
1.240000E-3	0.000000E+0	1.153110E+5
1.260000E-3	0.000000E+0	1.147450E+5
1.280000E-3	0.000000E+0	1.152760E+5
1.300000E-3	0.000000E+0	1.155870E+5
1.320000E-3	0.000000E+0	1.151500E+5
1.340000E-3	0.000000E+0	1.157160E+5
1.360000E-3	0.000000E+0	1.152690E+5
1.380000E-3	0.000000E+0	1.152780E+5
1.400000E-3	0.000000E+0	1.154800E+5
1.420000E-3	0.000000E+0	1.152680E+5
1.440000E-3	0.000000E+0	1.154480E+5
1.460000E-3	0.000000E+0	1.157010E+5
1.480000E-3	0.000000E+0	1.152460E+5
1.500000E-3	0.000000E+0	1.142920E+5
1.520000E-3	0.000000E+0	1.151540E+5
1.540000E-3	0.000000E+0	1.154470E+5
1.560000E-3	0.000000E+0	1.155080E+5
1.580000E-3	0.000000E+0	1.151250E+5
1.600000E-3	0.000000E+0	1.157290E+5
1.620000E-3	0.000000E+0	1.161010E+5
1.640000E-3	0.000000E+0	1.153680E+5
1.660000E-3	0.000000E+0	1.152440E+5
1.680000E-3	0.000000E+0	1.152800E+5
1.700000E-3	0.000000E+0	1.149500E+5
1.720000E-3	0.000000E+0	1.148360E+5
1.740000E-3	0.000000E+0	1.152520E+5
1.760000E-3	0.000000E+0	1.158090E+5
1.780000E-3	0.000000E+0	1.155590E+5
1.800000E-3	0.000000E+0	1.150360E+5
1.820000E-3	0.000000E+0	1.157300E+5
1.840000E-3	0.000000E+0	1.156160E+5
1.860000E-3	0.000000E+0	1.153110E+5
1.880000E-3	0.000000E+0	1.154270E+5
1.900000E-3	0.000000E+0	1.153710E+5
1.920000E-3	0.000000E+0	1.153500E+5
1.940000E-3	0.000000E+0	1.150670E+5
1.960000E-3	0.000000E+0	1.154090E+5
1.980000E-3	0.000000E+0	1.158000E+5
2.000000E-3	0.000000E+0	1.153700E+5
2.020000E-3	0.000000E+0	1.154780E+5
2.040000E-3	0.000000E+0	1.152230E+5
2.060000E-3	0.000000E+0	1.162870E+5
2.080000E-3	0.000000E+0	1.146380E+5
2.100000E-3	0.000000E+0	1.147450E+5
2.120000E-3	0.000000E+0	1.154950E+5
2.140000E-3	0.000000E+0	1.153160E+5
2.160000E-3	0.000000E+0	1.151730E+5
2.180000E-3	0.000000E+0	1.153790E+5
2.200000E-3	0.000000E+0	1.150230E+5
2.220000E-3	0.000000E+0	1.146390E+5
2.240000E-3	0.000000E+0	1.153810E+5
2.260000E-3	0.000000E+0	1.153400E+5
2.280000E-3	0.000000E+0	1.156130E+5
2.300000E-3	0.000000E+0	1.158160E+5
2.320000E-3	0.000000E+0	1.151350E+5
2.340000E-3	0.000000E+0	1.145290E+5
2.360000E-3	0.000000E+0	1.152600E+5
2.380000E-3	0.000000E+0	1.147970E+5
2.400000E-3	0.000000E+0	1.155710E+5
2.420000E-3	0.000000E+0	1.151940E+5
2.440000E-3	0.000000E+0	1.150710E+5
2.460000E-3	0.000000E+0	1.150990E+5
2.480000E-3	0.000000E+0	1.150130E+5
2.500000E-3	0.000000E+0	1.153210E+5
2.520000E-3	0.000000E+0	1.154880E+5
2.540000E-3	0.000000E+0	1.155170E+5
2.560000E-3	0.000000E+0	1.149100E+5
2.580000E-3	0.000000E+0	1.154430E+5
2.600000E-3	0.000000E+0	1.155230E+5
2.620000E-3	0.000000E+0	1.148470E+5
2.640000E-3	0.000000E+0	1.154340E+5
2.660000E-3	0.000000E+0	1.148920E+5
2.680000E-3	0.000000E+0	1.158230E+5
2.700000E-3	0.000000E+0	1.151700E+5
2.720000E-3	0.000000E+0	1.148140E+5
2.740000E-3	0.000000E+0	1.151940E+5
2.760000E-3	0.000000E+0	1.156090E+5
2.780000E-3	0.000000E+0	1.151990E+5
2.800000E-3	0.000000E+0	1.149180E+5
2.820000E-3	0.000000E+0	1.148910E+5
2.840000E-3	0.000000E+0	1.152850E+5
2.860000E-3	0.000000E+0	1.152130E+5
2.880000E-3	0.000000E+0	1.156890E+5
2.900000E-3	0.000000E+0	1.145880E+5
2.920000E-3	0.000000E+0	1.153050E+5
2.940000E-3	0.000000E+0	1.151530E+5
2.960000E-3	0.000000E+0	1.151720E+5
2.980000E-3	0.000000E+0	1.151990E+5
3.000000E-3	0.000000E+0	1.149010E+5
3.020000E-3	0.000000E+0	1.155520E+5
3.040000E-3	0.000000E+0	1.154690E+5
3.060000E-3	0.000000E+0	1.151880E+5
3.080000E-3	0.000000E+0	1.149330E+5
3.100000E-3	0.000000E+0	1.155900E+5
3.120000E-3	0.000000E+0	1.151370E+5
3.140000E-3	0.000000E+0	1.147020E+5
3.160000E-3	0.000000E+0	1.148730E+5
3.180000E-3	0.000000E+0	1.148290E+5
3.200000E-3	0.000000E+0	1.155080E+5
3.220000E-3	0.000000E+0	1.150070E+5
3.240000E-3	0.000000E+0	1.152180E+5
3.260000E-3	0.000000E+0	1.154240E+5
3.280000E-3	0.000000E+0	1.155640E+5
3.300000E-3	0.000000E+0	1.155550E+5
3.320000E-3	0.000000E+0	1.153790E+5
3.340000E-3	0.000000E+0	1.151180E+5
3.360000E-3	0.000000E+0	1.153970E+5
3.380000E-3	0.000000E+0	1.147790E+5
3.400000E-3	0.000000E+0	1.153280E+5
3.420000E-3	0.000000E+0	1.152310E+5
3.440000E-3	0.000000E+0	1.148950E+5
3.460000E-3	0.000000E+0	1.156050E+5
3.480000E-3	0.000000E+0	1.156180E+5
3.500000E-3	0.000000E+0	1.156340E+5
3.520000E-3	0.000000E+0	1.152610E+5
3.540000E-3	0.000000E+0	1.161230E+5
3.560000E-3	0.000000E+0	1.152710E+5
3.580000E-3	0.000000E+0	1.153720E+5
3.600000E-3	0.000000E+0	1.142500E+5
3.620000E-3	0.000000E+0	1.152250E+5
3.640000E-3	0.000000E+0	1.152970E+5
3.660000E-3	0.000000E+0	1.152570E+5
3.680000E-3	0.000000E+0	1.154490E+5
3.700000E-3	0.000000E+0	1.152120E+5
3.720000E-3	0.000000E+0	1.148160E+5
3.740000E-3	0.000000E+0	1.152460E+5
3.760000E-3	0.000000E+0	1.153930E+5
3.780000E-3	0.000000E+0	1.153510E+5
3.800000E-3	0.000000E+0	1.149470E+5
3.820000E-3	0.000000E+0	1.148370E+5
3.840000E-3	0.000000E+0	1.154190E+5
3.860000E-3	0.000000E+0	1.152490E+5
3.880000E-3	0.000000E+0	1.147990E+5
3.900000E-3	0.000000E+0	1.145230E+5
3.920000E-3	0.000000E+0	1.155390E+5
3.940000E-3	0.000000E+0	1.153250E+5
3.960000E-3	0.000000E+0	1.151980E+5
3.980000E-3	0.000000E+0	1.153890E+5
4.000000E-3	0.000000E+0	1.150450E+5
4.020000E-3	0.000000E+0	1.155200E+5
4.040000E-3	0.000000E+0	1.152370E+5
4.060000E-3	0.000000E+0	1.147030E+5
4.080000E-3	0.000000E+0	1.151870E+5
4.100000E-3	0.000000E+0	1.153180E+5
4.120000E-3	0.000000E+0	1.150370E+5
4.140000E-3	0.000000E+0	1.154650E+5
4.160000E-3	0.000000E+0	1.148750E+5
4.180000E-3	0.000000E+0	1.153450E+5
4.200000E-3	0.000000E+0	1.147830E+5
4.220000E-3	0.000000E+0	1.155280E+5
4.240000E-3	0.000000E+0	1.150570E+5
4.260000E-3	0.000000E+0	1.150350E+5
4.280000E-3	0.000000E+0	1.160150E+5
4.300000E-3	0.000000E+0	1.149490E+5
4.320000E-3	0.000000E+0	1.157740E+5
4.340000E-3	0.000000E+0	1.150990E+5
4.360000E-3	0.000000E+0	1.153940E+5
4.380000E-3	0.000000E+0	1.145610E+5
4.400000E-3	0.000000E+0	1.162780E+5
4.420000E-3	0.000000E+0	1.149400E+5
4.440000E-3	0.000000E+0	1.154640E+5
4.460000E-3	0.000000E+0	1.156510E+5
4.480000E-3	0.000000E+0	1.151680E+5
4.500000E-3	0.000000E+0	1.148130E+5
4.520000E-3	0.000000E+0	1.155420E+5
4.540000E-3	0.000000E+0	1.155160E+5
4.560000E-3	0.000000E+0	1.156430E+5
4.580000E-3	0.000000E+0	1.158120E+5
4.600000E-3	0.000000E+0	1.158190E+5
4.620000E-3	0.000000E+0	1.150900E+5
4.640000E-3	0.000000E+0	1.155760E+5
4.660000E-3	0.000000E+0	1.151750E+5
4.680000E-3	0.000000E+0	1.152990E+5
4.700000E-3	0.000000E+0	1.151820E+5
4.720000E-3	0.000000E+0	1.155180E+5
4.740000E-3	0.000000E+0	1.150890E+5
4.760000E-3	0.000000E+0	1.148140E+5
4.780000E-3	0.000000E+0	1.147210E+5
4.800000E-3	0.000000E+0	1.157030E+5
4.820000E-3	0.000000E+0	1.150500E+5
4.840000E-3	0.000000E+0	1.150730E+5
4.860000E-3	0.000000E+0	1.152620E+5
4.880000E-3	0.000000E+0	1.152680E+5
4.900000E-3	0.000000E+0	1.155640E+5
4.920000E-3	0.000000E+0	1.150170E+5
4.940000E-3	0.000000E+0	1.158720E+5
4.960000E-3	0.000000E+0	1.153630E+5
4.980000E-3	0.000000E+0	1.149310E+5
5.000000E-3	0.000000E+0	1.146430E+5
5.020000E-3	0.000000E+0	1.150740E+5
5.040000E-3	0.000000E+0	1.151570E+5
5.060000E-3	0.000000E+0	1.156970E+5
5.080000E-3	0.000000E+0	1.153430E+5
5.100000E-3	0.000000E+0	1.153910E+5
5.120000E-3	0.000000E+0	1.156610E+5
5.140000E-3	0.000000E+0	1.150830E+5
5.160000E-3	0.000000E+0	1.157650E+5
5.180000E-3	0.000000E+0	1.147230E+5
5.200000E-3	0.000000E+0	1.147600E+5
5.220000E-3	0.000000E+0	1.149590E+5
5.240000E-3	0.000000E+0	1.145720E+5
5.260000E-3	0.000000E+0	1.153350E+5
5.280000E-3	0.000000E+0	1.143480E+5
5.300000E-3	0.000000E+0	1.145830E+5
5.320000E-3	0.000000E+0	1.145800E+5
5.340000E-3	0.000000E+0	1.147240E+5
5.360000E-3	0.000000E+0	1.148700E+5
5.380000E-3	0.000000E+0	1.146200E+5
5.400000E-3	0.000000E+0	1.144600E+5
5.420000E-3	0.000000E+0	1.146210E+5
5.440000E-3	0.000000E+0	1.140980E+5
5.460000E-3	0.000000E+0	1.147030E+5
5.480000E-3	0.000000E+0	1.138750E+5
5.500000E-3	0.000000E+0	1.137260E+5
5.520000E-3	0.000000E+0	1.143000E+5
5.540000E-3	0.000000E+0	1.137640E+5
5.560000E-3	0.000000E+0	1.142630E+5
5.580000E-3	0.000000E+0	1.136050E+5
5.600000E-3	0.000000E+0	1.139060E+5
5.620000E-3	0.000000E+0	1.124690E+5
5.640000E-3	0.000000E+0	1.117900E+5
5.660000E-3	0.000000E+0	1.107260E+5
5.680000E-3	0.000000E+0	1.088050E+5
5.700000E-3	0.000000E+0	1.077150E+5
5.720000E-3	0.000000E+0	1.042070E+5
5.740000E-3	0.000000E+0	9.917100E+4
5.760000E-3	0.000000E+0	9.311100E+4
5.780000E-3	0.000000E+0	8.428800E+4
5.800000E-3	0.000000E+0	7.581500E+4
5.820000E-3	0.000000E+0	7.008900E+4
5.840000E-3	0.000000E+0	6.812800E+4
5.860000E-3	0.000000E+0	7.043600E+4
5.880000E-3	0.000000E+0	7.699300E+4
5.900000E-3	0.000000E+0	8.601200E+4
5.920000E-3	0.000000E+0	9.448100E+4
5.940000E-3	0.000000E+0	1.015690E+5
5.960000E-3	0.000000E+0	1.052720E+5
5.980000E-3	0.000000E+0	1.085070E+5
6.000000E-3	0.000000E+0	1.106390E+5
6.020000E-3	0.000000E+0	1.112960E+5
6.040000E-3	0.000000E+0	1.119810E+5
6.060000E-3	0.000000E+0	1.126640E+5
6.080000E-3	0.000000E+0	1.131150E+5
6.100000E-3	0.000000E+0	1.132360E+5
6.120000E-3	0.000000E+0	1.136500E+5
6.140000E-3	0.000000E+0	1.140490E+5
6.160000E-3	0.000000E+0	1.136750E+5
6.180000E-3	0.000000E+0	1.143320E+5
6.200000E-3	0.000000E+0	1.144530E+5
6.220000E-3	0.000000E+0	1.142040E+5
6.240000E-3	0.000000E+0	1.143730E+5
6.260000E-3	0.000000E+0	1.149520E+5
6.280000E-3	0.000000E+0	1.147680E+5
6.300000E-3	0.000000E+0	1.149660E+5
6.320000E-3	0.000000E+0	1.144350E+5
6.340000E-3	0.000000E+0	1.149940E+5
6.360000E-3	0.000000E+0	1.147010E+5
6.380000E-3	0.000000E+0	1.151640E+5
6.400000E-3	0.000000E+0	1.152980E+5
6.420000E-3	0.000000E+0	1.156110E+5
6.440000E-3	0.000000E+0	1.142850E+5
6.460000E-3	0.000000E+0	1.148640E+5
6.480000E-3	0.000000E+0	1.154280E+5
6.500000E-3	0.000000E+0	1.147960E+5
6.520000E-3	0.000000E+0	1.148240E+5
6.540000E-3	0.000000E+0	1.151840E+5
6.560000E-3	0.000000E+0	1.151960E+5
6.580000E-3	0.000000E+0	1.149350E+5
6.600000E-3	0.000000E+0	1.147350E+5
6.620000E-3	0.000000E+0	1.149280E+5
6.640000E-3	0.000000E+0	1.149130E+5
6.660000E-3	0.000000E+0	1.150690E+5
6.680000E-3	0.000000E+0	1.150770E+5
6.700000E-3	0.000000E+0	1.151060E+5
6.720000E-3	0.000000E+0	1.149380E+5
6.740000E-3	0.000000E+0	1.151330E+5
6.760000E-3	0.000000E+0	1.152230E+5
6.780000E-3	0.000000E+0	1.154420E+5
6.800000E-3	0.000000E+0	1.148960E+5
6.820000E-3	0.000000E+0	1.151380E+5
6.840000E-3	0.000000E+0	1.151340E+5
6.860000E-3	0.000000E+0	1.160510E+5
6.880000E-3	0.000000E+0	1.148910E+5
6.900000E-3	0.000000E+0	1.151570E+5
6.920000E-3	0.000000E+0	1.158830E+5
6.940000E-3	0.000000E+0	1.150460E+5
6.960000E-3	0.000000E+0	1.140240E+5
6.980000E-3	0.000000E+0	1.153870E+5
7.000000E-3	0.000000E+0	1.156050E+5
7.020000E-3	0.000000E+0	1.151590E+5
7.040000E-3	0.000000E+0	1.146850E+5
7.060000E-3	0.000000E+0	1.152740E+5
7.080000E-3	0.000000E+0	1.152630E+5
7.100000E-3	0.000000E+0	1.147500E+5
7.120000E-3	0.000000E+0	1.151630E+5
7.140000E-3	0.000000E+0	1.155090E+5
7.160000E-3	0.000000E+0	1.156020E+5
7.180000E-3	0.000000E+0	1.156300E+5
7.200000E-3	0.000000E+0	1.147240E+5
7.220000E-3	0.000000E+0	1.151370E+5
7.240000E-3	0.000000E+0	1.152970E+5
7.260000E-3	0.000000E+0	1.157140E+5
7.280000E-3	0.000000E+0	1.150660E+5
7.300000E-3	0.000000E+0	1.153190E+5
7.320000E-3	0.000000E+0	1.151770E+5
7.340000E-3	0.000000E+0	1.154270E+5
7.360000E-3	0.000000E+0	1.151280E+5
7.380000E-3	0.000000E+0	1.155580E+5
7.400000E-3	0.000000E+0	1.150390E+5
7.420000E-3	0.000000E+0	1.155400E+5
7.440000E-3	0.000000E+0	1.152960E+5
7.460000E-3	0.000000E+0	1.149390E+5
7.480000E-3	0.000000E+0	1.152920E+5
7.500000E-3	0.000000E+0	1.142980E+5
7.520000E-3	0.000000E+0	1.154360E+5
7.540000E-3	0.000000E+0	1.154310E+5
7.560000E-3	0.000000E+0	1.154360E+5
7.580000E-3	0.000000E+0	1.148510E+5
7.600000E-3	0.000000E+0	1.148520E+5
7.620000E-3	0.000000E+0	1.156590E+5
7.640000E-3	0.000000E+0	1.151990E+5
7.660000E-3	0.000000E+0	1.157780E+5
7.680000E-3	0.000000E+0	1.154920E+5
7.700000E-3	0.000000E+0	1.150830E+5
7.720000E-3	0.000000E+0	1.152730E+5
7.740000E-3	0.000000E+0	1.148840E+5
7.760000E-3	0.000000E+0	1.159090E+5
7.780000E-3	0.000000E+0	1.150530E+5
7.800000E-3	0.000000E+0	1.156220E+5
7.820000E-3	0.000000E+0	1.152240E+5
7.840000E-3	0.000000E+0	1.153030E+5
7.860000E-3	0.000000E+0	1.152160E+5
7.880000E-3	0.000000E+0	1.154600E+5
7.900000E-3	0.000000E+0	1.157340E+5
7.920000E-3	0.000000E+0	1.150600E+5
7.940000E-3	0.000000E+0	1.151930E+5
7.960000E-3	0.000000E+0	1.151510E+5
7.980000E-3	0.000000E+0	1.150860E+5
8.000000E-3	0.000000E+0	1.146600E+5
8.020000E-3	0.000000E+0	1.148900E+5
8.040000E-3	0.000000E+0	1.144060E+5
8.060000E-3	0.000000E+0	1.153550E+5
8.080000E-3	0.000000E+0	1.163720E+5
8.100000E-3	0.000000E+0	1.148000E+5
8.120000E-3	0.000000E+0	1.148920E+5
8.140000E-3	0.000000E+0	1.154390E+5
8.160000E-3	0.000000E+0	1.150890E+5
8.180000E-3	0.000000E+0	1.149680E+5
8.200000E-3	0.000000E+0	1.152580E+5
8.220000E-3	0.000000E+0	1.148090E+5
8.240000E-3	0.000000E+0	1.154940E+5
8.260000E-3	0.000000E+0	1.146050E+5
8.280000E-3	0.000000E+0	1.157150E+5
8.300000E-3	0.000000E+0	1.155550E+5
8.320000E-3	0.000000E+0	1.151660E+5
8.340000E-3	0.000000E+0	1.156460E+5
8.360000E-3	0.000000E+0	1.146910E+5
8.380000E-3	0.000000E+0	1.154810E+5
8.400000E-3	0.000000E+0	1.153610E+5
8.420000E-3	0.000000E+0	1.150280E+5
8.440000E-3	0.000000E+0	1.154400E+5
8.460000E-3	0.000000E+0	1.154990E+5
8.480000E-3	0.000000E+0	1.152290E+5
8.500000E-3	0.000000E+0	1.154110E+5
8.520000E-3	0.000000E+0	1.151720E+5
8.540000E-3	0.000000E+0	1.154400E+5
8.560000E-3	0.000000E+0	1.157540E+5
8.580000E-3	0.000000E+0	1.148700E+5
8.600000E-3	0.000000E+0	1.154390E+5
8.620000E-3	0.000000E+0	1.151070E+5
8.640000E-3	0.000000E+0	1.155310E+5
8.660000E-3	0.000000E+0	1.150920E+5
8.680000E-3	0.000000E+0	1.153740E+5
8.700000E-3	0.000000E+0	1.154570E+5
8.720000E-3	0.000000E+0	1.152170E+5
8.740000E-3	0.000000E+0	1.153800E+5
8.760000E-3	0.000000E+0	1.160950E+5
8.780000E-3	0.000000E+0	1.149930E+5
8.800000E-3	0.000000E+0	1.153180E+5
8.820000E-3	0.000000E+0	1.154220E+5
8.840000E-3	0.000000E+0	1.154780E+5
8.860000E-3	0.000000E+0	1.151440E+5
8.880000E-3	0.000000E+0	1.151120E+5
8.900000E-3	0.000000E+0	1.162240E+5
8.920000E-3	0.000000E+0	1.152200E+5
8.940000E-3	0.000000E+0	1.152340E+5
8.960000E-3	0.000000E+0	1.152550E+5
8.980000E-3	0.000000E+0	1.147300E+5
9.000000E-3	0.000000E+0	1.150590E+5
9.020000E-3	0.000000E+0	1.152140E+5
9.040000E-3	0.000000E+0	1.157960E+5
9.060000E-3	0.000000E+0	1.151800E+5
9.080000E-3	0.000000E+0	1.154790E+5
9.100000E-3	0.000000E+0	1.150630E+5
9.120000E-3	0.000000E+0	1.154910E+5
9.140000E-3	0.000000E+0	1.154070E+5
9.160000E-3	0.000000E+0	1.141240E+5
9.180000E-3	0.000000E+0	1.150050E+5
9.200000E-3	0.000000E+0	1.156360E+5
9.220000E-3	0.000000E+0	1.152080E+5
9.240000E-3	0.000000E+0	1.150770E+5
9.260000E-3	0.000000E+0	1.152790E+5
9.280000E-3	0.000000E+0	1.151620E+5
9.300000E-3	0.000000E+0	1.151740E+5
9.320000E-3	0.000000E+0	1.150450E+5
9.340000E-3	0.000000E+0	1.153590E+5
9.360000E-3	0.000000E+0	1.153030E+5
9.380000E-3	0.000000E+0	1.154970E+5
9.400000E-3	0.000000E+0	1.151080E+5
9.420000E-3	0.000000E+0	1.151640E+5
9.440000E-3	0.000000E+0	1.149250E+5
9.460000E-3	0.000000E+0	1.153430E+5
9.480000E-3	0.000000E+0	1.150610E+5
9.500000E-3	0.000000E+0	1.158180E+5
9.520000E-3	0.000000E+0	1.154040E+5
9.540000E-3	0.000000E+0	1.146030E+5
9.560000E-3	0.000000E+0	1.153880E+5
9.580000E-3	0.000000E+0	1.155420E+5
9.600000E-3	0.000000E+0	1.147360E+5
9.620000E-3	0.000000E+0	1.153680E+5
9.640000E-3	0.000000E+0	1.154830E+5
9.660000E-3	0.000000E+0	1.152940E+5
9.680000E-3	0.000000E+0	1.144210E+5
9.700000E-3	0.000000E+0	1.152550E+5
9.720000E-3	0.000000E+0	1.152580E+5
9.740000E-3	0.000000E+0	1.158960E+5
9.760000E-3	0.000000E+0	1.148510E+5
9.780000E-3	0.000000E+0	1.151880E+5
9.800000E-3	0.000000E+0	1.155580E+5
9.820000E-3	0.000000E+0	1.150360E+5
9.840000E-3	0.000000E+0	1.155460E+5
9.860000E-3	0.000000E+0	1.158310E+5
9.880000E-3	0.000000E+0	1.154040E+5
9.900000E-3	0.000000E+0	1.154420E+5
9.920000E-3	0.000000E+0	1.158300E+5
9.940000E-3	0.000000E+0	1.147150E+5
9.960000E-3	0.000000E+0	1.145940E+5
9.980000E-3	0.000000E+0	1.150820E+5
1.000000E-2	0.000000E+0	1.152790E+5
1.002000E-2	0.000000E+0	1.149690E+5
1.004000E-2	0.000000E+0	1.151780E+5
1.006000E-2	0.000000E+0	1.149900E+5
1.008000E-2	0.000000E+0	1.155490E+5
1.010000E-2	0.000000E+0	1.156110E+5
1.012000E-2	0.000000E+0	1.152940E+5
1.014000E-2	0.000000E+0	1.159540E+5
1.016000E-2	0.000000E+0	1.157000E+5
1.018000E-2	0.000000E+0	1.154630E+5
1.020000E-2	0.000000E+0	1.158170E+5
1.022000E-2	0.000000E+0	1.157180E+5
1.024000E-2	0.000000E+0	1.153080E+5
1.026000E-2	0.000000E+0	1.151400E+5
1.028000E-2	0.000000E+0	1.153970E+5
1.030000E-2	0.000000E+0	1.152260E+5
1.032000E-2	0.000000E+0	1.154590E+5
1.034000E-2	0.000000E+0	1.156000E+5
1.036000E-2	0.000000E+0	1.151780E+5
1.038000E-2	0.000000E+0	1.153990E+5
1.040000E-2	0.000000E+0	1.156210E+5
1.042000E-2	0.000000E+0	1.152080E+5
1.044000E-2	0.000000E+0	1.156760E+5
1.046000E-2	0.000000E+0	1.151580E+5
1.048000E-2	0.000000E+0	1.156500E+5
1.050000E-2	0.000000E+0	1.149930E+5
1.052000E-2	0.000000E+0	1.154240E+5
1.054000E-2	0.000000E+0	1.152570E+5
1.056000E-2	0.000000E+0	1.153730E+5
1.058000E-2	0.000000E+0	1.153410E+5
1.060000E-2	0.000000E+0	1.143440E+5
1.062000E-2	0.000000E+0	1.149010E+5
1.064000E-2	0.000000E+0	1.150790E+5
1.066000E-2	0.000000E+0	1.156010E+5
1.068000E-2	0.000000E+0	1.148560E+5
1.070000E-2	0.000000E+0	1.148210E+5
1.072000E-2	0.000000E+0	1.147640E+5
1.074000E-2	0.000000E+0	1.154040E+5
1.076000E-2	0.000000E+0	1.152850E+5
1.078000E-2	0.000000E+0	1.150540E+5
1.080000E-2	0.000000E+0	1.152030E+5
1.082000E-2	0.000000E+0	1.147960E+5
1.084000E-2	0.000000E+0	1.150120E+5
1.086000E-2	0.000000E+0	1.148070E+5
1.088000E-2	0.000000E+0	1.152940E+5
1.090000E-2	0.000000E+0	1.154660E+5
1.092000E-2	0.000000E+0	1.150430E+5
1.094000E-2	0.000000E+0	1.153420E+5
1.096000E-2	0.000000E+0	1.154260E+5
1.098000E-2	0.000000E+0	1.151690E+5
1.100000E-2	0.000000E+0	1.152760E+5
1.102000E-2	0.000000E+0	1.145600E+5
1.104000E-2	0.000000E+0	1.155600E+5
1.106000E-2	0.000000E+0	1.147620E+5
1.108000E-2	0.000000E+0	1.159110E+5
1.110000E-2	0.000000E+0	1.157400E+5
1.112000E-2	0.000000E+0	1.149240E+5
1.114000E-2	0.000000E+0	1.151210E+5
1.116000E-2	0.000000E+0	1.151190E+5
1.118000E-2	0.000000E+0	1.151740E+5
1.120000E-2	0.000000E+0	1.149210E+5
1.122000E-2	0.000000E+0	1.147580E+5
1.124000E-2	0.000000E+0	1.157180E+5
1.126000E-2	0.000000E+0	1.156070E+5
1.128000E-2	0.000000E+0	1.159100E+5
1.130000E-2	0.000000E+0	1.145910E+5
1.132000E-2	0.000000E+0	1.158300E+5
1.134000E-2	0.000000E+0	1.154890E+5
1.136000E-2	0.000000E+0	1.152440E+5
1.138000E-2	0.000000E+0	1.152060E+5
1.140000E-2	0.000000E+0	1.152550E+5
1.142000E-2	0.000000E+0	1.150100E+5
1.144000E-2	0.000000E+0	1.151600E+5
1.146000E-2	0.000000E+0	1.154910E+5
1.148000E-2	0.000000E+0	1.154250E+5
1.150000E-2	0.000000E+0	1.152980E+5
1.152000E-2	0.000000E+0	1.153040E+5
1.154000E-2	0.000000E+0	1.149220E+5
1.156000E-2	0.000000E+0	1.153240E+5
1.158000E-2	0.000000E+0	1.152460E+5
1.160000E-2	0.000000E+0	1.155590E+5
1.162000E-2	0.000000E+0	1.153260E+5
1.164000E-2	0.000000E+0	1.152500E+5
1.166000E-2	0.000000E+0	1.144300E+5
1.168000E-2	0.000000E+0	1.156110E+5
1.170000E-2	0.000000E+0	1.157280E+5
1.172000E-2	0.000000E+0	1.148300E+5
1.174000E-2	0.000000E+0	1.149990E+5
1.176000E-2	0.000000E+0	1.152390E+5
1.178000E-2	0.000000E+0	1.152970E+5
1.180000E-2	0.000000E+0	1.150210E+5
1.182000E-2	0.000000E+0	1.157480E+5
1.184000E-2	0.000000E+0	1.151150E+5
1.186000E-2	0.000000E+0	1.148740E+5
1.188000E-2	0.000000E+0	1.146970E+5
1.190000E-2	0.000000E+0	1.152280E+5
1.192000E-2	0.000000E+0	1.150540E+5
1.194000E-2	0.000000E+0	1.155550E+5
1.196000E-2	0.000000E+0	1.147280E+5
1.198000E-2	0.000000E+0	1.148620E+5
1.200000E-2	0.000000E+0	1.149700E+5
1.202000E-2	0.000000E+0	1.152910E+5
1.204000E-2	0.000000E+0	1.151310E+5
1.206000E-2	0.000000E+0	1.156600E+5
1.208000E-2	0.000000E+0	1.154030E+5
1.210000E-2	0.000000E+0	1.154550E+5
1.212000E-2	0.000000E+0	1.147900E+5
1.214000E-2	0.000000E+0	1.149150E+5
1.216000E-2	0.000000E+0	1.153040E+5
1.218000E-2	0.000000E+0	1.150700E+5
1.220000E-2	0.000000E+0	1.153560E+5
1.222000E-2	0.000000E+0	1.152990E+5
1.224000E-2	0.000000E+0	1.153700E+5
1.226000E-2	0.000000E+0	1.146240E+5
1.228000E-2	0.000000E+0	1.151790E+5
1.230000E-2	0.000000E+0	1.148290E+5
1.232000E-2	0.000000E+0	1.152680E+5
1.234000E-2	0.000000E+0	1.154570E+5
1.236000E-2	0.000000E+0	1.153300E+5
1.238000E-2	0.000000E+0	1.149880E+5
1.240000E-2	0.000000E+0	1.148020E+5
1.242000E-2	0.000000E+0	1.157260E+5
1.244000E-2	0.000000E+0	1.152880E+5
1.246000E-2	0.000000E+0	1.143940E+5
1.248000E-2	0.000000E+0	1.151560E+5
1.250000E-2	0.000000E+0	1.153330E+5
1.252000E-2	0.000000E+0	1.153920E+5
1.254000E-2	0.000000E+0	1.146810E+5
1.256000E-2	0.000000E+0	1.153250E+5
1.258000E-2	0.000000E+0	1.157340E+5
1.260000E-2	0.000000E+0	1.153880E+5
1.262000E-2	0.000000E+0	1.146290E+5
1.264000E-2	0.000000E+0	1.151870E+5
1.266000E-2	0.000000E+0	1.152890E+5
1.268000E-2	0.000000E+0	1.152650E+5
1.270000E-2	0.000000E+0	1.151880E+5
1.272000E-2	0.000000E+0	1.150790E+5
1.274000E-2	0.000000E+0	1.150730E+5
1.276000E-2	0.000000E+0	1.156170E+5
1.278000E-2	0.000000E+0	1.152560E+5
1.280000E-2	0.000000E+0	1.152290E+5
1.282000E-2	0.000000E+0	1.146380E+5
1.284000E-2	0.000000E+0	1.152940E+5
1.286000E-2	0.000000E+0	1.156780E+5
1.288000E-2	0.000000E+0	1.153730E+5
1.290000E-2	0.000000E+0	1.147810E+5
1.292000E-2	0.000000E+0	1.152590E+5
1.294000E-2	0.000000E+0	1.152220E+5
1.296000E-2	0.000000E+0	1.151990E+5
1.298000E-2	0.000000E+0	1.153840E+5
1.300000E-2	0.000000E+0	1.148140E+5
1.302000E-2	0.000000E+0	1.156580E+5
1.304000E-2	0.000000E+0	1.152480E+5
1.306000E-2	0.000000E+0	1.149140E+5
1.308000E-2	0.000000E+0	1.157020E+5
1.310000E-2	0.000000E+0	1.156040E+5
1.312000E-2	0.000000E+0	1.151460E+5
1.314000E-2	0.000000E+0	1.149030E+5
1.316000E-2	0.000000E+0	1.152160E+5
1.318000E-2	0.000000E+0	1.150160E+5
1.320000E-2	0.000000E+0	1.153550E+5
1.322000E-2	0.000000E+0	1.150440E+5
1.324000E-2	0.000000E+0	1.147790E+5
1.326000E-2	0.000000E+0	1.152850E+5
1.328000E-2	0.000000E+0	1.156750E+5
1.330000E-2	0.000000E+0	1.154880E+5
1.332000E-2	0.000000E+0	1.158280E+5
1.334000E-2	0.000000E+0	1.150330E+5
1.336000E-2	0.000000E+0	1.149330E+5
1.338000E-2	0.000000E+0	1.147320E+5
1.340000E-2	0.000000E+0	1.153180E+5
1.342000E-2	0.000000E+0	1.156140E+5
1.344000E-2	0.000000E+0	1.152810E+5
1.346000E-2	0.000000E+0	1.151890E+5
1.348000E-2	0.000000E+0	1.150620E+5
1.350000E-2	0.000000E+0	1.151460E+5
1.352000E-2	0.000000E+0	1.152260E+5
1.354000E-2	0.000000E+0	1.152880E+5
1.356000E-2	0.000000E+0	1.149010E+5
1.358000E-2	0.000000E+0	1.141320E+5
1.360000E-2	0.000000E+0	1.150470E+5
1.362000E-2	0.000000E+0	1.146190E+5
1.364000E-2	0.000000E+0	1.148120E+5
1.366000E-2	0.000000E+0	1.147970E+5
1.368000E-2	0.000000E+0	1.154430E+5
1.370000E-2	0.000000E+0	1.153960E+5
1.372000E-2	0.000000E+0	1.151750E+5
1.374000E-2	0.000000E+0	1.149390E+5
1.376000E-2	0.000000E+0	1.153720E+5
1.378000E-2	0.000000E+0	1.159260E+5
1.380000E-2	0.000000E+0	1.147500E+5
1.382000E-2	0.000000E+0	1.146370E+5
1.384000E-2	0.000000E+0	1.148050E+5
1.386000E-2	0.000000E+0	1.156480E+5
1.388000E-2	0.000000E+0	1.151530E+5
1.390000E-2	0.000000E+0	1.152780E+5
1.392000E-2	0.000000E+0	1.149100E+5
1.394000E-2	0.000000E+0	1.158870E+5
1.396000E-2	0.000000E+0	1.147450E+5
1.398000E-2	0.000000E+0	1.157960E+5
1.400000E-2	0.000000E+0	1.152690E+5
1.402000E-2	0.000000E+0	1.151760E+5
1.404000E-2	0.000000E+0	1.156960E+5
1.406000E-2	0.000000E+0	1.149580E+5
1.408000E-2	0.000000E+0	1.156200E+5
1.410000E-2	0.000000E+0	1.151060E+5
1.412000E-2	0.000000E+0	1.148390E+5
1.414000E-2	0.000000E+0	1.148650E+5
1.416000E-2	0.000000E+0	1.155920E+5
1.418000E-2	0.000000E+0	1.152500E+5
1.420000E-2	0.000000E+0	1.155780E+5
1.422000E-2	0.000000E+0	1.148750E+5
1.424000E-2	0.000000E+0	1.150330E+5
1.426000E-2	0.000000E+0	1.153340E+5
1.428000E-2	0.000000E+0	1.154340E+5
1.430000E-2	0.000000E+0	1.151250E+5
1.432000E-2	0.000000E+0	1.156790E+5
1.434000E-2	0.000000E+0	1.150230E+5
1.436000E-2	0.000000E+0	1.150730E+5
1.438000E-2	0.000000E+0	1.151200E+5
1.440000E-2	0.000000E+0	1.150030E+5
1.442000E-2	0.000000E+0	1.154550E+5
1.444000E-2	0.000000E+0	1.155700E+5
1.446000E-2	0.000000E+0	1.153140E+5
1.448000E-2	0.000000E+0	1.149300E+5
1.450000E-2	0.000000E+0	1.150420E+5
1.452000E-2	0.000000E+0	1.154010E+5
1.454000E-2	0.000000E+0	1.151050E+5
1.456000E-2	0.000000E+0	1.151880E+5
1.458000E-2	0.000000E+0	1.147850E+5
1.460000E-2	0.000000E+0	1.147270E+5
1.462000E-2	0.000000E+0	1.156930E+5
1.464000E-2	0.000000E+0	1.152760E+5
1.466000E-2	0.000000E+0	1.150010E+5
1.468000E-2	0.000000E+0	1.154100E+5
1.470000E-2	0.000000E+0	1.145920E+5
1.472000E-2	0.000000E+0	1.149770E+5
1.474000E-2	0.000000E+0	1.154010E+5
1.476000E-2	0.000000E+0	1.150280E+5
1.478000E-2	0.000000E+0	1.157650E+5
1.480000E-2	0.000000E+0	1.151970E+5
1.482000E-2	0.000000E+0	1.151720E+5
1.484000E-2	0.000000E+0	1.150410E+5
1.486000E-2	0.000000E+0	1.153760E+5
1.488000E-2	0.000000E+0	1.148290E+5
1.490000E-2	0.000000E+0	1.151970E+5
1.492000E-2	0.000000E+0	1.151620E+5
1.494000E-2	0.000000E+0	1.154320E+5
1.496000E-2	0.000000E+0	1.154600E+5
1.498000E-2	0.000000E+0	1.153720E+5
1.500000E-2	0.000000E+0	1.151940E+5
1.502000E-2	0.000000E+0	1.152650E+5
1.504000E-2	0.000000E+0	1.160030E+5
1.506000E-2	0.000000E+0	1.150550E+5
1.508000E-2	0.000000E+0	1.154980E+5
1.510000E-2	0.000000E+0	1.152880E+5
1.512000E-2	0.000000E+0	1.152300E+5
1.514000E-2	0.000000E+0	1.145390E+5
1.516000E-2	0.000000E+0	1.152630E+5
1.518000E-2	0.000000E+0	1.155320E+5
1.520000E-2	0.000000E+0	1.148120E+5
1.522000E-2	0.000000E+0	1.151370E+5
1.524000E-2	0.000000E+0	1.155910E+5
1.526000E-2	0.000000E+0	1.145960E+5
1.528000E-2	0.000000E+0	1.156580E+5
1.530000E-2	0.000000E+0	1.155790E+5
1.532000E-2	0.000000E+0	1.152410E+5
1.534000E-2	0.000000E+0	1.152450E+5
1.536000E-2	0.000000E+0	1.151260E+5
1.538000E-2	0.000000E+0	1.152150E+5
1.540000E-2	0.000000E+0	1.150610E+5
1.542000E-2	0.000000E+0	1.149050E+5
1.544000E-2	0.000000E+0	1.153090E+5
1.546000E-2	0.000000E+0	1.146800E+5
1.548000E-2	0.000000E+0	1.149970E+5
1.550000E-2	0.000000E+0	1.153550E+5
1.552000E-2	0.000000E+0	1.149660E+5
1.554000E-2	0.000000E+0	1.149470E+5
1.556000E-2	0.000000E+0	1.156640E+5
1.558000E-2	0.000000E+0	1.154870E+5
1.560000E-2	0.000000E+0	1.152700E+5
1.562000E-2	0.000000E+0	1.148200E+5
1.564000E-2	0.000000E+0	1.148970E+5
1.566000E-2	0.000000E+0	1.150770E+5
1.568000E-2	0.000000E+0	1.148190E+5
1.570000E-2	0.000000E+0	1.152960E+5
1.572000E-2	0.000000E+0	1.152980E+5
1.574000E-2	0.000000E+0	1.151360E+5
1.576000E-2	0.000000E+0	1.147030E+5
1.578000E-2	0.000000E+0	1.149650E+5
1.580000E-2	0.000000E+0	1.157280E+5
1.582000E-2	0.000000E+0	1.152160E+5
1.584000E-2	0.000000E+0	1.149610E+5
1.586000E-2	0.000000E+0	1.149600E+5
1.588000E-2	0.000000E+0	1.150920E+5
1.590000E-2	0.000000E+0	1.151710E+5
1.592000E-2	0.000000E+0	1.148220E+5
1.594000E-2	0.000000E+0	1.150390E+5
1.596000E-2	0.000000E+0	1.149700E+5
1.598000E-2	0.000000E+0	1.150880E+5
1.600000E-2	0.000000E+0	1.149160E+5
1.602000E-2	0.000000E+0	1.150040E+5
1.604000E-2	0.000000E+0	1.151570E+5
1.606000E-2	0.000000E+0	1.154110E+5
1.608000E-2	0.000000E+0	1.148780E+5
1.610000E-2	0.000000E+0	1.150860E+5
1.612000E-2	0.000000E+0	1.143730E+5
1.614000E-2	0.000000E+0	1.151800E+5
1.616000E-2	0.000000E+0	1.155750E+5
1.618000E-2	0.000000E+0	1.141800E+5
1.620000E-2	0.000000E+0	1.147850E+5
1.622000E-2	0.000000E+0	1.145700E+5
1.624000E-2	0.000000E+0	1.151600E+5
1.626000E-2	0.000000E+0	1.145060E+5
1.628000E-2	0.000000E+0	1.149250E+5
1.630000E-2	0.000000E+0	1.148050E+5
1.632000E-2	0.000000E+0	1.149980E+5
1.634000E-2	0.000000E+0	1.150350E+5
1.636000E-2	0.000000E+0	1.146360E+5
1.638000E-2	0.000000E+0	1.149110E+5
1.640000E-2	0.000000E+0	1.145880E+5
1.642000E-2	0.000000E+0	1.148120E+5
1.644000E-2	0.000000E+0	1.151130E+5
1.646000E-2	0.000000E+0	1.142650E+5
1.648000E-2	0.000000E+0	1.155440E+5
1.650000E-2	0.000000E+0	1.152790E+5
1.652000E-2	0.000000E+0	1.150190E+5
1.654000E-2	0.000000E+0	1.143500E+5
1.656000E-2	0.000000E+0	1.145760E+5
1.658000E-2	0.000000E+0	1.152050E+5
1.660000E-2	0.000000E+0	1.143530E+5
1.662000E-2	0.000000E+0	1.145880E+5
1.664000E-2	0.000000E+0	1.153050E+5
1.666000E-2	0.000000E+0	1.152100E+5
1.668000E-2	0.000000E+0	1.146110E+5
1.670000E-2	0.000000E+0	1.147460E+5
1.672000E-2	0.000000E+0	1.148870E+5
1.674000E-2	0.000000E+0	1.142350E+5
1.676000E-2	0.000000E+0	1.146180E+5
1.678000E-2	0.000000E+0	1.147770E+5
1.680000E-2	0.000000E+0	1.148930E+5
1.682000E-2	0.000000E+0	1.146920E+5
1.684000E-2	0.000000E+0	1.142240E+5
1.686000E-2	0.000000E+0	1.141350E+5
1.688000E-2	0.000000E+0	1.142260E+5
1.690000E-2	0.000000E+0	1.138010E+5
1.692000E-2	0.000000E+0	1.139820E+5
1.694000E-2	0.000000E+0	1.138840E+5
1.696000E-2	0.000000E+0	1.133450E+5
1.698000E-2	0.000000E+0	1.132390E+5
1.700000E-2	0.000000E+0	1.129470E+5
1.702000E-2	0.000000E+0	1.123780E+5
1.704000E-2	0.000000E+0	1.113680E+5
1.706000E-2	0.000000E+0	1.107300E+5
1.708000E-2	0.000000E+0	1.100740E+5
1.710000E-2	0.000000E+0	1.075760E+5
1.712000E-2	0.000000E+0	1.057110E+5
1.714000E-2	0.000000E+0	1.008310E+5
1.716000E-2	0.000000E+0	9.418300E+4
1.718000E-2	0.000000E+0	8.635000E+4
1.720000E-2	0.000000E+0	7.758200E+4
1.722000E-2	0.000000E+0	7.120700E+4
1.724000E-2	0.000000E+0	6.826800E+4
1.726000E-2	0.000000E+0	7.010300E+4
1.728000E-2	0.000000E+0	7.549500E+4
1.730000E-2	0.000000E+0	8.369500E+4
1.732000E-2	0.000000E+0	9.133300E+4
1.734000E-2	0.000000E+0	9.873500E+4
1.736000E-2	0.000000E+0	1.036110E+5
1.738000E-2	0.000000E+0	1.067950E+5
1.740000E-2	0.000000E+0	1.094910E+5
1.742000E-2	0.000000E+0	1.107220E+5
1.744000E-2	0.000000E+0	1.116560E+5
1.746000E-2	0.000000E+0	1.123500E+5
1.748000E-2	0.000000E+0	1.127620E+5
1.750000E-2	0.000000E+0	1.128840E+5
1.752000E-2	0.000000E+0	1.129530E+5
1.754000E-2	0.000000E+0	1.144640E+5
1.756000E-2	0.000000E+0	1.133840E+5
1.758000E-2	0.000000E+0	1.137840E+5
1.760000E-2	0.000000E+0	1.144230E+5
1.762000E-2	0.000000E+0	1.139910E+5
1.764000E-2	0.000000E+0	1.143190E+5
1.766000E-2	0.000000E+0	1.142810E+5
1.768000E-2	0.000000E+0	1.146580E+5
1.770000E-2	0.000000E+0	1.147030E+5
1.772000E-2	0.000000E+0	1.149460E+5
1.774000E-2	0.000000E+0	1.142260E+5
1.776000E-2	0.000000E+0	1.145050E+5
1.778000E-2	0.000000E+0	1.145780E+5
1.780000E-2	0.000000E+0	1.148090E+5
1.782000E-2	0.000000E+0	1.148790E+5
1.784000E-2	0.000000E+0	1.151570E+5
1.786000E-2	0.000000E+0	1.154310E+5
1.788000E-2	0.000000E+0	1.149120E+5
1.790000E-2	0.000000E+0	1.144060E+5
1.792000E-2	0.000000E+0	1.149620E+5
1.794000E-2	0.000000E+0	1.150630E+5
1.796000E-2	0.000000E+0	1.152480E+5
1.798000E-2	0.000000E+0	1.147500E+5
1.800000E-2	0.000000E+0	1.147370E+5
1.802000E-2	0.000000E+0	1.146350E+5
1.804000E-2	0.000000E+0	1.150450E+5
1.806000E-2	0.000000E+0	1.149770E+5
1.808000E-2	0.000000E+0	1.146700E+5
1.810000E-2	0.000000E+0	1.154050E+5
1.812000E-2	0.000000E+0	1.151660E+5
1.814000E-2	0.000000E+0	1.145770E+5
1.816000E-2	0.000000E+0	1.150990E+5
1.818000E-2	0.000000E+0	1.146640E+5
1.820000E-2	0.000000E+0	1.151730E+5
1.822000E-2	0.000000E+0	1.144300E+5
1.824000E-2	0.000000E+0	1.146290E+5
1.826000E-2	0.000000E+0	1.148010E+5
1.828000E-2	0.000000E+0	1.152510E+5
1.830000E-2	0.000000E+0	1.148670E+5
1.832000E-2	0.000000E+0	1.151580E+5
1.834000E-2	0.000000E+0	1.151340E+5
1.836000E-2	0.000000E+0	1.142460E+5
1.838000E-2	0.000000E+0	1.153900E+5
1.840000E-2	0.000000E+0	1.156850E+5
1.842000E-2	0.000000E+0	1.153260E+5
1.844000E-2	0.000000E+0	1.154900E+5
1.846000E-2	0.000000E+0	1.153460E+5
1.848000E-2	0.000000E+0	1.144010E+5
1.850000E-2	0.000000E+0	1.151690E+5
1.852000E-2	0.000000E+0	1.146930E+5
1.854000E-2	0.000000E+0	1.147360E+5
1.856000E-2	0.000000E+0	1.151010E+5
1.858000E-2	0.000000E+0	1.144720E+5
1.860000E-2	0.000000E+0	1.150500E+5
1.862000E-2	0.000000E+0	1.151150E+5
1.864000E-2	0.000000E+0	1.160360E+5
1.866000E-2	0.000000E+0	1.141370E+5
1.868000E-2	0.000000E+0	1.154930E+5
1.870000E-2	0.000000E+0	1.148790E+5
1.872000E-2	0.000000E+0	1.150410E+5
1.874000E-2	0.000000E+0	1.150480E+5
1.876000E-2	0.000000E+0	1.145830E+5
1.878000E-2	0.000000E+0	1.146540E+5
1.880000E-2	0.000000E+0	1.148980E+5
1.882000E-2	0.000000E+0	1.151110E+5
1.884000E-2	0.000000E+0	1.148060E+5
1.886000E-2	0.000000E+0	1.153010E+5
1.888000E-2	0.000000E+0	1.148640E+5
1.890000E-2	0.000000E+0	1.149430E+5
1.892000E-2	0.000000E+0	1.148200E+5
1.894000E-2	0.000000E+0	1.151240E+5
1.896000E-2	0.000000E+0	1.151370E+5
1.898000E-2	0.000000E+0	1.161650E+5
1.900000E-2	0.000000E+0	1.150620E+5
1.902000E-2	0.000000E+0	1.148450E+5
1.904000E-2	0.000000E+0	1.152840E+5
1.906000E-2	0.000000E+0	1.150690E+5
1.908000E-2	0.000000E+0	1.156230E+5
1.910000E-2	0.000000E+0	1.143220E+5
1.912000E-2	0.000000E+0	1.148390E+5
1.914000E-2	0.000000E+0	1.155780E+5
1.916000E-2	0.000000E+0	1.148460E+5
1.918000E-2	0.000000E+0	1.151530E+5
1.920000E-2	0.000000E+0	1.147880E+5
1.922000E-2	0.000000E+0	1.149970E+5
1.924000E-2	0.000000E+0	1.159130E+5
1.926000E-2	0.000000E+0	1.153620E+5
1.928000E-2	0.000000E+0	1.151470E+5
1.930000E-2	0.000000E+0	1.149380E+5
1.932000E-2	0.000000E+0	1.154350E+5
1.934000E-2	0.000000E+0	1.151940E+5
1.936000E-2	0.000000E+0	1.148560E+5
1.938000E-2	0.000000E+0	1.152600E+5
1.940000E-2	0.000000E+0	1.147420E+5
1.942000E-2	0.000000E+0	1.150260E+5
1.944000E-2	0.000000E+0	1.150390E+5
1.946000E-2	0.000000E+0	1.150270E+5
1.948000E-2	0.000000E+0	1.151480E+5
1.950000E-2	0.000000E+0	1.154230E+5
1.952000E-2	0.000000E+0	1.152150E+5
1.954000E-2	0.000000E+0	1.155150E+5
1.956000E-2	0.000000E+0	1.152750E+5
1.958000E-2	0.000000E+0	1.150870E+5
1.960000E-2	0.000000E+0	1.144990E+5
1.962000E-2	0.000000E+0	1.149470E+5
1.964000E-2	0.000000E+0	1.152880E+5
1.966000E-2	0.000000E+0	1.152940E+5
1.968000E-2	0.000000E+0	1.148630E+5
1.970000E-2	0.000000E+0	1.153660E+5
1.972000E-2	0.000000E+0	1.147120E+5
1.974000E-2	0.000000E+0	1.147930E+5
1.976000E-2	0.000000E+0	1.147030E+5
1.978000E-2	0.000000E+0	1.150730E+5
1.980000E-2	0.000000E+0	1.151710E+5
1.982000E-2	0.000000E+0	1.152260E+5
1.984000E-2	0.000000E+0	1.147280E+5
1.986000E-2	0.000000E+0	1.153740E+5
1.988000E-2	0.000000E+0	1.155850E+5
1.990000E-2	0.000000E+0	1.156360E+5
1.992000E-2	0.000000E+0	1.154730E+5
1.994000E-2	0.000000E+0	1.156520E+5
1.996000E-2	0.000000E+0	1.149890E+5
1.998000E-2	0.000000E+0	1.149190E+5
