

live time:  189506.420000
real time:  219601.711000
sweeps:  9475321.000000
0.000000E+0	0.000000E+0	0.000000E+0
2.000000E-5	0.000000E+0	9.477200E+4
4.000000E-5	0.000000E+0	9.474300E+4
6.000000E-5	0.000000E+0	9.492700E+4
8.000000E-5	0.000000E+0	9.521800E+4
1.000000E-4	0.000000E+0	9.440600E+4
1.200000E-4	0.000000E+0	9.485300E+4
1.400000E-4	0.000000E+0	9.539700E+4
1.600000E-4	0.000000E+0	9.548500E+4
1.800000E-4	0.000000E+0	9.533300E+4
2.000000E-4	0.000000E+0	9.512700E+4
2.200000E-4	0.000000E+0	9.546000E+4
2.400000E-4	0.000000E+0	9.513600E+4
2.600000E-4	0.000000E+0	9.541100E+4
2.800000E-4	0.000000E+0	9.515400E+4
3.000000E-4	0.000000E+0	9.518400E+4
3.200000E-4	0.000000E+0	9.484100E+4
3.400000E-4	0.000000E+0	9.513400E+4
3.600000E-4	0.000000E+0	9.479800E+4
3.800000E-4	0.000000E+0	9.533200E+4
4.000000E-4	0.000000E+0	9.563300E+4
4.200000E-4	0.000000E+0	9.511900E+4
4.400000E-4	0.000000E+0	9.458600E+4
4.600000E-4	0.000000E+0	9.498400E+4
4.800000E-4	0.000000E+0	9.542900E+4
5.000000E-4	0.000000E+0	9.496500E+4
5.200000E-4	0.000000E+0	9.537800E+4
5.400000E-4	0.000000E+0	9.526800E+4
5.600000E-4	0.000000E+0	9.549200E+4
5.800000E-4	0.000000E+0	9.491400E+4
6.000000E-4	0.000000E+0	9.469100E+4
6.200000E-4	0.000000E+0	9.491400E+4
6.400000E-4	0.000000E+0	9.482000E+4
6.600000E-4	0.000000E+0	9.493900E+4
6.800000E-4	0.000000E+0	9.477400E+4
7.000000E-4	0.000000E+0	9.513600E+4
7.200000E-4	0.000000E+0	9.539100E+4
7.400000E-4	0.000000E+0	9.505000E+4
7.600000E-4	0.000000E+0	9.479800E+4
7.800000E-4	0.000000E+0	9.503500E+4
8.000000E-4	0.000000E+0	9.530800E+4
8.200000E-4	0.000000E+0	9.488200E+4
8.400000E-4	0.000000E+0	9.506200E+4
8.600000E-4	0.000000E+0	9.507400E+4
8.800000E-4	0.000000E+0	9.521800E+4
9.000000E-4	0.000000E+0	9.435600E+4
9.200000E-4	0.000000E+0	9.501700E+4
9.400000E-4	0.000000E+0	9.534400E+4
9.600000E-4	0.000000E+0	9.501300E+4
9.800000E-4	0.000000E+0	9.525900E+4
1.000000E-3	0.000000E+0	9.481900E+4
1.020000E-3	0.000000E+0	9.513900E+4
1.040000E-3	0.000000E+0	9.532500E+4
1.060000E-3	0.000000E+0	9.499100E+4
1.080000E-3	0.000000E+0	9.491600E+4
1.100000E-3	0.000000E+0	9.516600E+4
1.120000E-3	0.000000E+0	9.504200E+4
1.140000E-3	0.000000E+0	9.517600E+4
1.160000E-3	0.000000E+0	9.511800E+4
1.180000E-3	0.000000E+0	9.485100E+4
1.200000E-3	0.000000E+0	9.536300E+4
1.220000E-3	0.000000E+0	9.488300E+4
1.240000E-3	0.000000E+0	9.491100E+4
1.260000E-3	0.000000E+0	9.474200E+4
1.280000E-3	0.000000E+0	9.520000E+4
1.300000E-3	0.000000E+0	9.531200E+4
1.320000E-3	0.000000E+0	9.497200E+4
1.340000E-3	0.000000E+0	9.548400E+4
1.360000E-3	0.000000E+0	9.516600E+4
1.380000E-3	0.000000E+0	9.534200E+4
1.400000E-3	0.000000E+0	9.517700E+4
1.420000E-3	0.000000E+0	9.496600E+4
1.440000E-3	0.000000E+0	9.532400E+4
1.460000E-3	0.000000E+0	9.542400E+4
1.480000E-3	0.000000E+0	9.485400E+4
1.500000E-3	0.000000E+0	9.411900E+4
1.520000E-3	0.000000E+0	9.491600E+4
1.540000E-3	0.000000E+0	9.543500E+4
1.560000E-3	0.000000E+0	9.502400E+4
1.580000E-3	0.000000E+0	9.496800E+4
1.600000E-3	0.000000E+0	9.540400E+4
1.620000E-3	0.000000E+0	9.581200E+4
1.640000E-3	0.000000E+0	9.519600E+4
1.660000E-3	0.000000E+0	9.503900E+4
1.680000E-3	0.000000E+0	9.524800E+4
1.700000E-3	0.000000E+0	9.491000E+4
1.720000E-3	0.000000E+0	9.480600E+4
1.740000E-3	0.000000E+0	9.510000E+4
1.760000E-3	0.000000E+0	9.556900E+4
1.780000E-3	0.000000E+0	9.558700E+4
1.800000E-3	0.000000E+0	9.483100E+4
1.820000E-3	0.000000E+0	9.541100E+4
1.840000E-3	0.000000E+0	9.541700E+4
1.860000E-3	0.000000E+0	9.519800E+4
1.880000E-3	0.000000E+0	9.507100E+4
1.900000E-3	0.000000E+0	9.525600E+4
1.920000E-3	0.000000E+0	9.525300E+4
1.940000E-3	0.000000E+0	9.520500E+4
1.960000E-3	0.000000E+0	9.507000E+4
1.980000E-3	0.000000E+0	9.554200E+4
2.000000E-3	0.000000E+0	9.516200E+4
2.020000E-3	0.000000E+0	9.552500E+4
2.040000E-3	0.000000E+0	9.523200E+4
2.060000E-3	0.000000E+0	9.596500E+4
2.080000E-3	0.000000E+0	9.450200E+4
2.100000E-3	0.000000E+0	9.482400E+4
2.120000E-3	0.000000E+0	9.525300E+4
2.140000E-3	0.000000E+0	9.496900E+4
2.160000E-3	0.000000E+0	9.507200E+4
2.180000E-3	0.000000E+0	9.538300E+4
2.200000E-3	0.000000E+0	9.480700E+4
2.220000E-3	0.000000E+0	9.450200E+4
2.240000E-3	0.000000E+0	9.520500E+4
2.260000E-3	0.000000E+0	9.503000E+4
2.280000E-3	0.000000E+0	9.538800E+4
2.300000E-3	0.000000E+0	9.556800E+4
2.320000E-3	0.000000E+0	9.490400E+4
2.340000E-3	0.000000E+0	9.461100E+4
2.360000E-3	0.000000E+0	9.505300E+4
2.380000E-3	0.000000E+0	9.465800E+4
2.400000E-3	0.000000E+0	9.539000E+4
2.420000E-3	0.000000E+0	9.513600E+4
2.440000E-3	0.000000E+0	9.476100E+4
2.460000E-3	0.000000E+0	9.525800E+4
2.480000E-3	0.000000E+0	9.470900E+4
2.500000E-3	0.000000E+0	9.514600E+4
2.520000E-3	0.000000E+0	9.525200E+4
2.540000E-3	0.000000E+0	9.535400E+4
2.560000E-3	0.000000E+0	9.486100E+4
2.580000E-3	0.000000E+0	9.540500E+4
2.600000E-3	0.000000E+0	9.546800E+4
2.620000E-3	0.000000E+0	9.483700E+4
2.640000E-3	0.000000E+0	9.498800E+4
2.660000E-3	0.000000E+0	9.488700E+4
2.680000E-3	0.000000E+0	9.567800E+4
2.700000E-3	0.000000E+0	9.506100E+4
2.720000E-3	0.000000E+0	9.448200E+4
2.740000E-3	0.000000E+0	9.502400E+4
2.760000E-3	0.000000E+0	9.553900E+4
2.780000E-3	0.000000E+0	9.501400E+4
2.800000E-3	0.000000E+0	9.476800E+4
2.820000E-3	0.000000E+0	9.461700E+4
2.840000E-3	0.000000E+0	9.544200E+4
2.860000E-3	0.000000E+0	9.522500E+4
2.880000E-3	0.000000E+0	9.535000E+4
2.900000E-3	0.000000E+0	9.455900E+4
2.920000E-3	0.000000E+0	9.513300E+4
2.940000E-3	0.000000E+0	9.475000E+4
2.960000E-3	0.000000E+0	9.506200E+4
2.980000E-3	0.000000E+0	9.501600E+4
3.000000E-3	0.000000E+0	9.492600E+4
3.020000E-3	0.000000E+0	9.521100E+4
3.040000E-3	0.000000E+0	9.513400E+4
3.060000E-3	0.000000E+0	9.533800E+4
3.080000E-3	0.000000E+0	9.467100E+4
3.100000E-3	0.000000E+0	9.541800E+4
3.120000E-3	0.000000E+0	9.502700E+4
3.140000E-3	0.000000E+0	9.489200E+4
3.160000E-3	0.000000E+0	9.492700E+4
3.180000E-3	0.000000E+0	9.511800E+4
3.200000E-3	0.000000E+0	9.518100E+4
3.220000E-3	0.000000E+0	9.461900E+4
3.240000E-3	0.000000E+0	9.503600E+4
3.260000E-3	0.000000E+0	9.518100E+4
3.280000E-3	0.000000E+0	9.522000E+4
3.300000E-3	0.000000E+0	9.543900E+4
3.320000E-3	0.000000E+0	9.528400E+4
3.340000E-3	0.000000E+0	9.489500E+4
3.360000E-3	0.000000E+0	9.525500E+4
3.380000E-3	0.000000E+0	9.472700E+4
3.400000E-3	0.000000E+0	9.517500E+4
3.420000E-3	0.000000E+0	9.504800E+4
3.440000E-3	0.000000E+0	9.464400E+4
3.460000E-3	0.000000E+0	9.538300E+4
3.480000E-3	0.000000E+0	9.544200E+4
3.500000E-3	0.000000E+0	9.557300E+4
3.520000E-3	0.000000E+0	9.501200E+4
3.540000E-3	0.000000E+0	9.587100E+4
3.560000E-3	0.000000E+0	9.489400E+4
3.580000E-3	0.000000E+0	9.525400E+4
3.600000E-3	0.000000E+0	9.416800E+4
3.620000E-3	0.000000E+0	9.515400E+4
3.640000E-3	0.000000E+0	9.523700E+4
3.660000E-3	0.000000E+0	9.507900E+4
3.680000E-3	0.000000E+0	9.521000E+4
3.700000E-3	0.000000E+0	9.502700E+4
3.720000E-3	0.000000E+0	9.464700E+4
3.740000E-3	0.000000E+0	9.488400E+4
3.760000E-3	0.000000E+0	9.514000E+4
3.780000E-3	0.000000E+0	9.525800E+4
3.800000E-3	0.000000E+0	9.469200E+4
3.820000E-3	0.000000E+0	9.477400E+4
3.840000E-3	0.000000E+0	9.536700E+4
3.860000E-3	0.000000E+0	9.513300E+4
3.880000E-3	0.000000E+0	9.461500E+4
3.900000E-3	0.000000E+0	9.452300E+4
3.920000E-3	0.000000E+0	9.523600E+4
3.940000E-3	0.000000E+0	9.521300E+4
3.960000E-3	0.000000E+0	9.506900E+4
3.980000E-3	0.000000E+0	9.495700E+4
4.000000E-3	0.000000E+0	9.498600E+4
4.020000E-3	0.000000E+0	9.522400E+4
4.040000E-3	0.000000E+0	9.504400E+4
4.060000E-3	0.000000E+0	9.456900E+4
4.080000E-3	0.000000E+0	9.508000E+4
4.100000E-3	0.000000E+0	9.506100E+4
4.120000E-3	0.000000E+0	9.483300E+4
4.140000E-3	0.000000E+0	9.517400E+4
4.160000E-3	0.000000E+0	9.429800E+4
4.180000E-3	0.000000E+0	9.505900E+4
4.200000E-3	0.000000E+0	9.467200E+4
4.220000E-3	0.000000E+0	9.528600E+4
4.240000E-3	0.000000E+0	9.464000E+4
4.260000E-3	0.000000E+0	9.473100E+4
4.280000E-3	0.000000E+0	9.571900E+4
4.300000E-3	0.000000E+0	9.476700E+4
4.320000E-3	0.000000E+0	9.544300E+4
4.340000E-3	0.000000E+0	9.527400E+4
4.360000E-3	0.000000E+0	9.546300E+4
4.380000E-3	0.000000E+0	9.459100E+4
4.400000E-3	0.000000E+0	9.593100E+4
4.420000E-3	0.000000E+0	9.491600E+4
4.440000E-3	0.000000E+0	9.504000E+4
4.460000E-3	0.000000E+0	9.531300E+4
4.480000E-3	0.000000E+0	9.491100E+4
4.500000E-3	0.000000E+0	9.484500E+4
4.520000E-3	0.000000E+0	9.533600E+4
4.540000E-3	0.000000E+0	9.532300E+4
4.560000E-3	0.000000E+0	9.550800E+4
4.580000E-3	0.000000E+0	9.543900E+4
4.600000E-3	0.000000E+0	9.545600E+4
4.620000E-3	0.000000E+0	9.497500E+4
4.640000E-3	0.000000E+0	9.550500E+4
4.660000E-3	0.000000E+0	9.500900E+4
4.680000E-3	0.000000E+0	9.499600E+4
4.700000E-3	0.000000E+0	9.494600E+4
4.720000E-3	0.000000E+0	9.538800E+4
4.740000E-3	0.000000E+0	9.500000E+4
4.760000E-3	0.000000E+0	9.478100E+4
4.780000E-3	0.000000E+0	9.452000E+4
4.800000E-3	0.000000E+0	9.558800E+4
4.820000E-3	0.000000E+0	9.480800E+4
4.840000E-3	0.000000E+0	9.505800E+4
4.860000E-3	0.000000E+0	9.520400E+4
4.880000E-3	0.000000E+0	9.512900E+4
4.900000E-3	0.000000E+0	9.537400E+4
4.920000E-3	0.000000E+0	9.488500E+4
4.940000E-3	0.000000E+0	9.571200E+4
4.960000E-3	0.000000E+0	9.520700E+4
4.980000E-3	0.000000E+0	9.472700E+4
5.000000E-3	0.000000E+0	9.431200E+4
5.020000E-3	0.000000E+0	9.501000E+4
5.040000E-3	0.000000E+0	9.510500E+4
5.060000E-3	0.000000E+0	9.557100E+4
5.080000E-3	0.000000E+0	9.523200E+4
5.100000E-3	0.000000E+0	9.515600E+4
5.120000E-3	0.000000E+0	9.550100E+4
5.140000E-3	0.000000E+0	9.497100E+4
5.160000E-3	0.000000E+0	9.556100E+4
5.180000E-3	0.000000E+0	9.470200E+4
5.200000E-3	0.000000E+0	9.467400E+4
5.220000E-3	0.000000E+0	9.497600E+4
5.240000E-3	0.000000E+0	9.449900E+4
5.260000E-3	0.000000E+0	9.529100E+4
5.280000E-3	0.000000E+0	9.420100E+4
5.300000E-3	0.000000E+0	9.423900E+4
5.320000E-3	0.000000E+0	9.468900E+4
5.340000E-3	0.000000E+0	9.454000E+4
5.360000E-3	0.000000E+0	9.467300E+4
5.380000E-3	0.000000E+0	9.453000E+4
5.400000E-3	0.000000E+0	9.452000E+4
5.420000E-3	0.000000E+0	9.433900E+4
5.440000E-3	0.000000E+0	9.414600E+4
5.460000E-3	0.000000E+0	9.457900E+4
5.480000E-3	0.000000E+0	9.373100E+4
5.500000E-3	0.000000E+0	9.375200E+4
5.520000E-3	0.000000E+0	9.421100E+4
5.540000E-3	0.000000E+0	9.389300E+4
5.560000E-3	0.000000E+0	9.415900E+4
5.580000E-3	0.000000E+0	9.371800E+4
5.600000E-3	0.000000E+0	9.403900E+4
5.620000E-3	0.000000E+0	9.252300E+4
5.640000E-3	0.000000E+0	9.215700E+4
5.660000E-3	0.000000E+0	9.136900E+4
5.680000E-3	0.000000E+0	8.948600E+4
5.700000E-3	0.000000E+0	8.870800E+4
5.720000E-3	0.000000E+0	8.565600E+4
5.740000E-3	0.000000E+0	8.162900E+4
5.760000E-3	0.000000E+0	7.652900E+4
5.780000E-3	0.000000E+0	6.937100E+4
5.800000E-3	0.000000E+0	6.261800E+4
5.820000E-3	0.000000E+0	5.802900E+4
5.840000E-3	0.000000E+0	5.646100E+4
5.860000E-3	0.000000E+0	5.833600E+4
5.880000E-3	0.000000E+0	6.349000E+4
5.900000E-3	0.000000E+0	7.088400E+4
5.920000E-3	0.000000E+0	7.766700E+4
5.940000E-3	0.000000E+0	8.373100E+4
5.960000E-3	0.000000E+0	8.670800E+4
5.980000E-3	0.000000E+0	8.944100E+4
6.000000E-3	0.000000E+0	9.129400E+4
6.020000E-3	0.000000E+0	9.178200E+4
6.040000E-3	0.000000E+0	9.249300E+4
6.060000E-3	0.000000E+0	9.298900E+4
6.080000E-3	0.000000E+0	9.319300E+4
6.100000E-3	0.000000E+0	9.331800E+4
6.120000E-3	0.000000E+0	9.376800E+4
6.140000E-3	0.000000E+0	9.413500E+4
6.160000E-3	0.000000E+0	9.350100E+4
6.180000E-3	0.000000E+0	9.416000E+4
6.200000E-3	0.000000E+0	9.442800E+4
6.220000E-3	0.000000E+0	9.399400E+4
6.240000E-3	0.000000E+0	9.460500E+4
6.260000E-3	0.000000E+0	9.452600E+4
6.280000E-3	0.000000E+0	9.475200E+4
6.300000E-3	0.000000E+0	9.479100E+4
6.320000E-3	0.000000E+0	9.430400E+4
6.340000E-3	0.000000E+0	9.489800E+4
6.360000E-3	0.000000E+0	9.470000E+4
6.380000E-3	0.000000E+0	9.502500E+4
6.400000E-3	0.000000E+0	9.514100E+4
6.420000E-3	0.000000E+0	9.533700E+4
6.440000E-3	0.000000E+0	9.423000E+4
6.460000E-3	0.000000E+0	9.471400E+4
6.480000E-3	0.000000E+0	9.499400E+4
6.500000E-3	0.000000E+0	9.470300E+4
6.520000E-3	0.000000E+0	9.480600E+4
6.540000E-3	0.000000E+0	9.517400E+4
6.560000E-3	0.000000E+0	9.493800E+4
6.580000E-3	0.000000E+0	9.505900E+4
6.600000E-3	0.000000E+0	9.467300E+4
6.620000E-3	0.000000E+0	9.494700E+4
6.640000E-3	0.000000E+0	9.512100E+4
6.660000E-3	0.000000E+0	9.485300E+4
6.680000E-3	0.000000E+0	9.478400E+4
6.700000E-3	0.000000E+0	9.474500E+4
6.720000E-3	0.000000E+0	9.462900E+4
6.740000E-3	0.000000E+0	9.500900E+4
6.760000E-3	0.000000E+0	9.489400E+4
6.780000E-3	0.000000E+0	9.510800E+4
6.800000E-3	0.000000E+0	9.485700E+4
6.820000E-3	0.000000E+0	9.510200E+4
6.840000E-3	0.000000E+0	9.493000E+4
6.860000E-3	0.000000E+0	9.574500E+4
6.880000E-3	0.000000E+0	9.472800E+4
6.900000E-3	0.000000E+0	9.503900E+4
6.920000E-3	0.000000E+0	9.543300E+4
6.940000E-3	0.000000E+0	9.508100E+4
6.960000E-3	0.000000E+0	9.387600E+4
6.980000E-3	0.000000E+0	9.504500E+4
7.000000E-3	0.000000E+0	9.521200E+4
7.020000E-3	0.000000E+0	9.522800E+4
7.040000E-3	0.000000E+0	9.487000E+4
7.060000E-3	0.000000E+0	9.514900E+4
7.080000E-3	0.000000E+0	9.510300E+4
7.100000E-3	0.000000E+0	9.454600E+4
7.120000E-3	0.000000E+0	9.496900E+4
7.140000E-3	0.000000E+0	9.538200E+4
7.160000E-3	0.000000E+0	9.510100E+4
7.180000E-3	0.000000E+0	9.536700E+4
7.200000E-3	0.000000E+0	9.448200E+4
7.220000E-3	0.000000E+0	9.539300E+4
7.240000E-3	0.000000E+0	9.512900E+4
7.260000E-3	0.000000E+0	9.541900E+4
7.280000E-3	0.000000E+0	9.516200E+4
7.300000E-3	0.000000E+0	9.505700E+4
7.320000E-3	0.000000E+0	9.492800E+4
7.340000E-3	0.000000E+0	9.553500E+4
7.360000E-3	0.000000E+0	9.517800E+4
7.380000E-3	0.000000E+0	9.520800E+4
7.400000E-3	0.000000E+0	9.498400E+4
7.420000E-3	0.000000E+0	9.507300E+4
7.440000E-3	0.000000E+0	9.523500E+4
7.460000E-3	0.000000E+0	9.455500E+4
7.480000E-3	0.000000E+0	9.490700E+4
7.500000E-3	0.000000E+0	9.438700E+4
7.520000E-3	0.000000E+0	9.517100E+4
7.540000E-3	0.000000E+0	9.522700E+4
7.560000E-3	0.000000E+0	9.551900E+4
7.580000E-3	0.000000E+0	9.495900E+4
7.600000E-3	0.000000E+0	9.472700E+4
7.620000E-3	0.000000E+0	9.541100E+4
7.640000E-3	0.000000E+0	9.497100E+4
7.660000E-3	0.000000E+0	9.548900E+4
7.680000E-3	0.000000E+0	9.564700E+4
7.700000E-3	0.000000E+0	9.500200E+4
7.720000E-3	0.000000E+0	9.506200E+4
7.740000E-3	0.000000E+0	9.477700E+4
7.760000E-3	0.000000E+0	9.546300E+4
7.780000E-3	0.000000E+0	9.479200E+4
7.800000E-3	0.000000E+0	9.530800E+4
7.820000E-3	0.000000E+0	9.514200E+4
7.840000E-3	0.000000E+0	9.521300E+4
7.860000E-3	0.000000E+0	9.504500E+4
7.880000E-3	0.000000E+0	9.517800E+4
7.900000E-3	0.000000E+0	9.551900E+4
7.920000E-3	0.000000E+0	9.497400E+4
7.940000E-3	0.000000E+0	9.509700E+4
7.960000E-3	0.000000E+0	9.511300E+4
7.980000E-3	0.000000E+0	9.463300E+4
8.000000E-3	0.000000E+0	9.465300E+4
8.020000E-3	0.000000E+0	9.485300E+4
8.040000E-3	0.000000E+0	9.436900E+4
8.060000E-3	0.000000E+0	9.508500E+4
8.080000E-3	0.000000E+0	9.594700E+4
8.100000E-3	0.000000E+0	9.462400E+4
8.120000E-3	0.000000E+0	9.483600E+4
8.140000E-3	0.000000E+0	9.520200E+4
8.160000E-3	0.000000E+0	9.495800E+4
8.180000E-3	0.000000E+0	9.465100E+4
8.200000E-3	0.000000E+0	9.513000E+4
8.220000E-3	0.000000E+0	9.482400E+4
8.240000E-3	0.000000E+0	9.537300E+4
8.260000E-3	0.000000E+0	9.466900E+4
8.280000E-3	0.000000E+0	9.537400E+4
8.300000E-3	0.000000E+0	9.536200E+4
8.320000E-3	0.000000E+0	9.505000E+4
8.340000E-3	0.000000E+0	9.551900E+4
8.360000E-3	0.000000E+0	9.485300E+4
8.380000E-3	0.000000E+0	9.556100E+4
8.400000E-3	0.000000E+0	9.524600E+4
8.420000E-3	0.000000E+0	9.486200E+4
8.440000E-3	0.000000E+0	9.549000E+4
8.460000E-3	0.000000E+0	9.513300E+4
8.480000E-3	0.000000E+0	9.511800E+4
8.500000E-3	0.000000E+0	9.525500E+4
8.520000E-3	0.000000E+0	9.514000E+4
8.540000E-3	0.000000E+0	9.520100E+4
8.560000E-3	0.000000E+0	9.548400E+4
8.580000E-3	0.000000E+0	9.497100E+4
8.600000E-3	0.000000E+0	9.525500E+4
8.620000E-3	0.000000E+0	9.510100E+4
8.640000E-3	0.000000E+0	9.534700E+4
8.660000E-3	0.000000E+0	9.476600E+4
8.680000E-3	0.000000E+0	9.518200E+4
8.700000E-3	0.000000E+0	9.528500E+4
8.720000E-3	0.000000E+0	9.485600E+4
8.740000E-3	0.000000E+0	9.533500E+4
8.760000E-3	0.000000E+0	9.595300E+4
8.780000E-3	0.000000E+0	9.476500E+4
8.800000E-3	0.000000E+0	9.510600E+4
8.820000E-3	0.000000E+0	9.504400E+4
8.840000E-3	0.000000E+0	9.511100E+4
8.860000E-3	0.000000E+0	9.505900E+4
8.880000E-3	0.000000E+0	9.500600E+4
8.900000E-3	0.000000E+0	9.585700E+4
8.920000E-3	0.000000E+0	9.497000E+4
8.940000E-3	0.000000E+0	9.495700E+4
8.960000E-3	0.000000E+0	9.489000E+4
8.980000E-3	0.000000E+0	9.468500E+4
9.000000E-3	0.000000E+0	9.497000E+4
9.020000E-3	0.000000E+0	9.498400E+4
9.040000E-3	0.000000E+0	9.557000E+4
9.060000E-3	0.000000E+0	9.488900E+4
9.080000E-3	0.000000E+0	9.516600E+4
9.100000E-3	0.000000E+0	9.464600E+4
9.120000E-3	0.000000E+0	9.535400E+4
9.140000E-3	0.000000E+0	9.535600E+4
9.160000E-3	0.000000E+0	9.414400E+4
9.180000E-3	0.000000E+0	9.496400E+4
9.200000E-3	0.000000E+0	9.524100E+4
9.220000E-3	0.000000E+0	9.487600E+4
9.240000E-3	0.000000E+0	9.505900E+4
9.260000E-3	0.000000E+0	9.509300E+4
9.280000E-3	0.000000E+0	9.489500E+4
9.300000E-3	0.000000E+0	9.508700E+4
9.320000E-3	0.000000E+0	9.460400E+4
9.340000E-3	0.000000E+0	9.506300E+4
9.360000E-3	0.000000E+0	9.522300E+4
9.380000E-3	0.000000E+0	9.528200E+4
9.400000E-3	0.000000E+0	9.501000E+4
9.420000E-3	0.000000E+0	9.513900E+4
9.440000E-3	0.000000E+0	9.493800E+4
9.460000E-3	0.000000E+0	9.539900E+4
9.480000E-3	0.000000E+0	9.487800E+4
9.500000E-3	0.000000E+0	9.557900E+4
9.520000E-3	0.000000E+0	9.511300E+4
9.540000E-3	0.000000E+0	9.448700E+4
9.560000E-3	0.000000E+0	9.544200E+4
9.580000E-3	0.000000E+0	9.531300E+4
9.600000E-3	0.000000E+0	9.480700E+4
9.620000E-3	0.000000E+0	9.522500E+4
9.640000E-3	0.000000E+0	9.536000E+4
9.660000E-3	0.000000E+0	9.518900E+4
9.680000E-3	0.000000E+0	9.441000E+4
9.700000E-3	0.000000E+0	9.508200E+4
9.720000E-3	0.000000E+0	9.513800E+4
9.740000E-3	0.000000E+0	9.554900E+4
9.760000E-3	0.000000E+0	9.466900E+4
9.780000E-3	0.000000E+0	9.500400E+4
9.800000E-3	0.000000E+0	9.527100E+4
9.820000E-3	0.000000E+0	9.499100E+4
9.840000E-3	0.000000E+0	9.513200E+4
9.860000E-3	0.000000E+0	9.542800E+4
9.880000E-3	0.000000E+0	9.554100E+4
9.900000E-3	0.000000E+0	9.531100E+4
9.920000E-3	0.000000E+0	9.565500E+4
9.940000E-3	0.000000E+0	9.459900E+4
9.960000E-3	0.000000E+0	9.453700E+4
9.980000E-3	0.000000E+0	9.488700E+4
1.000000E-2	0.000000E+0	9.513100E+4
1.002000E-2	0.000000E+0	9.471300E+4
1.004000E-2	0.000000E+0	9.506200E+4
1.006000E-2	0.000000E+0	9.491200E+4
1.008000E-2	0.000000E+0	9.538600E+4
1.010000E-2	0.000000E+0	9.543500E+4
1.012000E-2	0.000000E+0	9.509100E+4
1.014000E-2	0.000000E+0	9.592900E+4
1.016000E-2	0.000000E+0	9.538400E+4
1.018000E-2	0.000000E+0	9.531100E+4
1.020000E-2	0.000000E+0	9.571900E+4
1.022000E-2	0.000000E+0	9.529100E+4
1.024000E-2	0.000000E+0	9.529700E+4
1.026000E-2	0.000000E+0	9.486200E+4
1.028000E-2	0.000000E+0	9.512000E+4
1.030000E-2	0.000000E+0	9.505200E+4
1.032000E-2	0.000000E+0	9.519000E+4
1.034000E-2	0.000000E+0	9.545300E+4
1.036000E-2	0.000000E+0	9.500200E+4
1.038000E-2	0.000000E+0	9.526400E+4
1.040000E-2	0.000000E+0	9.545100E+4
1.042000E-2	0.000000E+0	9.506600E+4
1.044000E-2	0.000000E+0	9.549700E+4
1.046000E-2	0.000000E+0	9.500200E+4
1.048000E-2	0.000000E+0	9.553500E+4
1.050000E-2	0.000000E+0	9.490200E+4
1.052000E-2	0.000000E+0	9.537300E+4
1.054000E-2	0.000000E+0	9.537500E+4
1.056000E-2	0.000000E+0	9.528000E+4
1.058000E-2	0.000000E+0	9.502200E+4
1.060000E-2	0.000000E+0	9.428800E+4
1.062000E-2	0.000000E+0	9.473800E+4
1.064000E-2	0.000000E+0	9.506600E+4
1.066000E-2	0.000000E+0	9.520200E+4
1.068000E-2	0.000000E+0	9.473200E+4
1.070000E-2	0.000000E+0	9.486000E+4
1.072000E-2	0.000000E+0	9.479300E+4
1.074000E-2	0.000000E+0	9.513200E+4
1.076000E-2	0.000000E+0	9.508000E+4
1.078000E-2	0.000000E+0	9.484600E+4
1.080000E-2	0.000000E+0	9.494400E+4
1.082000E-2	0.000000E+0	9.480200E+4
1.084000E-2	0.000000E+0	9.467200E+4
1.086000E-2	0.000000E+0	9.473600E+4
1.088000E-2	0.000000E+0	9.508900E+4
1.090000E-2	0.000000E+0	9.541100E+4
1.092000E-2	0.000000E+0	9.474800E+4
1.094000E-2	0.000000E+0	9.502300E+4
1.096000E-2	0.000000E+0	9.518300E+4
1.098000E-2	0.000000E+0	9.499000E+4
1.100000E-2	0.000000E+0	9.511700E+4
1.102000E-2	0.000000E+0	9.456800E+4
1.104000E-2	0.000000E+0	9.535200E+4
1.106000E-2	0.000000E+0	9.467400E+4
1.108000E-2	0.000000E+0	9.573800E+4
1.110000E-2	0.000000E+0	9.513700E+4
1.112000E-2	0.000000E+0	9.505100E+4
1.114000E-2	0.000000E+0	9.475900E+4
1.116000E-2	0.000000E+0	9.495600E+4
1.118000E-2	0.000000E+0	9.504500E+4
1.120000E-2	0.000000E+0	9.470100E+4
1.122000E-2	0.000000E+0	9.472200E+4
1.124000E-2	0.000000E+0	9.559600E+4
1.126000E-2	0.000000E+0	9.532900E+4
1.128000E-2	0.000000E+0	9.565100E+4
1.130000E-2	0.000000E+0	9.458300E+4
1.132000E-2	0.000000E+0	9.556800E+4
1.134000E-2	0.000000E+0	9.526100E+4
1.136000E-2	0.000000E+0	9.514300E+4
1.138000E-2	0.000000E+0	9.474400E+4
1.140000E-2	0.000000E+0	9.513700E+4
1.142000E-2	0.000000E+0	9.510000E+4
1.144000E-2	0.000000E+0	9.532600E+4
1.146000E-2	0.000000E+0	9.525300E+4
1.148000E-2	0.000000E+0	9.509400E+4
1.150000E-2	0.000000E+0	9.506800E+4
1.152000E-2	0.000000E+0	9.507600E+4
1.154000E-2	0.000000E+0	9.495100E+4
1.156000E-2	0.000000E+0	9.518100E+4
1.158000E-2	0.000000E+0	9.512900E+4
1.160000E-2	0.000000E+0	9.510500E+4
1.162000E-2	0.000000E+0	9.522100E+4
1.164000E-2	0.000000E+0	9.493400E+4
1.166000E-2	0.000000E+0	9.442500E+4
1.168000E-2	0.000000E+0	9.529300E+4
1.170000E-2	0.000000E+0	9.546900E+4
1.172000E-2	0.000000E+0	9.480200E+4
1.174000E-2	0.000000E+0	9.489400E+4
1.176000E-2	0.000000E+0	9.509500E+4
1.178000E-2	0.000000E+0	9.501000E+4
1.180000E-2	0.000000E+0	9.468200E+4
1.182000E-2	0.000000E+0	9.568600E+4
1.184000E-2	0.000000E+0	9.506800E+4
1.186000E-2	0.000000E+0	9.465000E+4
1.188000E-2	0.000000E+0	9.442300E+4
1.190000E-2	0.000000E+0	9.516500E+4
1.192000E-2	0.000000E+0	9.485200E+4
1.194000E-2	0.000000E+0	9.522100E+4
1.196000E-2	0.000000E+0	9.460500E+4
1.198000E-2	0.000000E+0	9.466900E+4
1.200000E-2	0.000000E+0	9.477800E+4
1.202000E-2	0.000000E+0	9.505200E+4
1.204000E-2	0.000000E+0	9.484700E+4
1.206000E-2	0.000000E+0	9.517700E+4
1.208000E-2	0.000000E+0	9.526600E+4
1.210000E-2	0.000000E+0	9.505300E+4
1.212000E-2	0.000000E+0	9.477900E+4
1.214000E-2	0.000000E+0	9.497700E+4
1.216000E-2	0.000000E+0	9.505600E+4
1.218000E-2	0.000000E+0	9.493800E+4
1.220000E-2	0.000000E+0	9.515500E+4
1.222000E-2	0.000000E+0	9.499700E+4
1.224000E-2	0.000000E+0	9.503600E+4
1.226000E-2	0.000000E+0	9.438000E+4
1.228000E-2	0.000000E+0	9.485900E+4
1.230000E-2	0.000000E+0	9.479600E+4
1.232000E-2	0.000000E+0	9.517000E+4
1.234000E-2	0.000000E+0	9.533400E+4
1.236000E-2	0.000000E+0	9.528300E+4
1.238000E-2	0.000000E+0	9.494000E+4
1.240000E-2	0.000000E+0	9.453500E+4
1.242000E-2	0.000000E+0	9.533200E+4
1.244000E-2	0.000000E+0	9.492200E+4
1.246000E-2	0.000000E+0	9.422000E+4
1.248000E-2	0.000000E+0	9.474500E+4
1.250000E-2	0.000000E+0	9.524300E+4
1.252000E-2	0.000000E+0	9.518500E+4
1.254000E-2	0.000000E+0	9.446000E+4
1.256000E-2	0.000000E+0	9.521500E+4
1.258000E-2	0.000000E+0	9.562600E+4
1.260000E-2	0.000000E+0	9.521700E+4
1.262000E-2	0.000000E+0	9.465600E+4
1.264000E-2	0.000000E+0	9.492300E+4
1.266000E-2	0.000000E+0	9.503000E+4
1.268000E-2	0.000000E+0	9.497000E+4
1.270000E-2	0.000000E+0	9.510300E+4
1.272000E-2	0.000000E+0	9.482400E+4
1.274000E-2	0.000000E+0	9.498400E+4
1.276000E-2	0.000000E+0	9.523300E+4
1.278000E-2	0.000000E+0	9.524200E+4
1.280000E-2	0.000000E+0	9.520700E+4
1.282000E-2	0.000000E+0	9.455600E+4
1.284000E-2	0.000000E+0	9.521500E+4
1.286000E-2	0.000000E+0	9.539500E+4
1.288000E-2	0.000000E+0	9.534500E+4
1.290000E-2	0.000000E+0	9.465800E+4
1.292000E-2	0.000000E+0	9.499200E+4
1.294000E-2	0.000000E+0	9.492300E+4
1.296000E-2	0.000000E+0	9.499200E+4
1.298000E-2	0.000000E+0	9.502100E+4
1.300000E-2	0.000000E+0	9.461600E+4
1.302000E-2	0.000000E+0	9.543200E+4
1.304000E-2	0.000000E+0	9.524400E+4
1.306000E-2	0.000000E+0	9.482900E+4
1.308000E-2	0.000000E+0	9.561200E+4
1.310000E-2	0.000000E+0	9.541300E+4
1.312000E-2	0.000000E+0	9.498500E+4
1.314000E-2	0.000000E+0	9.472500E+4
1.316000E-2	0.000000E+0	9.511700E+4
1.318000E-2	0.000000E+0	9.514500E+4
1.320000E-2	0.000000E+0	9.496800E+4
1.322000E-2	0.000000E+0	9.487900E+4
1.324000E-2	0.000000E+0	9.483800E+4
1.326000E-2	0.000000E+0	9.518900E+4
1.328000E-2	0.000000E+0	9.552800E+4
1.330000E-2	0.000000E+0	9.517600E+4
1.332000E-2	0.000000E+0	9.564300E+4
1.334000E-2	0.000000E+0	9.496000E+4
1.336000E-2	0.000000E+0	9.502400E+4
1.338000E-2	0.000000E+0	9.453200E+4
1.340000E-2	0.000000E+0	9.552500E+4
1.342000E-2	0.000000E+0	9.542800E+4
1.344000E-2	0.000000E+0	9.526400E+4
1.346000E-2	0.000000E+0	9.515800E+4
1.348000E-2	0.000000E+0	9.502300E+4
1.350000E-2	0.000000E+0	9.521500E+4
1.352000E-2	0.000000E+0	9.505800E+4
1.354000E-2	0.000000E+0	9.521300E+4
1.356000E-2	0.000000E+0	9.502200E+4
1.358000E-2	0.000000E+0	9.416900E+4
1.360000E-2	0.000000E+0	9.494400E+4
1.362000E-2	0.000000E+0	9.467100E+4
1.364000E-2	0.000000E+0	9.483000E+4
1.366000E-2	0.000000E+0	9.462300E+4
1.368000E-2	0.000000E+0	9.532000E+4
1.370000E-2	0.000000E+0	9.533000E+4
1.372000E-2	0.000000E+0	9.510800E+4
1.374000E-2	0.000000E+0	9.466600E+4
1.376000E-2	0.000000E+0	9.520900E+4
1.378000E-2	0.000000E+0	9.596000E+4
1.380000E-2	0.000000E+0	9.444500E+4
1.382000E-2	0.000000E+0	9.435000E+4
1.384000E-2	0.000000E+0	9.471300E+4
1.386000E-2	0.000000E+0	9.574400E+4
1.388000E-2	0.000000E+0	9.495100E+4
1.390000E-2	0.000000E+0	9.528500E+4
1.392000E-2	0.000000E+0	9.471100E+4
1.394000E-2	0.000000E+0	9.554300E+4
1.396000E-2	0.000000E+0	9.454800E+4
1.398000E-2	0.000000E+0	9.553300E+4
1.400000E-2	0.000000E+0	9.523000E+4
1.402000E-2	0.000000E+0	9.507200E+4
1.404000E-2	0.000000E+0	9.545400E+4
1.406000E-2	0.000000E+0	9.479200E+4
1.408000E-2	0.000000E+0	9.533000E+4
1.410000E-2	0.000000E+0	9.494700E+4
1.412000E-2	0.000000E+0	9.458100E+4
1.414000E-2	0.000000E+0	9.483000E+4
1.416000E-2	0.000000E+0	9.542100E+4
1.418000E-2	0.000000E+0	9.504000E+4
1.420000E-2	0.000000E+0	9.529000E+4
1.422000E-2	0.000000E+0	9.497900E+4
1.424000E-2	0.000000E+0	9.486400E+4
1.426000E-2	0.000000E+0	9.530700E+4
1.428000E-2	0.000000E+0	9.510200E+4
1.430000E-2	0.000000E+0	9.483700E+4
1.432000E-2	0.000000E+0	9.547000E+4
1.434000E-2	0.000000E+0	9.470400E+4
1.436000E-2	0.000000E+0	9.491000E+4
1.438000E-2	0.000000E+0	9.485000E+4
1.440000E-2	0.000000E+0	9.496300E+4
1.442000E-2	0.000000E+0	9.540700E+4
1.444000E-2	0.000000E+0	9.558500E+4
1.446000E-2	0.000000E+0	9.507200E+4
1.448000E-2	0.000000E+0	9.478100E+4
1.450000E-2	0.000000E+0	9.458100E+4
1.452000E-2	0.000000E+0	9.514100E+4
1.454000E-2	0.000000E+0	9.479200E+4
1.456000E-2	0.000000E+0	9.492600E+4
1.458000E-2	0.000000E+0	9.475000E+4
1.460000E-2	0.000000E+0	9.473900E+4
1.462000E-2	0.000000E+0	9.530200E+4
1.464000E-2	0.000000E+0	9.531700E+4
1.466000E-2	0.000000E+0	9.504400E+4
1.468000E-2	0.000000E+0	9.505100E+4
1.470000E-2	0.000000E+0	9.435000E+4
1.472000E-2	0.000000E+0	9.476500E+4
1.474000E-2	0.000000E+0	9.526400E+4
1.476000E-2	0.000000E+0	9.491600E+4
1.478000E-2	0.000000E+0	9.577100E+4
1.480000E-2	0.000000E+0	9.501100E+4
1.482000E-2	0.000000E+0	9.504200E+4
1.484000E-2	0.000000E+0	9.494100E+4
1.486000E-2	0.000000E+0	9.523000E+4
1.488000E-2	0.000000E+0	9.478800E+4
1.490000E-2	0.000000E+0	9.514100E+4
1.492000E-2	0.000000E+0	9.526000E+4
1.494000E-2	0.000000E+0	9.506300E+4
1.496000E-2	0.000000E+0	9.526200E+4
1.498000E-2	0.000000E+0	9.494500E+4
1.500000E-2	0.000000E+0	9.522700E+4
1.502000E-2	0.000000E+0	9.508900E+4
1.504000E-2	0.000000E+0	9.577900E+4
1.506000E-2	0.000000E+0	9.479600E+4
1.508000E-2	0.000000E+0	9.516700E+4
1.510000E-2	0.000000E+0	9.527800E+4
1.512000E-2	0.000000E+0	9.491100E+4
1.514000E-2	0.000000E+0	9.463900E+4
1.516000E-2	0.000000E+0	9.515900E+4
1.518000E-2	0.000000E+0	9.520000E+4
1.520000E-2	0.000000E+0	9.472500E+4
1.522000E-2	0.000000E+0	9.493400E+4
1.524000E-2	0.000000E+0	9.503300E+4
1.526000E-2	0.000000E+0	9.442300E+4
1.528000E-2	0.000000E+0	9.558300E+4
1.530000E-2	0.000000E+0	9.548700E+4
1.532000E-2	0.000000E+0	9.500800E+4
1.534000E-2	0.000000E+0	9.527100E+4
1.536000E-2	0.000000E+0	9.498800E+4
1.538000E-2	0.000000E+0	9.489700E+4
1.540000E-2	0.000000E+0	9.505400E+4
1.542000E-2	0.000000E+0	9.464300E+4
1.544000E-2	0.000000E+0	9.492000E+4
1.546000E-2	0.000000E+0	9.457200E+4
1.548000E-2	0.000000E+0	9.479800E+4
1.550000E-2	0.000000E+0	9.507400E+4
1.552000E-2	0.000000E+0	9.491400E+4
1.554000E-2	0.000000E+0	9.477800E+4
1.556000E-2	0.000000E+0	9.544300E+4
1.558000E-2	0.000000E+0	9.537400E+4
1.560000E-2	0.000000E+0	9.504400E+4
1.562000E-2	0.000000E+0	9.487500E+4
1.564000E-2	0.000000E+0	9.468900E+4
1.566000E-2	0.000000E+0	9.505100E+4
1.568000E-2	0.000000E+0	9.491000E+4
1.570000E-2	0.000000E+0	9.516700E+4
1.572000E-2	0.000000E+0	9.506000E+4
1.574000E-2	0.000000E+0	9.487700E+4
1.576000E-2	0.000000E+0	9.458400E+4
1.578000E-2	0.000000E+0	9.470700E+4
1.580000E-2	0.000000E+0	9.532700E+4
1.582000E-2	0.000000E+0	9.505500E+4
1.584000E-2	0.000000E+0	9.486000E+4
1.586000E-2	0.000000E+0	9.490900E+4
1.588000E-2	0.000000E+0	9.505800E+4
1.590000E-2	0.000000E+0	9.495700E+4
1.592000E-2	0.000000E+0	9.486900E+4
1.594000E-2	0.000000E+0	9.504300E+4
1.596000E-2	0.000000E+0	9.467500E+4
1.598000E-2	0.000000E+0	9.483500E+4
1.600000E-2	0.000000E+0	9.486000E+4
1.602000E-2	0.000000E+0	9.464300E+4
1.604000E-2	0.000000E+0	9.508100E+4
1.606000E-2	0.000000E+0	9.538900E+4
1.608000E-2	0.000000E+0	9.481700E+4
1.610000E-2	0.000000E+0	9.494700E+4
1.612000E-2	0.000000E+0	9.448900E+4
1.614000E-2	0.000000E+0	9.503300E+4
1.616000E-2	0.000000E+0	9.535700E+4
1.618000E-2	0.000000E+0	9.431400E+4
1.620000E-2	0.000000E+0	9.470600E+4
1.622000E-2	0.000000E+0	9.431900E+4
1.624000E-2	0.000000E+0	9.501900E+4
1.626000E-2	0.000000E+0	9.460700E+4
1.628000E-2	0.000000E+0	9.468100E+4
1.630000E-2	0.000000E+0	9.460500E+4
1.632000E-2	0.000000E+0	9.488100E+4
1.634000E-2	0.000000E+0	9.494700E+4
1.636000E-2	0.000000E+0	9.466000E+4
1.638000E-2	0.000000E+0	9.475400E+4
1.640000E-2	0.000000E+0	9.438800E+4
1.642000E-2	0.000000E+0	9.483600E+4
1.644000E-2	0.000000E+0	9.511900E+4
1.646000E-2	0.000000E+0	9.417300E+4
1.648000E-2	0.000000E+0	9.547700E+4
1.650000E-2	0.000000E+0	9.515100E+4
1.652000E-2	0.000000E+0	9.499400E+4
1.654000E-2	0.000000E+0	9.430600E+4
1.656000E-2	0.000000E+0	9.473900E+4
1.658000E-2	0.000000E+0	9.536200E+4
1.660000E-2	0.000000E+0	9.448200E+4
1.662000E-2	0.000000E+0	9.479900E+4
1.664000E-2	0.000000E+0	9.507300E+4
1.666000E-2	0.000000E+0	9.494800E+4
1.668000E-2	0.000000E+0	9.463600E+4
1.670000E-2	0.000000E+0	9.462800E+4
1.672000E-2	0.000000E+0	9.465000E+4
1.674000E-2	0.000000E+0	9.426500E+4
1.676000E-2	0.000000E+0	9.446600E+4
1.678000E-2	0.000000E+0	9.480100E+4
1.680000E-2	0.000000E+0	9.500300E+4
1.682000E-2	0.000000E+0	9.435600E+4
1.684000E-2	0.000000E+0	9.432500E+4
1.686000E-2	0.000000E+0	9.413600E+4
1.688000E-2	0.000000E+0	9.438200E+4
1.690000E-2	0.000000E+0	9.365100E+4
1.692000E-2	0.000000E+0	9.407700E+4
1.694000E-2	0.000000E+0	9.393300E+4
1.696000E-2	0.000000E+0	9.349100E+4
1.698000E-2	0.000000E+0	9.327800E+4
1.700000E-2	0.000000E+0	9.282500E+4
1.702000E-2	0.000000E+0	9.276100E+4
1.704000E-2	0.000000E+0	9.185500E+4
1.706000E-2	0.000000E+0	9.136400E+4
1.708000E-2	0.000000E+0	9.081500E+4
1.710000E-2	0.000000E+0	8.876000E+4
1.712000E-2	0.000000E+0	8.706800E+4
1.714000E-2	0.000000E+0	8.322900E+4
1.716000E-2	0.000000E+0	7.732800E+4
1.718000E-2	0.000000E+0	7.127500E+4
1.720000E-2	0.000000E+0	6.403800E+4
1.722000E-2	0.000000E+0	5.907900E+4
1.724000E-2	0.000000E+0	5.668900E+4
1.726000E-2	0.000000E+0	5.805000E+4
1.728000E-2	0.000000E+0	6.260300E+4
1.730000E-2	0.000000E+0	6.934200E+4
1.732000E-2	0.000000E+0	7.526700E+4
1.734000E-2	0.000000E+0	8.142800E+4
1.736000E-2	0.000000E+0	8.527800E+4
1.738000E-2	0.000000E+0	8.784600E+4
1.740000E-2	0.000000E+0	9.044100E+4
1.742000E-2	0.000000E+0	9.131500E+4
1.744000E-2	0.000000E+0	9.187300E+4
1.746000E-2	0.000000E+0	9.267400E+4
1.748000E-2	0.000000E+0	9.301900E+4
1.750000E-2	0.000000E+0	9.310700E+4
1.752000E-2	0.000000E+0	9.310900E+4
1.754000E-2	0.000000E+0	9.469600E+4
1.756000E-2	0.000000E+0	9.355200E+4
1.758000E-2	0.000000E+0	9.380600E+4
1.760000E-2	0.000000E+0	9.456600E+4
1.762000E-2	0.000000E+0	9.399500E+4
1.764000E-2	0.000000E+0	9.427700E+4
1.766000E-2	0.000000E+0	9.420100E+4
1.768000E-2	0.000000E+0	9.451400E+4
1.770000E-2	0.000000E+0	9.456500E+4
1.772000E-2	0.000000E+0	9.489500E+4
1.774000E-2	0.000000E+0	9.395200E+4
1.776000E-2	0.000000E+0	9.427800E+4
1.778000E-2	0.000000E+0	9.454800E+4
1.780000E-2	0.000000E+0	9.462500E+4
1.782000E-2	0.000000E+0	9.468600E+4
1.784000E-2	0.000000E+0	9.521700E+4
1.786000E-2	0.000000E+0	9.558100E+4
1.788000E-2	0.000000E+0	9.488600E+4
1.790000E-2	0.000000E+0	9.446300E+4
1.792000E-2	0.000000E+0	9.498000E+4
1.794000E-2	0.000000E+0	9.490800E+4
1.796000E-2	0.000000E+0	9.506900E+4
1.798000E-2	0.000000E+0	9.474300E+4
1.800000E-2	0.000000E+0	9.459500E+4
1.802000E-2	0.000000E+0	9.437300E+4
1.804000E-2	0.000000E+0	9.483200E+4
1.806000E-2	0.000000E+0	9.485900E+4
1.808000E-2	0.000000E+0	9.471700E+4
1.810000E-2	0.000000E+0	9.537900E+4
1.812000E-2	0.000000E+0	9.506800E+4
1.814000E-2	0.000000E+0	9.448000E+4
1.816000E-2	0.000000E+0	9.486600E+4
1.818000E-2	0.000000E+0	9.462700E+4
1.820000E-2	0.000000E+0	9.490200E+4
1.822000E-2	0.000000E+0	9.451500E+4
1.824000E-2	0.000000E+0	9.440000E+4
1.826000E-2	0.000000E+0	9.470700E+4
1.828000E-2	0.000000E+0	9.533200E+4
1.830000E-2	0.000000E+0	9.466800E+4
1.832000E-2	0.000000E+0	9.477300E+4
1.834000E-2	0.000000E+0	9.509300E+4
1.836000E-2	0.000000E+0	9.436200E+4
1.838000E-2	0.000000E+0	9.498900E+4
1.840000E-2	0.000000E+0	9.543000E+4
1.842000E-2	0.000000E+0	9.518000E+4
1.844000E-2	0.000000E+0	9.525500E+4
1.846000E-2	0.000000E+0	9.511700E+4
1.848000E-2	0.000000E+0	9.462600E+4
1.850000E-2	0.000000E+0	9.505100E+4
1.852000E-2	0.000000E+0	9.443800E+4
1.854000E-2	0.000000E+0	9.475600E+4
1.856000E-2	0.000000E+0	9.508300E+4
1.858000E-2	0.000000E+0	9.441600E+4
1.860000E-2	0.000000E+0	9.492300E+4
1.862000E-2	0.000000E+0	9.481000E+4
1.864000E-2	0.000000E+0	9.579800E+4
1.866000E-2	0.000000E+0	9.423500E+4
1.868000E-2	0.000000E+0	9.528000E+4
1.870000E-2	0.000000E+0	9.487300E+4
1.872000E-2	0.000000E+0	9.489200E+4
1.874000E-2	0.000000E+0	9.482200E+4
1.876000E-2	0.000000E+0	9.456300E+4
1.878000E-2	0.000000E+0	9.444700E+4
1.880000E-2	0.000000E+0	9.473700E+4
1.882000E-2	0.000000E+0	9.500500E+4
1.884000E-2	0.000000E+0	9.459200E+4
1.886000E-2	0.000000E+0	9.507500E+4
1.888000E-2	0.000000E+0	9.473700E+4
1.890000E-2	0.000000E+0	9.503500E+4
1.892000E-2	0.000000E+0	9.459900E+4
1.894000E-2	0.000000E+0	9.504400E+4
1.896000E-2	0.000000E+0	9.504400E+4
1.898000E-2	0.000000E+0	9.577300E+4
1.900000E-2	0.000000E+0	9.492500E+4
1.902000E-2	0.000000E+0	9.480600E+4
1.904000E-2	0.000000E+0	9.508500E+4
1.906000E-2	0.000000E+0	9.494900E+4
1.908000E-2	0.000000E+0	9.522400E+4
1.910000E-2	0.000000E+0	9.445200E+4
1.912000E-2	0.000000E+0	9.454700E+4
1.914000E-2	0.000000E+0	9.542500E+4
1.916000E-2	0.000000E+0	9.475100E+4
1.918000E-2	0.000000E+0	9.486500E+4
1.920000E-2	0.000000E+0	9.459300E+4
1.922000E-2	0.000000E+0	9.478100E+4
1.924000E-2	0.000000E+0	9.586800E+4
1.926000E-2	0.000000E+0	9.514300E+4
1.928000E-2	0.000000E+0	9.491100E+4
1.930000E-2	0.000000E+0	9.483700E+4
1.932000E-2	0.000000E+0	9.516800E+4
1.934000E-2	0.000000E+0	9.512100E+4
1.936000E-2	0.000000E+0	9.445500E+4
1.938000E-2	0.000000E+0	9.506800E+4
1.940000E-2	0.000000E+0	9.484100E+4
1.942000E-2	0.000000E+0	9.491300E+4
1.944000E-2	0.000000E+0	9.492600E+4
1.946000E-2	0.000000E+0	9.503500E+4
1.948000E-2	0.000000E+0	9.509000E+4
1.950000E-2	0.000000E+0	9.528300E+4
1.952000E-2	0.000000E+0	9.500300E+4
1.954000E-2	0.000000E+0	9.529100E+4
1.956000E-2	0.000000E+0	9.495800E+4
1.958000E-2	0.000000E+0	9.487100E+4
1.960000E-2	0.000000E+0	9.419900E+4
1.962000E-2	0.000000E+0	9.492600E+4
1.964000E-2	0.000000E+0	9.518400E+4
1.966000E-2	0.000000E+0	9.517200E+4
1.968000E-2	0.000000E+0	9.475200E+4
1.970000E-2	0.000000E+0	9.523800E+4
1.972000E-2	0.000000E+0	9.455300E+4
1.974000E-2	0.000000E+0	9.466700E+4
1.976000E-2	0.000000E+0	9.474800E+4
1.978000E-2	0.000000E+0	9.477900E+4
1.980000E-2	0.000000E+0	9.490000E+4
1.982000E-2	0.000000E+0	9.515100E+4
1.984000E-2	0.000000E+0	9.477200E+4
1.986000E-2	0.000000E+0	9.524200E+4
1.988000E-2	0.000000E+0	9.534200E+4
1.990000E-2	0.000000E+0	9.533000E+4
1.992000E-2	0.000000E+0	9.508100E+4
1.994000E-2	0.000000E+0	9.537300E+4
1.996000E-2	0.000000E+0	9.491400E+4
1.998000E-2	0.000000E+0	9.460900E+4
