

live time:  292041.340000
real time:  338400.776000
sweeps:  14602067.000000
0.000000E+0	0.000000E+0	0.000000E+0
2.000000E-5	0.000000E+0	1.455880E+5
4.000000E-5	0.000000E+0	1.459160E+5
6.000000E-5	0.000000E+0	1.461580E+5
8.000000E-5	0.000000E+0	1.462540E+5
1.000000E-4	0.000000E+0	1.456040E+5
1.200000E-4	0.000000E+0	1.461090E+5
1.400000E-4	0.000000E+0	1.465950E+5
1.600000E-4	0.000000E+0	1.470730E+5
1.800000E-4	0.000000E+0	1.462510E+5
2.000000E-4	0.000000E+0	1.467270E+5
2.200000E-4	0.000000E+0	1.465640E+5
2.400000E-4	0.000000E+0	1.464170E+5
2.600000E-4	0.000000E+0	1.462680E+5
2.800000E-4	0.000000E+0	1.460500E+5
3.000000E-4	0.000000E+0	1.463930E+5
3.200000E-4	0.000000E+0	1.457950E+5
3.400000E-4	0.000000E+0	1.465610E+5
3.600000E-4	0.000000E+0	1.460600E+5
3.800000E-4	0.000000E+0	1.465510E+5
4.000000E-4	0.000000E+0	1.465790E+5
4.200000E-4	0.000000E+0	1.460730E+5
4.400000E-4	0.000000E+0	1.457350E+5
4.600000E-4	0.000000E+0	1.463750E+5
4.800000E-4	0.000000E+0	1.467060E+5
5.000000E-4	0.000000E+0	1.460840E+5
5.200000E-4	0.000000E+0	1.464570E+5
5.400000E-4	0.000000E+0	1.462940E+5
5.600000E-4	0.000000E+0	1.463970E+5
5.800000E-4	0.000000E+0	1.462330E+5
6.000000E-4	0.000000E+0	1.457260E+5
6.200000E-4	0.000000E+0	1.458240E+5
6.400000E-4	0.000000E+0	1.460670E+5
6.600000E-4	0.000000E+0	1.459540E+5
6.800000E-4	0.000000E+0	1.459060E+5
7.000000E-4	0.000000E+0	1.462950E+5
7.200000E-4	0.000000E+0	1.464920E+5
7.400000E-4	0.000000E+0	1.458650E+5
7.600000E-4	0.000000E+0	1.458710E+5
7.800000E-4	0.000000E+0	1.461170E+5
8.000000E-4	0.000000E+0	1.463460E+5
8.200000E-4	0.000000E+0	1.462290E+5
8.400000E-4	0.000000E+0	1.463380E+5
8.600000E-4	0.000000E+0	1.466790E+5
8.800000E-4	0.000000E+0	1.462650E+5
9.000000E-4	0.000000E+0	1.452470E+5
9.200000E-4	0.000000E+0	1.459760E+5
9.400000E-4	0.000000E+0	1.467090E+5
9.600000E-4	0.000000E+0	1.462710E+5
9.800000E-4	0.000000E+0	1.465390E+5
1.000000E-3	0.000000E+0	1.457700E+5
1.020000E-3	0.000000E+0	1.462860E+5
1.040000E-3	0.000000E+0	1.467680E+5
1.060000E-3	0.000000E+0	1.461280E+5
1.080000E-3	0.000000E+0	1.458410E+5
1.100000E-3	0.000000E+0	1.464370E+5
1.120000E-3	0.000000E+0	1.456810E+5
1.140000E-3	0.000000E+0	1.457280E+5
1.160000E-3	0.000000E+0	1.459870E+5
1.180000E-3	0.000000E+0	1.459960E+5
1.200000E-3	0.000000E+0	1.464350E+5
1.220000E-3	0.000000E+0	1.457060E+5
1.240000E-3	0.000000E+0	1.465360E+5
1.260000E-3	0.000000E+0	1.460490E+5
1.280000E-3	0.000000E+0	1.463560E+5
1.300000E-3	0.000000E+0	1.463490E+5
1.320000E-3	0.000000E+0	1.459450E+5
1.340000E-3	0.000000E+0	1.466920E+5
1.360000E-3	0.000000E+0	1.457160E+5
1.380000E-3	0.000000E+0	1.464800E+5
1.400000E-3	0.000000E+0	1.465060E+5
1.420000E-3	0.000000E+0	1.460860E+5
1.440000E-3	0.000000E+0	1.464080E+5
1.460000E-3	0.000000E+0	1.467200E+5
1.480000E-3	0.000000E+0	1.461150E+5
1.500000E-3	0.000000E+0	1.452240E+5
1.520000E-3	0.000000E+0	1.459440E+5
1.540000E-3	0.000000E+0	1.465380E+5
1.560000E-3	0.000000E+0	1.465240E+5
1.580000E-3	0.000000E+0	1.459750E+5
1.600000E-3	0.000000E+0	1.465630E+5
1.620000E-3	0.000000E+0	1.471080E+5
1.640000E-3	0.000000E+0	1.461760E+5
1.660000E-3	0.000000E+0	1.461080E+5
1.680000E-3	0.000000E+0	1.463120E+5
1.700000E-3	0.000000E+0	1.456860E+5
1.720000E-3	0.000000E+0	1.459080E+5
1.740000E-3	0.000000E+0	1.460910E+5
1.760000E-3	0.000000E+0	1.467280E+5
1.780000E-3	0.000000E+0	1.465020E+5
1.800000E-3	0.000000E+0	1.458700E+5
1.820000E-3	0.000000E+0	1.470550E+5
1.840000E-3	0.000000E+0	1.467570E+5
1.860000E-3	0.000000E+0	1.465730E+5
1.880000E-3	0.000000E+0	1.465610E+5
1.900000E-3	0.000000E+0	1.463690E+5
1.920000E-3	0.000000E+0	1.465040E+5
1.940000E-3	0.000000E+0	1.461520E+5
1.960000E-3	0.000000E+0	1.463360E+5
1.980000E-3	0.000000E+0	1.467650E+5
2.000000E-3	0.000000E+0	1.462940E+5
2.020000E-3	0.000000E+0	1.465680E+5
2.040000E-3	0.000000E+0	1.460210E+5
2.060000E-3	0.000000E+0	1.472420E+5
2.080000E-3	0.000000E+0	1.456890E+5
2.100000E-3	0.000000E+0	1.456830E+5
2.120000E-3	0.000000E+0	1.464380E+5
2.140000E-3	0.000000E+0	1.465120E+5
2.160000E-3	0.000000E+0	1.463130E+5
2.180000E-3	0.000000E+0	1.464800E+5
2.200000E-3	0.000000E+0	1.461910E+5
2.220000E-3	0.000000E+0	1.455960E+5
2.240000E-3	0.000000E+0	1.465920E+5
2.260000E-3	0.000000E+0	1.464900E+5
2.280000E-3	0.000000E+0	1.465660E+5
2.300000E-3	0.000000E+0	1.467020E+5
2.320000E-3	0.000000E+0	1.462110E+5
2.340000E-3	0.000000E+0	1.453790E+5
2.360000E-3	0.000000E+0	1.463480E+5
2.380000E-3	0.000000E+0	1.461310E+5
2.400000E-3	0.000000E+0	1.466110E+5
2.420000E-3	0.000000E+0	1.462810E+5
2.440000E-3	0.000000E+0	1.458880E+5
2.460000E-3	0.000000E+0	1.459180E+5
2.480000E-3	0.000000E+0	1.459950E+5
2.500000E-3	0.000000E+0	1.461640E+5
2.520000E-3	0.000000E+0	1.464040E+5
2.540000E-3	0.000000E+0	1.462540E+5
2.560000E-3	0.000000E+0	1.456020E+5
2.580000E-3	0.000000E+0	1.464670E+5
2.600000E-3	0.000000E+0	1.465110E+5
2.620000E-3	0.000000E+0	1.458660E+5
2.640000E-3	0.000000E+0	1.463610E+5
2.660000E-3	0.000000E+0	1.457910E+5
2.680000E-3	0.000000E+0	1.466550E+5
2.700000E-3	0.000000E+0	1.461990E+5
2.720000E-3	0.000000E+0	1.457150E+5
2.740000E-3	0.000000E+0	1.459610E+5
2.760000E-3	0.000000E+0	1.466070E+5
2.780000E-3	0.000000E+0	1.463250E+5
2.800000E-3	0.000000E+0	1.458330E+5
2.820000E-3	0.000000E+0	1.458520E+5
2.840000E-3	0.000000E+0	1.461560E+5
2.860000E-3	0.000000E+0	1.463050E+5
2.880000E-3	0.000000E+0	1.467010E+5
2.900000E-3	0.000000E+0	1.455880E+5
2.920000E-3	0.000000E+0	1.460370E+5
2.940000E-3	0.000000E+0	1.462850E+5
2.960000E-3	0.000000E+0	1.464160E+5
2.980000E-3	0.000000E+0	1.461350E+5
3.000000E-3	0.000000E+0	1.457420E+5
3.020000E-3	0.000000E+0	1.463370E+5
3.040000E-3	0.000000E+0	1.463150E+5
3.060000E-3	0.000000E+0	1.461010E+5
3.080000E-3	0.000000E+0	1.459430E+5
3.100000E-3	0.000000E+0	1.463620E+5
3.120000E-3	0.000000E+0	1.460020E+5
3.140000E-3	0.000000E+0	1.455540E+5
3.160000E-3	0.000000E+0	1.457000E+5
3.180000E-3	0.000000E+0	1.456200E+5
3.200000E-3	0.000000E+0	1.465840E+5
3.220000E-3	0.000000E+0	1.458970E+5
3.240000E-3	0.000000E+0	1.462070E+5
3.260000E-3	0.000000E+0	1.463310E+5
3.280000E-3	0.000000E+0	1.464600E+5
3.300000E-3	0.000000E+0	1.462680E+5
3.320000E-3	0.000000E+0	1.464010E+5
3.340000E-3	0.000000E+0	1.459130E+5
3.360000E-3	0.000000E+0	1.463860E+5
3.380000E-3	0.000000E+0	1.455930E+5
3.400000E-3	0.000000E+0	1.461880E+5
3.420000E-3	0.000000E+0	1.465140E+5
3.440000E-3	0.000000E+0	1.460410E+5
3.460000E-3	0.000000E+0	1.464400E+5
3.480000E-3	0.000000E+0	1.464840E+5
3.500000E-3	0.000000E+0	1.466940E+5
3.520000E-3	0.000000E+0	1.463260E+5
3.540000E-3	0.000000E+0	1.471850E+5
3.560000E-3	0.000000E+0	1.463380E+5
3.580000E-3	0.000000E+0	1.463030E+5
3.600000E-3	0.000000E+0	1.452650E+5
3.620000E-3	0.000000E+0	1.463660E+5
3.640000E-3	0.000000E+0	1.466610E+5
3.660000E-3	0.000000E+0	1.463320E+5
3.680000E-3	0.000000E+0	1.467070E+5
3.700000E-3	0.000000E+0	1.459490E+5
3.720000E-3	0.000000E+0	1.457620E+5
3.740000E-3	0.000000E+0	1.461160E+5
3.760000E-3	0.000000E+0	1.463480E+5
3.780000E-3	0.000000E+0	1.459160E+5
3.800000E-3	0.000000E+0	1.457590E+5
3.820000E-3	0.000000E+0	1.459620E+5
3.840000E-3	0.000000E+0	1.464890E+5
3.860000E-3	0.000000E+0	1.464290E+5
3.880000E-3	0.000000E+0	1.460160E+5
3.900000E-3	0.000000E+0	1.454840E+5
3.920000E-3	0.000000E+0	1.467400E+5
3.940000E-3	0.000000E+0	1.463370E+5
3.960000E-3	0.000000E+0	1.461510E+5
3.980000E-3	0.000000E+0	1.460510E+5
4.000000E-3	0.000000E+0	1.459160E+5
4.020000E-3	0.000000E+0	1.465900E+5
4.040000E-3	0.000000E+0	1.460990E+5
4.060000E-3	0.000000E+0	1.457410E+5
4.080000E-3	0.000000E+0	1.462360E+5
4.100000E-3	0.000000E+0	1.463140E+5
4.120000E-3	0.000000E+0	1.459900E+5
4.140000E-3	0.000000E+0	1.464350E+5
4.160000E-3	0.000000E+0	1.458430E+5
4.180000E-3	0.000000E+0	1.463340E+5
4.200000E-3	0.000000E+0	1.456500E+5
4.220000E-3	0.000000E+0	1.466900E+5
4.240000E-3	0.000000E+0	1.459750E+5
4.260000E-3	0.000000E+0	1.461480E+5
4.280000E-3	0.000000E+0	1.469510E+5
4.300000E-3	0.000000E+0	1.461020E+5
4.320000E-3	0.000000E+0	1.466840E+5
4.340000E-3	0.000000E+0	1.460830E+5
4.360000E-3	0.000000E+0	1.466080E+5
4.380000E-3	0.000000E+0	1.454450E+5
4.400000E-3	0.000000E+0	1.469140E+5
4.420000E-3	0.000000E+0	1.459480E+5
4.440000E-3	0.000000E+0	1.463260E+5
4.460000E-3	0.000000E+0	1.467200E+5
4.480000E-3	0.000000E+0	1.462430E+5
4.500000E-3	0.000000E+0	1.455940E+5
4.520000E-3	0.000000E+0	1.465510E+5
4.540000E-3	0.000000E+0	1.464150E+5
4.560000E-3	0.000000E+0	1.467110E+5
4.580000E-3	0.000000E+0	1.466160E+5
4.600000E-3	0.000000E+0	1.467770E+5
4.620000E-3	0.000000E+0	1.462440E+5
4.640000E-3	0.000000E+0	1.468070E+5
4.660000E-3	0.000000E+0	1.460930E+5
4.680000E-3	0.000000E+0	1.463970E+5
4.700000E-3	0.000000E+0	1.460020E+5
4.720000E-3	0.000000E+0	1.462920E+5
4.740000E-3	0.000000E+0	1.458610E+5
4.760000E-3	0.000000E+0	1.456860E+5
4.780000E-3	0.000000E+0	1.455410E+5
4.800000E-3	0.000000E+0	1.467350E+5
4.820000E-3	0.000000E+0	1.462130E+5
4.840000E-3	0.000000E+0	1.460810E+5
4.860000E-3	0.000000E+0	1.464850E+5
4.880000E-3	0.000000E+0	1.464760E+5
4.900000E-3	0.000000E+0	1.466890E+5
4.920000E-3	0.000000E+0	1.459970E+5
4.940000E-3	0.000000E+0	1.467430E+5
4.960000E-3	0.000000E+0	1.464020E+5
4.980000E-3	0.000000E+0	1.458570E+5
5.000000E-3	0.000000E+0	1.457350E+5
5.020000E-3	0.000000E+0	1.461240E+5
5.040000E-3	0.000000E+0	1.460890E+5
5.060000E-3	0.000000E+0	1.468210E+5
5.080000E-3	0.000000E+0	1.461560E+5
5.100000E-3	0.000000E+0	1.462850E+5
5.120000E-3	0.000000E+0	1.467770E+5
5.140000E-3	0.000000E+0	1.459120E+5
5.160000E-3	0.000000E+0	1.466670E+5
5.180000E-3	0.000000E+0	1.456530E+5
5.200000E-3	0.000000E+0	1.456640E+5
5.220000E-3	0.000000E+0	1.457940E+5
5.240000E-3	0.000000E+0	1.455630E+5
5.260000E-3	0.000000E+0	1.462470E+5
5.280000E-3	0.000000E+0	1.453660E+5
5.300000E-3	0.000000E+0	1.453900E+5
5.320000E-3	0.000000E+0	1.458330E+5
5.340000E-3	0.000000E+0	1.454550E+5
5.360000E-3	0.000000E+0	1.461040E+5
5.380000E-3	0.000000E+0	1.453440E+5
5.400000E-3	0.000000E+0	1.452240E+5
5.420000E-3	0.000000E+0	1.452820E+5
5.440000E-3	0.000000E+0	1.449040E+5
5.460000E-3	0.000000E+0	1.452410E+5
5.480000E-3	0.000000E+0	1.446910E+5
5.500000E-3	0.000000E+0	1.440150E+5
5.520000E-3	0.000000E+0	1.448240E+5
5.540000E-3	0.000000E+0	1.443540E+5
5.560000E-3	0.000000E+0	1.446310E+5
5.580000E-3	0.000000E+0	1.438730E+5
5.600000E-3	0.000000E+0	1.440150E+5
5.620000E-3	0.000000E+0	1.424320E+5
5.640000E-3	0.000000E+0	1.416390E+5
5.660000E-3	0.000000E+0	1.398740E+5
5.680000E-3	0.000000E+0	1.375550E+5
5.700000E-3	0.000000E+0	1.349350E+5
5.720000E-3	0.000000E+0	1.296670E+5
5.740000E-3	0.000000E+0	1.225270E+5
5.760000E-3	0.000000E+0	1.140430E+5
5.780000E-3	0.000000E+0	1.032380E+5
5.800000E-3	0.000000E+0	9.415600E+4
5.820000E-3	0.000000E+0	8.880300E+4
5.840000E-3	0.000000E+0	8.865200E+4
5.860000E-3	0.000000E+0	9.286100E+4
5.880000E-3	0.000000E+0	1.019090E+5
5.900000E-3	0.000000E+0	1.126910E+5
5.920000E-3	0.000000E+0	1.226480E+5
5.940000E-3	0.000000E+0	1.306300E+5
5.960000E-3	0.000000E+0	1.348570E+5
5.980000E-3	0.000000E+0	1.385690E+5
6.000000E-3	0.000000E+0	1.408880E+5
6.020000E-3	0.000000E+0	1.418640E+5
6.040000E-3	0.000000E+0	1.425410E+5
6.060000E-3	0.000000E+0	1.431520E+5
6.080000E-3	0.000000E+0	1.438980E+5
6.100000E-3	0.000000E+0	1.439840E+5
6.120000E-3	0.000000E+0	1.444140E+5
6.140000E-3	0.000000E+0	1.447950E+5
6.160000E-3	0.000000E+0	1.446600E+5
6.180000E-3	0.000000E+0	1.452270E+5
6.200000E-3	0.000000E+0	1.452780E+5
6.220000E-3	0.000000E+0	1.450780E+5
6.240000E-3	0.000000E+0	1.450800E+5
6.260000E-3	0.000000E+0	1.456290E+5
6.280000E-3	0.000000E+0	1.459510E+5
6.300000E-3	0.000000E+0	1.458010E+5
6.320000E-3	0.000000E+0	1.450680E+5
6.340000E-3	0.000000E+0	1.458820E+5
6.360000E-3	0.000000E+0	1.453410E+5
6.380000E-3	0.000000E+0	1.456900E+5
6.400000E-3	0.000000E+0	1.462330E+5
6.420000E-3	0.000000E+0	1.466030E+5
6.440000E-3	0.000000E+0	1.453150E+5
6.460000E-3	0.000000E+0	1.458530E+5
6.480000E-3	0.000000E+0	1.461870E+5
6.500000E-3	0.000000E+0	1.459210E+5
6.520000E-3	0.000000E+0	1.458770E+5
6.540000E-3	0.000000E+0	1.461450E+5
6.560000E-3	0.000000E+0	1.460710E+5
6.580000E-3	0.000000E+0	1.460150E+5
6.600000E-3	0.000000E+0	1.457760E+5
6.620000E-3	0.000000E+0	1.459030E+5
6.640000E-3	0.000000E+0	1.457940E+5
6.660000E-3	0.000000E+0	1.463190E+5
6.680000E-3	0.000000E+0	1.458060E+5
6.700000E-3	0.000000E+0	1.459090E+5
6.720000E-3	0.000000E+0	1.458100E+5
6.740000E-3	0.000000E+0	1.462340E+5
6.760000E-3	0.000000E+0	1.464490E+5
6.780000E-3	0.000000E+0	1.463180E+5
6.800000E-3	0.000000E+0	1.460530E+5
6.820000E-3	0.000000E+0	1.459490E+5
6.840000E-3	0.000000E+0	1.458410E+5
6.860000E-3	0.000000E+0	1.468490E+5
6.880000E-3	0.000000E+0	1.460120E+5
6.900000E-3	0.000000E+0	1.462410E+5
6.920000E-3	0.000000E+0	1.468740E+5
6.940000E-3	0.000000E+0	1.459330E+5
6.960000E-3	0.000000E+0	1.451280E+5
6.980000E-3	0.000000E+0	1.462800E+5
7.000000E-3	0.000000E+0	1.464210E+5
7.020000E-3	0.000000E+0	1.459780E+5
7.040000E-3	0.000000E+0	1.456510E+5
7.060000E-3	0.000000E+0	1.461990E+5
7.080000E-3	0.000000E+0	1.462090E+5
7.100000E-3	0.000000E+0	1.456430E+5
7.120000E-3	0.000000E+0	1.459420E+5
7.140000E-3	0.000000E+0	1.466810E+5
7.160000E-3	0.000000E+0	1.468440E+5
7.180000E-3	0.000000E+0	1.467270E+5
7.200000E-3	0.000000E+0	1.458150E+5
7.220000E-3	0.000000E+0	1.463430E+5
7.240000E-3	0.000000E+0	1.463960E+5
7.260000E-3	0.000000E+0	1.466140E+5
7.280000E-3	0.000000E+0	1.457690E+5
7.300000E-3	0.000000E+0	1.460980E+5
7.320000E-3	0.000000E+0	1.463910E+5
7.340000E-3	0.000000E+0	1.461120E+5
7.360000E-3	0.000000E+0	1.460360E+5
7.380000E-3	0.000000E+0	1.462200E+5
7.400000E-3	0.000000E+0	1.462390E+5
7.420000E-3	0.000000E+0	1.465070E+5
7.440000E-3	0.000000E+0	1.463830E+5
7.460000E-3	0.000000E+0	1.459220E+5
7.480000E-3	0.000000E+0	1.464060E+5
7.500000E-3	0.000000E+0	1.452950E+5
7.520000E-3	0.000000E+0	1.466530E+5
7.540000E-3	0.000000E+0	1.461780E+5
7.560000E-3	0.000000E+0	1.464470E+5
7.580000E-3	0.000000E+0	1.458660E+5
7.600000E-3	0.000000E+0	1.458840E+5
7.620000E-3	0.000000E+0	1.466300E+5
7.640000E-3	0.000000E+0	1.464470E+5
7.660000E-3	0.000000E+0	1.468020E+5
7.680000E-3	0.000000E+0	1.466600E+5
7.700000E-3	0.000000E+0	1.461820E+5
7.720000E-3	0.000000E+0	1.463660E+5
7.740000E-3	0.000000E+0	1.459150E+5
7.760000E-3	0.000000E+0	1.467550E+5
7.780000E-3	0.000000E+0	1.458710E+5
7.800000E-3	0.000000E+0	1.468200E+5
7.820000E-3	0.000000E+0	1.463140E+5
7.840000E-3	0.000000E+0	1.463390E+5
7.860000E-3	0.000000E+0	1.463360E+5
7.880000E-3	0.000000E+0	1.465080E+5
7.900000E-3	0.000000E+0	1.467760E+5
7.920000E-3	0.000000E+0	1.462360E+5
7.940000E-3	0.000000E+0	1.461390E+5
7.960000E-3	0.000000E+0	1.463900E+5
7.980000E-3	0.000000E+0	1.457710E+5
8.000000E-3	0.000000E+0	1.454410E+5
8.020000E-3	0.000000E+0	1.457890E+5
8.040000E-3	0.000000E+0	1.456240E+5
8.060000E-3	0.000000E+0	1.460750E+5
8.080000E-3	0.000000E+0	1.473580E+5
8.100000E-3	0.000000E+0	1.457380E+5
8.120000E-3	0.000000E+0	1.459560E+5
8.140000E-3	0.000000E+0	1.462090E+5
8.160000E-3	0.000000E+0	1.461020E+5
8.180000E-3	0.000000E+0	1.458360E+5
8.200000E-3	0.000000E+0	1.459230E+5
8.220000E-3	0.000000E+0	1.456360E+5
8.240000E-3	0.000000E+0	1.463340E+5
8.260000E-3	0.000000E+0	1.454670E+5
8.280000E-3	0.000000E+0	1.466370E+5
8.300000E-3	0.000000E+0	1.466460E+5
8.320000E-3	0.000000E+0	1.462160E+5
8.340000E-3	0.000000E+0	1.466350E+5
8.360000E-3	0.000000E+0	1.458930E+5
8.380000E-3	0.000000E+0	1.467830E+5
8.400000E-3	0.000000E+0	1.465170E+5
8.420000E-3	0.000000E+0	1.461400E+5
8.440000E-3	0.000000E+0	1.464460E+5
8.460000E-3	0.000000E+0	1.463820E+5
8.480000E-3	0.000000E+0	1.463950E+5
8.500000E-3	0.000000E+0	1.462170E+5
8.520000E-3	0.000000E+0	1.459510E+5
8.540000E-3	0.000000E+0	1.465760E+5
8.560000E-3	0.000000E+0	1.466720E+5
8.580000E-3	0.000000E+0	1.458060E+5
8.600000E-3	0.000000E+0	1.463290E+5
8.620000E-3	0.000000E+0	1.463350E+5
8.640000E-3	0.000000E+0	1.462800E+5
8.660000E-3	0.000000E+0	1.462270E+5
8.680000E-3	0.000000E+0	1.465010E+5
8.700000E-3	0.000000E+0	1.466860E+5
8.720000E-3	0.000000E+0	1.462860E+5
8.740000E-3	0.000000E+0	1.464540E+5
8.760000E-3	0.000000E+0	1.472560E+5
8.780000E-3	0.000000E+0	1.460020E+5
8.800000E-3	0.000000E+0	1.461320E+5
8.820000E-3	0.000000E+0	1.466500E+5
8.840000E-3	0.000000E+0	1.465380E+5
8.860000E-3	0.000000E+0	1.463540E+5
8.880000E-3	0.000000E+0	1.461080E+5
8.900000E-3	0.000000E+0	1.471360E+5
8.920000E-3	0.000000E+0	1.462940E+5
8.940000E-3	0.000000E+0	1.461740E+5
8.960000E-3	0.000000E+0	1.462750E+5
8.980000E-3	0.000000E+0	1.454940E+5
9.000000E-3	0.000000E+0	1.460970E+5
9.020000E-3	0.000000E+0	1.463250E+5
9.040000E-3	0.000000E+0	1.464570E+5
9.060000E-3	0.000000E+0	1.461190E+5
9.080000E-3	0.000000E+0	1.466150E+5
9.100000E-3	0.000000E+0	1.461920E+5
9.120000E-3	0.000000E+0	1.464960E+5
9.140000E-3	0.000000E+0	1.461680E+5
9.160000E-3	0.000000E+0	1.449810E+5
9.180000E-3	0.000000E+0	1.459460E+5
9.200000E-3	0.000000E+0	1.465880E+5
9.220000E-3	0.000000E+0	1.461210E+5
9.240000E-3	0.000000E+0	1.460040E+5
9.260000E-3	0.000000E+0	1.462530E+5
9.280000E-3	0.000000E+0	1.459080E+5
9.300000E-3	0.000000E+0	1.464630E+5
9.320000E-3	0.000000E+0	1.461880E+5
9.340000E-3	0.000000E+0	1.465330E+5
9.360000E-3	0.000000E+0	1.460900E+5
9.380000E-3	0.000000E+0	1.463950E+5
9.400000E-3	0.000000E+0	1.461850E+5
9.420000E-3	0.000000E+0	1.458730E+5
9.440000E-3	0.000000E+0	1.460270E+5
9.460000E-3	0.000000E+0	1.463470E+5
9.480000E-3	0.000000E+0	1.458920E+5
9.500000E-3	0.000000E+0	1.467220E+5
9.520000E-3	0.000000E+0	1.463390E+5
9.540000E-3	0.000000E+0	1.454560E+5
9.560000E-3	0.000000E+0	1.464290E+5
9.580000E-3	0.000000E+0	1.467930E+5
9.600000E-3	0.000000E+0	1.456270E+5
9.620000E-3	0.000000E+0	1.463640E+5
9.640000E-3	0.000000E+0	1.464520E+5
9.660000E-3	0.000000E+0	1.463630E+5
9.680000E-3	0.000000E+0	1.455900E+5
9.700000E-3	0.000000E+0	1.464810E+5
9.720000E-3	0.000000E+0	1.464090E+5
9.740000E-3	0.000000E+0	1.470850E+5
9.760000E-3	0.000000E+0	1.459910E+5
9.780000E-3	0.000000E+0	1.463020E+5
9.800000E-3	0.000000E+0	1.465140E+5
9.820000E-3	0.000000E+0	1.459140E+5
9.840000E-3	0.000000E+0	1.465360E+5
9.860000E-3	0.000000E+0	1.465710E+5
9.880000E-3	0.000000E+0	1.467280E+5
9.900000E-3	0.000000E+0	1.466480E+5
9.920000E-3	0.000000E+0	1.470020E+5
9.940000E-3	0.000000E+0	1.455500E+5
9.960000E-3	0.000000E+0	1.454100E+5
9.980000E-3	0.000000E+0	1.462220E+5
1.000000E-2	0.000000E+0	1.463480E+5
1.002000E-2	0.000000E+0	1.459500E+5
1.004000E-2	0.000000E+0	1.459700E+5
1.006000E-2	0.000000E+0	1.459470E+5
1.008000E-2	0.000000E+0	1.464080E+5
1.010000E-2	0.000000E+0	1.464460E+5
1.012000E-2	0.000000E+0	1.462300E+5
1.014000E-2	0.000000E+0	1.469380E+5
1.016000E-2	0.000000E+0	1.468040E+5
1.018000E-2	0.000000E+0	1.462070E+5
1.020000E-2	0.000000E+0	1.469800E+5
1.022000E-2	0.000000E+0	1.467440E+5
1.024000E-2	0.000000E+0	1.464250E+5
1.026000E-2	0.000000E+0	1.462370E+5
1.028000E-2	0.000000E+0	1.463160E+5
1.030000E-2	0.000000E+0	1.461370E+5
1.032000E-2	0.000000E+0	1.465680E+5
1.034000E-2	0.000000E+0	1.464560E+5
1.036000E-2	0.000000E+0	1.462910E+5
1.038000E-2	0.000000E+0	1.460840E+5
1.040000E-2	0.000000E+0	1.464610E+5
1.042000E-2	0.000000E+0	1.459290E+5
1.044000E-2	0.000000E+0	1.466790E+5
1.046000E-2	0.000000E+0	1.462660E+5
1.048000E-2	0.000000E+0	1.469120E+5
1.050000E-2	0.000000E+0	1.459870E+5
1.052000E-2	0.000000E+0	1.460870E+5
1.054000E-2	0.000000E+0	1.459640E+5
1.056000E-2	0.000000E+0	1.465030E+5
1.058000E-2	0.000000E+0	1.462800E+5
1.060000E-2	0.000000E+0	1.452540E+5
1.062000E-2	0.000000E+0	1.458510E+5
1.064000E-2	0.000000E+0	1.460820E+5
1.066000E-2	0.000000E+0	1.464350E+5
1.068000E-2	0.000000E+0	1.460790E+5
1.070000E-2	0.000000E+0	1.457630E+5
1.072000E-2	0.000000E+0	1.460590E+5
1.074000E-2	0.000000E+0	1.461920E+5
1.076000E-2	0.000000E+0	1.462130E+5
1.078000E-2	0.000000E+0	1.459880E+5
1.080000E-2	0.000000E+0	1.461050E+5
1.082000E-2	0.000000E+0	1.460790E+5
1.084000E-2	0.000000E+0	1.457380E+5
1.086000E-2	0.000000E+0	1.457510E+5
1.088000E-2	0.000000E+0	1.463060E+5
1.090000E-2	0.000000E+0	1.465000E+5
1.092000E-2	0.000000E+0	1.456940E+5
1.094000E-2	0.000000E+0	1.461450E+5
1.096000E-2	0.000000E+0	1.464220E+5
1.098000E-2	0.000000E+0	1.463590E+5
1.100000E-2	0.000000E+0	1.464250E+5
1.102000E-2	0.000000E+0	1.454760E+5
1.104000E-2	0.000000E+0	1.465910E+5
1.106000E-2	0.000000E+0	1.456840E+5
1.108000E-2	0.000000E+0	1.468960E+5
1.110000E-2	0.000000E+0	1.466610E+5
1.112000E-2	0.000000E+0	1.459120E+5
1.114000E-2	0.000000E+0	1.461900E+5
1.116000E-2	0.000000E+0	1.456580E+5
1.118000E-2	0.000000E+0	1.461140E+5
1.120000E-2	0.000000E+0	1.458500E+5
1.122000E-2	0.000000E+0	1.458710E+5
1.124000E-2	0.000000E+0	1.466120E+5
1.126000E-2	0.000000E+0	1.468300E+5
1.128000E-2	0.000000E+0	1.467510E+5
1.130000E-2	0.000000E+0	1.457110E+5
1.132000E-2	0.000000E+0	1.467470E+5
1.134000E-2	0.000000E+0	1.465900E+5
1.136000E-2	0.000000E+0	1.459580E+5
1.138000E-2	0.000000E+0	1.461010E+5
1.140000E-2	0.000000E+0	1.462160E+5
1.142000E-2	0.000000E+0	1.461410E+5
1.144000E-2	0.000000E+0	1.458930E+5
1.146000E-2	0.000000E+0	1.466690E+5
1.148000E-2	0.000000E+0	1.463220E+5
1.150000E-2	0.000000E+0	1.460810E+5
1.152000E-2	0.000000E+0	1.461000E+5
1.154000E-2	0.000000E+0	1.460160E+5
1.156000E-2	0.000000E+0	1.463950E+5
1.158000E-2	0.000000E+0	1.460900E+5
1.160000E-2	0.000000E+0	1.464150E+5
1.162000E-2	0.000000E+0	1.461690E+5
1.164000E-2	0.000000E+0	1.462150E+5
1.166000E-2	0.000000E+0	1.453230E+5
1.168000E-2	0.000000E+0	1.465270E+5
1.170000E-2	0.000000E+0	1.466830E+5
1.172000E-2	0.000000E+0	1.455470E+5
1.174000E-2	0.000000E+0	1.460540E+5
1.176000E-2	0.000000E+0	1.460590E+5
1.178000E-2	0.000000E+0	1.464900E+5
1.180000E-2	0.000000E+0	1.459740E+5
1.182000E-2	0.000000E+0	1.465220E+5
1.184000E-2	0.000000E+0	1.462110E+5
1.186000E-2	0.000000E+0	1.456440E+5
1.188000E-2	0.000000E+0	1.455700E+5
1.190000E-2	0.000000E+0	1.462550E+5
1.192000E-2	0.000000E+0	1.459240E+5
1.194000E-2	0.000000E+0	1.463680E+5
1.196000E-2	0.000000E+0	1.459420E+5
1.198000E-2	0.000000E+0	1.459520E+5
1.200000E-2	0.000000E+0	1.457880E+5
1.202000E-2	0.000000E+0	1.458500E+5
1.204000E-2	0.000000E+0	1.463000E+5
1.206000E-2	0.000000E+0	1.466110E+5
1.208000E-2	0.000000E+0	1.464410E+5
1.210000E-2	0.000000E+0	1.464110E+5
1.212000E-2	0.000000E+0	1.455710E+5
1.214000E-2	0.000000E+0	1.457850E+5
1.216000E-2	0.000000E+0	1.464780E+5
1.218000E-2	0.000000E+0	1.459690E+5
1.220000E-2	0.000000E+0	1.463440E+5
1.222000E-2	0.000000E+0	1.464010E+5
1.224000E-2	0.000000E+0	1.459410E+5
1.226000E-2	0.000000E+0	1.453500E+5
1.228000E-2	0.000000E+0	1.463470E+5
1.230000E-2	0.000000E+0	1.454540E+5
1.232000E-2	0.000000E+0	1.463750E+5
1.234000E-2	0.000000E+0	1.463510E+5
1.236000E-2	0.000000E+0	1.461400E+5
1.238000E-2	0.000000E+0	1.458580E+5
1.240000E-2	0.000000E+0	1.458050E+5
1.242000E-2	0.000000E+0	1.466070E+5
1.244000E-2	0.000000E+0	1.462120E+5
1.246000E-2	0.000000E+0	1.453760E+5
1.248000E-2	0.000000E+0	1.463950E+5
1.250000E-2	0.000000E+0	1.464760E+5
1.252000E-2	0.000000E+0	1.461070E+5
1.254000E-2	0.000000E+0	1.454680E+5
1.256000E-2	0.000000E+0	1.463670E+5
1.258000E-2	0.000000E+0	1.465570E+5
1.260000E-2	0.000000E+0	1.467600E+5
1.262000E-2	0.000000E+0	1.454700E+5
1.264000E-2	0.000000E+0	1.463110E+5
1.266000E-2	0.000000E+0	1.463140E+5
1.268000E-2	0.000000E+0	1.464030E+5
1.270000E-2	0.000000E+0	1.463430E+5
1.272000E-2	0.000000E+0	1.457150E+5
1.274000E-2	0.000000E+0	1.459460E+5
1.276000E-2	0.000000E+0	1.467500E+5
1.278000E-2	0.000000E+0	1.462400E+5
1.280000E-2	0.000000E+0	1.462740E+5
1.282000E-2	0.000000E+0	1.455260E+5
1.284000E-2	0.000000E+0	1.466860E+5
1.286000E-2	0.000000E+0	1.465210E+5
1.288000E-2	0.000000E+0	1.462890E+5
1.290000E-2	0.000000E+0	1.456810E+5
1.292000E-2	0.000000E+0	1.460700E+5
1.294000E-2	0.000000E+0	1.459440E+5
1.296000E-2	0.000000E+0	1.460330E+5
1.298000E-2	0.000000E+0	1.464540E+5
1.300000E-2	0.000000E+0	1.456360E+5
1.302000E-2	0.000000E+0	1.463200E+5
1.304000E-2	0.000000E+0	1.462060E+5
1.306000E-2	0.000000E+0	1.458000E+5
1.308000E-2	0.000000E+0	1.470200E+5
1.310000E-2	0.000000E+0	1.465630E+5
1.312000E-2	0.000000E+0	1.460150E+5
1.314000E-2	0.000000E+0	1.461890E+5
1.316000E-2	0.000000E+0	1.462520E+5
1.318000E-2	0.000000E+0	1.459630E+5
1.320000E-2	0.000000E+0	1.464000E+5
1.322000E-2	0.000000E+0	1.456810E+5
1.324000E-2	0.000000E+0	1.457110E+5
1.326000E-2	0.000000E+0	1.463860E+5
1.328000E-2	0.000000E+0	1.466930E+5
1.330000E-2	0.000000E+0	1.465070E+5
1.332000E-2	0.000000E+0	1.465120E+5
1.334000E-2	0.000000E+0	1.460610E+5
1.336000E-2	0.000000E+0	1.459390E+5
1.338000E-2	0.000000E+0	1.457800E+5
1.340000E-2	0.000000E+0	1.466240E+5
1.342000E-2	0.000000E+0	1.467860E+5
1.344000E-2	0.000000E+0	1.463300E+5
1.346000E-2	0.000000E+0	1.459980E+5
1.348000E-2	0.000000E+0	1.458100E+5
1.350000E-2	0.000000E+0	1.462400E+5
1.352000E-2	0.000000E+0	1.462490E+5
1.354000E-2	0.000000E+0	1.462070E+5
1.356000E-2	0.000000E+0	1.459670E+5
1.358000E-2	0.000000E+0	1.446540E+5
1.360000E-2	0.000000E+0	1.457980E+5
1.362000E-2	0.000000E+0	1.456560E+5
1.364000E-2	0.000000E+0	1.457330E+5
1.366000E-2	0.000000E+0	1.457840E+5
1.368000E-2	0.000000E+0	1.465030E+5
1.370000E-2	0.000000E+0	1.463890E+5
1.372000E-2	0.000000E+0	1.458910E+5
1.374000E-2	0.000000E+0	1.458990E+5
1.376000E-2	0.000000E+0	1.463850E+5
1.378000E-2	0.000000E+0	1.467680E+5
1.380000E-2	0.000000E+0	1.454060E+5
1.382000E-2	0.000000E+0	1.454460E+5
1.384000E-2	0.000000E+0	1.456690E+5
1.386000E-2	0.000000E+0	1.464740E+5
1.388000E-2	0.000000E+0	1.461270E+5
1.390000E-2	0.000000E+0	1.465090E+5
1.392000E-2	0.000000E+0	1.456290E+5
1.394000E-2	0.000000E+0	1.468240E+5
1.396000E-2	0.000000E+0	1.457780E+5
1.398000E-2	0.000000E+0	1.463710E+5
1.400000E-2	0.000000E+0	1.461550E+5
1.402000E-2	0.000000E+0	1.461410E+5
1.404000E-2	0.000000E+0	1.466450E+5
1.406000E-2	0.000000E+0	1.456250E+5
1.408000E-2	0.000000E+0	1.466140E+5
1.410000E-2	0.000000E+0	1.459820E+5
1.412000E-2	0.000000E+0	1.456520E+5
1.414000E-2	0.000000E+0	1.456760E+5
1.416000E-2	0.000000E+0	1.467100E+5
1.418000E-2	0.000000E+0	1.462610E+5
1.420000E-2	0.000000E+0	1.464610E+5
1.422000E-2	0.000000E+0	1.459200E+5
1.424000E-2	0.000000E+0	1.458300E+5
1.426000E-2	0.000000E+0	1.464430E+5
1.428000E-2	0.000000E+0	1.464530E+5
1.430000E-2	0.000000E+0	1.461530E+5
1.432000E-2	0.000000E+0	1.468180E+5
1.434000E-2	0.000000E+0	1.459290E+5
1.436000E-2	0.000000E+0	1.460750E+5
1.438000E-2	0.000000E+0	1.459450E+5
1.440000E-2	0.000000E+0	1.456730E+5
1.442000E-2	0.000000E+0	1.462820E+5
1.444000E-2	0.000000E+0	1.466000E+5
1.446000E-2	0.000000E+0	1.461800E+5
1.448000E-2	0.000000E+0	1.458790E+5
1.450000E-2	0.000000E+0	1.460050E+5
1.452000E-2	0.000000E+0	1.464690E+5
1.454000E-2	0.000000E+0	1.461980E+5
1.456000E-2	0.000000E+0	1.460660E+5
1.458000E-2	0.000000E+0	1.456310E+5
1.460000E-2	0.000000E+0	1.457260E+5
1.462000E-2	0.000000E+0	1.466130E+5
1.464000E-2	0.000000E+0	1.462040E+5
1.466000E-2	0.000000E+0	1.458080E+5
1.468000E-2	0.000000E+0	1.463440E+5
1.470000E-2	0.000000E+0	1.457950E+5
1.472000E-2	0.000000E+0	1.457220E+5
1.474000E-2	0.000000E+0	1.462350E+5
1.476000E-2	0.000000E+0	1.455920E+5
1.478000E-2	0.000000E+0	1.465910E+5
1.480000E-2	0.000000E+0	1.462460E+5
1.482000E-2	0.000000E+0	1.462940E+5
1.484000E-2	0.000000E+0	1.457950E+5
1.486000E-2	0.000000E+0	1.463240E+5
1.488000E-2	0.000000E+0	1.455360E+5
1.490000E-2	0.000000E+0	1.461440E+5
1.492000E-2	0.000000E+0	1.459950E+5
1.494000E-2	0.000000E+0	1.465520E+5
1.496000E-2	0.000000E+0	1.463830E+5
1.498000E-2	0.000000E+0	1.462350E+5
1.500000E-2	0.000000E+0	1.463070E+5
1.502000E-2	0.000000E+0	1.464320E+5
1.504000E-2	0.000000E+0	1.470120E+5
1.506000E-2	0.000000E+0	1.463300E+5
1.508000E-2	0.000000E+0	1.461030E+5
1.510000E-2	0.000000E+0	1.462300E+5
1.512000E-2	0.000000E+0	1.463940E+5
1.514000E-2	0.000000E+0	1.451810E+5
1.516000E-2	0.000000E+0	1.461770E+5
1.518000E-2	0.000000E+0	1.462840E+5
1.520000E-2	0.000000E+0	1.459910E+5
1.522000E-2	0.000000E+0	1.462300E+5
1.524000E-2	0.000000E+0	1.467270E+5
1.526000E-2	0.000000E+0	1.458000E+5
1.528000E-2	0.000000E+0	1.464080E+5
1.530000E-2	0.000000E+0	1.465460E+5
1.532000E-2	0.000000E+0	1.462870E+5
1.534000E-2	0.000000E+0	1.460620E+5
1.536000E-2	0.000000E+0	1.459490E+5
1.538000E-2	0.000000E+0	1.461130E+5
1.540000E-2	0.000000E+0	1.460400E+5
1.542000E-2	0.000000E+0	1.456000E+5
1.544000E-2	0.000000E+0	1.463100E+5
1.546000E-2	0.000000E+0	1.454610E+5
1.548000E-2	0.000000E+0	1.457140E+5
1.550000E-2	0.000000E+0	1.462260E+5
1.552000E-2	0.000000E+0	1.460120E+5
1.554000E-2	0.000000E+0	1.458310E+5
1.556000E-2	0.000000E+0	1.465760E+5
1.558000E-2	0.000000E+0	1.460710E+5
1.560000E-2	0.000000E+0	1.460090E+5
1.562000E-2	0.000000E+0	1.455150E+5
1.564000E-2	0.000000E+0	1.456550E+5
1.566000E-2	0.000000E+0	1.462510E+5
1.568000E-2	0.000000E+0	1.457250E+5
1.570000E-2	0.000000E+0	1.462720E+5
1.572000E-2	0.000000E+0	1.461220E+5
1.574000E-2	0.000000E+0	1.460810E+5
1.576000E-2	0.000000E+0	1.456660E+5
1.578000E-2	0.000000E+0	1.456770E+5
1.580000E-2	0.000000E+0	1.464590E+5
1.582000E-2	0.000000E+0	1.462480E+5
1.584000E-2	0.000000E+0	1.457520E+5
1.586000E-2	0.000000E+0	1.457000E+5
1.588000E-2	0.000000E+0	1.455040E+5
1.590000E-2	0.000000E+0	1.461210E+5
1.592000E-2	0.000000E+0	1.457550E+5
1.594000E-2	0.000000E+0	1.459940E+5
1.596000E-2	0.000000E+0	1.456810E+5
1.598000E-2	0.000000E+0	1.457950E+5
1.600000E-2	0.000000E+0	1.460220E+5
1.602000E-2	0.000000E+0	1.459700E+5
1.604000E-2	0.000000E+0	1.460990E+5
1.606000E-2	0.000000E+0	1.462770E+5
1.608000E-2	0.000000E+0	1.462190E+5
1.610000E-2	0.000000E+0	1.463150E+5
1.612000E-2	0.000000E+0	1.453190E+5
1.614000E-2	0.000000E+0	1.463250E+5
1.616000E-2	0.000000E+0	1.463890E+5
1.618000E-2	0.000000E+0	1.450880E+5
1.620000E-2	0.000000E+0	1.455240E+5
1.622000E-2	0.000000E+0	1.454910E+5
1.624000E-2	0.000000E+0	1.461930E+5
1.626000E-2	0.000000E+0	1.452610E+5
1.628000E-2	0.000000E+0	1.456920E+5
1.630000E-2	0.000000E+0	1.459350E+5
1.632000E-2	0.000000E+0	1.458830E+5
1.634000E-2	0.000000E+0	1.458720E+5
1.636000E-2	0.000000E+0	1.456660E+5
1.638000E-2	0.000000E+0	1.458950E+5
1.640000E-2	0.000000E+0	1.457470E+5
1.642000E-2	0.000000E+0	1.457780E+5
1.644000E-2	0.000000E+0	1.459960E+5
1.646000E-2	0.000000E+0	1.449600E+5
1.648000E-2	0.000000E+0	1.464190E+5
1.650000E-2	0.000000E+0	1.461350E+5
1.652000E-2	0.000000E+0	1.460670E+5
1.654000E-2	0.000000E+0	1.452150E+5
1.656000E-2	0.000000E+0	1.454760E+5
1.658000E-2	0.000000E+0	1.461180E+5
1.660000E-2	0.000000E+0	1.451000E+5
1.662000E-2	0.000000E+0	1.455250E+5
1.664000E-2	0.000000E+0	1.461300E+5
1.666000E-2	0.000000E+0	1.460840E+5
1.668000E-2	0.000000E+0	1.457180E+5
1.670000E-2	0.000000E+0	1.456320E+5
1.672000E-2	0.000000E+0	1.458370E+5
1.674000E-2	0.000000E+0	1.448760E+5
1.676000E-2	0.000000E+0	1.450950E+5
1.678000E-2	0.000000E+0	1.456540E+5
1.680000E-2	0.000000E+0	1.457220E+5
1.682000E-2	0.000000E+0	1.454310E+5
1.684000E-2	0.000000E+0	1.448840E+5
1.686000E-2	0.000000E+0	1.448670E+5
1.688000E-2	0.000000E+0	1.447780E+5
1.690000E-2	0.000000E+0	1.441110E+5
1.692000E-2	0.000000E+0	1.445450E+5
1.694000E-2	0.000000E+0	1.444330E+5
1.696000E-2	0.000000E+0	1.436070E+5
1.698000E-2	0.000000E+0	1.434370E+5
1.700000E-2	0.000000E+0	1.431370E+5
1.702000E-2	0.000000E+0	1.421950E+5
1.704000E-2	0.000000E+0	1.409430E+5
1.706000E-2	0.000000E+0	1.396810E+5
1.708000E-2	0.000000E+0	1.387960E+5
1.710000E-2	0.000000E+0	1.348450E+5
1.712000E-2	0.000000E+0	1.313730E+5
1.714000E-2	0.000000E+0	1.245650E+5
1.716000E-2	0.000000E+0	1.153030E+5
1.718000E-2	0.000000E+0	1.055870E+5
1.720000E-2	0.000000E+0	9.593000E+4
1.722000E-2	0.000000E+0	8.969900E+4
1.724000E-2	0.000000E+0	8.846000E+4
1.726000E-2	0.000000E+0	9.232500E+4
1.728000E-2	0.000000E+0	1.001180E+5
1.730000E-2	0.000000E+0	1.100870E+5
1.732000E-2	0.000000E+0	1.192270E+5
1.734000E-2	0.000000E+0	1.271910E+5
1.736000E-2	0.000000E+0	1.329270E+5
1.738000E-2	0.000000E+0	1.365610E+5
1.740000E-2	0.000000E+0	1.394500E+5
1.742000E-2	0.000000E+0	1.407070E+5
1.744000E-2	0.000000E+0	1.419380E+5
1.746000E-2	0.000000E+0	1.424820E+5
1.748000E-2	0.000000E+0	1.430610E+5
1.750000E-2	0.000000E+0	1.433200E+5
1.752000E-2	0.000000E+0	1.435420E+5
1.754000E-2	0.000000E+0	1.450240E+5
1.756000E-2	0.000000E+0	1.440140E+5
1.758000E-2	0.000000E+0	1.443900E+5
1.760000E-2	0.000000E+0	1.450940E+5
1.762000E-2	0.000000E+0	1.449420E+5
1.764000E-2	0.000000E+0	1.447800E+5
1.766000E-2	0.000000E+0	1.452440E+5
1.768000E-2	0.000000E+0	1.453340E+5
1.770000E-2	0.000000E+0	1.457580E+5
1.772000E-2	0.000000E+0	1.458240E+5
1.774000E-2	0.000000E+0	1.450770E+5
1.776000E-2	0.000000E+0	1.453040E+5
1.778000E-2	0.000000E+0	1.452320E+5
1.780000E-2	0.000000E+0	1.455010E+5
1.782000E-2	0.000000E+0	1.458480E+5
1.784000E-2	0.000000E+0	1.458380E+5
1.786000E-2	0.000000E+0	1.460970E+5
1.788000E-2	0.000000E+0	1.458760E+5
1.790000E-2	0.000000E+0	1.453050E+5
1.792000E-2	0.000000E+0	1.461410E+5
1.794000E-2	0.000000E+0	1.460680E+5
1.796000E-2	0.000000E+0	1.462600E+5
1.798000E-2	0.000000E+0	1.456720E+5
1.800000E-2	0.000000E+0	1.458330E+5
1.802000E-2	0.000000E+0	1.454460E+5
1.804000E-2	0.000000E+0	1.460190E+5
1.806000E-2	0.000000E+0	1.459120E+5
1.808000E-2	0.000000E+0	1.457100E+5
1.810000E-2	0.000000E+0	1.458860E+5
1.812000E-2	0.000000E+0	1.461560E+5
1.814000E-2	0.000000E+0	1.456370E+5
1.816000E-2	0.000000E+0	1.458750E+5
1.818000E-2	0.000000E+0	1.456370E+5
1.820000E-2	0.000000E+0	1.462440E+5
1.822000E-2	0.000000E+0	1.451600E+5
1.824000E-2	0.000000E+0	1.455800E+5
1.826000E-2	0.000000E+0	1.455450E+5
1.828000E-2	0.000000E+0	1.460970E+5
1.830000E-2	0.000000E+0	1.457490E+5
1.832000E-2	0.000000E+0	1.461470E+5
1.834000E-2	0.000000E+0	1.462520E+5
1.836000E-2	0.000000E+0	1.450250E+5
1.838000E-2	0.000000E+0	1.461670E+5
1.840000E-2	0.000000E+0	1.465660E+5
1.842000E-2	0.000000E+0	1.461400E+5
1.844000E-2	0.000000E+0	1.464930E+5
1.846000E-2	0.000000E+0	1.461190E+5
1.848000E-2	0.000000E+0	1.451290E+5
1.850000E-2	0.000000E+0	1.457800E+5
1.852000E-2	0.000000E+0	1.458320E+5
1.854000E-2	0.000000E+0	1.456480E+5
1.856000E-2	0.000000E+0	1.461830E+5
1.858000E-2	0.000000E+0	1.453990E+5
1.860000E-2	0.000000E+0	1.459870E+5
1.862000E-2	0.000000E+0	1.461120E+5
1.864000E-2	0.000000E+0	1.471010E+5
1.866000E-2	0.000000E+0	1.452310E+5
1.868000E-2	0.000000E+0	1.463510E+5
1.870000E-2	0.000000E+0	1.461900E+5
1.872000E-2	0.000000E+0	1.461320E+5
1.874000E-2	0.000000E+0	1.460960E+5
1.876000E-2	0.000000E+0	1.455120E+5
1.878000E-2	0.000000E+0	1.455540E+5
1.880000E-2	0.000000E+0	1.459230E+5
1.882000E-2	0.000000E+0	1.462210E+5
1.884000E-2	0.000000E+0	1.456870E+5
1.886000E-2	0.000000E+0	1.462780E+5
1.888000E-2	0.000000E+0	1.457290E+5
1.890000E-2	0.000000E+0	1.456510E+5
1.892000E-2	0.000000E+0	1.459040E+5
1.894000E-2	0.000000E+0	1.459310E+5
1.896000E-2	0.000000E+0	1.459800E+5
1.898000E-2	0.000000E+0	1.467790E+5
1.900000E-2	0.000000E+0	1.458360E+5
1.902000E-2	0.000000E+0	1.454830E+5
1.904000E-2	0.000000E+0	1.459990E+5
1.906000E-2	0.000000E+0	1.460910E+5
1.908000E-2	0.000000E+0	1.463420E+5
1.910000E-2	0.000000E+0	1.451370E+5
1.912000E-2	0.000000E+0	1.460740E+5
1.914000E-2	0.000000E+0	1.463890E+5
1.916000E-2	0.000000E+0	1.459660E+5
1.918000E-2	0.000000E+0	1.458090E+5
1.920000E-2	0.000000E+0	1.454220E+5
1.922000E-2	0.000000E+0	1.457930E+5
1.924000E-2	0.000000E+0	1.467390E+5
1.926000E-2	0.000000E+0	1.459300E+5
1.928000E-2	0.000000E+0	1.462150E+5
1.930000E-2	0.000000E+0	1.458300E+5
1.932000E-2	0.000000E+0	1.465920E+5
1.934000E-2	0.000000E+0	1.465890E+5
1.936000E-2	0.000000E+0	1.457900E+5
1.938000E-2	0.000000E+0	1.461800E+5
1.940000E-2	0.000000E+0	1.455230E+5
1.942000E-2	0.000000E+0	1.461110E+5
1.944000E-2	0.000000E+0	1.461970E+5
1.946000E-2	0.000000E+0	1.461890E+5
1.948000E-2	0.000000E+0	1.460130E+5
1.950000E-2	0.000000E+0	1.463330E+5
1.952000E-2	0.000000E+0	1.458150E+5
1.954000E-2	0.000000E+0	1.459470E+5
1.956000E-2	0.000000E+0	1.461000E+5
1.958000E-2	0.000000E+0	1.457360E+5
1.960000E-2	0.000000E+0	1.457600E+5
1.962000E-2	0.000000E+0	1.458140E+5
1.964000E-2	0.000000E+0	1.462280E+5
1.966000E-2	0.000000E+0	1.458640E+5
1.968000E-2	0.000000E+0	1.462530E+5
1.970000E-2	0.000000E+0	1.466570E+5
1.972000E-2	0.000000E+0	1.456570E+5
1.974000E-2	0.000000E+0	1.458060E+5
1.976000E-2	0.000000E+0	1.455310E+5
1.978000E-2	0.000000E+0	1.461780E+5
1.980000E-2	0.000000E+0	1.460730E+5
1.982000E-2	0.000000E+0	1.463850E+5
1.984000E-2	0.000000E+0	1.458440E+5
1.986000E-2	0.000000E+0	1.464250E+5
1.988000E-2	0.000000E+0	1.465510E+5
1.990000E-2	0.000000E+0	1.464160E+5
1.992000E-2	0.000000E+0	1.464260E+5
1.994000E-2	0.000000E+0	1.464330E+5
1.996000E-2	0.000000E+0	1.462060E+5
1.998000E-2	0.000000E+0	1.460850E+5
