

live time:  96333.400000
real time:  111603.099000
sweeps:  4816670.000000
0.000000E+0	0.000000E+0	0.000000E+0
2.000000E-5	0.000000E+0	4.808100E+4
4.000000E-5	0.000000E+0	4.821100E+4
6.000000E-5	0.000000E+0	4.837000E+4
8.000000E-5	0.000000E+0	4.847500E+4
1.000000E-4	0.000000E+0	4.825700E+4
1.200000E-4	0.000000E+0	4.811900E+4
1.400000E-4	0.000000E+0	4.852000E+4
1.600000E-4	0.000000E+0	4.861800E+4
1.800000E-4	0.000000E+0	4.860900E+4
2.000000E-4	0.000000E+0	4.835400E+4
2.200000E-4	0.000000E+0	4.843600E+4
2.400000E-4	0.000000E+0	4.842900E+4
2.600000E-4	0.000000E+0	4.837700E+4
2.800000E-4	0.000000E+0	4.837500E+4
3.000000E-4	0.000000E+0	4.843800E+4
3.200000E-4	0.000000E+0	4.835200E+4
3.400000E-4	0.000000E+0	4.839500E+4
3.600000E-4	0.000000E+0	4.833100E+4
3.800000E-4	0.000000E+0	4.840000E+4
4.000000E-4	0.000000E+0	4.863900E+4
4.200000E-4	0.000000E+0	4.832100E+4
4.400000E-4	0.000000E+0	4.820300E+4
4.600000E-4	0.000000E+0	4.849900E+4
4.800000E-4	0.000000E+0	4.840000E+4
5.000000E-4	0.000000E+0	4.817100E+4
5.200000E-4	0.000000E+0	4.844000E+4
5.400000E-4	0.000000E+0	4.847200E+4
5.600000E-4	0.000000E+0	4.879200E+4
5.800000E-4	0.000000E+0	4.837400E+4
6.000000E-4	0.000000E+0	4.827800E+4
6.200000E-4	0.000000E+0	4.837300E+4
6.400000E-4	0.000000E+0	4.820200E+4
6.600000E-4	0.000000E+0	4.829600E+4
6.800000E-4	0.000000E+0	4.804300E+4
7.000000E-4	0.000000E+0	4.844400E+4
7.200000E-4	0.000000E+0	4.831100E+4
7.400000E-4	0.000000E+0	4.836900E+4
7.600000E-4	0.000000E+0	4.844100E+4
7.800000E-4	0.000000E+0	4.837300E+4
8.000000E-4	0.000000E+0	4.840900E+4
8.200000E-4	0.000000E+0	4.813500E+4
8.400000E-4	0.000000E+0	4.841900E+4
8.600000E-4	0.000000E+0	4.846400E+4
8.800000E-4	0.000000E+0	4.860500E+4
9.000000E-4	0.000000E+0	4.788400E+4
9.200000E-4	0.000000E+0	4.824000E+4
9.400000E-4	0.000000E+0	4.864400E+4
9.600000E-4	0.000000E+0	4.829700E+4
9.800000E-4	0.000000E+0	4.827900E+4
1.000000E-3	0.000000E+0	4.832800E+4
1.020000E-3	0.000000E+0	4.807300E+4
1.040000E-3	0.000000E+0	4.879400E+4
1.060000E-3	0.000000E+0	4.831200E+4
1.080000E-3	0.000000E+0	4.818200E+4
1.100000E-3	0.000000E+0	4.842400E+4
1.120000E-3	0.000000E+0	4.837200E+4
1.140000E-3	0.000000E+0	4.870200E+4
1.160000E-3	0.000000E+0	4.821900E+4
1.180000E-3	0.000000E+0	4.827300E+4
1.200000E-3	0.000000E+0	4.859800E+4
1.220000E-3	0.000000E+0	4.800200E+4
1.240000E-3	0.000000E+0	4.812700E+4
1.260000E-3	0.000000E+0	4.842300E+4
1.280000E-3	0.000000E+0	4.863300E+4
1.300000E-3	0.000000E+0	4.856100E+4
1.320000E-3	0.000000E+0	4.827900E+4
1.340000E-3	0.000000E+0	4.876100E+4
1.360000E-3	0.000000E+0	4.836900E+4
1.380000E-3	0.000000E+0	4.869400E+4
1.400000E-3	0.000000E+0	4.857400E+4
1.420000E-3	0.000000E+0	4.832000E+4
1.440000E-3	0.000000E+0	4.857300E+4
1.460000E-3	0.000000E+0	4.820400E+4
1.480000E-3	0.000000E+0	4.818800E+4
1.500000E-3	0.000000E+0	4.793200E+4
1.520000E-3	0.000000E+0	4.829100E+4
1.540000E-3	0.000000E+0	4.838700E+4
1.560000E-3	0.000000E+0	4.826900E+4
1.580000E-3	0.000000E+0	4.846100E+4
1.600000E-3	0.000000E+0	4.862200E+4
1.620000E-3	0.000000E+0	4.871300E+4
1.640000E-3	0.000000E+0	4.810900E+4
1.660000E-3	0.000000E+0	4.862700E+4
1.680000E-3	0.000000E+0	4.833100E+4
1.700000E-3	0.000000E+0	4.853100E+4
1.720000E-3	0.000000E+0	4.832300E+4
1.740000E-3	0.000000E+0	4.882500E+4
1.760000E-3	0.000000E+0	4.849400E+4
1.780000E-3	0.000000E+0	4.855100E+4
1.800000E-3	0.000000E+0	4.825700E+4
1.820000E-3	0.000000E+0	4.864000E+4
1.840000E-3	0.000000E+0	4.860400E+4
1.860000E-3	0.000000E+0	4.835700E+4
1.880000E-3	0.000000E+0	4.850200E+4
1.900000E-3	0.000000E+0	4.845000E+4
1.920000E-3	0.000000E+0	4.859200E+4
1.940000E-3	0.000000E+0	4.843600E+4
1.960000E-3	0.000000E+0	4.835400E+4
1.980000E-3	0.000000E+0	4.867100E+4
2.000000E-3	0.000000E+0	4.858200E+4
2.020000E-3	0.000000E+0	4.858000E+4
2.040000E-3	0.000000E+0	4.858300E+4
2.060000E-3	0.000000E+0	4.859400E+4
2.080000E-3	0.000000E+0	4.776600E+4
2.100000E-3	0.000000E+0	4.839200E+4
2.120000E-3	0.000000E+0	4.830800E+4
2.140000E-3	0.000000E+0	4.806100E+4
2.160000E-3	0.000000E+0	4.815600E+4
2.180000E-3	0.000000E+0	4.840700E+4
2.200000E-3	0.000000E+0	4.815000E+4
2.220000E-3	0.000000E+0	4.807200E+4
2.240000E-3	0.000000E+0	4.841200E+4
2.260000E-3	0.000000E+0	4.820000E+4
2.280000E-3	0.000000E+0	4.861900E+4
2.300000E-3	0.000000E+0	4.843800E+4
2.320000E-3	0.000000E+0	4.839600E+4
2.340000E-3	0.000000E+0	4.799100E+4
2.360000E-3	0.000000E+0	4.839700E+4
2.380000E-3	0.000000E+0	4.819700E+4
2.400000E-3	0.000000E+0	4.857100E+4
2.420000E-3	0.000000E+0	4.853300E+4
2.440000E-3	0.000000E+0	4.832200E+4
2.460000E-3	0.000000E+0	4.812600E+4
2.480000E-3	0.000000E+0	4.798400E+4
2.500000E-3	0.000000E+0	4.854000E+4
2.520000E-3	0.000000E+0	4.869700E+4
2.540000E-3	0.000000E+0	4.837400E+4
2.560000E-3	0.000000E+0	4.830500E+4
2.580000E-3	0.000000E+0	4.841300E+4
2.600000E-3	0.000000E+0	4.840400E+4
2.620000E-3	0.000000E+0	4.832500E+4
2.640000E-3	0.000000E+0	4.843800E+4
2.660000E-3	0.000000E+0	4.809100E+4
2.680000E-3	0.000000E+0	4.870400E+4
2.700000E-3	0.000000E+0	4.840900E+4
2.720000E-3	0.000000E+0	4.798300E+4
2.740000E-3	0.000000E+0	4.845000E+4
2.760000E-3	0.000000E+0	4.861800E+4
2.780000E-3	0.000000E+0	4.826400E+4
2.800000E-3	0.000000E+0	4.832900E+4
2.820000E-3	0.000000E+0	4.801000E+4
2.840000E-3	0.000000E+0	4.875600E+4
2.860000E-3	0.000000E+0	4.832100E+4
2.880000E-3	0.000000E+0	4.837100E+4
2.900000E-3	0.000000E+0	4.799100E+4
2.920000E-3	0.000000E+0	4.869200E+4
2.940000E-3	0.000000E+0	4.834600E+4
2.960000E-3	0.000000E+0	4.832300E+4
2.980000E-3	0.000000E+0	4.828800E+4
3.000000E-3	0.000000E+0	4.834100E+4
3.020000E-3	0.000000E+0	4.870900E+4
3.040000E-3	0.000000E+0	4.854000E+4
3.060000E-3	0.000000E+0	4.844400E+4
3.080000E-3	0.000000E+0	4.814600E+4
3.100000E-3	0.000000E+0	4.849800E+4
3.120000E-3	0.000000E+0	4.861300E+4
3.140000E-3	0.000000E+0	4.839300E+4
3.160000E-3	0.000000E+0	4.822500E+4
3.180000E-3	0.000000E+0	4.855800E+4
3.200000E-3	0.000000E+0	4.833800E+4
3.220000E-3	0.000000E+0	4.790400E+4
3.240000E-3	0.000000E+0	4.822100E+4
3.260000E-3	0.000000E+0	4.841200E+4
3.280000E-3	0.000000E+0	4.850300E+4
3.300000E-3	0.000000E+0	4.853300E+4
3.320000E-3	0.000000E+0	4.869400E+4
3.340000E-3	0.000000E+0	4.826500E+4
3.360000E-3	0.000000E+0	4.817500E+4
3.380000E-3	0.000000E+0	4.832600E+4
3.400000E-3	0.000000E+0	4.831900E+4
3.420000E-3	0.000000E+0	4.854600E+4
3.440000E-3	0.000000E+0	4.808100E+4
3.460000E-3	0.000000E+0	4.855000E+4
3.480000E-3	0.000000E+0	4.874000E+4
3.500000E-3	0.000000E+0	4.849500E+4
3.520000E-3	0.000000E+0	4.827700E+4
3.540000E-3	0.000000E+0	4.861500E+4
3.560000E-3	0.000000E+0	4.809800E+4
3.580000E-3	0.000000E+0	4.854900E+4
3.600000E-3	0.000000E+0	4.795100E+4
3.620000E-3	0.000000E+0	4.856900E+4
3.640000E-3	0.000000E+0	4.852100E+4
3.660000E-3	0.000000E+0	4.850200E+4
3.680000E-3	0.000000E+0	4.848100E+4
3.700000E-3	0.000000E+0	4.829600E+4
3.720000E-3	0.000000E+0	4.801100E+4
3.740000E-3	0.000000E+0	4.809500E+4
3.760000E-3	0.000000E+0	4.834700E+4
3.780000E-3	0.000000E+0	4.859700E+4
3.800000E-3	0.000000E+0	4.803100E+4
3.820000E-3	0.000000E+0	4.826700E+4
3.840000E-3	0.000000E+0	4.870100E+4
3.860000E-3	0.000000E+0	4.835100E+4
3.880000E-3	0.000000E+0	4.811200E+4
3.900000E-3	0.000000E+0	4.830600E+4
3.920000E-3	0.000000E+0	4.817300E+4
3.940000E-3	0.000000E+0	4.816400E+4
3.960000E-3	0.000000E+0	4.852500E+4
3.980000E-3	0.000000E+0	4.825100E+4
4.000000E-3	0.000000E+0	4.825500E+4
4.020000E-3	0.000000E+0	4.842100E+4
4.040000E-3	0.000000E+0	4.836900E+4
4.060000E-3	0.000000E+0	4.774800E+4
4.080000E-3	0.000000E+0	4.848100E+4
4.100000E-3	0.000000E+0	4.808700E+4
4.120000E-3	0.000000E+0	4.827600E+4
4.140000E-3	0.000000E+0	4.872000E+4
4.160000E-3	0.000000E+0	4.802700E+4
4.180000E-3	0.000000E+0	4.834400E+4
4.200000E-3	0.000000E+0	4.806800E+4
4.220000E-3	0.000000E+0	4.852800E+4
4.240000E-3	0.000000E+0	4.813300E+4
4.260000E-3	0.000000E+0	4.826900E+4
4.280000E-3	0.000000E+0	4.849400E+4
4.300000E-3	0.000000E+0	4.805300E+4
4.320000E-3	0.000000E+0	4.873200E+4
4.340000E-3	0.000000E+0	4.864300E+4
4.360000E-3	0.000000E+0	4.850600E+4
4.380000E-3	0.000000E+0	4.790900E+4
4.400000E-3	0.000000E+0	4.870000E+4
4.420000E-3	0.000000E+0	4.845100E+4
4.440000E-3	0.000000E+0	4.818800E+4
4.460000E-3	0.000000E+0	4.820200E+4
4.480000E-3	0.000000E+0	4.820100E+4
4.500000E-3	0.000000E+0	4.813600E+4
4.520000E-3	0.000000E+0	4.853800E+4
4.540000E-3	0.000000E+0	4.849100E+4
4.560000E-3	0.000000E+0	4.815600E+4
4.580000E-3	0.000000E+0	4.846900E+4
4.600000E-3	0.000000E+0	4.868400E+4
4.620000E-3	0.000000E+0	4.820700E+4
4.640000E-3	0.000000E+0	4.835600E+4
4.660000E-3	0.000000E+0	4.846900E+4
4.680000E-3	0.000000E+0	4.828200E+4
4.700000E-3	0.000000E+0	4.824600E+4
4.720000E-3	0.000000E+0	4.835800E+4
4.740000E-3	0.000000E+0	4.794700E+4
4.760000E-3	0.000000E+0	4.819100E+4
4.780000E-3	0.000000E+0	4.816900E+4
4.800000E-3	0.000000E+0	4.859600E+4
4.820000E-3	0.000000E+0	4.811200E+4
4.840000E-3	0.000000E+0	4.839900E+4
4.860000E-3	0.000000E+0	4.847100E+4
4.880000E-3	0.000000E+0	4.816600E+4
4.900000E-3	0.000000E+0	4.830500E+4
4.920000E-3	0.000000E+0	4.830300E+4
4.940000E-3	0.000000E+0	4.867800E+4
4.960000E-3	0.000000E+0	4.827100E+4
4.980000E-3	0.000000E+0	4.790300E+4
5.000000E-3	0.000000E+0	4.784900E+4
5.020000E-3	0.000000E+0	4.827800E+4
5.040000E-3	0.000000E+0	4.867800E+4
5.060000E-3	0.000000E+0	4.895800E+4
5.080000E-3	0.000000E+0	4.848200E+4
5.100000E-3	0.000000E+0	4.835100E+4
5.120000E-3	0.000000E+0	4.862500E+4
5.140000E-3	0.000000E+0	4.836000E+4
5.160000E-3	0.000000E+0	4.847800E+4
5.180000E-3	0.000000E+0	4.824500E+4
5.200000E-3	0.000000E+0	4.814000E+4
5.220000E-3	0.000000E+0	4.831400E+4
5.240000E-3	0.000000E+0	4.814700E+4
5.260000E-3	0.000000E+0	4.852400E+4
5.280000E-3	0.000000E+0	4.786200E+4
5.300000E-3	0.000000E+0	4.831400E+4
5.320000E-3	0.000000E+0	4.802300E+4
5.340000E-3	0.000000E+0	4.800200E+4
5.360000E-3	0.000000E+0	4.795100E+4
5.380000E-3	0.000000E+0	4.807200E+4
5.400000E-3	0.000000E+0	4.813800E+4
5.420000E-3	0.000000E+0	4.804300E+4
5.440000E-3	0.000000E+0	4.795800E+4
5.460000E-3	0.000000E+0	4.805800E+4
5.480000E-3	0.000000E+0	4.733900E+4
5.500000E-3	0.000000E+0	4.784200E+4
5.520000E-3	0.000000E+0	4.813900E+4
5.540000E-3	0.000000E+0	4.761900E+4
5.560000E-3	0.000000E+0	4.767200E+4
5.580000E-3	0.000000E+0	4.751000E+4
5.600000E-3	0.000000E+0	4.776400E+4
5.620000E-3	0.000000E+0	4.677200E+4
5.640000E-3	0.000000E+0	4.675900E+4
5.660000E-3	0.000000E+0	4.599400E+4
5.680000E-3	0.000000E+0	4.516400E+4
5.700000E-3	0.000000E+0	4.431800E+4
5.720000E-3	0.000000E+0	4.251400E+4
5.740000E-3	0.000000E+0	4.017200E+4
5.760000E-3	0.000000E+0	3.689700E+4
5.780000E-3	0.000000E+0	3.316400E+4
5.800000E-3	0.000000E+0	3.011500E+4
5.820000E-3	0.000000E+0	2.867900E+4
5.840000E-3	0.000000E+0	2.915200E+4
5.860000E-3	0.000000E+0	3.102300E+4
5.880000E-3	0.000000E+0	3.439700E+4
5.900000E-3	0.000000E+0	3.803700E+4
5.920000E-3	0.000000E+0	4.106600E+4
5.940000E-3	0.000000E+0	4.369800E+4
5.960000E-3	0.000000E+0	4.509500E+4
5.980000E-3	0.000000E+0	4.576700E+4
6.000000E-3	0.000000E+0	4.665300E+4
6.020000E-3	0.000000E+0	4.680700E+4
6.040000E-3	0.000000E+0	4.724800E+4
6.060000E-3	0.000000E+0	4.752400E+4
6.080000E-3	0.000000E+0	4.750500E+4
6.100000E-3	0.000000E+0	4.774500E+4
6.120000E-3	0.000000E+0	4.796400E+4
6.140000E-3	0.000000E+0	4.801100E+4
6.160000E-3	0.000000E+0	4.738600E+4
6.180000E-3	0.000000E+0	4.787900E+4
6.200000E-3	0.000000E+0	4.780600E+4
6.220000E-3	0.000000E+0	4.774300E+4
6.240000E-3	0.000000E+0	4.829900E+4
6.260000E-3	0.000000E+0	4.806500E+4
6.280000E-3	0.000000E+0	4.798300E+4
6.300000E-3	0.000000E+0	4.817500E+4
6.320000E-3	0.000000E+0	4.781700E+4
6.340000E-3	0.000000E+0	4.833200E+4
6.360000E-3	0.000000E+0	4.811400E+4
6.380000E-3	0.000000E+0	4.814700E+4
6.400000E-3	0.000000E+0	4.827000E+4
6.420000E-3	0.000000E+0	4.847800E+4
6.440000E-3	0.000000E+0	4.817000E+4
6.460000E-3	0.000000E+0	4.806200E+4
6.480000E-3	0.000000E+0	4.831200E+4
6.500000E-3	0.000000E+0	4.823500E+4
6.520000E-3	0.000000E+0	4.865200E+4
6.540000E-3	0.000000E+0	4.840700E+4
6.560000E-3	0.000000E+0	4.823300E+4
6.580000E-3	0.000000E+0	4.839500E+4
6.600000E-3	0.000000E+0	4.841600E+4
6.620000E-3	0.000000E+0	4.830600E+4
6.640000E-3	0.000000E+0	4.835100E+4
6.660000E-3	0.000000E+0	4.871400E+4
6.680000E-3	0.000000E+0	4.834500E+4
6.700000E-3	0.000000E+0	4.820500E+4
6.720000E-3	0.000000E+0	4.818600E+4
6.740000E-3	0.000000E+0	4.832300E+4
6.760000E-3	0.000000E+0	4.834200E+4
6.780000E-3	0.000000E+0	4.840900E+4
6.800000E-3	0.000000E+0	4.821100E+4
6.820000E-3	0.000000E+0	4.826300E+4
6.840000E-3	0.000000E+0	4.817900E+4
6.860000E-3	0.000000E+0	4.880300E+4
6.880000E-3	0.000000E+0	4.835400E+4
6.900000E-3	0.000000E+0	4.835100E+4
6.920000E-3	0.000000E+0	4.855700E+4
6.940000E-3	0.000000E+0	4.841100E+4
6.960000E-3	0.000000E+0	4.791100E+4
6.980000E-3	0.000000E+0	4.840600E+4
7.000000E-3	0.000000E+0	4.827200E+4
7.020000E-3	0.000000E+0	4.838600E+4
7.040000E-3	0.000000E+0	4.815400E+4
7.060000E-3	0.000000E+0	4.840100E+4
7.080000E-3	0.000000E+0	4.857000E+4
7.100000E-3	0.000000E+0	4.778200E+4
7.120000E-3	0.000000E+0	4.854100E+4
7.140000E-3	0.000000E+0	4.853900E+4
7.160000E-3	0.000000E+0	4.854100E+4
7.180000E-3	0.000000E+0	4.857300E+4
7.200000E-3	0.000000E+0	4.821800E+4
7.220000E-3	0.000000E+0	4.860700E+4
7.240000E-3	0.000000E+0	4.850100E+4
7.260000E-3	0.000000E+0	4.874500E+4
7.280000E-3	0.000000E+0	4.862100E+4
7.300000E-3	0.000000E+0	4.838700E+4
7.320000E-3	0.000000E+0	4.806300E+4
7.340000E-3	0.000000E+0	4.846600E+4
7.360000E-3	0.000000E+0	4.827800E+4
7.380000E-3	0.000000E+0	4.849400E+4
7.400000E-3	0.000000E+0	4.841700E+4
7.420000E-3	0.000000E+0	4.841700E+4
7.440000E-3	0.000000E+0	4.858900E+4
7.460000E-3	0.000000E+0	4.801100E+4
7.480000E-3	0.000000E+0	4.807700E+4
7.500000E-3	0.000000E+0	4.807800E+4
7.520000E-3	0.000000E+0	4.835400E+4
7.540000E-3	0.000000E+0	4.841500E+4
7.560000E-3	0.000000E+0	4.876900E+4
7.580000E-3	0.000000E+0	4.823200E+4
7.600000E-3	0.000000E+0	4.823400E+4
7.620000E-3	0.000000E+0	4.861500E+4
7.640000E-3	0.000000E+0	4.831500E+4
7.660000E-3	0.000000E+0	4.840700E+4
7.680000E-3	0.000000E+0	4.860400E+4
7.700000E-3	0.000000E+0	4.838200E+4
7.720000E-3	0.000000E+0	4.853100E+4
7.740000E-3	0.000000E+0	4.801000E+4
7.760000E-3	0.000000E+0	4.829200E+4
7.780000E-3	0.000000E+0	4.806300E+4
7.800000E-3	0.000000E+0	4.846200E+4
7.820000E-3	0.000000E+0	4.843400E+4
7.840000E-3	0.000000E+0	4.836700E+4
7.860000E-3	0.000000E+0	4.848600E+4
7.880000E-3	0.000000E+0	4.837400E+4
7.900000E-3	0.000000E+0	4.853600E+4
7.920000E-3	0.000000E+0	4.833500E+4
7.940000E-3	0.000000E+0	4.839100E+4
7.960000E-3	0.000000E+0	4.826700E+4
7.980000E-3	0.000000E+0	4.818600E+4
8.000000E-3	0.000000E+0	4.841100E+4
8.020000E-3	0.000000E+0	4.858300E+4
8.040000E-3	0.000000E+0	4.787200E+4
8.060000E-3	0.000000E+0	4.811100E+4
8.080000E-3	0.000000E+0	4.873700E+4
8.100000E-3	0.000000E+0	4.820400E+4
8.120000E-3	0.000000E+0	4.851100E+4
8.140000E-3	0.000000E+0	4.862400E+4
8.160000E-3	0.000000E+0	4.826900E+4
8.180000E-3	0.000000E+0	4.818200E+4
8.200000E-3	0.000000E+0	4.842600E+4
8.220000E-3	0.000000E+0	4.828400E+4
8.240000E-3	0.000000E+0	4.884700E+4
8.260000E-3	0.000000E+0	4.813700E+4
8.280000E-3	0.000000E+0	4.856100E+4
8.300000E-3	0.000000E+0	4.860100E+4
8.320000E-3	0.000000E+0	4.842400E+4
8.340000E-3	0.000000E+0	4.851000E+4
8.360000E-3	0.000000E+0	4.812400E+4
8.380000E-3	0.000000E+0	4.876600E+4
8.400000E-3	0.000000E+0	4.803600E+4
8.420000E-3	0.000000E+0	4.830100E+4
8.440000E-3	0.000000E+0	4.889900E+4
8.460000E-3	0.000000E+0	4.830000E+4
8.480000E-3	0.000000E+0	4.873800E+4
8.500000E-3	0.000000E+0	4.862500E+4
8.520000E-3	0.000000E+0	4.831700E+4
8.540000E-3	0.000000E+0	4.831500E+4
8.560000E-3	0.000000E+0	4.836300E+4
8.580000E-3	0.000000E+0	4.813100E+4
8.600000E-3	0.000000E+0	4.856200E+4
8.620000E-3	0.000000E+0	4.839100E+4
8.640000E-3	0.000000E+0	4.845900E+4
8.660000E-3	0.000000E+0	4.820400E+4
8.680000E-3	0.000000E+0	4.859600E+4
8.700000E-3	0.000000E+0	4.819200E+4
8.720000E-3	0.000000E+0	4.818100E+4
8.740000E-3	0.000000E+0	4.847800E+4
8.760000E-3	0.000000E+0	4.855700E+4
8.780000E-3	0.000000E+0	4.837900E+4
8.800000E-3	0.000000E+0	4.817600E+4
8.820000E-3	0.000000E+0	4.843300E+4
8.840000E-3	0.000000E+0	4.838700E+4
8.860000E-3	0.000000E+0	4.831700E+4
8.880000E-3	0.000000E+0	4.838500E+4
8.900000E-3	0.000000E+0	4.864200E+4
8.920000E-3	0.000000E+0	4.824800E+4
8.940000E-3	0.000000E+0	4.820400E+4
8.960000E-3	0.000000E+0	4.806800E+4
8.980000E-3	0.000000E+0	4.793700E+4
9.000000E-3	0.000000E+0	4.837200E+4
9.020000E-3	0.000000E+0	4.821500E+4
9.040000E-3	0.000000E+0	4.857800E+4
9.060000E-3	0.000000E+0	4.823600E+4
9.080000E-3	0.000000E+0	4.822500E+4
9.100000E-3	0.000000E+0	4.821300E+4
9.120000E-3	0.000000E+0	4.866900E+4
9.140000E-3	0.000000E+0	4.839200E+4
9.160000E-3	0.000000E+0	4.816600E+4
9.180000E-3	0.000000E+0	4.840400E+4
9.200000E-3	0.000000E+0	4.864700E+4
9.220000E-3	0.000000E+0	4.822800E+4
9.240000E-3	0.000000E+0	4.829200E+4
9.260000E-3	0.000000E+0	4.830200E+4
9.280000E-3	0.000000E+0	4.845000E+4
9.300000E-3	0.000000E+0	4.829000E+4
9.320000E-3	0.000000E+0	4.830600E+4
9.340000E-3	0.000000E+0	4.841300E+4
9.360000E-3	0.000000E+0	4.846100E+4
9.380000E-3	0.000000E+0	4.869600E+4
9.400000E-3	0.000000E+0	4.840700E+4
9.420000E-3	0.000000E+0	4.823400E+4
9.440000E-3	0.000000E+0	4.802600E+4
9.460000E-3	0.000000E+0	4.866700E+4
9.480000E-3	0.000000E+0	4.820100E+4
9.500000E-3	0.000000E+0	4.877000E+4
9.520000E-3	0.000000E+0	4.830900E+4
9.540000E-3	0.000000E+0	4.805700E+4
9.560000E-3	0.000000E+0	4.814500E+4
9.580000E-3	0.000000E+0	4.843700E+4
9.600000E-3	0.000000E+0	4.826700E+4
9.620000E-3	0.000000E+0	4.822900E+4
9.640000E-3	0.000000E+0	4.858800E+4
9.660000E-3	0.000000E+0	4.834800E+4
9.680000E-3	0.000000E+0	4.821700E+4
9.700000E-3	0.000000E+0	4.808600E+4
9.720000E-3	0.000000E+0	4.856100E+4
9.740000E-3	0.000000E+0	4.846900E+4
9.760000E-3	0.000000E+0	4.801400E+4
9.780000E-3	0.000000E+0	4.827400E+4
9.800000E-3	0.000000E+0	4.829700E+4
9.820000E-3	0.000000E+0	4.813200E+4
9.840000E-3	0.000000E+0	4.856100E+4
9.860000E-3	0.000000E+0	4.844400E+4
9.880000E-3	0.000000E+0	4.877500E+4
9.900000E-3	0.000000E+0	4.837900E+4
9.920000E-3	0.000000E+0	4.845100E+4
9.940000E-3	0.000000E+0	4.837000E+4
9.960000E-3	0.000000E+0	4.820400E+4
9.980000E-3	0.000000E+0	4.828800E+4
1.000000E-2	0.000000E+0	4.844000E+4
1.002000E-2	0.000000E+0	4.797800E+4
1.004000E-2	0.000000E+0	4.825700E+4
1.006000E-2	0.000000E+0	4.843700E+4
1.008000E-2	0.000000E+0	4.823100E+4
1.010000E-2	0.000000E+0	4.816600E+4
1.012000E-2	0.000000E+0	4.837800E+4
1.014000E-2	0.000000E+0	4.867500E+4
1.016000E-2	0.000000E+0	4.861600E+4
1.018000E-2	0.000000E+0	4.850500E+4
1.020000E-2	0.000000E+0	4.880700E+4
1.022000E-2	0.000000E+0	4.847500E+4
1.024000E-2	0.000000E+0	4.849900E+4
1.026000E-2	0.000000E+0	4.815200E+4
1.028000E-2	0.000000E+0	4.879500E+4
1.030000E-2	0.000000E+0	4.830200E+4
1.032000E-2	0.000000E+0	4.835400E+4
1.034000E-2	0.000000E+0	4.837600E+4
1.036000E-2	0.000000E+0	4.858500E+4
1.038000E-2	0.000000E+0	4.842300E+4
1.040000E-2	0.000000E+0	4.837200E+4
1.042000E-2	0.000000E+0	4.839400E+4
1.044000E-2	0.000000E+0	4.871000E+4
1.046000E-2	0.000000E+0	4.829700E+4
1.048000E-2	0.000000E+0	4.877200E+4
1.050000E-2	0.000000E+0	4.833400E+4
1.052000E-2	0.000000E+0	4.825300E+4
1.054000E-2	0.000000E+0	4.832600E+4
1.056000E-2	0.000000E+0	4.873000E+4
1.058000E-2	0.000000E+0	4.834000E+4
1.060000E-2	0.000000E+0	4.778700E+4
1.062000E-2	0.000000E+0	4.820300E+4
1.064000E-2	0.000000E+0	4.838300E+4
1.066000E-2	0.000000E+0	4.845300E+4
1.068000E-2	0.000000E+0	4.814600E+4
1.070000E-2	0.000000E+0	4.817400E+4
1.072000E-2	0.000000E+0	4.837700E+4
1.074000E-2	0.000000E+0	4.834700E+4
1.076000E-2	0.000000E+0	4.840700E+4
1.078000E-2	0.000000E+0	4.827800E+4
1.080000E-2	0.000000E+0	4.819500E+4
1.082000E-2	0.000000E+0	4.834700E+4
1.084000E-2	0.000000E+0	4.845200E+4
1.086000E-2	0.000000E+0	4.823300E+4
1.088000E-2	0.000000E+0	4.856600E+4
1.090000E-2	0.000000E+0	4.877300E+4
1.092000E-2	0.000000E+0	4.838200E+4
1.094000E-2	0.000000E+0	4.827200E+4
1.096000E-2	0.000000E+0	4.868100E+4
1.098000E-2	0.000000E+0	4.852800E+4
1.100000E-2	0.000000E+0	4.840600E+4
1.102000E-2	0.000000E+0	4.830700E+4
1.104000E-2	0.000000E+0	4.853700E+4
1.106000E-2	0.000000E+0	4.816500E+4
1.108000E-2	0.000000E+0	4.865000E+4
1.110000E-2	0.000000E+0	4.828000E+4
1.112000E-2	0.000000E+0	4.826900E+4
1.114000E-2	0.000000E+0	4.801800E+4
1.116000E-2	0.000000E+0	4.814800E+4
1.118000E-2	0.000000E+0	4.826000E+4
1.120000E-2	0.000000E+0	4.811600E+4
1.122000E-2	0.000000E+0	4.803100E+4
1.124000E-2	0.000000E+0	4.869600E+4
1.126000E-2	0.000000E+0	4.863700E+4
1.128000E-2	0.000000E+0	4.848000E+4
1.130000E-2	0.000000E+0	4.829100E+4
1.132000E-2	0.000000E+0	4.849400E+4
1.134000E-2	0.000000E+0	4.824900E+4
1.136000E-2	0.000000E+0	4.800600E+4
1.138000E-2	0.000000E+0	4.798700E+4
1.140000E-2	0.000000E+0	4.825100E+4
1.142000E-2	0.000000E+0	4.861800E+4
1.144000E-2	0.000000E+0	4.838400E+4
1.146000E-2	0.000000E+0	4.853700E+4
1.148000E-2	0.000000E+0	4.811400E+4
1.150000E-2	0.000000E+0	4.855200E+4
1.152000E-2	0.000000E+0	4.825200E+4
1.154000E-2	0.000000E+0	4.826500E+4
1.156000E-2	0.000000E+0	4.816800E+4
1.158000E-2	0.000000E+0	4.842200E+4
1.160000E-2	0.000000E+0	4.858600E+4
1.162000E-2	0.000000E+0	4.822500E+4
1.164000E-2	0.000000E+0	4.836800E+4
1.166000E-2	0.000000E+0	4.793800E+4
1.168000E-2	0.000000E+0	4.863300E+4
1.170000E-2	0.000000E+0	4.860100E+4
1.172000E-2	0.000000E+0	4.810300E+4
1.174000E-2	0.000000E+0	4.834700E+4
1.176000E-2	0.000000E+0	4.806200E+4
1.178000E-2	0.000000E+0	4.811600E+4
1.180000E-2	0.000000E+0	4.836800E+4
1.182000E-2	0.000000E+0	4.894000E+4
1.184000E-2	0.000000E+0	4.833300E+4
1.186000E-2	0.000000E+0	4.812200E+4
1.188000E-2	0.000000E+0	4.825400E+4
1.190000E-2	0.000000E+0	4.853000E+4
1.192000E-2	0.000000E+0	4.803300E+4
1.194000E-2	0.000000E+0	4.838700E+4
1.196000E-2	0.000000E+0	4.830400E+4
1.198000E-2	0.000000E+0	4.805000E+4
1.200000E-2	0.000000E+0	4.820600E+4
1.202000E-2	0.000000E+0	4.832200E+4
1.204000E-2	0.000000E+0	4.805100E+4
1.206000E-2	0.000000E+0	4.864300E+4
1.208000E-2	0.000000E+0	4.837400E+4
1.210000E-2	0.000000E+0	4.827100E+4
1.212000E-2	0.000000E+0	4.844100E+4
1.214000E-2	0.000000E+0	4.827200E+4
1.216000E-2	0.000000E+0	4.823900E+4
1.218000E-2	0.000000E+0	4.806300E+4
1.220000E-2	0.000000E+0	4.830100E+4
1.222000E-2	0.000000E+0	4.821200E+4
1.224000E-2	0.000000E+0	4.849700E+4
1.226000E-2	0.000000E+0	4.794000E+4
1.228000E-2	0.000000E+0	4.796000E+4
1.230000E-2	0.000000E+0	4.821100E+4
1.232000E-2	0.000000E+0	4.851500E+4
1.234000E-2	0.000000E+0	4.854500E+4
1.236000E-2	0.000000E+0	4.832100E+4
1.238000E-2	0.000000E+0	4.829400E+4
1.240000E-2	0.000000E+0	4.813400E+4
1.242000E-2	0.000000E+0	4.811000E+4
1.244000E-2	0.000000E+0	4.829800E+4
1.246000E-2	0.000000E+0	4.794900E+4
1.248000E-2	0.000000E+0	4.828000E+4
1.250000E-2	0.000000E+0	4.857600E+4
1.252000E-2	0.000000E+0	4.819600E+4
1.254000E-2	0.000000E+0	4.814600E+4
1.256000E-2	0.000000E+0	4.876100E+4
1.258000E-2	0.000000E+0	4.879400E+4
1.260000E-2	0.000000E+0	4.851700E+4
1.262000E-2	0.000000E+0	4.811700E+4
1.264000E-2	0.000000E+0	4.801700E+4
1.266000E-2	0.000000E+0	4.783100E+4
1.268000E-2	0.000000E+0	4.829700E+4
1.270000E-2	0.000000E+0	4.828500E+4
1.272000E-2	0.000000E+0	4.846500E+4
1.274000E-2	0.000000E+0	4.831100E+4
1.276000E-2	0.000000E+0	4.863200E+4
1.278000E-2	0.000000E+0	4.829300E+4
1.280000E-2	0.000000E+0	4.818900E+4
1.282000E-2	0.000000E+0	4.806100E+4
1.284000E-2	0.000000E+0	4.833900E+4
1.286000E-2	0.000000E+0	4.837000E+4
1.288000E-2	0.000000E+0	4.848500E+4
1.290000E-2	0.000000E+0	4.800900E+4
1.292000E-2	0.000000E+0	4.818800E+4
1.294000E-2	0.000000E+0	4.818000E+4
1.296000E-2	0.000000E+0	4.821500E+4
1.298000E-2	0.000000E+0	4.847800E+4
1.300000E-2	0.000000E+0	4.820200E+4
1.302000E-2	0.000000E+0	4.864800E+4
1.304000E-2	0.000000E+0	4.835700E+4
1.306000E-2	0.000000E+0	4.828600E+4
1.308000E-2	0.000000E+0	4.886100E+4
1.310000E-2	0.000000E+0	4.834800E+4
1.312000E-2	0.000000E+0	4.820300E+4
1.314000E-2	0.000000E+0	4.815600E+4
1.316000E-2	0.000000E+0	4.858200E+4
1.318000E-2	0.000000E+0	4.826900E+4
1.320000E-2	0.000000E+0	4.835300E+4
1.322000E-2	0.000000E+0	4.830800E+4
1.324000E-2	0.000000E+0	4.827100E+4
1.326000E-2	0.000000E+0	4.854800E+4
1.328000E-2	0.000000E+0	4.866100E+4
1.330000E-2	0.000000E+0	4.846500E+4
1.332000E-2	0.000000E+0	4.833400E+4
1.334000E-2	0.000000E+0	4.863600E+4
1.336000E-2	0.000000E+0	4.832500E+4
1.338000E-2	0.000000E+0	4.832400E+4
1.340000E-2	0.000000E+0	4.873200E+4
1.342000E-2	0.000000E+0	4.872200E+4
1.344000E-2	0.000000E+0	4.832200E+4
1.346000E-2	0.000000E+0	4.841400E+4
1.348000E-2	0.000000E+0	4.839800E+4
1.350000E-2	0.000000E+0	4.844300E+4
1.352000E-2	0.000000E+0	4.824700E+4
1.354000E-2	0.000000E+0	4.826000E+4
1.356000E-2	0.000000E+0	4.827500E+4
1.358000E-2	0.000000E+0	4.798200E+4
1.360000E-2	0.000000E+0	4.840300E+4
1.362000E-2	0.000000E+0	4.820700E+4
1.364000E-2	0.000000E+0	4.821200E+4
1.366000E-2	0.000000E+0	4.820200E+4
1.368000E-2	0.000000E+0	4.847000E+4
1.370000E-2	0.000000E+0	4.854100E+4
1.372000E-2	0.000000E+0	4.822700E+4
1.374000E-2	0.000000E+0	4.820100E+4
1.376000E-2	0.000000E+0	4.878300E+4
1.378000E-2	0.000000E+0	4.851500E+4
1.380000E-2	0.000000E+0	4.808000E+4
1.382000E-2	0.000000E+0	4.805600E+4
1.384000E-2	0.000000E+0	4.784900E+4
1.386000E-2	0.000000E+0	4.870200E+4
1.388000E-2	0.000000E+0	4.821200E+4
1.390000E-2	0.000000E+0	4.849300E+4
1.392000E-2	0.000000E+0	4.829600E+4
1.394000E-2	0.000000E+0	4.849500E+4
1.396000E-2	0.000000E+0	4.807100E+4
1.398000E-2	0.000000E+0	4.870200E+4
1.400000E-2	0.000000E+0	4.837000E+4
1.402000E-2	0.000000E+0	4.840900E+4
1.404000E-2	0.000000E+0	4.877100E+4
1.406000E-2	0.000000E+0	4.833100E+4
1.408000E-2	0.000000E+0	4.836600E+4
1.410000E-2	0.000000E+0	4.824500E+4
1.412000E-2	0.000000E+0	4.785300E+4
1.414000E-2	0.000000E+0	4.818000E+4
1.416000E-2	0.000000E+0	4.822800E+4
1.418000E-2	0.000000E+0	4.832600E+4
1.420000E-2	0.000000E+0	4.827800E+4
1.422000E-2	0.000000E+0	4.848600E+4
1.424000E-2	0.000000E+0	4.820000E+4
1.426000E-2	0.000000E+0	4.868700E+4
1.428000E-2	0.000000E+0	4.838900E+4
1.430000E-2	0.000000E+0	4.847100E+4
1.432000E-2	0.000000E+0	4.881900E+4
1.434000E-2	0.000000E+0	4.835700E+4
1.436000E-2	0.000000E+0	4.822100E+4
1.438000E-2	0.000000E+0	4.815900E+4
1.440000E-2	0.000000E+0	4.857300E+4
1.442000E-2	0.000000E+0	4.839400E+4
1.444000E-2	0.000000E+0	4.863400E+4
1.446000E-2	0.000000E+0	4.837600E+4
1.448000E-2	0.000000E+0	4.817100E+4
1.450000E-2	0.000000E+0	4.821500E+4
1.452000E-2	0.000000E+0	4.827900E+4
1.454000E-2	0.000000E+0	4.832700E+4
1.456000E-2	0.000000E+0	4.830400E+4
1.458000E-2	0.000000E+0	4.832400E+4
1.460000E-2	0.000000E+0	4.815000E+4
1.462000E-2	0.000000E+0	4.840100E+4
1.464000E-2	0.000000E+0	4.834200E+4
1.466000E-2	0.000000E+0	4.818000E+4
1.468000E-2	0.000000E+0	4.869500E+4
1.470000E-2	0.000000E+0	4.780900E+4
1.472000E-2	0.000000E+0	4.808600E+4
1.474000E-2	0.000000E+0	4.840600E+4
1.476000E-2	0.000000E+0	4.825000E+4
1.478000E-2	0.000000E+0	4.858200E+4
1.480000E-2	0.000000E+0	4.852900E+4
1.482000E-2	0.000000E+0	4.819900E+4
1.484000E-2	0.000000E+0	4.822200E+4
1.486000E-2	0.000000E+0	4.818000E+4
1.488000E-2	0.000000E+0	4.817800E+4
1.490000E-2	0.000000E+0	4.831300E+4
1.492000E-2	0.000000E+0	4.838200E+4
1.494000E-2	0.000000E+0	4.839400E+4
1.496000E-2	0.000000E+0	4.844000E+4
1.498000E-2	0.000000E+0	4.862900E+4
1.500000E-2	0.000000E+0	4.857600E+4
1.502000E-2	0.000000E+0	4.826700E+4
1.504000E-2	0.000000E+0	4.860600E+4
1.506000E-2	0.000000E+0	4.820400E+4
1.508000E-2	0.000000E+0	4.829800E+4
1.510000E-2	0.000000E+0	4.833400E+4
1.512000E-2	0.000000E+0	4.808100E+4
1.514000E-2	0.000000E+0	4.791200E+4
1.516000E-2	0.000000E+0	4.847200E+4
1.518000E-2	0.000000E+0	4.839600E+4
1.520000E-2	0.000000E+0	4.808100E+4
1.522000E-2	0.000000E+0	4.816400E+4
1.524000E-2	0.000000E+0	4.832600E+4
1.526000E-2	0.000000E+0	4.793300E+4
1.528000E-2	0.000000E+0	4.850600E+4
1.530000E-2	0.000000E+0	4.866500E+4
1.532000E-2	0.000000E+0	4.864600E+4
1.534000E-2	0.000000E+0	4.845800E+4
1.536000E-2	0.000000E+0	4.845100E+4
1.538000E-2	0.000000E+0	4.850300E+4
1.540000E-2	0.000000E+0	4.831500E+4
1.542000E-2	0.000000E+0	4.810200E+4
1.544000E-2	0.000000E+0	4.813000E+4
1.546000E-2	0.000000E+0	4.783500E+4
1.548000E-2	0.000000E+0	4.824600E+4
1.550000E-2	0.000000E+0	4.852700E+4
1.552000E-2	0.000000E+0	4.808000E+4
1.554000E-2	0.000000E+0	4.830800E+4
1.556000E-2	0.000000E+0	4.841600E+4
1.558000E-2	0.000000E+0	4.849000E+4
1.560000E-2	0.000000E+0	4.828300E+4
1.562000E-2	0.000000E+0	4.819000E+4
1.564000E-2	0.000000E+0	4.784900E+4
1.566000E-2	0.000000E+0	4.843100E+4
1.568000E-2	0.000000E+0	4.835400E+4
1.570000E-2	0.000000E+0	4.868100E+4
1.572000E-2	0.000000E+0	4.828900E+4
1.574000E-2	0.000000E+0	4.819100E+4
1.576000E-2	0.000000E+0	4.823000E+4
1.578000E-2	0.000000E+0	4.822500E+4
1.580000E-2	0.000000E+0	4.840500E+4
1.582000E-2	0.000000E+0	4.851600E+4
1.584000E-2	0.000000E+0	4.852200E+4
1.586000E-2	0.000000E+0	4.823600E+4
1.588000E-2	0.000000E+0	4.855700E+4
1.590000E-2	0.000000E+0	4.821500E+4
1.592000E-2	0.000000E+0	4.855600E+4
1.594000E-2	0.000000E+0	4.860800E+4
1.596000E-2	0.000000E+0	4.844100E+4
1.598000E-2	0.000000E+0	4.843600E+4
1.600000E-2	0.000000E+0	4.836600E+4
1.602000E-2	0.000000E+0	4.793800E+4
1.604000E-2	0.000000E+0	4.841900E+4
1.606000E-2	0.000000E+0	4.850100E+4
1.608000E-2	0.000000E+0	4.818700E+4
1.610000E-2	0.000000E+0	4.802200E+4
1.612000E-2	0.000000E+0	4.815600E+4
1.614000E-2	0.000000E+0	4.822500E+4
1.616000E-2	0.000000E+0	4.871500E+4
1.618000E-2	0.000000E+0	4.783800E+4
1.620000E-2	0.000000E+0	4.817500E+4
1.622000E-2	0.000000E+0	4.781300E+4
1.624000E-2	0.000000E+0	4.792000E+4
1.626000E-2	0.000000E+0	4.824300E+4
1.628000E-2	0.000000E+0	4.815200E+4
1.630000E-2	0.000000E+0	4.805600E+4
1.632000E-2	0.000000E+0	4.801600E+4
1.634000E-2	0.000000E+0	4.821500E+4
1.636000E-2	0.000000E+0	4.788100E+4
1.638000E-2	0.000000E+0	4.818500E+4
1.640000E-2	0.000000E+0	4.819300E+4
1.642000E-2	0.000000E+0	4.845300E+4
1.644000E-2	0.000000E+0	4.847500E+4
1.646000E-2	0.000000E+0	4.800500E+4
1.648000E-2	0.000000E+0	4.854200E+4
1.650000E-2	0.000000E+0	4.854600E+4
1.652000E-2	0.000000E+0	4.804300E+4
1.654000E-2	0.000000E+0	4.791200E+4
1.656000E-2	0.000000E+0	4.830300E+4
1.658000E-2	0.000000E+0	4.870900E+4
1.660000E-2	0.000000E+0	4.812500E+4
1.662000E-2	0.000000E+0	4.837400E+4
1.664000E-2	0.000000E+0	4.847800E+4
1.666000E-2	0.000000E+0	4.829300E+4
1.668000E-2	0.000000E+0	4.809300E+4
1.670000E-2	0.000000E+0	4.836500E+4
1.672000E-2	0.000000E+0	4.824300E+4
1.674000E-2	0.000000E+0	4.805100E+4
1.676000E-2	0.000000E+0	4.793300E+4
1.678000E-2	0.000000E+0	4.792300E+4
1.680000E-2	0.000000E+0	4.839700E+4
1.682000E-2	0.000000E+0	4.807000E+4
1.684000E-2	0.000000E+0	4.814700E+4
1.686000E-2	0.000000E+0	4.782900E+4
1.688000E-2	0.000000E+0	4.793100E+4
1.690000E-2	0.000000E+0	4.776800E+4
1.692000E-2	0.000000E+0	4.784000E+4
1.694000E-2	0.000000E+0	4.774800E+4
1.696000E-2	0.000000E+0	4.740400E+4
1.698000E-2	0.000000E+0	4.730300E+4
1.700000E-2	0.000000E+0	4.712000E+4
1.702000E-2	0.000000E+0	4.684400E+4
1.704000E-2	0.000000E+0	4.632800E+4
1.706000E-2	0.000000E+0	4.616900E+4
1.708000E-2	0.000000E+0	4.583700E+4
1.710000E-2	0.000000E+0	4.437300E+4
1.712000E-2	0.000000E+0	4.324700E+4
1.714000E-2	0.000000E+0	4.058100E+4
1.716000E-2	0.000000E+0	3.723800E+4
1.718000E-2	0.000000E+0	3.364300E+4
1.720000E-2	0.000000E+0	3.022100E+4
1.722000E-2	0.000000E+0	2.877800E+4
1.724000E-2	0.000000E+0	2.879400E+4
1.726000E-2	0.000000E+0	3.102500E+4
1.728000E-2	0.000000E+0	3.415900E+4
1.730000E-2	0.000000E+0	3.800200E+4
1.732000E-2	0.000000E+0	4.033300E+4
1.734000E-2	0.000000E+0	4.302200E+4
1.736000E-2	0.000000E+0	4.446200E+4
1.738000E-2	0.000000E+0	4.491500E+4
1.740000E-2	0.000000E+0	4.627000E+4
1.742000E-2	0.000000E+0	4.658700E+4
1.744000E-2	0.000000E+0	4.688200E+4
1.746000E-2	0.000000E+0	4.728300E+4
1.748000E-2	0.000000E+0	4.753700E+4
1.750000E-2	0.000000E+0	4.749700E+4
1.752000E-2	0.000000E+0	4.757300E+4
1.754000E-2	0.000000E+0	4.834300E+4
1.756000E-2	0.000000E+0	4.793900E+4
1.758000E-2	0.000000E+0	4.769400E+4
1.760000E-2	0.000000E+0	4.826400E+4
1.762000E-2	0.000000E+0	4.796100E+4
1.764000E-2	0.000000E+0	4.790800E+4
1.766000E-2	0.000000E+0	4.776600E+4
1.768000E-2	0.000000E+0	4.815300E+4
1.770000E-2	0.000000E+0	4.805500E+4
1.772000E-2	0.000000E+0	4.817100E+4
1.774000E-2	0.000000E+0	4.781500E+4
1.776000E-2	0.000000E+0	4.801700E+4
1.778000E-2	0.000000E+0	4.821700E+4
1.780000E-2	0.000000E+0	4.826500E+4
1.782000E-2	0.000000E+0	4.819100E+4
1.784000E-2	0.000000E+0	4.848000E+4
1.786000E-2	0.000000E+0	4.845600E+4
1.788000E-2	0.000000E+0	4.820400E+4
1.790000E-2	0.000000E+0	4.824900E+4
1.792000E-2	0.000000E+0	4.853000E+4
1.794000E-2	0.000000E+0	4.836800E+4
1.796000E-2	0.000000E+0	4.830800E+4
1.798000E-2	0.000000E+0	4.814000E+4
1.800000E-2	0.000000E+0	4.821200E+4
1.802000E-2	0.000000E+0	4.769900E+4
1.804000E-2	0.000000E+0	4.824500E+4
1.806000E-2	0.000000E+0	4.812400E+4
1.808000E-2	0.000000E+0	4.813100E+4
1.810000E-2	0.000000E+0	4.818600E+4
1.812000E-2	0.000000E+0	4.849600E+4
1.814000E-2	0.000000E+0	4.808500E+4
1.816000E-2	0.000000E+0	4.834400E+4
1.818000E-2	0.000000E+0	4.809200E+4
1.820000E-2	0.000000E+0	4.796800E+4
1.822000E-2	0.000000E+0	4.811600E+4
1.824000E-2	0.000000E+0	4.818100E+4
1.826000E-2	0.000000E+0	4.791200E+4
1.828000E-2	0.000000E+0	4.850900E+4
1.830000E-2	0.000000E+0	4.790700E+4
1.832000E-2	0.000000E+0	4.802700E+4
1.834000E-2	0.000000E+0	4.837500E+4
1.836000E-2	0.000000E+0	4.773400E+4
1.838000E-2	0.000000E+0	4.833000E+4
1.840000E-2	0.000000E+0	4.884500E+4
1.842000E-2	0.000000E+0	4.851500E+4
1.844000E-2	0.000000E+0	4.832800E+4
1.846000E-2	0.000000E+0	4.833200E+4
1.848000E-2	0.000000E+0	4.804300E+4
1.850000E-2	0.000000E+0	4.824100E+4
1.852000E-2	0.000000E+0	4.826400E+4
1.854000E-2	0.000000E+0	4.813900E+4
1.856000E-2	0.000000E+0	4.854000E+4
1.858000E-2	0.000000E+0	4.802800E+4
1.860000E-2	0.000000E+0	4.825400E+4
1.862000E-2	0.000000E+0	4.808500E+4
1.864000E-2	0.000000E+0	4.891400E+4
1.866000E-2	0.000000E+0	4.755700E+4
1.868000E-2	0.000000E+0	4.857100E+4
1.870000E-2	0.000000E+0	4.808700E+4
1.872000E-2	0.000000E+0	4.815600E+4
1.874000E-2	0.000000E+0	4.801400E+4
1.876000E-2	0.000000E+0	4.829100E+4
1.878000E-2	0.000000E+0	4.821500E+4
1.880000E-2	0.000000E+0	4.819600E+4
1.882000E-2	0.000000E+0	4.831400E+4
1.884000E-2	0.000000E+0	4.808600E+4
1.886000E-2	0.000000E+0	4.833800E+4
1.888000E-2	0.000000E+0	4.800200E+4
1.890000E-2	0.000000E+0	4.826300E+4
1.892000E-2	0.000000E+0	4.811700E+4
1.894000E-2	0.000000E+0	4.855700E+4
1.896000E-2	0.000000E+0	4.847700E+4
1.898000E-2	0.000000E+0	4.873200E+4
1.900000E-2	0.000000E+0	4.836900E+4
1.902000E-2	0.000000E+0	4.821200E+4
1.904000E-2	0.000000E+0	4.847300E+4
1.906000E-2	0.000000E+0	4.813500E+4
1.908000E-2	0.000000E+0	4.839300E+4
1.910000E-2	0.000000E+0	4.793200E+4
1.912000E-2	0.000000E+0	4.801800E+4
1.914000E-2	0.000000E+0	4.869800E+4
1.916000E-2	0.000000E+0	4.797800E+4
1.918000E-2	0.000000E+0	4.852000E+4
1.920000E-2	0.000000E+0	4.825000E+4
1.922000E-2	0.000000E+0	4.830700E+4
1.924000E-2	0.000000E+0	4.863700E+4
1.926000E-2	0.000000E+0	4.811900E+4
1.928000E-2	0.000000E+0	4.832400E+4
1.930000E-2	0.000000E+0	4.831400E+4
1.932000E-2	0.000000E+0	4.831200E+4
1.934000E-2	0.000000E+0	4.871300E+4
1.936000E-2	0.000000E+0	4.805000E+4
1.938000E-2	0.000000E+0	4.838100E+4
1.940000E-2	0.000000E+0	4.818200E+4
1.942000E-2	0.000000E+0	4.823900E+4
1.944000E-2	0.000000E+0	4.835800E+4
1.946000E-2	0.000000E+0	4.823300E+4
1.948000E-2	0.000000E+0	4.831400E+4
1.950000E-2	0.000000E+0	4.858400E+4
1.952000E-2	0.000000E+0	4.835200E+4
1.954000E-2	0.000000E+0	4.838400E+4
1.956000E-2	0.000000E+0	4.812700E+4
1.958000E-2	0.000000E+0	4.832700E+4
1.960000E-2	0.000000E+0	4.775600E+4
1.962000E-2	0.000000E+0	4.829600E+4
1.964000E-2	0.000000E+0	4.835500E+4
1.966000E-2	0.000000E+0	4.839500E+4
1.968000E-2	0.000000E+0	4.816300E+4
1.970000E-2	0.000000E+0	4.844300E+4
1.972000E-2	0.000000E+0	4.791300E+4
1.974000E-2	0.000000E+0	4.816900E+4
1.976000E-2	0.000000E+0	4.788800E+4
1.978000E-2	0.000000E+0	4.818500E+4
1.980000E-2	0.000000E+0	4.840700E+4
1.982000E-2	0.000000E+0	4.827600E+4
1.984000E-2	0.000000E+0	4.828800E+4
1.986000E-2	0.000000E+0	4.833600E+4
1.988000E-2	0.000000E+0	4.828600E+4
1.990000E-2	0.000000E+0	4.840900E+4
1.992000E-2	0.000000E+0	4.823100E+4
1.994000E-2	0.000000E+0	4.853900E+4
1.996000E-2	0.000000E+0	4.876400E+4
1.998000E-2	0.000000E+0	4.806000E+4
