

live time:  260960.120000
real time:  302402.270000
sweeps:  13048006.000000
0.000000E+0	0.000000E+0	0.000000E+0
2.000000E-5	0.000000E+0	1.300860E+5
4.000000E-5	0.000000E+0	1.305310E+5
6.000000E-5	0.000000E+0	1.305820E+5
8.000000E-5	0.000000E+0	1.308290E+5
1.000000E-4	0.000000E+0	1.300790E+5
1.200000E-4	0.000000E+0	1.305320E+5
1.400000E-4	0.000000E+0	1.311690E+5
1.600000E-4	0.000000E+0	1.314010E+5
1.800000E-4	0.000000E+0	1.306120E+5
2.000000E-4	0.000000E+0	1.309800E+5
2.200000E-4	0.000000E+0	1.310330E+5
2.400000E-4	0.000000E+0	1.310250E+5
2.600000E-4	0.000000E+0	1.309690E+5
2.800000E-4	0.000000E+0	1.306300E+5
3.000000E-4	0.000000E+0	1.310490E+5
3.200000E-4	0.000000E+0	1.302660E+5
3.400000E-4	0.000000E+0	1.309670E+5
3.600000E-4	0.000000E+0	1.305250E+5
3.800000E-4	0.000000E+0	1.310650E+5
4.000000E-4	0.000000E+0	1.313610E+5
4.200000E-4	0.000000E+0	1.307190E+5
4.400000E-4	0.000000E+0	1.301470E+5
4.600000E-4	0.000000E+0	1.308380E+5
4.800000E-4	0.000000E+0	1.310790E+5
5.000000E-4	0.000000E+0	1.306850E+5
5.200000E-4	0.000000E+0	1.311310E+5
5.400000E-4	0.000000E+0	1.307710E+5
5.600000E-4	0.000000E+0	1.310770E+5
5.800000E-4	0.000000E+0	1.306680E+5
6.000000E-4	0.000000E+0	1.303520E+5
6.200000E-4	0.000000E+0	1.303880E+5
6.400000E-4	0.000000E+0	1.305270E+5
6.600000E-4	0.000000E+0	1.305350E+5
6.800000E-4	0.000000E+0	1.304510E+5
7.000000E-4	0.000000E+0	1.308830E+5
7.200000E-4	0.000000E+0	1.310600E+5
7.400000E-4	0.000000E+0	1.303820E+5
7.600000E-4	0.000000E+0	1.305030E+5
7.800000E-4	0.000000E+0	1.306390E+5
8.000000E-4	0.000000E+0	1.309930E+5
8.200000E-4	0.000000E+0	1.305710E+5
8.400000E-4	0.000000E+0	1.307490E+5
8.600000E-4	0.000000E+0	1.310310E+5
8.800000E-4	0.000000E+0	1.309280E+5
9.000000E-4	0.000000E+0	1.298620E+5
9.200000E-4	0.000000E+0	1.305910E+5
9.400000E-4	0.000000E+0	1.310810E+5
9.600000E-4	0.000000E+0	1.307880E+5
9.800000E-4	0.000000E+0	1.309470E+5
1.000000E-3	0.000000E+0	1.303750E+5
1.020000E-3	0.000000E+0	1.307850E+5
1.040000E-3	0.000000E+0	1.310160E+5
1.060000E-3	0.000000E+0	1.307250E+5
1.080000E-3	0.000000E+0	1.303520E+5
1.100000E-3	0.000000E+0	1.308600E+5
1.120000E-3	0.000000E+0	1.302890E+5
1.140000E-3	0.000000E+0	1.305320E+5
1.160000E-3	0.000000E+0	1.306950E+5
1.180000E-3	0.000000E+0	1.302930E+5
1.200000E-3	0.000000E+0	1.311410E+5
1.220000E-3	0.000000E+0	1.304790E+5
1.240000E-3	0.000000E+0	1.309600E+5
1.260000E-3	0.000000E+0	1.303200E+5
1.280000E-3	0.000000E+0	1.307790E+5
1.300000E-3	0.000000E+0	1.309380E+5
1.320000E-3	0.000000E+0	1.306050E+5
1.340000E-3	0.000000E+0	1.311350E+5
1.360000E-3	0.000000E+0	1.305150E+5
1.380000E-3	0.000000E+0	1.308350E+5
1.400000E-3	0.000000E+0	1.309700E+5
1.420000E-3	0.000000E+0	1.305920E+5
1.440000E-3	0.000000E+0	1.308430E+5
1.460000E-3	0.000000E+0	1.311820E+5
1.480000E-3	0.000000E+0	1.306500E+5
1.500000E-3	0.000000E+0	1.297680E+5
1.520000E-3	0.000000E+0	1.306070E+5
1.540000E-3	0.000000E+0	1.310080E+5
1.560000E-3	0.000000E+0	1.311450E+5
1.580000E-3	0.000000E+0	1.305670E+5
1.600000E-3	0.000000E+0	1.310770E+5
1.620000E-3	0.000000E+0	1.316130E+5
1.640000E-3	0.000000E+0	1.308970E+5
1.660000E-3	0.000000E+0	1.305980E+5
1.680000E-3	0.000000E+0	1.309970E+5
1.700000E-3	0.000000E+0	1.303160E+5
1.720000E-3	0.000000E+0	1.303660E+5
1.740000E-3	0.000000E+0	1.307920E+5
1.760000E-3	0.000000E+0	1.312370E+5
1.780000E-3	0.000000E+0	1.311400E+5
1.800000E-3	0.000000E+0	1.306010E+5
1.820000E-3	0.000000E+0	1.315080E+5
1.840000E-3	0.000000E+0	1.311110E+5
1.860000E-3	0.000000E+0	1.309060E+5
1.880000E-3	0.000000E+0	1.310350E+5
1.900000E-3	0.000000E+0	1.310420E+5
1.920000E-3	0.000000E+0	1.310800E+5
1.940000E-3	0.000000E+0	1.304920E+5
1.960000E-3	0.000000E+0	1.310040E+5
1.980000E-3	0.000000E+0	1.312070E+5
2.000000E-3	0.000000E+0	1.307920E+5
2.020000E-3	0.000000E+0	1.309410E+5
2.040000E-3	0.000000E+0	1.305680E+5
2.060000E-3	0.000000E+0	1.317040E+5
2.080000E-3	0.000000E+0	1.302680E+5
2.100000E-3	0.000000E+0	1.303680E+5
2.120000E-3	0.000000E+0	1.309340E+5
2.140000E-3	0.000000E+0	1.310230E+5
2.160000E-3	0.000000E+0	1.307620E+5
2.180000E-3	0.000000E+0	1.308900E+5
2.200000E-3	0.000000E+0	1.305990E+5
2.220000E-3	0.000000E+0	1.301220E+5
2.240000E-3	0.000000E+0	1.310140E+5
2.260000E-3	0.000000E+0	1.309090E+5
2.280000E-3	0.000000E+0	1.311870E+5
2.300000E-3	0.000000E+0	1.312040E+5
2.320000E-3	0.000000E+0	1.304350E+5
2.340000E-3	0.000000E+0	1.298840E+5
2.360000E-3	0.000000E+0	1.309400E+5
2.380000E-3	0.000000E+0	1.304310E+5
2.400000E-3	0.000000E+0	1.310790E+5
2.420000E-3	0.000000E+0	1.307000E+5
2.440000E-3	0.000000E+0	1.304930E+5
2.460000E-3	0.000000E+0	1.305360E+5
2.480000E-3	0.000000E+0	1.305980E+5
2.500000E-3	0.000000E+0	1.307580E+5
2.520000E-3	0.000000E+0	1.308890E+5
2.540000E-3	0.000000E+0	1.310290E+5
2.560000E-3	0.000000E+0	1.303520E+5
2.580000E-3	0.000000E+0	1.310380E+5
2.600000E-3	0.000000E+0	1.310040E+5
2.620000E-3	0.000000E+0	1.303500E+5
2.640000E-3	0.000000E+0	1.308360E+5
2.660000E-3	0.000000E+0	1.304720E+5
2.680000E-3	0.000000E+0	1.312780E+5
2.700000E-3	0.000000E+0	1.307300E+5
2.720000E-3	0.000000E+0	1.302870E+5
2.740000E-3	0.000000E+0	1.304320E+5
2.760000E-3	0.000000E+0	1.312140E+5
2.780000E-3	0.000000E+0	1.307470E+5
2.800000E-3	0.000000E+0	1.303320E+5
2.820000E-3	0.000000E+0	1.304360E+5
2.840000E-3	0.000000E+0	1.306600E+5
2.860000E-3	0.000000E+0	1.307850E+5
2.880000E-3	0.000000E+0	1.312350E+5
2.900000E-3	0.000000E+0	1.301180E+5
2.920000E-3	0.000000E+0	1.306640E+5
2.940000E-3	0.000000E+0	1.307580E+5
2.960000E-3	0.000000E+0	1.307520E+5
2.980000E-3	0.000000E+0	1.306450E+5
3.000000E-3	0.000000E+0	1.304550E+5
3.020000E-3	0.000000E+0	1.311130E+5
3.040000E-3	0.000000E+0	1.308600E+5
3.060000E-3	0.000000E+0	1.306740E+5
3.080000E-3	0.000000E+0	1.303120E+5
3.100000E-3	0.000000E+0	1.310450E+5
3.120000E-3	0.000000E+0	1.306390E+5
3.140000E-3	0.000000E+0	1.301360E+5
3.160000E-3	0.000000E+0	1.302870E+5
3.180000E-3	0.000000E+0	1.302550E+5
3.200000E-3	0.000000E+0	1.310140E+5
3.220000E-3	0.000000E+0	1.304910E+5
3.240000E-3	0.000000E+0	1.306450E+5
3.260000E-3	0.000000E+0	1.308880E+5
3.280000E-3	0.000000E+0	1.311280E+5
3.300000E-3	0.000000E+0	1.308530E+5
3.320000E-3	0.000000E+0	1.308100E+5
3.340000E-3	0.000000E+0	1.305110E+5
3.360000E-3	0.000000E+0	1.309980E+5
3.380000E-3	0.000000E+0	1.301020E+5
3.400000E-3	0.000000E+0	1.307910E+5
3.420000E-3	0.000000E+0	1.309570E+5
3.440000E-3	0.000000E+0	1.304970E+5
3.460000E-3	0.000000E+0	1.310000E+5
3.480000E-3	0.000000E+0	1.309600E+5
3.500000E-3	0.000000E+0	1.313100E+5
3.520000E-3	0.000000E+0	1.309210E+5
3.540000E-3	0.000000E+0	1.315370E+5
3.560000E-3	0.000000E+0	1.307760E+5
3.580000E-3	0.000000E+0	1.307870E+5
3.600000E-3	0.000000E+0	1.298210E+5
3.620000E-3	0.000000E+0	1.308250E+5
3.640000E-3	0.000000E+0	1.308600E+5
3.660000E-3	0.000000E+0	1.308740E+5
3.680000E-3	0.000000E+0	1.309650E+5
3.700000E-3	0.000000E+0	1.305350E+5
3.720000E-3	0.000000E+0	1.303880E+5
3.740000E-3	0.000000E+0	1.306610E+5
3.760000E-3	0.000000E+0	1.308430E+5
3.780000E-3	0.000000E+0	1.306980E+5
3.800000E-3	0.000000E+0	1.303880E+5
3.820000E-3	0.000000E+0	1.304160E+5
3.840000E-3	0.000000E+0	1.309650E+5
3.860000E-3	0.000000E+0	1.307430E+5
3.880000E-3	0.000000E+0	1.305250E+5
3.900000E-3	0.000000E+0	1.299880E+5
3.920000E-3	0.000000E+0	1.311460E+5
3.940000E-3	0.000000E+0	1.309270E+5
3.960000E-3	0.000000E+0	1.306680E+5
3.980000E-3	0.000000E+0	1.306050E+5
4.000000E-3	0.000000E+0	1.305020E+5
4.020000E-3	0.000000E+0	1.311830E+5
4.040000E-3	0.000000E+0	1.308480E+5
4.060000E-3	0.000000E+0	1.300970E+5
4.080000E-3	0.000000E+0	1.306960E+5
4.100000E-3	0.000000E+0	1.309690E+5
4.120000E-3	0.000000E+0	1.305710E+5
4.140000E-3	0.000000E+0	1.309330E+5
4.160000E-3	0.000000E+0	1.303580E+5
4.180000E-3	0.000000E+0	1.309030E+5
4.200000E-3	0.000000E+0	1.303190E+5
4.220000E-3	0.000000E+0	1.311660E+5
4.240000E-3	0.000000E+0	1.305010E+5
4.260000E-3	0.000000E+0	1.305310E+5
4.280000E-3	0.000000E+0	1.315680E+5
4.300000E-3	0.000000E+0	1.305030E+5
4.320000E-3	0.000000E+0	1.313060E+5
4.340000E-3	0.000000E+0	1.306160E+5
4.360000E-3	0.000000E+0	1.309200E+5
4.380000E-3	0.000000E+0	1.300440E+5
4.400000E-3	0.000000E+0	1.315720E+5
4.420000E-3	0.000000E+0	1.305410E+5
4.440000E-3	0.000000E+0	1.308570E+5
4.460000E-3	0.000000E+0	1.312540E+5
4.480000E-3	0.000000E+0	1.308330E+5
4.500000E-3	0.000000E+0	1.301250E+5
4.520000E-3	0.000000E+0	1.310730E+5
4.540000E-3	0.000000E+0	1.309900E+5
4.560000E-3	0.000000E+0	1.314040E+5
4.580000E-3	0.000000E+0	1.313210E+5
4.600000E-3	0.000000E+0	1.312860E+5
4.620000E-3	0.000000E+0	1.305820E+5
4.640000E-3	0.000000E+0	1.311630E+5
4.660000E-3	0.000000E+0	1.307010E+5
4.680000E-3	0.000000E+0	1.307920E+5
4.700000E-3	0.000000E+0	1.306000E+5
4.720000E-3	0.000000E+0	1.309900E+5
4.740000E-3	0.000000E+0	1.304760E+5
4.760000E-3	0.000000E+0	1.301810E+5
4.780000E-3	0.000000E+0	1.301480E+5
4.800000E-3	0.000000E+0	1.311130E+5
4.820000E-3	0.000000E+0	1.306630E+5
4.840000E-3	0.000000E+0	1.307000E+5
4.860000E-3	0.000000E+0	1.309910E+5
4.880000E-3	0.000000E+0	1.310360E+5
4.900000E-3	0.000000E+0	1.311500E+5
4.920000E-3	0.000000E+0	1.304690E+5
4.940000E-3	0.000000E+0	1.312640E+5
4.960000E-3	0.000000E+0	1.307910E+5
4.980000E-3	0.000000E+0	1.305120E+5
5.000000E-3	0.000000E+0	1.302900E+5
5.020000E-3	0.000000E+0	1.306270E+5
5.040000E-3	0.000000E+0	1.305260E+5
5.060000E-3	0.000000E+0	1.313690E+5
5.080000E-3	0.000000E+0	1.306360E+5
5.100000E-3	0.000000E+0	1.308780E+5
5.120000E-3	0.000000E+0	1.312940E+5
5.140000E-3	0.000000E+0	1.305490E+5
5.160000E-3	0.000000E+0	1.312970E+5
5.180000E-3	0.000000E+0	1.299400E+5
5.200000E-3	0.000000E+0	1.302960E+5
5.220000E-3	0.000000E+0	1.302290E+5
5.240000E-3	0.000000E+0	1.301560E+5
5.260000E-3	0.000000E+0	1.306100E+5
5.280000E-3	0.000000E+0	1.300010E+5
5.300000E-3	0.000000E+0	1.298630E+5
5.320000E-3	0.000000E+0	1.302850E+5
5.340000E-3	0.000000E+0	1.300720E+5
5.360000E-3	0.000000E+0	1.304570E+5
5.380000E-3	0.000000E+0	1.299710E+5
5.400000E-3	0.000000E+0	1.299500E+5
5.420000E-3	0.000000E+0	1.298280E+5
5.440000E-3	0.000000E+0	1.295390E+5
5.460000E-3	0.000000E+0	1.299810E+5
5.480000E-3	0.000000E+0	1.293920E+5
5.500000E-3	0.000000E+0	1.289700E+5
5.520000E-3	0.000000E+0	1.295350E+5
5.540000E-3	0.000000E+0	1.290750E+5
5.560000E-3	0.000000E+0	1.294620E+5
5.580000E-3	0.000000E+0	1.287600E+5
5.600000E-3	0.000000E+0	1.290320E+5
5.620000E-3	0.000000E+0	1.274640E+5
5.640000E-3	0.000000E+0	1.269990E+5
5.660000E-3	0.000000E+0	1.254300E+5
5.680000E-3	0.000000E+0	1.235050E+5
5.700000E-3	0.000000E+0	1.220200E+5
5.720000E-3	0.000000E+0	1.177200E+5
5.740000E-3	0.000000E+0	1.117200E+5
5.760000E-3	0.000000E+0	1.044020E+5
5.780000E-3	0.000000E+0	9.424900E+4
5.800000E-3	0.000000E+0	8.497000E+4
5.820000E-3	0.000000E+0	7.904900E+4
5.840000E-3	0.000000E+0	7.758300E+4
5.860000E-3	0.000000E+0	8.071700E+4
5.880000E-3	0.000000E+0	8.864800E+4
5.900000E-3	0.000000E+0	9.881400E+4
5.920000E-3	0.000000E+0	1.082390E+5
5.940000E-3	0.000000E+0	1.159200E+5
5.960000E-3	0.000000E+0	1.198340E+5
5.980000E-3	0.000000E+0	1.236280E+5
6.000000E-3	0.000000E+0	1.256320E+5
6.020000E-3	0.000000E+0	1.265290E+5
6.040000E-3	0.000000E+0	1.273180E+5
6.060000E-3	0.000000E+0	1.278330E+5
6.080000E-3	0.000000E+0	1.284160E+5
6.100000E-3	0.000000E+0	1.285920E+5
6.120000E-3	0.000000E+0	1.291460E+5
6.140000E-3	0.000000E+0	1.294730E+5
6.160000E-3	0.000000E+0	1.291510E+5
6.180000E-3	0.000000E+0	1.297900E+5
6.200000E-3	0.000000E+0	1.300360E+5
6.220000E-3	0.000000E+0	1.295470E+5
6.240000E-3	0.000000E+0	1.295470E+5
6.260000E-3	0.000000E+0	1.303510E+5
6.280000E-3	0.000000E+0	1.304680E+5
6.300000E-3	0.000000E+0	1.302720E+5
6.320000E-3	0.000000E+0	1.297370E+5
6.340000E-3	0.000000E+0	1.303980E+5
6.360000E-3	0.000000E+0	1.300440E+5
6.380000E-3	0.000000E+0	1.303830E+5
6.400000E-3	0.000000E+0	1.307520E+5
6.420000E-3	0.000000E+0	1.311210E+5
6.440000E-3	0.000000E+0	1.296060E+5
6.460000E-3	0.000000E+0	1.303400E+5
6.480000E-3	0.000000E+0	1.308490E+5
6.500000E-3	0.000000E+0	1.303450E+5
6.520000E-3	0.000000E+0	1.303060E+5
6.540000E-3	0.000000E+0	1.306570E+5
6.560000E-3	0.000000E+0	1.305430E+5
6.580000E-3	0.000000E+0	1.305730E+5
6.600000E-3	0.000000E+0	1.301910E+5
6.620000E-3	0.000000E+0	1.304510E+5
6.640000E-3	0.000000E+0	1.305030E+5
6.660000E-3	0.000000E+0	1.306900E+5
6.680000E-3	0.000000E+0	1.302410E+5
6.700000E-3	0.000000E+0	1.303310E+5
6.720000E-3	0.000000E+0	1.302740E+5
6.740000E-3	0.000000E+0	1.307630E+5
6.760000E-3	0.000000E+0	1.309200E+5
6.780000E-3	0.000000E+0	1.308490E+5
6.800000E-3	0.000000E+0	1.304810E+5
6.820000E-3	0.000000E+0	1.305400E+5
6.840000E-3	0.000000E+0	1.305400E+5
6.860000E-3	0.000000E+0	1.314460E+5
6.880000E-3	0.000000E+0	1.305370E+5
6.900000E-3	0.000000E+0	1.305860E+5
6.920000E-3	0.000000E+0	1.315410E+5
6.940000E-3	0.000000E+0	1.305670E+5
6.960000E-3	0.000000E+0	1.294460E+5
6.980000E-3	0.000000E+0	1.308520E+5
7.000000E-3	0.000000E+0	1.310890E+5
7.020000E-3	0.000000E+0	1.305960E+5
7.040000E-3	0.000000E+0	1.302180E+5
7.060000E-3	0.000000E+0	1.308240E+5
7.080000E-3	0.000000E+0	1.308070E+5
7.100000E-3	0.000000E+0	1.302430E+5
7.120000E-3	0.000000E+0	1.303610E+5
7.140000E-3	0.000000E+0	1.309050E+5
7.160000E-3	0.000000E+0	1.313360E+5
7.180000E-3	0.000000E+0	1.313740E+5
7.200000E-3	0.000000E+0	1.302520E+5
7.220000E-3	0.000000E+0	1.306960E+5
7.240000E-3	0.000000E+0	1.307990E+5
7.260000E-3	0.000000E+0	1.312350E+5
7.280000E-3	0.000000E+0	1.303940E+5
7.300000E-3	0.000000E+0	1.307280E+5
7.320000E-3	0.000000E+0	1.308750E+5
7.340000E-3	0.000000E+0	1.306750E+5
7.360000E-3	0.000000E+0	1.306290E+5
7.380000E-3	0.000000E+0	1.310620E+5
7.400000E-3	0.000000E+0	1.307040E+5
7.420000E-3	0.000000E+0	1.309420E+5
7.440000E-3	0.000000E+0	1.307960E+5
7.460000E-3	0.000000E+0	1.303760E+5
7.480000E-3	0.000000E+0	1.308890E+5
7.500000E-3	0.000000E+0	1.297900E+5
7.520000E-3	0.000000E+0	1.309870E+5
7.540000E-3	0.000000E+0	1.308930E+5
7.560000E-3	0.000000E+0	1.309720E+5
7.580000E-3	0.000000E+0	1.303400E+5
7.600000E-3	0.000000E+0	1.303830E+5
7.620000E-3	0.000000E+0	1.312320E+5
7.640000E-3	0.000000E+0	1.309650E+5
7.660000E-3	0.000000E+0	1.313050E+5
7.680000E-3	0.000000E+0	1.312000E+5
7.700000E-3	0.000000E+0	1.306460E+5
7.720000E-3	0.000000E+0	1.308540E+5
7.740000E-3	0.000000E+0	1.305400E+5
7.760000E-3	0.000000E+0	1.312350E+5
7.780000E-3	0.000000E+0	1.306180E+5
7.800000E-3	0.000000E+0	1.312760E+5
7.820000E-3	0.000000E+0	1.308290E+5
7.840000E-3	0.000000E+0	1.307970E+5
7.860000E-3	0.000000E+0	1.308440E+5
7.880000E-3	0.000000E+0	1.310630E+5
7.900000E-3	0.000000E+0	1.312190E+5
7.920000E-3	0.000000E+0	1.306900E+5
7.940000E-3	0.000000E+0	1.306390E+5
7.960000E-3	0.000000E+0	1.308640E+5
7.980000E-3	0.000000E+0	1.304280E+5
8.000000E-3	0.000000E+0	1.300660E+5
8.020000E-3	0.000000E+0	1.304180E+5
8.040000E-3	0.000000E+0	1.300070E+5
8.060000E-3	0.000000E+0	1.307980E+5
8.080000E-3	0.000000E+0	1.319360E+5
8.100000E-3	0.000000E+0	1.301990E+5
8.120000E-3	0.000000E+0	1.304350E+5
8.140000E-3	0.000000E+0	1.306150E+5
8.160000E-3	0.000000E+0	1.308240E+5
8.180000E-3	0.000000E+0	1.303820E+5
8.200000E-3	0.000000E+0	1.305490E+5
8.220000E-3	0.000000E+0	1.302160E+5
8.240000E-3	0.000000E+0	1.309620E+5
8.260000E-3	0.000000E+0	1.300630E+5
8.280000E-3	0.000000E+0	1.311200E+5
8.300000E-3	0.000000E+0	1.311760E+5
8.320000E-3	0.000000E+0	1.307030E+5
8.340000E-3	0.000000E+0	1.311620E+5
8.360000E-3	0.000000E+0	1.302690E+5
8.380000E-3	0.000000E+0	1.309920E+5
8.400000E-3	0.000000E+0	1.307760E+5
8.420000E-3	0.000000E+0	1.307760E+5
8.440000E-3	0.000000E+0	1.309240E+5
8.460000E-3	0.000000E+0	1.309620E+5
8.480000E-3	0.000000E+0	1.307400E+5
8.500000E-3	0.000000E+0	1.309200E+5
8.520000E-3	0.000000E+0	1.306080E+5
8.540000E-3	0.000000E+0	1.309950E+5
8.560000E-3	0.000000E+0	1.311230E+5
8.580000E-3	0.000000E+0	1.304250E+5
8.600000E-3	0.000000E+0	1.309770E+5
8.620000E-3	0.000000E+0	1.306940E+5
8.640000E-3	0.000000E+0	1.310920E+5
8.660000E-3	0.000000E+0	1.305980E+5
8.680000E-3	0.000000E+0	1.309690E+5
8.700000E-3	0.000000E+0	1.310670E+5
8.720000E-3	0.000000E+0	1.308540E+5
8.740000E-3	0.000000E+0	1.307550E+5
8.760000E-3	0.000000E+0	1.317500E+5
8.780000E-3	0.000000E+0	1.304890E+5
8.800000E-3	0.000000E+0	1.307010E+5
8.820000E-3	0.000000E+0	1.310740E+5
8.840000E-3	0.000000E+0	1.310430E+5
8.860000E-3	0.000000E+0	1.309210E+5
8.880000E-3	0.000000E+0	1.306550E+5
8.900000E-3	0.000000E+0	1.315670E+5
8.920000E-3	0.000000E+0	1.307820E+5
8.940000E-3	0.000000E+0	1.307330E+5
8.960000E-3	0.000000E+0	1.307580E+5
8.980000E-3	0.000000E+0	1.302100E+5
9.000000E-3	0.000000E+0	1.306030E+5
9.020000E-3	0.000000E+0	1.306680E+5
9.040000E-3	0.000000E+0	1.311990E+5
9.060000E-3	0.000000E+0	1.307280E+5
9.080000E-3	0.000000E+0	1.310680E+5
9.100000E-3	0.000000E+0	1.305800E+5
9.120000E-3	0.000000E+0	1.308930E+5
9.140000E-3	0.000000E+0	1.308030E+5
9.160000E-3	0.000000E+0	1.296340E+5
9.180000E-3	0.000000E+0	1.304330E+5
9.200000E-3	0.000000E+0	1.310080E+5
9.220000E-3	0.000000E+0	1.309350E+5
9.240000E-3	0.000000E+0	1.307030E+5
9.260000E-3	0.000000E+0	1.309080E+5
9.280000E-3	0.000000E+0	1.305780E+5
9.300000E-3	0.000000E+0	1.308820E+5
9.320000E-3	0.000000E+0	1.308000E+5
9.340000E-3	0.000000E+0	1.309700E+5
9.360000E-3	0.000000E+0	1.307470E+5
9.380000E-3	0.000000E+0	1.310430E+5
9.400000E-3	0.000000E+0	1.306160E+5
9.420000E-3	0.000000E+0	1.305540E+5
9.440000E-3	0.000000E+0	1.304610E+5
9.460000E-3	0.000000E+0	1.308290E+5
9.480000E-3	0.000000E+0	1.303200E+5
9.500000E-3	0.000000E+0	1.311220E+5
9.520000E-3	0.000000E+0	1.309260E+5
9.540000E-3	0.000000E+0	1.300480E+5
9.560000E-3	0.000000E+0	1.309560E+5
9.580000E-3	0.000000E+0	1.310290E+5
9.600000E-3	0.000000E+0	1.302230E+5
9.620000E-3	0.000000E+0	1.309100E+5
9.640000E-3	0.000000E+0	1.310050E+5
9.660000E-3	0.000000E+0	1.307520E+5
9.680000E-3	0.000000E+0	1.300120E+5
9.700000E-3	0.000000E+0	1.308080E+5
9.720000E-3	0.000000E+0	1.309330E+5
9.740000E-3	0.000000E+0	1.313600E+5
9.760000E-3	0.000000E+0	1.303920E+5
9.780000E-3	0.000000E+0	1.306510E+5
9.800000E-3	0.000000E+0	1.308940E+5
9.820000E-3	0.000000E+0	1.303790E+5
9.840000E-3	0.000000E+0	1.309090E+5
9.860000E-3	0.000000E+0	1.311640E+5
9.880000E-3	0.000000E+0	1.311820E+5
9.900000E-3	0.000000E+0	1.310380E+5
9.920000E-3	0.000000E+0	1.313290E+5
9.940000E-3	0.000000E+0	1.302300E+5
9.960000E-3	0.000000E+0	1.300200E+5
9.980000E-3	0.000000E+0	1.306230E+5
1.000000E-2	0.000000E+0	1.308170E+5
1.002000E-2	0.000000E+0	1.304720E+5
1.004000E-2	0.000000E+0	1.306110E+5
1.006000E-2	0.000000E+0	1.304000E+5
1.008000E-2	0.000000E+0	1.309990E+5
1.010000E-2	0.000000E+0	1.310470E+5
1.012000E-2	0.000000E+0	1.308450E+5
1.014000E-2	0.000000E+0	1.314250E+5
1.016000E-2	0.000000E+0	1.314690E+5
1.018000E-2	0.000000E+0	1.308620E+5
1.020000E-2	0.000000E+0	1.314190E+5
1.022000E-2	0.000000E+0	1.312680E+5
1.024000E-2	0.000000E+0	1.308310E+5
1.026000E-2	0.000000E+0	1.306340E+5
1.028000E-2	0.000000E+0	1.308340E+5
1.030000E-2	0.000000E+0	1.307160E+5
1.032000E-2	0.000000E+0	1.310890E+5
1.034000E-2	0.000000E+0	1.310450E+5
1.036000E-2	0.000000E+0	1.308070E+5
1.038000E-2	0.000000E+0	1.309230E+5
1.040000E-2	0.000000E+0	1.311310E+5
1.042000E-2	0.000000E+0	1.305960E+5
1.044000E-2	0.000000E+0	1.312440E+5
1.046000E-2	0.000000E+0	1.306850E+5
1.048000E-2	0.000000E+0	1.311630E+5
1.050000E-2	0.000000E+0	1.304960E+5
1.052000E-2	0.000000E+0	1.307570E+5
1.054000E-2	0.000000E+0	1.305970E+5
1.056000E-2	0.000000E+0	1.308640E+5
1.058000E-2	0.000000E+0	1.308070E+5
1.060000E-2	0.000000E+0	1.298340E+5
1.062000E-2	0.000000E+0	1.304260E+5
1.064000E-2	0.000000E+0	1.306830E+5
1.066000E-2	0.000000E+0	1.311690E+5
1.068000E-2	0.000000E+0	1.304540E+5
1.070000E-2	0.000000E+0	1.303540E+5
1.072000E-2	0.000000E+0	1.305620E+5
1.074000E-2	0.000000E+0	1.307100E+5
1.076000E-2	0.000000E+0	1.308320E+5
1.078000E-2	0.000000E+0	1.306480E+5
1.080000E-2	0.000000E+0	1.307510E+5
1.082000E-2	0.000000E+0	1.304420E+5
1.084000E-2	0.000000E+0	1.302390E+5
1.086000E-2	0.000000E+0	1.302130E+5
1.088000E-2	0.000000E+0	1.307710E+5
1.090000E-2	0.000000E+0	1.308900E+5
1.092000E-2	0.000000E+0	1.304450E+5
1.094000E-2	0.000000E+0	1.308070E+5
1.096000E-2	0.000000E+0	1.310020E+5
1.098000E-2	0.000000E+0	1.308630E+5
1.100000E-2	0.000000E+0	1.309170E+5
1.102000E-2	0.000000E+0	1.299800E+5
1.104000E-2	0.000000E+0	1.311100E+5
1.106000E-2	0.000000E+0	1.302020E+5
1.108000E-2	0.000000E+0	1.312230E+5
1.110000E-2	0.000000E+0	1.312150E+5
1.112000E-2	0.000000E+0	1.305100E+5
1.114000E-2	0.000000E+0	1.307310E+5
1.116000E-2	0.000000E+0	1.304390E+5
1.118000E-2	0.000000E+0	1.305110E+5
1.120000E-2	0.000000E+0	1.302630E+5
1.122000E-2	0.000000E+0	1.304270E+5
1.124000E-2	0.000000E+0	1.311810E+5
1.126000E-2	0.000000E+0	1.311880E+5
1.128000E-2	0.000000E+0	1.311720E+5
1.130000E-2	0.000000E+0	1.300250E+5
1.132000E-2	0.000000E+0	1.312190E+5
1.134000E-2	0.000000E+0	1.309230E+5
1.136000E-2	0.000000E+0	1.305610E+5
1.138000E-2	0.000000E+0	1.307440E+5
1.140000E-2	0.000000E+0	1.308280E+5
1.142000E-2	0.000000E+0	1.305040E+5
1.144000E-2	0.000000E+0	1.307380E+5
1.146000E-2	0.000000E+0	1.311050E+5
1.148000E-2	0.000000E+0	1.307550E+5
1.150000E-2	0.000000E+0	1.306500E+5
1.152000E-2	0.000000E+0	1.306730E+5
1.154000E-2	0.000000E+0	1.306290E+5
1.156000E-2	0.000000E+0	1.309720E+5
1.158000E-2	0.000000E+0	1.308020E+5
1.160000E-2	0.000000E+0	1.310700E+5
1.162000E-2	0.000000E+0	1.307200E+5
1.164000E-2	0.000000E+0	1.307780E+5
1.166000E-2	0.000000E+0	1.299400E+5
1.168000E-2	0.000000E+0	1.310450E+5
1.170000E-2	0.000000E+0	1.311940E+5
1.172000E-2	0.000000E+0	1.302310E+5
1.174000E-2	0.000000E+0	1.305960E+5
1.176000E-2	0.000000E+0	1.307310E+5
1.178000E-2	0.000000E+0	1.309980E+5
1.180000E-2	0.000000E+0	1.303970E+5
1.182000E-2	0.000000E+0	1.313180E+5
1.184000E-2	0.000000E+0	1.307090E+5
1.186000E-2	0.000000E+0	1.301620E+5
1.188000E-2	0.000000E+0	1.303350E+5
1.190000E-2	0.000000E+0	1.306980E+5
1.192000E-2	0.000000E+0	1.304550E+5
1.194000E-2	0.000000E+0	1.310240E+5
1.196000E-2	0.000000E+0	1.302600E+5
1.198000E-2	0.000000E+0	1.303400E+5
1.200000E-2	0.000000E+0	1.302680E+5
1.202000E-2	0.000000E+0	1.304780E+5
1.204000E-2	0.000000E+0	1.306970E+5
1.206000E-2	0.000000E+0	1.312320E+5
1.208000E-2	0.000000E+0	1.309460E+5
1.210000E-2	0.000000E+0	1.309070E+5
1.212000E-2	0.000000E+0	1.300230E+5
1.214000E-2	0.000000E+0	1.302830E+5
1.216000E-2	0.000000E+0	1.309350E+5
1.218000E-2	0.000000E+0	1.305220E+5
1.220000E-2	0.000000E+0	1.309090E+5
1.222000E-2	0.000000E+0	1.310320E+5
1.224000E-2	0.000000E+0	1.306990E+5
1.226000E-2	0.000000E+0	1.299980E+5
1.228000E-2	0.000000E+0	1.307660E+5
1.230000E-2	0.000000E+0	1.300560E+5
1.232000E-2	0.000000E+0	1.308670E+5
1.234000E-2	0.000000E+0	1.309410E+5
1.236000E-2	0.000000E+0	1.305930E+5
1.238000E-2	0.000000E+0	1.305230E+5
1.240000E-2	0.000000E+0	1.303260E+5
1.242000E-2	0.000000E+0	1.313010E+5
1.244000E-2	0.000000E+0	1.309400E+5
1.246000E-2	0.000000E+0	1.299430E+5
1.248000E-2	0.000000E+0	1.308140E+5
1.250000E-2	0.000000E+0	1.309610E+5
1.252000E-2	0.000000E+0	1.308970E+5
1.254000E-2	0.000000E+0	1.301370E+5
1.256000E-2	0.000000E+0	1.307960E+5
1.258000E-2	0.000000E+0	1.312070E+5
1.260000E-2	0.000000E+0	1.310550E+5
1.262000E-2	0.000000E+0	1.301660E+5
1.264000E-2	0.000000E+0	1.308250E+5
1.266000E-2	0.000000E+0	1.307540E+5
1.268000E-2	0.000000E+0	1.308020E+5
1.270000E-2	0.000000E+0	1.309420E+5
1.272000E-2	0.000000E+0	1.305840E+5
1.274000E-2	0.000000E+0	1.305730E+5
1.276000E-2	0.000000E+0	1.311900E+5
1.278000E-2	0.000000E+0	1.307140E+5
1.280000E-2	0.000000E+0	1.307690E+5
1.282000E-2	0.000000E+0	1.299000E+5
1.284000E-2	0.000000E+0	1.308210E+5
1.286000E-2	0.000000E+0	1.310810E+5
1.288000E-2	0.000000E+0	1.308870E+5
1.290000E-2	0.000000E+0	1.302200E+5
1.292000E-2	0.000000E+0	1.307060E+5
1.294000E-2	0.000000E+0	1.305300E+5
1.296000E-2	0.000000E+0	1.306570E+5
1.298000E-2	0.000000E+0	1.309370E+5
1.300000E-2	0.000000E+0	1.301160E+5
1.302000E-2	0.000000E+0	1.309830E+5
1.304000E-2	0.000000E+0	1.307480E+5
1.306000E-2	0.000000E+0	1.303620E+5
1.308000E-2	0.000000E+0	1.313150E+5
1.310000E-2	0.000000E+0	1.311900E+5
1.312000E-2	0.000000E+0	1.306100E+5
1.314000E-2	0.000000E+0	1.306060E+5
1.316000E-2	0.000000E+0	1.308700E+5
1.318000E-2	0.000000E+0	1.305170E+5
1.320000E-2	0.000000E+0	1.309160E+5
1.322000E-2	0.000000E+0	1.303220E+5
1.324000E-2	0.000000E+0	1.302520E+5
1.326000E-2	0.000000E+0	1.308000E+5
1.328000E-2	0.000000E+0	1.311300E+5
1.330000E-2	0.000000E+0	1.310590E+5
1.332000E-2	0.000000E+0	1.312080E+5
1.334000E-2	0.000000E+0	1.304010E+5
1.336000E-2	0.000000E+0	1.305030E+5
1.338000E-2	0.000000E+0	1.301940E+5
1.340000E-2	0.000000E+0	1.308550E+5
1.342000E-2	0.000000E+0	1.311870E+5
1.344000E-2	0.000000E+0	1.307410E+5
1.346000E-2	0.000000E+0	1.306190E+5
1.348000E-2	0.000000E+0	1.305400E+5
1.350000E-2	0.000000E+0	1.307480E+5
1.352000E-2	0.000000E+0	1.308240E+5
1.354000E-2	0.000000E+0	1.307820E+5
1.356000E-2	0.000000E+0	1.304630E+5
1.358000E-2	0.000000E+0	1.293060E+5
1.360000E-2	0.000000E+0	1.303700E+5
1.362000E-2	0.000000E+0	1.300760E+5
1.364000E-2	0.000000E+0	1.303830E+5
1.366000E-2	0.000000E+0	1.301790E+5
1.368000E-2	0.000000E+0	1.309360E+5
1.370000E-2	0.000000E+0	1.308460E+5
1.372000E-2	0.000000E+0	1.306290E+5
1.374000E-2	0.000000E+0	1.304430E+5
1.376000E-2	0.000000E+0	1.309200E+5
1.378000E-2	0.000000E+0	1.314270E+5
1.380000E-2	0.000000E+0	1.301580E+5
1.382000E-2	0.000000E+0	1.298780E+5
1.384000E-2	0.000000E+0	1.302190E+5
1.386000E-2	0.000000E+0	1.310930E+5
1.388000E-2	0.000000E+0	1.307460E+5
1.390000E-2	0.000000E+0	1.308630E+5
1.392000E-2	0.000000E+0	1.302540E+5
1.394000E-2	0.000000E+0	1.313730E+5
1.396000E-2	0.000000E+0	1.300190E+5
1.398000E-2	0.000000E+0	1.311650E+5
1.400000E-2	0.000000E+0	1.306200E+5
1.402000E-2	0.000000E+0	1.305620E+5
1.404000E-2	0.000000E+0	1.311240E+5
1.406000E-2	0.000000E+0	1.302930E+5
1.408000E-2	0.000000E+0	1.310750E+5
1.410000E-2	0.000000E+0	1.306190E+5
1.412000E-2	0.000000E+0	1.303480E+5
1.414000E-2	0.000000E+0	1.301780E+5
1.416000E-2	0.000000E+0	1.312620E+5
1.418000E-2	0.000000E+0	1.308120E+5
1.420000E-2	0.000000E+0	1.311240E+5
1.422000E-2	0.000000E+0	1.304710E+5
1.424000E-2	0.000000E+0	1.303190E+5
1.426000E-2	0.000000E+0	1.307570E+5
1.428000E-2	0.000000E+0	1.309430E+5
1.430000E-2	0.000000E+0	1.306840E+5
1.432000E-2	0.000000E+0	1.311100E+5
1.434000E-2	0.000000E+0	1.304750E+5
1.436000E-2	0.000000E+0	1.306880E+5
1.438000E-2	0.000000E+0	1.306180E+5
1.440000E-2	0.000000E+0	1.304730E+5
1.442000E-2	0.000000E+0	1.309620E+5
1.444000E-2	0.000000E+0	1.310900E+5
1.446000E-2	0.000000E+0	1.308240E+5
1.448000E-2	0.000000E+0	1.303480E+5
1.450000E-2	0.000000E+0	1.307610E+5
1.452000E-2	0.000000E+0	1.309820E+5
1.454000E-2	0.000000E+0	1.307560E+5
1.456000E-2	0.000000E+0	1.305550E+5
1.458000E-2	0.000000E+0	1.302510E+5
1.460000E-2	0.000000E+0	1.302410E+5
1.462000E-2	0.000000E+0	1.312770E+5
1.464000E-2	0.000000E+0	1.308190E+5
1.466000E-2	0.000000E+0	1.305430E+5
1.468000E-2	0.000000E+0	1.309120E+5
1.470000E-2	0.000000E+0	1.301840E+5
1.472000E-2	0.000000E+0	1.304550E+5
1.474000E-2	0.000000E+0	1.307480E+5
1.476000E-2	0.000000E+0	1.303230E+5
1.478000E-2	0.000000E+0	1.311410E+5
1.480000E-2	0.000000E+0	1.308130E+5
1.482000E-2	0.000000E+0	1.306470E+5
1.484000E-2	0.000000E+0	1.305090E+5
1.486000E-2	0.000000E+0	1.307220E+5
1.488000E-2	0.000000E+0	1.302610E+5
1.490000E-2	0.000000E+0	1.305820E+5
1.492000E-2	0.000000E+0	1.306020E+5
1.494000E-2	0.000000E+0	1.310200E+5
1.496000E-2	0.000000E+0	1.308880E+5
1.498000E-2	0.000000E+0	1.308940E+5
1.500000E-2	0.000000E+0	1.308530E+5
1.502000E-2	0.000000E+0	1.309450E+5
1.504000E-2	0.000000E+0	1.316100E+5
1.506000E-2	0.000000E+0	1.305520E+5
1.508000E-2	0.000000E+0	1.309100E+5
1.510000E-2	0.000000E+0	1.308920E+5
1.512000E-2	0.000000E+0	1.308980E+5
1.514000E-2	0.000000E+0	1.298930E+5
1.516000E-2	0.000000E+0	1.308140E+5
1.518000E-2	0.000000E+0	1.310250E+5
1.520000E-2	0.000000E+0	1.303820E+5
1.522000E-2	0.000000E+0	1.307100E+5
1.524000E-2	0.000000E+0	1.311940E+5
1.526000E-2	0.000000E+0	1.301440E+5
1.528000E-2	0.000000E+0	1.311380E+5
1.530000E-2	0.000000E+0	1.309880E+5
1.532000E-2	0.000000E+0	1.308550E+5
1.534000E-2	0.000000E+0	1.306020E+5
1.536000E-2	0.000000E+0	1.304770E+5
1.538000E-2	0.000000E+0	1.306140E+5
1.540000E-2	0.000000E+0	1.305120E+5
1.542000E-2	0.000000E+0	1.302720E+5
1.544000E-2	0.000000E+0	1.308190E+5
1.546000E-2	0.000000E+0	1.299140E+5
1.548000E-2	0.000000E+0	1.303780E+5
1.550000E-2	0.000000E+0	1.308040E+5
1.552000E-2	0.000000E+0	1.305910E+5
1.554000E-2	0.000000E+0	1.304280E+5
1.556000E-2	0.000000E+0	1.311640E+5
1.558000E-2	0.000000E+0	1.307810E+5
1.560000E-2	0.000000E+0	1.305140E+5
1.562000E-2	0.000000E+0	1.301160E+5
1.564000E-2	0.000000E+0	1.301520E+5
1.566000E-2	0.000000E+0	1.305770E+5
1.568000E-2	0.000000E+0	1.303420E+5
1.570000E-2	0.000000E+0	1.307400E+5
1.572000E-2	0.000000E+0	1.307580E+5
1.574000E-2	0.000000E+0	1.306710E+5
1.576000E-2	0.000000E+0	1.303290E+5
1.578000E-2	0.000000E+0	1.303430E+5
1.580000E-2	0.000000E+0	1.312320E+5
1.582000E-2	0.000000E+0	1.307370E+5
1.584000E-2	0.000000E+0	1.303310E+5
1.586000E-2	0.000000E+0	1.304490E+5
1.588000E-2	0.000000E+0	1.303480E+5
1.590000E-2	0.000000E+0	1.305420E+5
1.592000E-2	0.000000E+0	1.301300E+5
1.594000E-2	0.000000E+0	1.305150E+5
1.596000E-2	0.000000E+0	1.303560E+5
1.598000E-2	0.000000E+0	1.303060E+5
1.600000E-2	0.000000E+0	1.304740E+5
1.602000E-2	0.000000E+0	1.306190E+5
1.604000E-2	0.000000E+0	1.306580E+5
1.606000E-2	0.000000E+0	1.307890E+5
1.608000E-2	0.000000E+0	1.306860E+5
1.610000E-2	0.000000E+0	1.306540E+5
1.612000E-2	0.000000E+0	1.298510E+5
1.614000E-2	0.000000E+0	1.308450E+5
1.616000E-2	0.000000E+0	1.310280E+5
1.618000E-2	0.000000E+0	1.296090E+5
1.620000E-2	0.000000E+0	1.302050E+5
1.622000E-2	0.000000E+0	1.300260E+5
1.624000E-2	0.000000E+0	1.307360E+5
1.626000E-2	0.000000E+0	1.300110E+5
1.628000E-2	0.000000E+0	1.303170E+5
1.630000E-2	0.000000E+0	1.304490E+5
1.632000E-2	0.000000E+0	1.304390E+5
1.634000E-2	0.000000E+0	1.306110E+5
1.636000E-2	0.000000E+0	1.300900E+5
1.638000E-2	0.000000E+0	1.304270E+5
1.640000E-2	0.000000E+0	1.301130E+5
1.642000E-2	0.000000E+0	1.303620E+5
1.644000E-2	0.000000E+0	1.306580E+5
1.646000E-2	0.000000E+0	1.296370E+5
1.648000E-2	0.000000E+0	1.310930E+5
1.650000E-2	0.000000E+0	1.307360E+5
1.652000E-2	0.000000E+0	1.305070E+5
1.654000E-2	0.000000E+0	1.297470E+5
1.656000E-2	0.000000E+0	1.300280E+5
1.658000E-2	0.000000E+0	1.306910E+5
1.660000E-2	0.000000E+0	1.297580E+5
1.662000E-2	0.000000E+0	1.301190E+5
1.664000E-2	0.000000E+0	1.308470E+5
1.666000E-2	0.000000E+0	1.305470E+5
1.668000E-2	0.000000E+0	1.300720E+5
1.670000E-2	0.000000E+0	1.300410E+5
1.672000E-2	0.000000E+0	1.303550E+5
1.674000E-2	0.000000E+0	1.295370E+5
1.676000E-2	0.000000E+0	1.299530E+5
1.678000E-2	0.000000E+0	1.304190E+5
1.680000E-2	0.000000E+0	1.303820E+5
1.682000E-2	0.000000E+0	1.299200E+5
1.684000E-2	0.000000E+0	1.294880E+5
1.686000E-2	0.000000E+0	1.296440E+5
1.688000E-2	0.000000E+0	1.294450E+5
1.690000E-2	0.000000E+0	1.288080E+5
1.692000E-2	0.000000E+0	1.293070E+5
1.694000E-2	0.000000E+0	1.291380E+5
1.696000E-2	0.000000E+0	1.284730E+5
1.698000E-2	0.000000E+0	1.283060E+5
1.700000E-2	0.000000E+0	1.279650E+5
1.702000E-2	0.000000E+0	1.274400E+5
1.704000E-2	0.000000E+0	1.263550E+5
1.706000E-2	0.000000E+0	1.253290E+5
1.708000E-2	0.000000E+0	1.248550E+5
1.710000E-2	0.000000E+0	1.218130E+5
1.712000E-2	0.000000E+0	1.193340E+5
1.714000E-2	0.000000E+0	1.136430E+5
1.716000E-2	0.000000E+0	1.056050E+5
1.718000E-2	0.000000E+0	9.651800E+4
1.720000E-2	0.000000E+0	8.691000E+4
1.722000E-2	0.000000E+0	8.005200E+4
1.724000E-2	0.000000E+0	7.744900E+4
1.726000E-2	0.000000E+0	8.016300E+4
1.728000E-2	0.000000E+0	8.698500E+4
1.730000E-2	0.000000E+0	9.628900E+4
1.732000E-2	0.000000E+0	1.048980E+5
1.734000E-2	0.000000E+0	1.126640E+5
1.736000E-2	0.000000E+0	1.179530E+5
1.738000E-2	0.000000E+0	1.215500E+5
1.740000E-2	0.000000E+0	1.242720E+5
1.742000E-2	0.000000E+0	1.257170E+5
1.744000E-2	0.000000E+0	1.267060E+5
1.746000E-2	0.000000E+0	1.273110E+5
1.748000E-2	0.000000E+0	1.278770E+5
1.750000E-2	0.000000E+0	1.280490E+5
1.752000E-2	0.000000E+0	1.283200E+5
1.754000E-2	0.000000E+0	1.298080E+5
1.756000E-2	0.000000E+0	1.285630E+5
1.758000E-2	0.000000E+0	1.290930E+5
1.760000E-2	0.000000E+0	1.297400E+5
1.762000E-2	0.000000E+0	1.293680E+5
1.764000E-2	0.000000E+0	1.296210E+5
1.766000E-2	0.000000E+0	1.298630E+5
1.768000E-2	0.000000E+0	1.300880E+5
1.770000E-2	0.000000E+0	1.302240E+5
1.772000E-2	0.000000E+0	1.303270E+5
1.774000E-2	0.000000E+0	1.297090E+5
1.776000E-2	0.000000E+0	1.298360E+5
1.778000E-2	0.000000E+0	1.299560E+5
1.780000E-2	0.000000E+0	1.301150E+5
1.782000E-2	0.000000E+0	1.303810E+5
1.784000E-2	0.000000E+0	1.306120E+5
1.786000E-2	0.000000E+0	1.308190E+5
1.788000E-2	0.000000E+0	1.305290E+5
1.790000E-2	0.000000E+0	1.298460E+5
1.792000E-2	0.000000E+0	1.306700E+5
1.794000E-2	0.000000E+0	1.305530E+5
1.796000E-2	0.000000E+0	1.306630E+5
1.798000E-2	0.000000E+0	1.303050E+5
1.800000E-2	0.000000E+0	1.303640E+5
1.802000E-2	0.000000E+0	1.300900E+5
1.804000E-2	0.000000E+0	1.305390E+5
1.806000E-2	0.000000E+0	1.304680E+5
1.808000E-2	0.000000E+0	1.302070E+5
1.810000E-2	0.000000E+0	1.307150E+5
1.812000E-2	0.000000E+0	1.305980E+5
1.814000E-2	0.000000E+0	1.300680E+5
1.816000E-2	0.000000E+0	1.304840E+5
1.818000E-2	0.000000E+0	1.301330E+5
1.820000E-2	0.000000E+0	1.307060E+5
1.822000E-2	0.000000E+0	1.298180E+5
1.824000E-2	0.000000E+0	1.300220E+5
1.826000E-2	0.000000E+0	1.301580E+5
1.828000E-2	0.000000E+0	1.308330E+5
1.830000E-2	0.000000E+0	1.303150E+5
1.832000E-2	0.000000E+0	1.307250E+5
1.834000E-2	0.000000E+0	1.307590E+5
1.836000E-2	0.000000E+0	1.298540E+5
1.838000E-2	0.000000E+0	1.308820E+5
1.840000E-2	0.000000E+0	1.311230E+5
1.842000E-2	0.000000E+0	1.307100E+5
1.844000E-2	0.000000E+0	1.309900E+5
1.846000E-2	0.000000E+0	1.308340E+5
1.848000E-2	0.000000E+0	1.299530E+5
1.850000E-2	0.000000E+0	1.304310E+5
1.852000E-2	0.000000E+0	1.302050E+5
1.854000E-2	0.000000E+0	1.302450E+5
1.856000E-2	0.000000E+0	1.306260E+5
1.858000E-2	0.000000E+0	1.300500E+5
1.860000E-2	0.000000E+0	1.304950E+5
1.862000E-2	0.000000E+0	1.307060E+5
1.864000E-2	0.000000E+0	1.316010E+5
1.866000E-2	0.000000E+0	1.297350E+5
1.868000E-2	0.000000E+0	1.309540E+5
1.870000E-2	0.000000E+0	1.305240E+5
1.872000E-2	0.000000E+0	1.305690E+5
1.874000E-2	0.000000E+0	1.306160E+5
1.876000E-2	0.000000E+0	1.299840E+5
1.878000E-2	0.000000E+0	1.301240E+5
1.880000E-2	0.000000E+0	1.303280E+5
1.882000E-2	0.000000E+0	1.307430E+5
1.884000E-2	0.000000E+0	1.304120E+5
1.886000E-2	0.000000E+0	1.308500E+5
1.888000E-2	0.000000E+0	1.303750E+5
1.890000E-2	0.000000E+0	1.305110E+5
1.892000E-2	0.000000E+0	1.302580E+5
1.894000E-2	0.000000E+0	1.306160E+5
1.896000E-2	0.000000E+0	1.306130E+5
1.898000E-2	0.000000E+0	1.315040E+5
1.900000E-2	0.000000E+0	1.304830E+5
1.902000E-2	0.000000E+0	1.301380E+5
1.904000E-2	0.000000E+0	1.305450E+5
1.906000E-2	0.000000E+0	1.305550E+5
1.908000E-2	0.000000E+0	1.309240E+5
1.910000E-2	0.000000E+0	1.297700E+5
1.912000E-2	0.000000E+0	1.304840E+5
1.914000E-2	0.000000E+0	1.312000E+5
1.916000E-2	0.000000E+0	1.303540E+5
1.918000E-2	0.000000E+0	1.305610E+5
1.920000E-2	0.000000E+0	1.300670E+5
1.922000E-2	0.000000E+0	1.303570E+5
1.924000E-2	0.000000E+0	1.315370E+5
1.926000E-2	0.000000E+0	1.306110E+5
1.928000E-2	0.000000E+0	1.307340E+5
1.930000E-2	0.000000E+0	1.305430E+5
1.932000E-2	0.000000E+0	1.312050E+5
1.934000E-2	0.000000E+0	1.309330E+5
1.936000E-2	0.000000E+0	1.304610E+5
1.938000E-2	0.000000E+0	1.307410E+5
1.940000E-2	0.000000E+0	1.303290E+5
1.942000E-2	0.000000E+0	1.306620E+5
1.944000E-2	0.000000E+0	1.305980E+5
1.946000E-2	0.000000E+0	1.306010E+5
1.948000E-2	0.000000E+0	1.305920E+5
1.950000E-2	0.000000E+0	1.308980E+5
1.952000E-2	0.000000E+0	1.305040E+5
1.954000E-2	0.000000E+0	1.306950E+5
1.956000E-2	0.000000E+0	1.306560E+5
1.958000E-2	0.000000E+0	1.306100E+5
1.960000E-2	0.000000E+0	1.300430E+5
1.962000E-2	0.000000E+0	1.304600E+5
1.964000E-2	0.000000E+0	1.308090E+5
1.966000E-2	0.000000E+0	1.305800E+5
1.968000E-2	0.000000E+0	1.306270E+5
1.970000E-2	0.000000E+0	1.310770E+5
1.972000E-2	0.000000E+0	1.302370E+5
1.974000E-2	0.000000E+0	1.302960E+5
1.976000E-2	0.000000E+0	1.301390E+5
1.978000E-2	0.000000E+0	1.304740E+5
1.980000E-2	0.000000E+0	1.307070E+5
1.982000E-2	0.000000E+0	1.308820E+5
1.984000E-2	0.000000E+0	1.304270E+5
1.986000E-2	0.000000E+0	1.310940E+5
1.988000E-2	0.000000E+0	1.311140E+5
1.990000E-2	0.000000E+0	1.310940E+5
1.992000E-2	0.000000E+0	1.309880E+5
1.994000E-2	0.000000E+0	1.310310E+5
1.996000E-2	0.000000E+0	1.307880E+5
1.998000E-2	0.000000E+0	1.305670E+5
