

live time:  276505.060000
real time:  320407.874000
sweeps:  13825253.000000
0.000000E+0	0.000000E+0	0.000000E+0
2.000000E-5	0.000000E+0	1.377690E+5
4.000000E-5	0.000000E+0	1.381230E+5
6.000000E-5	0.000000E+0	1.383570E+5
8.000000E-5	0.000000E+0	1.385690E+5
1.000000E-4	0.000000E+0	1.378530E+5
1.200000E-4	0.000000E+0	1.383670E+5
1.400000E-4	0.000000E+0	1.388710E+5
1.600000E-4	0.000000E+0	1.392390E+5
1.800000E-4	0.000000E+0	1.383710E+5
2.000000E-4	0.000000E+0	1.388660E+5
2.200000E-4	0.000000E+0	1.388000E+5
2.400000E-4	0.000000E+0	1.387030E+5
2.600000E-4	0.000000E+0	1.385510E+5
2.800000E-4	0.000000E+0	1.384860E+5
3.000000E-4	0.000000E+0	1.387810E+5
3.200000E-4	0.000000E+0	1.380220E+5
3.400000E-4	0.000000E+0	1.387230E+5
3.600000E-4	0.000000E+0	1.383700E+5
3.800000E-4	0.000000E+0	1.387530E+5
4.000000E-4	0.000000E+0	1.389350E+5
4.200000E-4	0.000000E+0	1.383320E+5
4.400000E-4	0.000000E+0	1.379590E+5
4.600000E-4	0.000000E+0	1.386340E+5
4.800000E-4	0.000000E+0	1.389500E+5
5.000000E-4	0.000000E+0	1.383680E+5
5.200000E-4	0.000000E+0	1.387630E+5
5.400000E-4	0.000000E+0	1.386140E+5
5.600000E-4	0.000000E+0	1.386910E+5
5.800000E-4	0.000000E+0	1.384490E+5
6.000000E-4	0.000000E+0	1.379770E+5
6.200000E-4	0.000000E+0	1.380700E+5
6.400000E-4	0.000000E+0	1.382390E+5
6.600000E-4	0.000000E+0	1.384310E+5
6.800000E-4	0.000000E+0	1.381550E+5
7.000000E-4	0.000000E+0	1.386080E+5
7.200000E-4	0.000000E+0	1.387990E+5
7.400000E-4	0.000000E+0	1.381830E+5
7.600000E-4	0.000000E+0	1.381630E+5
7.800000E-4	0.000000E+0	1.384540E+5
8.000000E-4	0.000000E+0	1.386120E+5
8.200000E-4	0.000000E+0	1.384310E+5
8.400000E-4	0.000000E+0	1.385480E+5
8.600000E-4	0.000000E+0	1.388640E+5
8.800000E-4	0.000000E+0	1.385140E+5
9.000000E-4	0.000000E+0	1.377200E+5
9.200000E-4	0.000000E+0	1.382730E+5
9.400000E-4	0.000000E+0	1.389820E+5
9.600000E-4	0.000000E+0	1.384840E+5
9.800000E-4	0.000000E+0	1.386620E+5
1.000000E-3	0.000000E+0	1.381920E+5
1.020000E-3	0.000000E+0	1.384200E+5
1.040000E-3	0.000000E+0	1.389560E+5
1.060000E-3	0.000000E+0	1.384220E+5
1.080000E-3	0.000000E+0	1.381200E+5
1.100000E-3	0.000000E+0	1.386550E+5
1.120000E-3	0.000000E+0	1.379840E+5
1.140000E-3	0.000000E+0	1.380520E+5
1.160000E-3	0.000000E+0	1.383800E+5
1.180000E-3	0.000000E+0	1.382240E+5
1.200000E-3	0.000000E+0	1.387980E+5
1.220000E-3	0.000000E+0	1.382660E+5
1.240000E-3	0.000000E+0	1.387710E+5
1.260000E-3	0.000000E+0	1.382860E+5
1.280000E-3	0.000000E+0	1.385120E+5
1.300000E-3	0.000000E+0	1.386720E+5
1.320000E-3	0.000000E+0	1.383560E+5
1.340000E-3	0.000000E+0	1.388660E+5
1.360000E-3	0.000000E+0	1.381350E+5
1.380000E-3	0.000000E+0	1.386740E+5
1.400000E-3	0.000000E+0	1.387050E+5
1.420000E-3	0.000000E+0	1.383730E+5
1.440000E-3	0.000000E+0	1.386080E+5
1.460000E-3	0.000000E+0	1.389730E+5
1.480000E-3	0.000000E+0	1.384580E+5
1.500000E-3	0.000000E+0	1.374180E+5
1.520000E-3	0.000000E+0	1.383320E+5
1.540000E-3	0.000000E+0	1.388470E+5
1.560000E-3	0.000000E+0	1.388340E+5
1.580000E-3	0.000000E+0	1.381380E+5
1.600000E-3	0.000000E+0	1.387420E+5
1.620000E-3	0.000000E+0	1.393700E+5
1.640000E-3	0.000000E+0	1.385780E+5
1.660000E-3	0.000000E+0	1.383970E+5
1.680000E-3	0.000000E+0	1.388380E+5
1.700000E-3	0.000000E+0	1.379840E+5
1.720000E-3	0.000000E+0	1.381540E+5
1.740000E-3	0.000000E+0	1.384450E+5
1.760000E-3	0.000000E+0	1.390130E+5
1.780000E-3	0.000000E+0	1.389040E+5
1.800000E-3	0.000000E+0	1.382520E+5
1.820000E-3	0.000000E+0	1.393230E+5
1.840000E-3	0.000000E+0	1.388910E+5
1.860000E-3	0.000000E+0	1.388070E+5
1.880000E-3	0.000000E+0	1.388710E+5
1.900000E-3	0.000000E+0	1.387250E+5
1.920000E-3	0.000000E+0	1.388520E+5
1.940000E-3	0.000000E+0	1.382950E+5
1.960000E-3	0.000000E+0	1.386990E+5
1.980000E-3	0.000000E+0	1.391300E+5
2.000000E-3	0.000000E+0	1.385220E+5
2.020000E-3	0.000000E+0	1.386990E+5
2.040000E-3	0.000000E+0	1.382360E+5
2.060000E-3	0.000000E+0	1.394100E+5
2.080000E-3	0.000000E+0	1.380950E+5
2.100000E-3	0.000000E+0	1.380050E+5
2.120000E-3	0.000000E+0	1.387500E+5
2.140000E-3	0.000000E+0	1.387210E+5
2.160000E-3	0.000000E+0	1.385490E+5
2.180000E-3	0.000000E+0	1.387910E+5
2.200000E-3	0.000000E+0	1.383830E+5
2.220000E-3	0.000000E+0	1.379820E+5
2.240000E-3	0.000000E+0	1.388840E+5
2.260000E-3	0.000000E+0	1.387260E+5
2.280000E-3	0.000000E+0	1.388610E+5
2.300000E-3	0.000000E+0	1.389200E+5
2.320000E-3	0.000000E+0	1.383680E+5
2.340000E-3	0.000000E+0	1.376570E+5
2.360000E-3	0.000000E+0	1.386770E+5
2.380000E-3	0.000000E+0	1.383480E+5
2.400000E-3	0.000000E+0	1.388790E+5
2.420000E-3	0.000000E+0	1.385950E+5
2.440000E-3	0.000000E+0	1.381930E+5
2.460000E-3	0.000000E+0	1.383090E+5
2.480000E-3	0.000000E+0	1.382480E+5
2.500000E-3	0.000000E+0	1.386440E+5
2.520000E-3	0.000000E+0	1.387220E+5
2.540000E-3	0.000000E+0	1.386130E+5
2.560000E-3	0.000000E+0	1.379020E+5
2.580000E-3	0.000000E+0	1.387510E+5
2.600000E-3	0.000000E+0	1.387960E+5
2.620000E-3	0.000000E+0	1.380990E+5
2.640000E-3	0.000000E+0	1.386130E+5
2.660000E-3	0.000000E+0	1.380980E+5
2.680000E-3	0.000000E+0	1.389790E+5
2.700000E-3	0.000000E+0	1.384500E+5
2.720000E-3	0.000000E+0	1.380940E+5
2.740000E-3	0.000000E+0	1.381190E+5
2.760000E-3	0.000000E+0	1.389290E+5
2.780000E-3	0.000000E+0	1.385480E+5
2.800000E-3	0.000000E+0	1.380170E+5
2.820000E-3	0.000000E+0	1.382290E+5
2.840000E-3	0.000000E+0	1.384160E+5
2.860000E-3	0.000000E+0	1.386880E+5
2.880000E-3	0.000000E+0	1.389690E+5
2.900000E-3	0.000000E+0	1.377200E+5
2.920000E-3	0.000000E+0	1.383970E+5
2.940000E-3	0.000000E+0	1.385680E+5
2.960000E-3	0.000000E+0	1.385190E+5
2.980000E-3	0.000000E+0	1.383540E+5
3.000000E-3	0.000000E+0	1.381250E+5
3.020000E-3	0.000000E+0	1.387880E+5
3.040000E-3	0.000000E+0	1.385420E+5
3.060000E-3	0.000000E+0	1.384140E+5
3.080000E-3	0.000000E+0	1.382180E+5
3.100000E-3	0.000000E+0	1.386670E+5
3.120000E-3	0.000000E+0	1.383700E+5
3.140000E-3	0.000000E+0	1.378460E+5
3.160000E-3	0.000000E+0	1.380230E+5
3.180000E-3	0.000000E+0	1.378750E+5
3.200000E-3	0.000000E+0	1.389030E+5
3.220000E-3	0.000000E+0	1.382500E+5
3.240000E-3	0.000000E+0	1.385420E+5
3.260000E-3	0.000000E+0	1.387240E+5
3.280000E-3	0.000000E+0	1.387450E+5
3.300000E-3	0.000000E+0	1.384710E+5
3.320000E-3	0.000000E+0	1.385850E+5
3.340000E-3	0.000000E+0	1.381260E+5
3.360000E-3	0.000000E+0	1.386260E+5
3.380000E-3	0.000000E+0	1.378680E+5
3.400000E-3	0.000000E+0	1.384930E+5
3.420000E-3	0.000000E+0	1.387060E+5
3.440000E-3	0.000000E+0	1.382700E+5
3.460000E-3	0.000000E+0	1.387680E+5
3.480000E-3	0.000000E+0	1.386800E+5
3.500000E-3	0.000000E+0	1.390900E+5
3.520000E-3	0.000000E+0	1.385910E+5
3.540000E-3	0.000000E+0	1.394010E+5
3.560000E-3	0.000000E+0	1.386090E+5
3.580000E-3	0.000000E+0	1.384650E+5
3.600000E-3	0.000000E+0	1.374400E+5
3.620000E-3	0.000000E+0	1.385500E+5
3.640000E-3	0.000000E+0	1.387380E+5
3.660000E-3	0.000000E+0	1.386290E+5
3.680000E-3	0.000000E+0	1.389030E+5
3.700000E-3	0.000000E+0	1.383110E+5
3.720000E-3	0.000000E+0	1.380810E+5
3.740000E-3	0.000000E+0	1.383930E+5
3.760000E-3	0.000000E+0	1.385360E+5
3.780000E-3	0.000000E+0	1.382890E+5
3.800000E-3	0.000000E+0	1.380510E+5
3.820000E-3	0.000000E+0	1.381880E+5
3.840000E-3	0.000000E+0	1.388230E+5
3.860000E-3	0.000000E+0	1.386550E+5
3.880000E-3	0.000000E+0	1.383080E+5
3.900000E-3	0.000000E+0	1.376050E+5
3.920000E-3	0.000000E+0	1.389880E+5
3.940000E-3	0.000000E+0	1.386220E+5
3.960000E-3	0.000000E+0	1.383760E+5
3.980000E-3	0.000000E+0	1.383170E+5
4.000000E-3	0.000000E+0	1.382160E+5
4.020000E-3	0.000000E+0	1.387530E+5
4.040000E-3	0.000000E+0	1.384260E+5
4.060000E-3	0.000000E+0	1.379320E+5
4.080000E-3	0.000000E+0	1.384240E+5
4.100000E-3	0.000000E+0	1.386140E+5
4.120000E-3	0.000000E+0	1.383510E+5
4.140000E-3	0.000000E+0	1.388310E+5
4.160000E-3	0.000000E+0	1.381390E+5
4.180000E-3	0.000000E+0	1.385520E+5
4.200000E-3	0.000000E+0	1.379730E+5
4.220000E-3	0.000000E+0	1.389520E+5
4.240000E-3	0.000000E+0	1.382660E+5
4.260000E-3	0.000000E+0	1.383400E+5
4.280000E-3	0.000000E+0	1.391960E+5
4.300000E-3	0.000000E+0	1.384650E+5
4.320000E-3	0.000000E+0	1.390090E+5
4.340000E-3	0.000000E+0	1.383870E+5
4.360000E-3	0.000000E+0	1.388550E+5
4.380000E-3	0.000000E+0	1.377230E+5
4.400000E-3	0.000000E+0	1.392320E+5
4.420000E-3	0.000000E+0	1.382740E+5
4.440000E-3	0.000000E+0	1.386470E+5
4.460000E-3	0.000000E+0	1.390020E+5
4.480000E-3	0.000000E+0	1.384890E+5
4.500000E-3	0.000000E+0	1.377070E+5
4.520000E-3	0.000000E+0	1.388330E+5
4.540000E-3	0.000000E+0	1.387390E+5
4.560000E-3	0.000000E+0	1.390480E+5
4.580000E-3	0.000000E+0	1.389450E+5
4.600000E-3	0.000000E+0	1.390600E+5
4.620000E-3	0.000000E+0	1.383720E+5
4.640000E-3	0.000000E+0	1.390610E+5
4.660000E-3	0.000000E+0	1.383620E+5
4.680000E-3	0.000000E+0	1.384780E+5
4.700000E-3	0.000000E+0	1.382220E+5
4.720000E-3	0.000000E+0	1.386050E+5
4.740000E-3	0.000000E+0	1.382080E+5
4.760000E-3	0.000000E+0	1.379870E+5
4.780000E-3	0.000000E+0	1.378510E+5
4.800000E-3	0.000000E+0	1.390290E+5
4.820000E-3	0.000000E+0	1.384270E+5
4.840000E-3	0.000000E+0	1.383920E+5
4.860000E-3	0.000000E+0	1.388650E+5
4.880000E-3	0.000000E+0	1.387780E+5
4.900000E-3	0.000000E+0	1.388710E+5
4.920000E-3	0.000000E+0	1.383060E+5
4.940000E-3	0.000000E+0	1.389880E+5
4.960000E-3	0.000000E+0	1.386250E+5
4.980000E-3	0.000000E+0	1.383380E+5
5.000000E-3	0.000000E+0	1.381480E+5
5.020000E-3	0.000000E+0	1.383960E+5
5.040000E-3	0.000000E+0	1.382080E+5
5.060000E-3	0.000000E+0	1.390070E+5
5.080000E-3	0.000000E+0	1.383200E+5
5.100000E-3	0.000000E+0	1.385390E+5
5.120000E-3	0.000000E+0	1.391770E+5
5.140000E-3	0.000000E+0	1.382070E+5
5.160000E-3	0.000000E+0	1.390030E+5
5.180000E-3	0.000000E+0	1.379010E+5
5.200000E-3	0.000000E+0	1.379550E+5
5.220000E-3	0.000000E+0	1.379240E+5
5.240000E-3	0.000000E+0	1.378860E+5
5.260000E-3	0.000000E+0	1.383500E+5
5.280000E-3	0.000000E+0	1.376870E+5
5.300000E-3	0.000000E+0	1.377180E+5
5.320000E-3	0.000000E+0	1.380330E+5
5.340000E-3	0.000000E+0	1.377080E+5
5.360000E-3	0.000000E+0	1.382420E+5
5.380000E-3	0.000000E+0	1.377640E+5
5.400000E-3	0.000000E+0	1.375750E+5
5.420000E-3	0.000000E+0	1.375000E+5
5.440000E-3	0.000000E+0	1.372340E+5
5.460000E-3	0.000000E+0	1.376370E+5
5.480000E-3	0.000000E+0	1.370730E+5
5.500000E-3	0.000000E+0	1.365190E+5
5.520000E-3	0.000000E+0	1.372450E+5
5.540000E-3	0.000000E+0	1.366190E+5
5.560000E-3	0.000000E+0	1.370860E+5
5.580000E-3	0.000000E+0	1.363290E+5
5.600000E-3	0.000000E+0	1.365430E+5
5.620000E-3	0.000000E+0	1.349690E+5
5.640000E-3	0.000000E+0	1.343160E+5
5.660000E-3	0.000000E+0	1.327470E+5
5.680000E-3	0.000000E+0	1.307800E+5
5.700000E-3	0.000000E+0	1.285450E+5
5.720000E-3	0.000000E+0	1.238930E+5
5.740000E-3	0.000000E+0	1.174200E+5
5.760000E-3	0.000000E+0	1.094310E+5
5.780000E-3	0.000000E+0	9.878900E+4
5.800000E-3	0.000000E+0	8.946000E+4
5.820000E-3	0.000000E+0	8.374100E+4
5.840000E-3	0.000000E+0	8.292200E+4
5.860000E-3	0.000000E+0	8.664000E+4
5.880000E-3	0.000000E+0	9.510200E+4
5.900000E-3	0.000000E+0	1.056220E+5
5.920000E-3	0.000000E+0	1.153880E+5
5.940000E-3	0.000000E+0	1.232320E+5
5.960000E-3	0.000000E+0	1.273110E+5
5.980000E-3	0.000000E+0	1.310450E+5
6.000000E-3	0.000000E+0	1.332290E+5
6.020000E-3	0.000000E+0	1.342890E+5
6.040000E-3	0.000000E+0	1.349930E+5
6.060000E-3	0.000000E+0	1.354870E+5
6.080000E-3	0.000000E+0	1.361490E+5
6.100000E-3	0.000000E+0	1.363080E+5
6.120000E-3	0.000000E+0	1.368250E+5
6.140000E-3	0.000000E+0	1.369390E+5
6.160000E-3	0.000000E+0	1.369210E+5
6.180000E-3	0.000000E+0	1.374340E+5
6.200000E-3	0.000000E+0	1.376660E+5
6.220000E-3	0.000000E+0	1.374470E+5
6.240000E-3	0.000000E+0	1.372320E+5
6.260000E-3	0.000000E+0	1.378840E+5
6.280000E-3	0.000000E+0	1.381180E+5
6.300000E-3	0.000000E+0	1.380050E+5
6.320000E-3	0.000000E+0	1.373700E+5
6.340000E-3	0.000000E+0	1.382220E+5
6.360000E-3	0.000000E+0	1.377850E+5
6.380000E-3	0.000000E+0	1.379130E+5
6.400000E-3	0.000000E+0	1.384430E+5
6.420000E-3	0.000000E+0	1.388800E+5
6.440000E-3	0.000000E+0	1.375120E+5
6.460000E-3	0.000000E+0	1.381870E+5
6.480000E-3	0.000000E+0	1.385640E+5
6.500000E-3	0.000000E+0	1.381740E+5
6.520000E-3	0.000000E+0	1.381390E+5
6.540000E-3	0.000000E+0	1.384520E+5
6.560000E-3	0.000000E+0	1.385000E+5
6.580000E-3	0.000000E+0	1.382800E+5
6.600000E-3	0.000000E+0	1.380000E+5
6.620000E-3	0.000000E+0	1.381410E+5
6.640000E-3	0.000000E+0	1.381350E+5
6.660000E-3	0.000000E+0	1.385440E+5
6.680000E-3	0.000000E+0	1.379520E+5
6.700000E-3	0.000000E+0	1.381130E+5
6.720000E-3	0.000000E+0	1.380290E+5
6.740000E-3	0.000000E+0	1.384460E+5
6.760000E-3	0.000000E+0	1.387380E+5
6.780000E-3	0.000000E+0	1.385780E+5
6.800000E-3	0.000000E+0	1.382750E+5
6.820000E-3	0.000000E+0	1.381750E+5
6.840000E-3	0.000000E+0	1.381290E+5
6.860000E-3	0.000000E+0	1.391900E+5
6.880000E-3	0.000000E+0	1.383230E+5
6.900000E-3	0.000000E+0	1.385620E+5
6.920000E-3	0.000000E+0	1.392160E+5
6.940000E-3	0.000000E+0	1.382690E+5
6.960000E-3	0.000000E+0	1.372330E+5
6.980000E-3	0.000000E+0	1.386020E+5
7.000000E-3	0.000000E+0	1.387960E+5
7.020000E-3	0.000000E+0	1.382470E+5
7.040000E-3	0.000000E+0	1.379870E+5
7.060000E-3	0.000000E+0	1.384790E+5
7.080000E-3	0.000000E+0	1.384990E+5
7.100000E-3	0.000000E+0	1.379200E+5
7.120000E-3	0.000000E+0	1.381300E+5
7.140000E-3	0.000000E+0	1.388270E+5
7.160000E-3	0.000000E+0	1.390740E+5
7.180000E-3	0.000000E+0	1.390220E+5
7.200000E-3	0.000000E+0	1.380120E+5
7.220000E-3	0.000000E+0	1.384080E+5
7.240000E-3	0.000000E+0	1.385370E+5
7.260000E-3	0.000000E+0	1.389430E+5
7.280000E-3	0.000000E+0	1.380680E+5
7.300000E-3	0.000000E+0	1.385070E+5
7.320000E-3	0.000000E+0	1.387280E+5
7.340000E-3	0.000000E+0	1.383070E+5
7.360000E-3	0.000000E+0	1.383600E+5
7.380000E-3	0.000000E+0	1.386780E+5
7.400000E-3	0.000000E+0	1.383470E+5
7.420000E-3	0.000000E+0	1.387620E+5
7.440000E-3	0.000000E+0	1.385730E+5
7.460000E-3	0.000000E+0	1.381510E+5
7.480000E-3	0.000000E+0	1.387340E+5
7.500000E-3	0.000000E+0	1.375140E+5
7.520000E-3	0.000000E+0	1.388990E+5
7.540000E-3	0.000000E+0	1.385910E+5
7.560000E-3	0.000000E+0	1.386720E+5
7.580000E-3	0.000000E+0	1.380280E+5
7.600000E-3	0.000000E+0	1.379990E+5
7.620000E-3	0.000000E+0	1.390480E+5
7.640000E-3	0.000000E+0	1.387650E+5
7.660000E-3	0.000000E+0	1.390590E+5
7.680000E-3	0.000000E+0	1.388780E+5
7.700000E-3	0.000000E+0	1.383500E+5
7.720000E-3	0.000000E+0	1.386800E+5
7.740000E-3	0.000000E+0	1.381260E+5
7.760000E-3	0.000000E+0	1.389780E+5
7.780000E-3	0.000000E+0	1.382850E+5
7.800000E-3	0.000000E+0	1.389840E+5
7.820000E-3	0.000000E+0	1.385470E+5
7.840000E-3	0.000000E+0	1.385890E+5
7.860000E-3	0.000000E+0	1.385800E+5
7.880000E-3	0.000000E+0	1.387870E+5
7.900000E-3	0.000000E+0	1.390260E+5
7.920000E-3	0.000000E+0	1.384810E+5
7.940000E-3	0.000000E+0	1.384450E+5
7.960000E-3	0.000000E+0	1.385820E+5
7.980000E-3	0.000000E+0	1.381200E+5
8.000000E-3	0.000000E+0	1.378190E+5
8.020000E-3	0.000000E+0	1.382160E+5
8.040000E-3	0.000000E+0	1.378930E+5
8.060000E-3	0.000000E+0	1.384260E+5
8.080000E-3	0.000000E+0	1.396890E+5
8.100000E-3	0.000000E+0	1.379330E+5
8.120000E-3	0.000000E+0	1.382600E+5
8.140000E-3	0.000000E+0	1.383530E+5
8.160000E-3	0.000000E+0	1.383820E+5
8.180000E-3	0.000000E+0	1.381490E+5
8.200000E-3	0.000000E+0	1.383890E+5
8.220000E-3	0.000000E+0	1.379220E+5
8.240000E-3	0.000000E+0	1.386030E+5
8.260000E-3	0.000000E+0	1.378060E+5
8.280000E-3	0.000000E+0	1.389320E+5
8.300000E-3	0.000000E+0	1.388520E+5
8.320000E-3	0.000000E+0	1.383860E+5
8.340000E-3	0.000000E+0	1.388620E+5
8.360000E-3	0.000000E+0	1.380610E+5
8.380000E-3	0.000000E+0	1.389240E+5
8.400000E-3	0.000000E+0	1.387070E+5
8.420000E-3	0.000000E+0	1.384710E+5
8.440000E-3	0.000000E+0	1.385860E+5
8.460000E-3	0.000000E+0	1.385990E+5
8.480000E-3	0.000000E+0	1.385800E+5
8.500000E-3	0.000000E+0	1.384710E+5
8.520000E-3	0.000000E+0	1.383090E+5
8.540000E-3	0.000000E+0	1.388400E+5
8.560000E-3	0.000000E+0	1.389240E+5
8.580000E-3	0.000000E+0	1.381570E+5
8.600000E-3	0.000000E+0	1.387370E+5
8.620000E-3	0.000000E+0	1.384790E+5
8.640000E-3	0.000000E+0	1.387090E+5
8.660000E-3	0.000000E+0	1.385190E+5
8.680000E-3	0.000000E+0	1.387760E+5
8.700000E-3	0.000000E+0	1.388590E+5
8.720000E-3	0.000000E+0	1.385600E+5
8.740000E-3	0.000000E+0	1.385340E+5
8.760000E-3	0.000000E+0	1.394010E+5
8.780000E-3	0.000000E+0	1.382030E+5
8.800000E-3	0.000000E+0	1.385050E+5
8.820000E-3	0.000000E+0	1.387810E+5
8.840000E-3	0.000000E+0	1.388280E+5
8.860000E-3	0.000000E+0	1.387090E+5
8.880000E-3	0.000000E+0	1.384330E+5
8.900000E-3	0.000000E+0	1.394220E+5
8.920000E-3	0.000000E+0	1.386230E+5
8.940000E-3	0.000000E+0	1.384930E+5
8.960000E-3	0.000000E+0	1.385800E+5
8.980000E-3	0.000000E+0	1.378900E+5
9.000000E-3	0.000000E+0	1.384270E+5
9.020000E-3	0.000000E+0	1.385300E+5
9.040000E-3	0.000000E+0	1.389250E+5
9.060000E-3	0.000000E+0	1.384080E+5
9.080000E-3	0.000000E+0	1.388510E+5
9.100000E-3	0.000000E+0	1.384230E+5
9.120000E-3	0.000000E+0	1.387610E+5
9.140000E-3	0.000000E+0	1.383580E+5
9.160000E-3	0.000000E+0	1.372770E+5
9.180000E-3	0.000000E+0	1.382300E+5
9.200000E-3	0.000000E+0	1.387470E+5
9.220000E-3	0.000000E+0	1.386120E+5
9.240000E-3	0.000000E+0	1.384730E+5
9.260000E-3	0.000000E+0	1.385770E+5
9.280000E-3	0.000000E+0	1.382720E+5
9.300000E-3	0.000000E+0	1.386080E+5
9.320000E-3	0.000000E+0	1.384100E+5
9.340000E-3	0.000000E+0	1.387790E+5
9.360000E-3	0.000000E+0	1.383400E+5
9.380000E-3	0.000000E+0	1.386100E+5
9.400000E-3	0.000000E+0	1.384470E+5
9.420000E-3	0.000000E+0	1.381770E+5
9.440000E-3	0.000000E+0	1.382410E+5
9.460000E-3	0.000000E+0	1.386230E+5
9.480000E-3	0.000000E+0	1.382490E+5
9.500000E-3	0.000000E+0	1.389940E+5
9.520000E-3	0.000000E+0	1.385970E+5
9.540000E-3	0.000000E+0	1.377140E+5
9.560000E-3	0.000000E+0	1.387080E+5
9.580000E-3	0.000000E+0	1.388910E+5
9.600000E-3	0.000000E+0	1.379150E+5
9.620000E-3	0.000000E+0	1.386140E+5
9.640000E-3	0.000000E+0	1.387120E+5
9.660000E-3	0.000000E+0	1.385370E+5
9.680000E-3	0.000000E+0	1.378020E+5
9.700000E-3	0.000000E+0	1.387640E+5
9.720000E-3	0.000000E+0	1.387710E+5
9.740000E-3	0.000000E+0	1.391900E+5
9.760000E-3	0.000000E+0	1.381820E+5
9.780000E-3	0.000000E+0	1.385030E+5
9.800000E-3	0.000000E+0	1.386500E+5
9.820000E-3	0.000000E+0	1.381300E+5
9.840000E-3	0.000000E+0	1.387110E+5
9.860000E-3	0.000000E+0	1.388820E+5
9.880000E-3	0.000000E+0	1.390200E+5
9.900000E-3	0.000000E+0	1.388530E+5
9.920000E-3	0.000000E+0	1.392250E+5
9.940000E-3	0.000000E+0	1.379340E+5
9.960000E-3	0.000000E+0	1.377610E+5
9.980000E-3	0.000000E+0	1.384620E+5
1.000000E-2	0.000000E+0	1.385710E+5
1.002000E-2	0.000000E+0	1.382610E+5
1.004000E-2	0.000000E+0	1.383480E+5
1.006000E-2	0.000000E+0	1.381560E+5
1.008000E-2	0.000000E+0	1.387330E+5
1.010000E-2	0.000000E+0	1.386860E+5
1.012000E-2	0.000000E+0	1.384600E+5
1.014000E-2	0.000000E+0	1.392310E+5
1.016000E-2	0.000000E+0	1.391400E+5
1.018000E-2	0.000000E+0	1.385720E+5
1.020000E-2	0.000000E+0	1.391460E+5
1.022000E-2	0.000000E+0	1.389700E+5
1.024000E-2	0.000000E+0	1.386340E+5
1.026000E-2	0.000000E+0	1.384120E+5
1.028000E-2	0.000000E+0	1.385780E+5
1.030000E-2	0.000000E+0	1.384280E+5
1.032000E-2	0.000000E+0	1.388660E+5
1.034000E-2	0.000000E+0	1.386870E+5
1.036000E-2	0.000000E+0	1.385450E+5
1.038000E-2	0.000000E+0	1.385540E+5
1.040000E-2	0.000000E+0	1.387380E+5
1.042000E-2	0.000000E+0	1.383540E+5
1.044000E-2	0.000000E+0	1.390590E+5
1.046000E-2	0.000000E+0	1.384630E+5
1.048000E-2	0.000000E+0	1.389550E+5
1.050000E-2	0.000000E+0	1.382190E+5
1.052000E-2	0.000000E+0	1.383870E+5
1.054000E-2	0.000000E+0	1.383920E+5
1.056000E-2	0.000000E+0	1.387510E+5
1.058000E-2	0.000000E+0	1.385370E+5
1.060000E-2	0.000000E+0	1.375780E+5
1.062000E-2	0.000000E+0	1.381760E+5
1.064000E-2	0.000000E+0	1.384020E+5
1.066000E-2	0.000000E+0	1.388220E+5
1.068000E-2	0.000000E+0	1.383550E+5
1.070000E-2	0.000000E+0	1.380590E+5
1.072000E-2	0.000000E+0	1.383140E+5
1.074000E-2	0.000000E+0	1.384820E+5
1.076000E-2	0.000000E+0	1.385430E+5
1.078000E-2	0.000000E+0	1.384270E+5
1.080000E-2	0.000000E+0	1.384190E+5
1.082000E-2	0.000000E+0	1.382780E+5
1.084000E-2	0.000000E+0	1.380590E+5
1.086000E-2	0.000000E+0	1.380110E+5
1.088000E-2	0.000000E+0	1.385970E+5
1.090000E-2	0.000000E+0	1.387050E+5
1.092000E-2	0.000000E+0	1.380740E+5
1.094000E-2	0.000000E+0	1.383930E+5
1.096000E-2	0.000000E+0	1.386190E+5
1.098000E-2	0.000000E+0	1.385030E+5
1.100000E-2	0.000000E+0	1.387130E+5
1.102000E-2	0.000000E+0	1.377150E+5
1.104000E-2	0.000000E+0	1.388280E+5
1.106000E-2	0.000000E+0	1.379300E+5
1.108000E-2	0.000000E+0	1.391620E+5
1.110000E-2	0.000000E+0	1.388740E+5
1.112000E-2	0.000000E+0	1.382310E+5
1.114000E-2	0.000000E+0	1.384410E+5
1.116000E-2	0.000000E+0	1.380660E+5
1.118000E-2	0.000000E+0	1.383500E+5
1.120000E-2	0.000000E+0	1.380210E+5
1.122000E-2	0.000000E+0	1.381340E+5
1.124000E-2	0.000000E+0	1.388480E+5
1.126000E-2	0.000000E+0	1.390180E+5
1.128000E-2	0.000000E+0	1.389640E+5
1.130000E-2	0.000000E+0	1.378630E+5
1.132000E-2	0.000000E+0	1.389760E+5
1.134000E-2	0.000000E+0	1.387500E+5
1.136000E-2	0.000000E+0	1.382360E+5
1.138000E-2	0.000000E+0	1.382910E+5
1.140000E-2	0.000000E+0	1.385030E+5
1.142000E-2	0.000000E+0	1.383200E+5
1.144000E-2	0.000000E+0	1.383110E+5
1.146000E-2	0.000000E+0	1.389340E+5
1.148000E-2	0.000000E+0	1.385550E+5
1.150000E-2	0.000000E+0	1.383350E+5
1.152000E-2	0.000000E+0	1.384560E+5
1.154000E-2	0.000000E+0	1.384300E+5
1.156000E-2	0.000000E+0	1.387000E+5
1.158000E-2	0.000000E+0	1.384300E+5
1.160000E-2	0.000000E+0	1.387640E+5
1.162000E-2	0.000000E+0	1.383640E+5
1.164000E-2	0.000000E+0	1.384550E+5
1.166000E-2	0.000000E+0	1.375980E+5
1.168000E-2	0.000000E+0	1.388090E+5
1.170000E-2	0.000000E+0	1.389750E+5
1.172000E-2	0.000000E+0	1.379340E+5
1.174000E-2	0.000000E+0	1.383000E+5
1.176000E-2	0.000000E+0	1.383730E+5
1.178000E-2	0.000000E+0	1.388850E+5
1.180000E-2	0.000000E+0	1.383360E+5
1.182000E-2	0.000000E+0	1.389260E+5
1.184000E-2	0.000000E+0	1.385120E+5
1.186000E-2	0.000000E+0	1.379090E+5
1.188000E-2	0.000000E+0	1.380660E+5
1.190000E-2	0.000000E+0	1.385330E+5
1.192000E-2	0.000000E+0	1.381910E+5
1.194000E-2	0.000000E+0	1.386860E+5
1.196000E-2	0.000000E+0	1.381940E+5
1.198000E-2	0.000000E+0	1.381460E+5
1.200000E-2	0.000000E+0	1.379560E+5
1.202000E-2	0.000000E+0	1.381240E+5
1.204000E-2	0.000000E+0	1.384970E+5
1.206000E-2	0.000000E+0	1.389100E+5
1.208000E-2	0.000000E+0	1.387180E+5
1.210000E-2	0.000000E+0	1.387180E+5
1.212000E-2	0.000000E+0	1.377810E+5
1.214000E-2	0.000000E+0	1.381160E+5
1.216000E-2	0.000000E+0	1.387890E+5
1.218000E-2	0.000000E+0	1.382450E+5
1.220000E-2	0.000000E+0	1.386460E+5
1.222000E-2	0.000000E+0	1.388650E+5
1.224000E-2	0.000000E+0	1.383080E+5
1.226000E-2	0.000000E+0	1.377350E+5
1.228000E-2	0.000000E+0	1.385950E+5
1.230000E-2	0.000000E+0	1.378310E+5
1.232000E-2	0.000000E+0	1.385450E+5
1.234000E-2	0.000000E+0	1.387960E+5
1.236000E-2	0.000000E+0	1.384410E+5
1.238000E-2	0.000000E+0	1.381670E+5
1.240000E-2	0.000000E+0	1.380230E+5
1.242000E-2	0.000000E+0	1.389290E+5
1.244000E-2	0.000000E+0	1.385700E+5
1.246000E-2	0.000000E+0	1.376720E+5
1.248000E-2	0.000000E+0	1.385770E+5
1.250000E-2	0.000000E+0	1.387450E+5
1.252000E-2	0.000000E+0	1.385230E+5
1.254000E-2	0.000000E+0	1.377270E+5
1.256000E-2	0.000000E+0	1.385010E+5
1.258000E-2	0.000000E+0	1.389480E+5
1.260000E-2	0.000000E+0	1.389500E+5
1.262000E-2	0.000000E+0	1.376940E+5
1.264000E-2	0.000000E+0	1.385800E+5
1.266000E-2	0.000000E+0	1.385830E+5
1.268000E-2	0.000000E+0	1.387250E+5
1.270000E-2	0.000000E+0	1.387220E+5
1.272000E-2	0.000000E+0	1.381780E+5
1.274000E-2	0.000000E+0	1.382430E+5
1.276000E-2	0.000000E+0	1.389270E+5
1.278000E-2	0.000000E+0	1.383870E+5
1.280000E-2	0.000000E+0	1.384790E+5
1.282000E-2	0.000000E+0	1.377020E+5
1.284000E-2	0.000000E+0	1.386680E+5
1.286000E-2	0.000000E+0	1.388260E+5
1.288000E-2	0.000000E+0	1.385630E+5
1.290000E-2	0.000000E+0	1.379210E+5
1.292000E-2	0.000000E+0	1.383020E+5
1.294000E-2	0.000000E+0	1.382570E+5
1.296000E-2	0.000000E+0	1.383920E+5
1.298000E-2	0.000000E+0	1.386960E+5
1.300000E-2	0.000000E+0	1.377830E+5
1.302000E-2	0.000000E+0	1.385260E+5
1.304000E-2	0.000000E+0	1.385700E+5
1.306000E-2	0.000000E+0	1.380580E+5
1.308000E-2	0.000000E+0	1.391970E+5
1.310000E-2	0.000000E+0	1.388280E+5
1.312000E-2	0.000000E+0	1.382520E+5
1.314000E-2	0.000000E+0	1.384130E+5
1.316000E-2	0.000000E+0	1.385320E+5
1.318000E-2	0.000000E+0	1.382330E+5
1.320000E-2	0.000000E+0	1.386200E+5
1.322000E-2	0.000000E+0	1.380100E+5
1.324000E-2	0.000000E+0	1.380610E+5
1.326000E-2	0.000000E+0	1.385880E+5
1.328000E-2	0.000000E+0	1.389270E+5
1.330000E-2	0.000000E+0	1.387790E+5
1.332000E-2	0.000000E+0	1.388860E+5
1.334000E-2	0.000000E+0	1.381840E+5
1.336000E-2	0.000000E+0	1.382270E+5
1.338000E-2	0.000000E+0	1.379320E+5
1.340000E-2	0.000000E+0	1.387250E+5
1.342000E-2	0.000000E+0	1.389500E+5
1.344000E-2	0.000000E+0	1.385570E+5
1.346000E-2	0.000000E+0	1.383470E+5
1.348000E-2	0.000000E+0	1.381230E+5
1.350000E-2	0.000000E+0	1.384710E+5
1.352000E-2	0.000000E+0	1.387400E+5
1.354000E-2	0.000000E+0	1.385010E+5
1.356000E-2	0.000000E+0	1.382550E+5
1.358000E-2	0.000000E+0	1.369690E+5
1.360000E-2	0.000000E+0	1.380190E+5
1.362000E-2	0.000000E+0	1.378310E+5
1.364000E-2	0.000000E+0	1.381660E+5
1.366000E-2	0.000000E+0	1.380620E+5
1.368000E-2	0.000000E+0	1.387460E+5
1.370000E-2	0.000000E+0	1.386690E+5
1.372000E-2	0.000000E+0	1.382550E+5
1.374000E-2	0.000000E+0	1.382100E+5
1.376000E-2	0.000000E+0	1.387000E+5
1.378000E-2	0.000000E+0	1.391560E+5
1.380000E-2	0.000000E+0	1.377590E+5
1.382000E-2	0.000000E+0	1.376910E+5
1.384000E-2	0.000000E+0	1.378990E+5
1.386000E-2	0.000000E+0	1.387460E+5
1.388000E-2	0.000000E+0	1.385320E+5
1.390000E-2	0.000000E+0	1.386340E+5
1.392000E-2	0.000000E+0	1.379650E+5
1.394000E-2	0.000000E+0	1.390270E+5
1.396000E-2	0.000000E+0	1.380150E+5
1.398000E-2	0.000000E+0	1.387960E+5
1.400000E-2	0.000000E+0	1.384140E+5
1.402000E-2	0.000000E+0	1.383560E+5
1.404000E-2	0.000000E+0	1.388510E+5
1.406000E-2	0.000000E+0	1.379600E+5
1.408000E-2	0.000000E+0	1.389180E+5
1.410000E-2	0.000000E+0	1.383020E+5
1.412000E-2	0.000000E+0	1.380520E+5
1.414000E-2	0.000000E+0	1.379010E+5
1.416000E-2	0.000000E+0	1.390070E+5
1.418000E-2	0.000000E+0	1.385190E+5
1.420000E-2	0.000000E+0	1.387790E+5
1.422000E-2	0.000000E+0	1.382220E+5
1.424000E-2	0.000000E+0	1.380150E+5
1.426000E-2	0.000000E+0	1.386400E+5
1.428000E-2	0.000000E+0	1.387890E+5
1.430000E-2	0.000000E+0	1.383400E+5
1.432000E-2	0.000000E+0	1.390350E+5
1.434000E-2	0.000000E+0	1.381750E+5
1.436000E-2	0.000000E+0	1.382670E+5
1.438000E-2	0.000000E+0	1.383170E+5
1.440000E-2	0.000000E+0	1.380050E+5
1.442000E-2	0.000000E+0	1.387290E+5
1.444000E-2	0.000000E+0	1.388880E+5
1.446000E-2	0.000000E+0	1.385880E+5
1.448000E-2	0.000000E+0	1.379690E+5
1.450000E-2	0.000000E+0	1.383010E+5
1.452000E-2	0.000000E+0	1.386690E+5
1.454000E-2	0.000000E+0	1.384990E+5
1.456000E-2	0.000000E+0	1.381550E+5
1.458000E-2	0.000000E+0	1.378470E+5
1.460000E-2	0.000000E+0	1.379660E+5
1.462000E-2	0.000000E+0	1.390230E+5
1.464000E-2	0.000000E+0	1.385650E+5
1.466000E-2	0.000000E+0	1.381920E+5
1.468000E-2	0.000000E+0	1.386520E+5
1.470000E-2	0.000000E+0	1.379490E+5
1.472000E-2	0.000000E+0	1.380780E+5
1.474000E-2	0.000000E+0	1.385000E+5
1.476000E-2	0.000000E+0	1.380090E+5
1.478000E-2	0.000000E+0	1.388760E+5
1.480000E-2	0.000000E+0	1.386130E+5
1.482000E-2	0.000000E+0	1.384450E+5
1.484000E-2	0.000000E+0	1.380650E+5
1.486000E-2	0.000000E+0	1.385370E+5
1.488000E-2	0.000000E+0	1.379570E+5
1.490000E-2	0.000000E+0	1.384390E+5
1.492000E-2	0.000000E+0	1.383580E+5
1.494000E-2	0.000000E+0	1.388150E+5
1.496000E-2	0.000000E+0	1.386670E+5
1.498000E-2	0.000000E+0	1.385250E+5
1.500000E-2	0.000000E+0	1.385300E+5
1.502000E-2	0.000000E+0	1.387040E+5
1.504000E-2	0.000000E+0	1.392580E+5
1.506000E-2	0.000000E+0	1.384580E+5
1.508000E-2	0.000000E+0	1.385180E+5
1.510000E-2	0.000000E+0	1.385690E+5
1.512000E-2	0.000000E+0	1.387730E+5
1.514000E-2	0.000000E+0	1.375510E+5
1.516000E-2	0.000000E+0	1.383870E+5
1.518000E-2	0.000000E+0	1.387970E+5
1.520000E-2	0.000000E+0	1.381210E+5
1.522000E-2	0.000000E+0	1.384760E+5
1.524000E-2	0.000000E+0	1.389820E+5
1.526000E-2	0.000000E+0	1.378980E+5
1.528000E-2	0.000000E+0	1.388150E+5
1.530000E-2	0.000000E+0	1.388390E+5
1.532000E-2	0.000000E+0	1.386110E+5
1.534000E-2	0.000000E+0	1.383540E+5
1.536000E-2	0.000000E+0	1.381970E+5
1.538000E-2	0.000000E+0	1.383570E+5
1.540000E-2	0.000000E+0	1.383130E+5
1.542000E-2	0.000000E+0	1.379690E+5
1.544000E-2	0.000000E+0	1.385310E+5
1.546000E-2	0.000000E+0	1.376990E+5
1.548000E-2	0.000000E+0	1.380670E+5
1.550000E-2	0.000000E+0	1.385120E+5
1.552000E-2	0.000000E+0	1.383570E+5
1.554000E-2	0.000000E+0	1.381810E+5
1.556000E-2	0.000000E+0	1.389330E+5
1.558000E-2	0.000000E+0	1.384770E+5
1.560000E-2	0.000000E+0	1.383700E+5
1.562000E-2	0.000000E+0	1.378300E+5
1.564000E-2	0.000000E+0	1.380010E+5
1.566000E-2	0.000000E+0	1.383860E+5
1.568000E-2	0.000000E+0	1.379340E+5
1.570000E-2	0.000000E+0	1.384250E+5
1.572000E-2	0.000000E+0	1.384770E+5
1.574000E-2	0.000000E+0	1.384940E+5
1.576000E-2	0.000000E+0	1.379200E+5
1.578000E-2	0.000000E+0	1.380590E+5
1.580000E-2	0.000000E+0	1.387530E+5
1.582000E-2	0.000000E+0	1.384810E+5
1.584000E-2	0.000000E+0	1.380890E+5
1.586000E-2	0.000000E+0	1.382140E+5
1.588000E-2	0.000000E+0	1.379250E+5
1.590000E-2	0.000000E+0	1.383160E+5
1.592000E-2	0.000000E+0	1.379190E+5
1.594000E-2	0.000000E+0	1.382200E+5
1.596000E-2	0.000000E+0	1.379660E+5
1.598000E-2	0.000000E+0	1.380660E+5
1.600000E-2	0.000000E+0	1.383450E+5
1.602000E-2	0.000000E+0	1.382660E+5
1.604000E-2	0.000000E+0	1.384080E+5
1.606000E-2	0.000000E+0	1.386610E+5
1.608000E-2	0.000000E+0	1.385520E+5
1.610000E-2	0.000000E+0	1.384090E+5
1.612000E-2	0.000000E+0	1.374820E+5
1.614000E-2	0.000000E+0	1.386450E+5
1.616000E-2	0.000000E+0	1.386650E+5
1.618000E-2	0.000000E+0	1.373620E+5
1.620000E-2	0.000000E+0	1.378090E+5
1.622000E-2	0.000000E+0	1.377900E+5
1.624000E-2	0.000000E+0	1.384590E+5
1.626000E-2	0.000000E+0	1.376190E+5
1.628000E-2	0.000000E+0	1.379670E+5
1.630000E-2	0.000000E+0	1.381320E+5
1.632000E-2	0.000000E+0	1.381950E+5
1.634000E-2	0.000000E+0	1.381940E+5
1.636000E-2	0.000000E+0	1.377570E+5
1.638000E-2	0.000000E+0	1.381860E+5
1.640000E-2	0.000000E+0	1.379060E+5
1.642000E-2	0.000000E+0	1.379950E+5
1.644000E-2	0.000000E+0	1.382700E+5
1.646000E-2	0.000000E+0	1.373250E+5
1.648000E-2	0.000000E+0	1.388500E+5
1.650000E-2	0.000000E+0	1.383510E+5
1.652000E-2	0.000000E+0	1.382120E+5
1.654000E-2	0.000000E+0	1.374640E+5
1.656000E-2	0.000000E+0	1.377330E+5
1.658000E-2	0.000000E+0	1.384600E+5
1.660000E-2	0.000000E+0	1.374270E+5
1.662000E-2	0.000000E+0	1.378240E+5
1.664000E-2	0.000000E+0	1.384980E+5
1.666000E-2	0.000000E+0	1.383490E+5
1.668000E-2	0.000000E+0	1.378610E+5
1.670000E-2	0.000000E+0	1.377980E+5
1.672000E-2	0.000000E+0	1.380890E+5
1.674000E-2	0.000000E+0	1.372440E+5
1.676000E-2	0.000000E+0	1.376210E+5
1.678000E-2	0.000000E+0	1.380590E+5
1.680000E-2	0.000000E+0	1.379970E+5
1.682000E-2	0.000000E+0	1.376420E+5
1.684000E-2	0.000000E+0	1.372780E+5
1.686000E-2	0.000000E+0	1.372750E+5
1.688000E-2	0.000000E+0	1.371250E+5
1.690000E-2	0.000000E+0	1.364780E+5
1.692000E-2	0.000000E+0	1.369130E+5
1.694000E-2	0.000000E+0	1.367850E+5
1.696000E-2	0.000000E+0	1.360450E+5
1.698000E-2	0.000000E+0	1.358540E+5
1.700000E-2	0.000000E+0	1.356270E+5
1.702000E-2	0.000000E+0	1.348640E+5
1.704000E-2	0.000000E+0	1.336670E+5
1.706000E-2	0.000000E+0	1.326710E+5
1.708000E-2	0.000000E+0	1.319410E+5
1.710000E-2	0.000000E+0	1.283930E+5
1.712000E-2	0.000000E+0	1.255630E+5
1.714000E-2	0.000000E+0	1.192970E+5
1.716000E-2	0.000000E+0	1.105570E+5
1.718000E-2	0.000000E+0	1.010430E+5
1.720000E-2	0.000000E+0	9.142900E+4
1.722000E-2	0.000000E+0	8.482800E+4
1.724000E-2	0.000000E+0	8.276600E+4
1.726000E-2	0.000000E+0	8.609100E+4
1.728000E-2	0.000000E+0	9.333900E+4
1.730000E-2	0.000000E+0	1.031890E+5
1.732000E-2	0.000000E+0	1.119430E+5
1.734000E-2	0.000000E+0	1.198520E+5
1.736000E-2	0.000000E+0	1.254160E+5
1.738000E-2	0.000000E+0	1.290850E+5
1.740000E-2	0.000000E+0	1.319960E+5
1.742000E-2	0.000000E+0	1.332670E+5
1.744000E-2	0.000000E+0	1.343110E+5
1.746000E-2	0.000000E+0	1.349560E+5
1.748000E-2	0.000000E+0	1.355530E+5
1.750000E-2	0.000000E+0	1.356320E+5
1.752000E-2	0.000000E+0	1.359140E+5
1.754000E-2	0.000000E+0	1.373500E+5
1.756000E-2	0.000000E+0	1.362490E+5
1.758000E-2	0.000000E+0	1.366820E+5
1.760000E-2	0.000000E+0	1.374450E+5
1.762000E-2	0.000000E+0	1.372080E+5
1.764000E-2	0.000000E+0	1.372650E+5
1.766000E-2	0.000000E+0	1.376600E+5
1.768000E-2	0.000000E+0	1.376870E+5
1.770000E-2	0.000000E+0	1.380150E+5
1.772000E-2	0.000000E+0	1.380170E+5
1.774000E-2	0.000000E+0	1.373620E+5
1.776000E-2	0.000000E+0	1.375820E+5
1.778000E-2	0.000000E+0	1.375800E+5
1.780000E-2	0.000000E+0	1.378160E+5
1.782000E-2	0.000000E+0	1.381300E+5
1.784000E-2	0.000000E+0	1.382530E+5
1.786000E-2	0.000000E+0	1.385270E+5
1.788000E-2	0.000000E+0	1.380130E+5
1.790000E-2	0.000000E+0	1.376330E+5
1.792000E-2	0.000000E+0	1.383070E+5
1.794000E-2	0.000000E+0	1.383910E+5
1.796000E-2	0.000000E+0	1.384760E+5
1.798000E-2	0.000000E+0	1.379380E+5
1.800000E-2	0.000000E+0	1.382070E+5
1.802000E-2	0.000000E+0	1.377010E+5
1.804000E-2	0.000000E+0	1.382820E+5
1.806000E-2	0.000000E+0	1.382540E+5
1.808000E-2	0.000000E+0	1.378800E+5
1.810000E-2	0.000000E+0	1.382950E+5
1.812000E-2	0.000000E+0	1.384230E+5
1.814000E-2	0.000000E+0	1.378920E+5
1.816000E-2	0.000000E+0	1.382120E+5
1.818000E-2	0.000000E+0	1.379240E+5
1.820000E-2	0.000000E+0	1.383980E+5
1.822000E-2	0.000000E+0	1.375590E+5
1.824000E-2	0.000000E+0	1.377580E+5
1.826000E-2	0.000000E+0	1.378710E+5
1.828000E-2	0.000000E+0	1.384220E+5
1.830000E-2	0.000000E+0	1.381450E+5
1.832000E-2	0.000000E+0	1.383840E+5
1.834000E-2	0.000000E+0	1.385110E+5
1.836000E-2	0.000000E+0	1.374740E+5
1.838000E-2	0.000000E+0	1.385370E+5
1.840000E-2	0.000000E+0	1.389070E+5
1.842000E-2	0.000000E+0	1.384000E+5
1.844000E-2	0.000000E+0	1.388500E+5
1.846000E-2	0.000000E+0	1.386180E+5
1.848000E-2	0.000000E+0	1.375540E+5
1.850000E-2	0.000000E+0	1.381110E+5
1.852000E-2	0.000000E+0	1.380520E+5
1.854000E-2	0.000000E+0	1.380730E+5
1.856000E-2	0.000000E+0	1.384730E+5
1.858000E-2	0.000000E+0	1.377650E+5
1.860000E-2	0.000000E+0	1.382470E+5
1.862000E-2	0.000000E+0	1.384760E+5
1.864000E-2	0.000000E+0	1.394450E+5
1.866000E-2	0.000000E+0	1.374590E+5
1.868000E-2	0.000000E+0	1.386600E+5
1.870000E-2	0.000000E+0	1.383520E+5
1.872000E-2	0.000000E+0	1.383580E+5
1.874000E-2	0.000000E+0	1.383770E+5
1.876000E-2	0.000000E+0	1.377910E+5
1.878000E-2	0.000000E+0	1.376730E+5
1.880000E-2	0.000000E+0	1.381130E+5
1.882000E-2	0.000000E+0	1.384630E+5
1.884000E-2	0.000000E+0	1.379810E+5
1.886000E-2	0.000000E+0	1.386320E+5
1.888000E-2	0.000000E+0	1.379970E+5
1.890000E-2	0.000000E+0	1.380750E+5
1.892000E-2	0.000000E+0	1.380030E+5
1.894000E-2	0.000000E+0	1.383030E+5
1.896000E-2	0.000000E+0	1.383680E+5
1.898000E-2	0.000000E+0	1.391550E+5
1.900000E-2	0.000000E+0	1.380320E+5
1.902000E-2	0.000000E+0	1.378730E+5
1.904000E-2	0.000000E+0	1.382790E+5
1.906000E-2	0.000000E+0	1.384150E+5
1.908000E-2	0.000000E+0	1.385300E+5
1.910000E-2	0.000000E+0	1.375130E+5
1.912000E-2	0.000000E+0	1.382900E+5
1.914000E-2	0.000000E+0	1.387400E+5
1.916000E-2	0.000000E+0	1.381340E+5
1.918000E-2	0.000000E+0	1.382880E+5
1.920000E-2	0.000000E+0	1.377590E+5
1.922000E-2	0.000000E+0	1.380450E+5
1.924000E-2	0.000000E+0	1.391900E+5
1.926000E-2	0.000000E+0	1.382240E+5
1.928000E-2	0.000000E+0	1.386220E+5
1.930000E-2	0.000000E+0	1.382140E+5
1.932000E-2	0.000000E+0	1.386760E+5
1.934000E-2	0.000000E+0	1.388910E+5
1.936000E-2	0.000000E+0	1.380930E+5
1.938000E-2	0.000000E+0	1.384700E+5
1.940000E-2	0.000000E+0	1.379210E+5
1.942000E-2	0.000000E+0	1.384190E+5
1.944000E-2	0.000000E+0	1.383680E+5
1.946000E-2	0.000000E+0	1.384380E+5
1.948000E-2	0.000000E+0	1.383730E+5
1.950000E-2	0.000000E+0	1.386110E+5
1.952000E-2	0.000000E+0	1.382210E+5
1.954000E-2	0.000000E+0	1.383770E+5
1.956000E-2	0.000000E+0	1.383850E+5
1.958000E-2	0.000000E+0	1.381440E+5
1.960000E-2	0.000000E+0	1.379240E+5
1.962000E-2	0.000000E+0	1.381890E+5
1.964000E-2	0.000000E+0	1.384000E+5
1.966000E-2	0.000000E+0	1.381260E+5
1.968000E-2	0.000000E+0	1.385520E+5
1.970000E-2	0.000000E+0	1.389840E+5
1.972000E-2	0.000000E+0	1.379500E+5
1.974000E-2	0.000000E+0	1.380710E+5
1.976000E-2	0.000000E+0	1.378730E+5
1.978000E-2	0.000000E+0	1.383960E+5
1.980000E-2	0.000000E+0	1.384860E+5
1.982000E-2	0.000000E+0	1.386800E+5
1.984000E-2	0.000000E+0	1.382010E+5
1.986000E-2	0.000000E+0	1.388270E+5
1.988000E-2	0.000000E+0	1.388910E+5
1.990000E-2	0.000000E+0	1.388040E+5
1.992000E-2	0.000000E+0	1.386220E+5
1.994000E-2	0.000000E+0	1.386790E+5
1.996000E-2	0.000000E+0	1.385500E+5
1.998000E-2	0.000000E+0	1.383280E+5
