

live time:  251642.000000
real time:  291606.842000
sweeps:  12582100.000000
0.000000E+0	0.000000E+0	0.000000E+0
2.000000E-5	0.000000E+0	1.255580E+5
4.000000E-5	0.000000E+0	1.257660E+5
6.000000E-5	0.000000E+0	1.258670E+5
8.000000E-5	0.000000E+0	1.262870E+5
1.000000E-4	0.000000E+0	1.253800E+5
1.200000E-4	0.000000E+0	1.258910E+5
1.400000E-4	0.000000E+0	1.265560E+5
1.600000E-4	0.000000E+0	1.266410E+5
1.800000E-4	0.000000E+0	1.260070E+5
2.000000E-4	0.000000E+0	1.263380E+5
2.200000E-4	0.000000E+0	1.263710E+5
2.400000E-4	0.000000E+0	1.263710E+5
2.600000E-4	0.000000E+0	1.263540E+5
2.800000E-4	0.000000E+0	1.259720E+5
3.000000E-4	0.000000E+0	1.263830E+5
3.200000E-4	0.000000E+0	1.256340E+5
3.400000E-4	0.000000E+0	1.262350E+5
3.600000E-4	0.000000E+0	1.258600E+5
3.800000E-4	0.000000E+0	1.263870E+5
4.000000E-4	0.000000E+0	1.266400E+5
4.200000E-4	0.000000E+0	1.260730E+5
4.400000E-4	0.000000E+0	1.253330E+5
4.600000E-4	0.000000E+0	1.262160E+5
4.800000E-4	0.000000E+0	1.264220E+5
5.000000E-4	0.000000E+0	1.260990E+5
5.200000E-4	0.000000E+0	1.264790E+5
5.400000E-4	0.000000E+0	1.261720E+5
5.600000E-4	0.000000E+0	1.264880E+5
5.800000E-4	0.000000E+0	1.260830E+5
6.000000E-4	0.000000E+0	1.257560E+5
6.200000E-4	0.000000E+0	1.258010E+5
6.400000E-4	0.000000E+0	1.259580E+5
6.600000E-4	0.000000E+0	1.258550E+5
6.800000E-4	0.000000E+0	1.257600E+5
7.000000E-4	0.000000E+0	1.261680E+5
7.200000E-4	0.000000E+0	1.264640E+5
7.400000E-4	0.000000E+0	1.258280E+5
7.600000E-4	0.000000E+0	1.257710E+5
7.800000E-4	0.000000E+0	1.259710E+5
8.000000E-4	0.000000E+0	1.263610E+5
8.200000E-4	0.000000E+0	1.259570E+5
8.400000E-4	0.000000E+0	1.261920E+5
8.600000E-4	0.000000E+0	1.262510E+5
8.800000E-4	0.000000E+0	1.262410E+5
9.000000E-4	0.000000E+0	1.252780E+5
9.200000E-4	0.000000E+0	1.258950E+5
9.400000E-4	0.000000E+0	1.264390E+5
9.600000E-4	0.000000E+0	1.260350E+5
9.800000E-4	0.000000E+0	1.262920E+5
1.000000E-3	0.000000E+0	1.257230E+5
1.020000E-3	0.000000E+0	1.261600E+5
1.040000E-3	0.000000E+0	1.263160E+5
1.060000E-3	0.000000E+0	1.260920E+5
1.080000E-3	0.000000E+0	1.257220E+5
1.100000E-3	0.000000E+0	1.262230E+5
1.120000E-3	0.000000E+0	1.257700E+5
1.140000E-3	0.000000E+0	1.258230E+5
1.160000E-3	0.000000E+0	1.260120E+5
1.180000E-3	0.000000E+0	1.256110E+5
1.200000E-3	0.000000E+0	1.264320E+5
1.220000E-3	0.000000E+0	1.258910E+5
1.240000E-3	0.000000E+0	1.262200E+5
1.260000E-3	0.000000E+0	1.256710E+5
1.280000E-3	0.000000E+0	1.261290E+5
1.300000E-3	0.000000E+0	1.263240E+5
1.320000E-3	0.000000E+0	1.260920E+5
1.340000E-3	0.000000E+0	1.265370E+5
1.360000E-3	0.000000E+0	1.261010E+5
1.380000E-3	0.000000E+0	1.262330E+5
1.400000E-3	0.000000E+0	1.262940E+5
1.420000E-3	0.000000E+0	1.260250E+5
1.440000E-3	0.000000E+0	1.262810E+5
1.460000E-3	0.000000E+0	1.265240E+5
1.480000E-3	0.000000E+0	1.260170E+5
1.500000E-3	0.000000E+0	1.250580E+5
1.520000E-3	0.000000E+0	1.260780E+5
1.540000E-3	0.000000E+0	1.264170E+5
1.560000E-3	0.000000E+0	1.264540E+5
1.580000E-3	0.000000E+0	1.258780E+5
1.600000E-3	0.000000E+0	1.264800E+5
1.620000E-3	0.000000E+0	1.269990E+5
1.640000E-3	0.000000E+0	1.261230E+5
1.660000E-3	0.000000E+0	1.260030E+5
1.680000E-3	0.000000E+0	1.263010E+5
1.700000E-3	0.000000E+0	1.257080E+5
1.720000E-3	0.000000E+0	1.256950E+5
1.740000E-3	0.000000E+0	1.261300E+5
1.760000E-3	0.000000E+0	1.266990E+5
1.780000E-3	0.000000E+0	1.264620E+5
1.800000E-3	0.000000E+0	1.259250E+5
1.820000E-3	0.000000E+0	1.267370E+5
1.840000E-3	0.000000E+0	1.264640E+5
1.860000E-3	0.000000E+0	1.262660E+5
1.880000E-3	0.000000E+0	1.263970E+5
1.900000E-3	0.000000E+0	1.262920E+5
1.920000E-3	0.000000E+0	1.263250E+5
1.940000E-3	0.000000E+0	1.259090E+5
1.960000E-3	0.000000E+0	1.262640E+5
1.980000E-3	0.000000E+0	1.265670E+5
2.000000E-3	0.000000E+0	1.262230E+5
2.020000E-3	0.000000E+0	1.263910E+5
2.040000E-3	0.000000E+0	1.259800E+5
2.060000E-3	0.000000E+0	1.270360E+5
2.080000E-3	0.000000E+0	1.255450E+5
2.100000E-3	0.000000E+0	1.257220E+5
2.120000E-3	0.000000E+0	1.262990E+5
2.140000E-3	0.000000E+0	1.263240E+5
2.160000E-3	0.000000E+0	1.260350E+5
2.180000E-3	0.000000E+0	1.263110E+5
2.200000E-3	0.000000E+0	1.259530E+5
2.220000E-3	0.000000E+0	1.254390E+5
2.240000E-3	0.000000E+0	1.262790E+5
2.260000E-3	0.000000E+0	1.262170E+5
2.280000E-3	0.000000E+0	1.264170E+5
2.300000E-3	0.000000E+0	1.265630E+5
2.320000E-3	0.000000E+0	1.257980E+5
2.340000E-3	0.000000E+0	1.254060E+5
2.360000E-3	0.000000E+0	1.262510E+5
2.380000E-3	0.000000E+0	1.257580E+5
2.400000E-3	0.000000E+0	1.263550E+5
2.420000E-3	0.000000E+0	1.261930E+5
2.440000E-3	0.000000E+0	1.258230E+5
2.460000E-3	0.000000E+0	1.259520E+5
2.480000E-3	0.000000E+0	1.259390E+5
2.500000E-3	0.000000E+0	1.262490E+5
2.520000E-3	0.000000E+0	1.262790E+5
2.540000E-3	0.000000E+0	1.264510E+5
2.560000E-3	0.000000E+0	1.256950E+5
2.580000E-3	0.000000E+0	1.263860E+5
2.600000E-3	0.000000E+0	1.263680E+5
2.620000E-3	0.000000E+0	1.257440E+5
2.640000E-3	0.000000E+0	1.261410E+5
2.660000E-3	0.000000E+0	1.258280E+5
2.680000E-3	0.000000E+0	1.266250E+5
2.700000E-3	0.000000E+0	1.261060E+5
2.720000E-3	0.000000E+0	1.256170E+5
2.740000E-3	0.000000E+0	1.258860E+5
2.760000E-3	0.000000E+0	1.266420E+5
2.780000E-3	0.000000E+0	1.261330E+5
2.800000E-3	0.000000E+0	1.256930E+5
2.820000E-3	0.000000E+0	1.257700E+5
2.840000E-3	0.000000E+0	1.260210E+5
2.860000E-3	0.000000E+0	1.261660E+5
2.880000E-3	0.000000E+0	1.265100E+5
2.900000E-3	0.000000E+0	1.253950E+5
2.920000E-3	0.000000E+0	1.261000E+5
2.940000E-3	0.000000E+0	1.260790E+5
2.960000E-3	0.000000E+0	1.260950E+5
2.980000E-3	0.000000E+0	1.260410E+5
3.000000E-3	0.000000E+0	1.257220E+5
3.020000E-3	0.000000E+0	1.265420E+5
3.040000E-3	0.000000E+0	1.262270E+5
3.060000E-3	0.000000E+0	1.259550E+5
3.080000E-3	0.000000E+0	1.256540E+5
3.100000E-3	0.000000E+0	1.263580E+5
3.120000E-3	0.000000E+0	1.260410E+5
3.140000E-3	0.000000E+0	1.256620E+5
3.160000E-3	0.000000E+0	1.255410E+5
3.180000E-3	0.000000E+0	1.256930E+5
3.200000E-3	0.000000E+0	1.263530E+5
3.220000E-3	0.000000E+0	1.257800E+5
3.240000E-3	0.000000E+0	1.260260E+5
3.260000E-3	0.000000E+0	1.262810E+5
3.280000E-3	0.000000E+0	1.264250E+5
3.300000E-3	0.000000E+0	1.262580E+5
3.320000E-3	0.000000E+0	1.262200E+5
3.340000E-3	0.000000E+0	1.258640E+5
3.360000E-3	0.000000E+0	1.262900E+5
3.380000E-3	0.000000E+0	1.255340E+5
3.400000E-3	0.000000E+0	1.261810E+5
3.420000E-3	0.000000E+0	1.262220E+5
3.440000E-3	0.000000E+0	1.258700E+5
3.460000E-3	0.000000E+0	1.264310E+5
3.480000E-3	0.000000E+0	1.263760E+5
3.500000E-3	0.000000E+0	1.265590E+5
3.520000E-3	0.000000E+0	1.262200E+5
3.540000E-3	0.000000E+0	1.269540E+5
3.560000E-3	0.000000E+0	1.261840E+5
3.580000E-3	0.000000E+0	1.262340E+5
3.600000E-3	0.000000E+0	1.251000E+5
3.620000E-3	0.000000E+0	1.261620E+5
3.640000E-3	0.000000E+0	1.260870E+5
3.660000E-3	0.000000E+0	1.260780E+5
3.680000E-3	0.000000E+0	1.263370E+5
3.700000E-3	0.000000E+0	1.259530E+5
3.720000E-3	0.000000E+0	1.257050E+5
3.740000E-3	0.000000E+0	1.259780E+5
3.760000E-3	0.000000E+0	1.262820E+5
3.780000E-3	0.000000E+0	1.261200E+5
3.800000E-3	0.000000E+0	1.258900E+5
3.820000E-3	0.000000E+0	1.256970E+5
3.840000E-3	0.000000E+0	1.262080E+5
3.860000E-3	0.000000E+0	1.260490E+5
3.880000E-3	0.000000E+0	1.257740E+5
3.900000E-3	0.000000E+0	1.254570E+5
3.920000E-3	0.000000E+0	1.265130E+5
3.940000E-3	0.000000E+0	1.263460E+5
3.960000E-3	0.000000E+0	1.260250E+5
3.980000E-3	0.000000E+0	1.259570E+5
4.000000E-3	0.000000E+0	1.259030E+5
4.020000E-3	0.000000E+0	1.264050E+5
4.040000E-3	0.000000E+0	1.261620E+5
4.060000E-3	0.000000E+0	1.254800E+5
4.080000E-3	0.000000E+0	1.259730E+5
4.100000E-3	0.000000E+0	1.261610E+5
4.120000E-3	0.000000E+0	1.259230E+5
4.140000E-3	0.000000E+0	1.263930E+5
4.160000E-3	0.000000E+0	1.256750E+5
4.180000E-3	0.000000E+0	1.262590E+5
4.200000E-3	0.000000E+0	1.256340E+5
4.220000E-3	0.000000E+0	1.265210E+5
4.240000E-3	0.000000E+0	1.258590E+5
4.260000E-3	0.000000E+0	1.258190E+5
4.280000E-3	0.000000E+0	1.269620E+5
4.300000E-3	0.000000E+0	1.257690E+5
4.320000E-3	0.000000E+0	1.266680E+5
4.340000E-3	0.000000E+0	1.259280E+5
4.360000E-3	0.000000E+0	1.262190E+5
4.380000E-3	0.000000E+0	1.254760E+5
4.400000E-3	0.000000E+0	1.270730E+5
4.420000E-3	0.000000E+0	1.259630E+5
4.440000E-3	0.000000E+0	1.262330E+5
4.460000E-3	0.000000E+0	1.264920E+5
4.480000E-3	0.000000E+0	1.260790E+5
4.500000E-3	0.000000E+0	1.255660E+5
4.520000E-3	0.000000E+0	1.264260E+5
4.540000E-3	0.000000E+0	1.263480E+5
4.560000E-3	0.000000E+0	1.266520E+5
4.580000E-3	0.000000E+0	1.265980E+5
4.600000E-3	0.000000E+0	1.266920E+5
4.620000E-3	0.000000E+0	1.257850E+5
4.640000E-3	0.000000E+0	1.264290E+5
4.660000E-3	0.000000E+0	1.260130E+5
4.680000E-3	0.000000E+0	1.261600E+5
4.700000E-3	0.000000E+0	1.259080E+5
4.720000E-3	0.000000E+0	1.263320E+5
4.740000E-3	0.000000E+0	1.258760E+5
4.760000E-3	0.000000E+0	1.254480E+5
4.780000E-3	0.000000E+0	1.255800E+5
4.800000E-3	0.000000E+0	1.265310E+5
4.820000E-3	0.000000E+0	1.260040E+5
4.840000E-3	0.000000E+0	1.259460E+5
4.860000E-3	0.000000E+0	1.263640E+5
4.880000E-3	0.000000E+0	1.262870E+5
4.900000E-3	0.000000E+0	1.264620E+5
4.920000E-3	0.000000E+0	1.258350E+5
4.940000E-3	0.000000E+0	1.267550E+5
4.960000E-3	0.000000E+0	1.262640E+5
4.980000E-3	0.000000E+0	1.258650E+5
5.000000E-3	0.000000E+0	1.255900E+5
5.020000E-3	0.000000E+0	1.259620E+5
5.040000E-3	0.000000E+0	1.259710E+5
5.060000E-3	0.000000E+0	1.266670E+5
5.080000E-3	0.000000E+0	1.259650E+5
5.100000E-3	0.000000E+0	1.261950E+5
5.120000E-3	0.000000E+0	1.266020E+5
5.140000E-3	0.000000E+0	1.258050E+5
5.160000E-3	0.000000E+0	1.266170E+5
5.180000E-3	0.000000E+0	1.253870E+5
5.200000E-3	0.000000E+0	1.256640E+5
5.220000E-3	0.000000E+0	1.256900E+5
5.240000E-3	0.000000E+0	1.254380E+5
5.260000E-3	0.000000E+0	1.260940E+5
5.280000E-3	0.000000E+0	1.253380E+5
5.300000E-3	0.000000E+0	1.252840E+5
5.320000E-3	0.000000E+0	1.256110E+5
5.340000E-3	0.000000E+0	1.254810E+5
5.360000E-3	0.000000E+0	1.257470E+5
5.380000E-3	0.000000E+0	1.253930E+5
5.400000E-3	0.000000E+0	1.253560E+5
5.420000E-3	0.000000E+0	1.253290E+5
5.440000E-3	0.000000E+0	1.248750E+5
5.460000E-3	0.000000E+0	1.254010E+5
5.480000E-3	0.000000E+0	1.246790E+5
5.500000E-3	0.000000E+0	1.244050E+5
5.520000E-3	0.000000E+0	1.249080E+5
5.540000E-3	0.000000E+0	1.246070E+5
5.560000E-3	0.000000E+0	1.249040E+5
5.580000E-3	0.000000E+0	1.242620E+5
5.600000E-3	0.000000E+0	1.244320E+5
5.620000E-3	0.000000E+0	1.230460E+5
5.640000E-3	0.000000E+0	1.223480E+5
5.660000E-3	0.000000E+0	1.210990E+5
5.680000E-3	0.000000E+0	1.191550E+5
5.700000E-3	0.000000E+0	1.177530E+5
5.720000E-3	0.000000E+0	1.138370E+5
5.740000E-3	0.000000E+0	1.080260E+5
5.760000E-3	0.000000E+0	1.011240E+5
5.780000E-3	0.000000E+0	9.139700E+4
5.800000E-3	0.000000E+0	8.230800E+4
5.820000E-3	0.000000E+0	7.635100E+4
5.840000E-3	0.000000E+0	7.464400E+4
5.860000E-3	0.000000E+0	7.755300E+4
5.880000E-3	0.000000E+0	8.506500E+4
5.900000E-3	0.000000E+0	9.485300E+4
5.920000E-3	0.000000E+0	1.039610E+5
5.940000E-3	0.000000E+0	1.115570E+5
5.960000E-3	0.000000E+0	1.154810E+5
5.980000E-3	0.000000E+0	1.191520E+5
6.000000E-3	0.000000E+0	1.211830E+5
6.020000E-3	0.000000E+0	1.219930E+5
6.040000E-3	0.000000E+0	1.226840E+5
6.060000E-3	0.000000E+0	1.233250E+5
6.080000E-3	0.000000E+0	1.238330E+5
6.100000E-3	0.000000E+0	1.240390E+5
6.120000E-3	0.000000E+0	1.245260E+5
6.140000E-3	0.000000E+0	1.248310E+5
6.160000E-3	0.000000E+0	1.246040E+5
6.180000E-3	0.000000E+0	1.250960E+5
6.200000E-3	0.000000E+0	1.253930E+5
6.220000E-3	0.000000E+0	1.248380E+5
6.240000E-3	0.000000E+0	1.250180E+5
6.260000E-3	0.000000E+0	1.258210E+5
6.280000E-3	0.000000E+0	1.257700E+5
6.300000E-3	0.000000E+0	1.256950E+5
6.320000E-3	0.000000E+0	1.250930E+5
6.340000E-3	0.000000E+0	1.257830E+5
6.360000E-3	0.000000E+0	1.253630E+5
6.380000E-3	0.000000E+0	1.258550E+5
6.400000E-3	0.000000E+0	1.260840E+5
6.420000E-3	0.000000E+0	1.264790E+5
6.440000E-3	0.000000E+0	1.249080E+5
6.460000E-3	0.000000E+0	1.256830E+5
6.480000E-3	0.000000E+0	1.262410E+5
6.500000E-3	0.000000E+0	1.256960E+5
6.520000E-3	0.000000E+0	1.256260E+5
6.540000E-3	0.000000E+0	1.260660E+5
6.560000E-3	0.000000E+0	1.259370E+5
6.580000E-3	0.000000E+0	1.259240E+5
6.600000E-3	0.000000E+0	1.254830E+5
6.620000E-3	0.000000E+0	1.258590E+5
6.640000E-3	0.000000E+0	1.258400E+5
6.660000E-3	0.000000E+0	1.259950E+5
6.680000E-3	0.000000E+0	1.256510E+5
6.700000E-3	0.000000E+0	1.257160E+5
6.720000E-3	0.000000E+0	1.256720E+5
6.740000E-3	0.000000E+0	1.259540E+5
6.760000E-3	0.000000E+0	1.261960E+5
6.780000E-3	0.000000E+0	1.262070E+5
6.800000E-3	0.000000E+0	1.258170E+5
6.820000E-3	0.000000E+0	1.259860E+5
6.840000E-3	0.000000E+0	1.258810E+5
6.860000E-3	0.000000E+0	1.268590E+5
6.880000E-3	0.000000E+0	1.258000E+5
6.900000E-3	0.000000E+0	1.260370E+5
6.920000E-3	0.000000E+0	1.267990E+5
6.940000E-3	0.000000E+0	1.261020E+5
6.960000E-3	0.000000E+0	1.247830E+5
6.980000E-3	0.000000E+0	1.262350E+5
7.000000E-3	0.000000E+0	1.264770E+5
7.020000E-3	0.000000E+0	1.261130E+5
7.040000E-3	0.000000E+0	1.256300E+5
7.060000E-3	0.000000E+0	1.261820E+5
7.080000E-3	0.000000E+0	1.261940E+5
7.100000E-3	0.000000E+0	1.256630E+5
7.120000E-3	0.000000E+0	1.258280E+5
7.140000E-3	0.000000E+0	1.262460E+5
7.160000E-3	0.000000E+0	1.266750E+5
7.180000E-3	0.000000E+0	1.266860E+5
7.200000E-3	0.000000E+0	1.256130E+5
7.220000E-3	0.000000E+0	1.260550E+5
7.240000E-3	0.000000E+0	1.260370E+5
7.260000E-3	0.000000E+0	1.265640E+5
7.280000E-3	0.000000E+0	1.257780E+5
7.300000E-3	0.000000E+0	1.260380E+5
7.320000E-3	0.000000E+0	1.261540E+5
7.340000E-3	0.000000E+0	1.260450E+5
7.360000E-3	0.000000E+0	1.259780E+5
7.380000E-3	0.000000E+0	1.263460E+5
7.400000E-3	0.000000E+0	1.260430E+5
7.420000E-3	0.000000E+0	1.263270E+5
7.440000E-3	0.000000E+0	1.261900E+5
7.460000E-3	0.000000E+0	1.258720E+5
7.480000E-3	0.000000E+0	1.262400E+5
7.500000E-3	0.000000E+0	1.251440E+5
7.520000E-3	0.000000E+0	1.263060E+5
7.540000E-3	0.000000E+0	1.262830E+5
7.560000E-3	0.000000E+0	1.263560E+5
7.580000E-3	0.000000E+0	1.256960E+5
7.600000E-3	0.000000E+0	1.257810E+5
7.620000E-3	0.000000E+0	1.266030E+5
7.640000E-3	0.000000E+0	1.261920E+5
7.660000E-3	0.000000E+0	1.266720E+5
7.680000E-3	0.000000E+0	1.266020E+5
7.700000E-3	0.000000E+0	1.259660E+5
7.720000E-3	0.000000E+0	1.261450E+5
7.740000E-3	0.000000E+0	1.258710E+5
7.760000E-3	0.000000E+0	1.267490E+5
7.780000E-3	0.000000E+0	1.260230E+5
7.800000E-3	0.000000E+0	1.266630E+5
7.820000E-3	0.000000E+0	1.261150E+5
7.840000E-3	0.000000E+0	1.262350E+5
7.860000E-3	0.000000E+0	1.262310E+5
7.880000E-3	0.000000E+0	1.264670E+5
7.900000E-3	0.000000E+0	1.266110E+5
7.920000E-3	0.000000E+0	1.261260E+5
7.940000E-3	0.000000E+0	1.260740E+5
7.960000E-3	0.000000E+0	1.262120E+5
7.980000E-3	0.000000E+0	1.258790E+5
8.000000E-3	0.000000E+0	1.254770E+5
8.020000E-3	0.000000E+0	1.256980E+5
8.040000E-3	0.000000E+0	1.253290E+5
8.060000E-3	0.000000E+0	1.261600E+5
8.080000E-3	0.000000E+0	1.273640E+5
8.100000E-3	0.000000E+0	1.256020E+5
8.120000E-3	0.000000E+0	1.256680E+5
8.140000E-3	0.000000E+0	1.261620E+5
8.160000E-3	0.000000E+0	1.260610E+5
8.180000E-3	0.000000E+0	1.257200E+5
8.200000E-3	0.000000E+0	1.259880E+5
8.220000E-3	0.000000E+0	1.255190E+5
8.240000E-3	0.000000E+0	1.262170E+5
8.260000E-3	0.000000E+0	1.255210E+5
8.280000E-3	0.000000E+0	1.265840E+5
8.300000E-3	0.000000E+0	1.265610E+5
8.320000E-3	0.000000E+0	1.259780E+5
8.340000E-3	0.000000E+0	1.265350E+5
8.360000E-3	0.000000E+0	1.256410E+5
8.380000E-3	0.000000E+0	1.264170E+5
8.400000E-3	0.000000E+0	1.261040E+5
8.420000E-3	0.000000E+0	1.259950E+5
8.440000E-3	0.000000E+0	1.263180E+5
8.460000E-3	0.000000E+0	1.263250E+5
8.480000E-3	0.000000E+0	1.261040E+5
8.500000E-3	0.000000E+0	1.262670E+5
8.520000E-3	0.000000E+0	1.259520E+5
8.540000E-3	0.000000E+0	1.262870E+5
8.560000E-3	0.000000E+0	1.265660E+5
8.580000E-3	0.000000E+0	1.258450E+5
8.600000E-3	0.000000E+0	1.262390E+5
8.620000E-3	0.000000E+0	1.260740E+5
8.640000E-3	0.000000E+0	1.263900E+5
8.660000E-3	0.000000E+0	1.259150E+5
8.680000E-3	0.000000E+0	1.263700E+5
8.700000E-3	0.000000E+0	1.263540E+5
8.720000E-3	0.000000E+0	1.261950E+5
8.740000E-3	0.000000E+0	1.261500E+5
8.760000E-3	0.000000E+0	1.270190E+5
8.780000E-3	0.000000E+0	1.258600E+5
8.800000E-3	0.000000E+0	1.261750E+5
8.820000E-3	0.000000E+0	1.264140E+5
8.840000E-3	0.000000E+0	1.263450E+5
8.860000E-3	0.000000E+0	1.262580E+5
8.880000E-3	0.000000E+0	1.260800E+5
8.900000E-3	0.000000E+0	1.269760E+5
8.920000E-3	0.000000E+0	1.260670E+5
8.940000E-3	0.000000E+0	1.261950E+5
8.960000E-3	0.000000E+0	1.260920E+5
8.980000E-3	0.000000E+0	1.255890E+5
9.000000E-3	0.000000E+0	1.259540E+5
9.020000E-3	0.000000E+0	1.260380E+5
9.040000E-3	0.000000E+0	1.265390E+5
9.060000E-3	0.000000E+0	1.261030E+5
9.080000E-3	0.000000E+0	1.265200E+5
9.100000E-3	0.000000E+0	1.259120E+5
9.120000E-3	0.000000E+0	1.262250E+5
9.140000E-3	0.000000E+0	1.262390E+5
9.160000E-3	0.000000E+0	1.249630E+5
9.180000E-3	0.000000E+0	1.257970E+5
9.200000E-3	0.000000E+0	1.264520E+5
9.220000E-3	0.000000E+0	1.262000E+5
9.240000E-3	0.000000E+0	1.261000E+5
9.260000E-3	0.000000E+0	1.262200E+5
9.280000E-3	0.000000E+0	1.260020E+5
9.300000E-3	0.000000E+0	1.261130E+5
9.320000E-3	0.000000E+0	1.260900E+5
9.340000E-3	0.000000E+0	1.263160E+5
9.360000E-3	0.000000E+0	1.260890E+5
9.380000E-3	0.000000E+0	1.264820E+5
9.400000E-3	0.000000E+0	1.259920E+5
9.420000E-3	0.000000E+0	1.258710E+5
9.440000E-3	0.000000E+0	1.258680E+5
9.460000E-3	0.000000E+0	1.260870E+5
9.480000E-3	0.000000E+0	1.257260E+5
9.500000E-3	0.000000E+0	1.264780E+5
9.520000E-3	0.000000E+0	1.263360E+5
9.540000E-3	0.000000E+0	1.254790E+5
9.560000E-3	0.000000E+0	1.261700E+5
9.580000E-3	0.000000E+0	1.264230E+5
9.600000E-3	0.000000E+0	1.256980E+5
9.620000E-3	0.000000E+0	1.262520E+5
9.640000E-3	0.000000E+0	1.263560E+5
9.660000E-3	0.000000E+0	1.261560E+5
9.680000E-3	0.000000E+0	1.254380E+5
9.700000E-3	0.000000E+0	1.261690E+5
9.720000E-3	0.000000E+0	1.262370E+5
9.740000E-3	0.000000E+0	1.267330E+5
9.760000E-3	0.000000E+0	1.257510E+5
9.780000E-3	0.000000E+0	1.259990E+5
9.800000E-3	0.000000E+0	1.263400E+5
9.820000E-3	0.000000E+0	1.257770E+5
9.840000E-3	0.000000E+0	1.262470E+5
9.860000E-3	0.000000E+0	1.265490E+5
9.880000E-3	0.000000E+0	1.264590E+5
9.900000E-3	0.000000E+0	1.262760E+5
9.920000E-3	0.000000E+0	1.266750E+5
9.940000E-3	0.000000E+0	1.255890E+5
9.960000E-3	0.000000E+0	1.253560E+5
9.980000E-3	0.000000E+0	1.260150E+5
1.000000E-2	0.000000E+0	1.262670E+5
1.002000E-2	0.000000E+0	1.258090E+5
1.004000E-2	0.000000E+0	1.259670E+5
1.006000E-2	0.000000E+0	1.257980E+5
1.008000E-2	0.000000E+0	1.263680E+5
1.010000E-2	0.000000E+0	1.263940E+5
1.012000E-2	0.000000E+0	1.261950E+5
1.014000E-2	0.000000E+0	1.269040E+5
1.016000E-2	0.000000E+0	1.267830E+5
1.018000E-2	0.000000E+0	1.263100E+5
1.020000E-2	0.000000E+0	1.268230E+5
1.022000E-2	0.000000E+0	1.266560E+5
1.024000E-2	0.000000E+0	1.261690E+5
1.026000E-2	0.000000E+0	1.260770E+5
1.028000E-2	0.000000E+0	1.261890E+5
1.030000E-2	0.000000E+0	1.260270E+5
1.032000E-2	0.000000E+0	1.264210E+5
1.034000E-2	0.000000E+0	1.264520E+5
1.036000E-2	0.000000E+0	1.261290E+5
1.038000E-2	0.000000E+0	1.262200E+5
1.040000E-2	0.000000E+0	1.265710E+5
1.042000E-2	0.000000E+0	1.259850E+5
1.044000E-2	0.000000E+0	1.266120E+5
1.046000E-2	0.000000E+0	1.260720E+5
1.048000E-2	0.000000E+0	1.265150E+5
1.050000E-2	0.000000E+0	1.258450E+5
1.052000E-2	0.000000E+0	1.261630E+5
1.054000E-2	0.000000E+0	1.261030E+5
1.056000E-2	0.000000E+0	1.263180E+5
1.058000E-2	0.000000E+0	1.261310E+5
1.060000E-2	0.000000E+0	1.251730E+5
1.062000E-2	0.000000E+0	1.258000E+5
1.064000E-2	0.000000E+0	1.260280E+5
1.066000E-2	0.000000E+0	1.265020E+5
1.068000E-2	0.000000E+0	1.256930E+5
1.070000E-2	0.000000E+0	1.256760E+5
1.072000E-2	0.000000E+0	1.257410E+5
1.074000E-2	0.000000E+0	1.261250E+5
1.076000E-2	0.000000E+0	1.261530E+5
1.078000E-2	0.000000E+0	1.259650E+5
1.080000E-2	0.000000E+0	1.260930E+5
1.082000E-2	0.000000E+0	1.257630E+5
1.084000E-2	0.000000E+0	1.256480E+5
1.086000E-2	0.000000E+0	1.255610E+5
1.088000E-2	0.000000E+0	1.262260E+5
1.090000E-2	0.000000E+0	1.262210E+5
1.092000E-2	0.000000E+0	1.258610E+5
1.094000E-2	0.000000E+0	1.261350E+5
1.096000E-2	0.000000E+0	1.264250E+5
1.098000E-2	0.000000E+0	1.260630E+5
1.100000E-2	0.000000E+0	1.260930E+5
1.102000E-2	0.000000E+0	1.254120E+5
1.104000E-2	0.000000E+0	1.264870E+5
1.106000E-2	0.000000E+0	1.254630E+5
1.108000E-2	0.000000E+0	1.265850E+5
1.110000E-2	0.000000E+0	1.265830E+5
1.112000E-2	0.000000E+0	1.258790E+5
1.114000E-2	0.000000E+0	1.261060E+5
1.116000E-2	0.000000E+0	1.259390E+5
1.118000E-2	0.000000E+0	1.258550E+5
1.120000E-2	0.000000E+0	1.256690E+5
1.122000E-2	0.000000E+0	1.257270E+5
1.124000E-2	0.000000E+0	1.265740E+5
1.126000E-2	0.000000E+0	1.265150E+5
1.128000E-2	0.000000E+0	1.267150E+5
1.130000E-2	0.000000E+0	1.253750E+5
1.132000E-2	0.000000E+0	1.266290E+5
1.134000E-2	0.000000E+0	1.262060E+5
1.136000E-2	0.000000E+0	1.259830E+5
1.138000E-2	0.000000E+0	1.260830E+5
1.140000E-2	0.000000E+0	1.261430E+5
1.142000E-2	0.000000E+0	1.258040E+5
1.144000E-2	0.000000E+0	1.259750E+5
1.146000E-2	0.000000E+0	1.263660E+5
1.148000E-2	0.000000E+0	1.261010E+5
1.150000E-2	0.000000E+0	1.260840E+5
1.152000E-2	0.000000E+0	1.261220E+5
1.154000E-2	0.000000E+0	1.259410E+5
1.156000E-2	0.000000E+0	1.263530E+5
1.158000E-2	0.000000E+0	1.261370E+5
1.160000E-2	0.000000E+0	1.263590E+5
1.162000E-2	0.000000E+0	1.261580E+5
1.164000E-2	0.000000E+0	1.260430E+5
1.166000E-2	0.000000E+0	1.252980E+5
1.168000E-2	0.000000E+0	1.264740E+5
1.170000E-2	0.000000E+0	1.265070E+5
1.172000E-2	0.000000E+0	1.256220E+5
1.174000E-2	0.000000E+0	1.259360E+5
1.176000E-2	0.000000E+0	1.260710E+5
1.178000E-2	0.000000E+0	1.262420E+5
1.180000E-2	0.000000E+0	1.258360E+5
1.182000E-2	0.000000E+0	1.266680E+5
1.184000E-2	0.000000E+0	1.260200E+5
1.186000E-2	0.000000E+0	1.256060E+5
1.188000E-2	0.000000E+0	1.255490E+5
1.190000E-2	0.000000E+0	1.260220E+5
1.192000E-2	0.000000E+0	1.257190E+5
1.194000E-2	0.000000E+0	1.263280E+5
1.196000E-2	0.000000E+0	1.256340E+5
1.198000E-2	0.000000E+0	1.256540E+5
1.200000E-2	0.000000E+0	1.256750E+5
1.202000E-2	0.000000E+0	1.260330E+5
1.204000E-2	0.000000E+0	1.259950E+5
1.206000E-2	0.000000E+0	1.265690E+5
1.208000E-2	0.000000E+0	1.262780E+5
1.210000E-2	0.000000E+0	1.262410E+5
1.212000E-2	0.000000E+0	1.254420E+5
1.214000E-2	0.000000E+0	1.256230E+5
1.216000E-2	0.000000E+0	1.263020E+5
1.218000E-2	0.000000E+0	1.258920E+5
1.220000E-2	0.000000E+0	1.261510E+5
1.222000E-2	0.000000E+0	1.262810E+5
1.224000E-2	0.000000E+0	1.261310E+5
1.226000E-2	0.000000E+0	1.253480E+5
1.228000E-2	0.000000E+0	1.262140E+5
1.230000E-2	0.000000E+0	1.255120E+5
1.232000E-2	0.000000E+0	1.262990E+5
1.234000E-2	0.000000E+0	1.262360E+5
1.236000E-2	0.000000E+0	1.260540E+5
1.238000E-2	0.000000E+0	1.258770E+5
1.240000E-2	0.000000E+0	1.257770E+5
1.242000E-2	0.000000E+0	1.266280E+5
1.244000E-2	0.000000E+0	1.263440E+5
1.246000E-2	0.000000E+0	1.253470E+5
1.248000E-2	0.000000E+0	1.261000E+5
1.250000E-2	0.000000E+0	1.262290E+5
1.252000E-2	0.000000E+0	1.261980E+5
1.254000E-2	0.000000E+0	1.255620E+5
1.256000E-2	0.000000E+0	1.261770E+5
1.258000E-2	0.000000E+0	1.265490E+5
1.260000E-2	0.000000E+0	1.264520E+5
1.262000E-2	0.000000E+0	1.255140E+5
1.264000E-2	0.000000E+0	1.261390E+5
1.266000E-2	0.000000E+0	1.261310E+5
1.268000E-2	0.000000E+0	1.261670E+5
1.270000E-2	0.000000E+0	1.261980E+5
1.272000E-2	0.000000E+0	1.257580E+5
1.274000E-2	0.000000E+0	1.259620E+5
1.276000E-2	0.000000E+0	1.265490E+5
1.278000E-2	0.000000E+0	1.260250E+5
1.280000E-2	0.000000E+0	1.260250E+5
1.282000E-2	0.000000E+0	1.252910E+5
1.284000E-2	0.000000E+0	1.260270E+5
1.286000E-2	0.000000E+0	1.265100E+5
1.288000E-2	0.000000E+0	1.261540E+5
1.290000E-2	0.000000E+0	1.255870E+5
1.292000E-2	0.000000E+0	1.261040E+5
1.294000E-2	0.000000E+0	1.259630E+5
1.296000E-2	0.000000E+0	1.258670E+5
1.298000E-2	0.000000E+0	1.262230E+5
1.300000E-2	0.000000E+0	1.255800E+5
1.302000E-2	0.000000E+0	1.263150E+5
1.304000E-2	0.000000E+0	1.259960E+5
1.306000E-2	0.000000E+0	1.257410E+5
1.308000E-2	0.000000E+0	1.266320E+5
1.310000E-2	0.000000E+0	1.264790E+5
1.312000E-2	0.000000E+0	1.259160E+5
1.314000E-2	0.000000E+0	1.259600E+5
1.316000E-2	0.000000E+0	1.261610E+5
1.318000E-2	0.000000E+0	1.259330E+5
1.320000E-2	0.000000E+0	1.263190E+5
1.322000E-2	0.000000E+0	1.258130E+5
1.324000E-2	0.000000E+0	1.257100E+5
1.326000E-2	0.000000E+0	1.261970E+5
1.328000E-2	0.000000E+0	1.266120E+5
1.330000E-2	0.000000E+0	1.263920E+5
1.332000E-2	0.000000E+0	1.265060E+5
1.334000E-2	0.000000E+0	1.258310E+5
1.336000E-2	0.000000E+0	1.258230E+5
1.338000E-2	0.000000E+0	1.256160E+5
1.340000E-2	0.000000E+0	1.262530E+5
1.342000E-2	0.000000E+0	1.265890E+5
1.344000E-2	0.000000E+0	1.261390E+5
1.346000E-2	0.000000E+0	1.259530E+5
1.348000E-2	0.000000E+0	1.260030E+5
1.350000E-2	0.000000E+0	1.260720E+5
1.352000E-2	0.000000E+0	1.262000E+5
1.354000E-2	0.000000E+0	1.262270E+5
1.356000E-2	0.000000E+0	1.257940E+5
1.358000E-2	0.000000E+0	1.247430E+5
1.360000E-2	0.000000E+0	1.257400E+5
1.362000E-2	0.000000E+0	1.255490E+5
1.364000E-2	0.000000E+0	1.256800E+5
1.366000E-2	0.000000E+0	1.255660E+5
1.368000E-2	0.000000E+0	1.263220E+5
1.370000E-2	0.000000E+0	1.262030E+5
1.372000E-2	0.000000E+0	1.260670E+5
1.374000E-2	0.000000E+0	1.257440E+5
1.376000E-2	0.000000E+0	1.262470E+5
1.378000E-2	0.000000E+0	1.268200E+5
1.380000E-2	0.000000E+0	1.255590E+5
1.382000E-2	0.000000E+0	1.252210E+5
1.384000E-2	0.000000E+0	1.255780E+5
1.386000E-2	0.000000E+0	1.263940E+5
1.388000E-2	0.000000E+0	1.260350E+5
1.390000E-2	0.000000E+0	1.261280E+5
1.392000E-2	0.000000E+0	1.257170E+5
1.394000E-2	0.000000E+0	1.267580E+5
1.396000E-2	0.000000E+0	1.253740E+5
1.398000E-2	0.000000E+0	1.265740E+5
1.400000E-2	0.000000E+0	1.260720E+5
1.402000E-2	0.000000E+0	1.259810E+5
1.404000E-2	0.000000E+0	1.263770E+5
1.406000E-2	0.000000E+0	1.257140E+5
1.408000E-2	0.000000E+0	1.264480E+5
1.410000E-2	0.000000E+0	1.260010E+5
1.412000E-2	0.000000E+0	1.257070E+5
1.414000E-2	0.000000E+0	1.256340E+5
1.416000E-2	0.000000E+0	1.265560E+5
1.418000E-2	0.000000E+0	1.261740E+5
1.420000E-2	0.000000E+0	1.264550E+5
1.422000E-2	0.000000E+0	1.256790E+5
1.424000E-2	0.000000E+0	1.256770E+5
1.426000E-2	0.000000E+0	1.261810E+5
1.428000E-2	0.000000E+0	1.262180E+5
1.430000E-2	0.000000E+0	1.260690E+5
1.432000E-2	0.000000E+0	1.264810E+5
1.434000E-2	0.000000E+0	1.258950E+5
1.436000E-2	0.000000E+0	1.259720E+5
1.438000E-2	0.000000E+0	1.259460E+5
1.440000E-2	0.000000E+0	1.258610E+5
1.442000E-2	0.000000E+0	1.262620E+5
1.444000E-2	0.000000E+0	1.264160E+5
1.446000E-2	0.000000E+0	1.261110E+5
1.448000E-2	0.000000E+0	1.257790E+5
1.450000E-2	0.000000E+0	1.259700E+5
1.452000E-2	0.000000E+0	1.263160E+5
1.454000E-2	0.000000E+0	1.260040E+5
1.456000E-2	0.000000E+0	1.258920E+5
1.458000E-2	0.000000E+0	1.256060E+5
1.460000E-2	0.000000E+0	1.256210E+5
1.462000E-2	0.000000E+0	1.266770E+5
1.464000E-2	0.000000E+0	1.259920E+5
1.466000E-2	0.000000E+0	1.258560E+5
1.468000E-2	0.000000E+0	1.263190E+5
1.470000E-2	0.000000E+0	1.255460E+5
1.472000E-2	0.000000E+0	1.257390E+5
1.474000E-2	0.000000E+0	1.261520E+5
1.476000E-2	0.000000E+0	1.258080E+5
1.478000E-2	0.000000E+0	1.265480E+5
1.480000E-2	0.000000E+0	1.261630E+5
1.482000E-2	0.000000E+0	1.260020E+5
1.484000E-2	0.000000E+0	1.259930E+5
1.486000E-2	0.000000E+0	1.261520E+5
1.488000E-2	0.000000E+0	1.255370E+5
1.490000E-2	0.000000E+0	1.260970E+5
1.492000E-2	0.000000E+0	1.259150E+5
1.494000E-2	0.000000E+0	1.262890E+5
1.496000E-2	0.000000E+0	1.263310E+5
1.498000E-2	0.000000E+0	1.261810E+5
1.500000E-2	0.000000E+0	1.260570E+5
1.502000E-2	0.000000E+0	1.261200E+5
1.504000E-2	0.000000E+0	1.269080E+5
1.506000E-2	0.000000E+0	1.258660E+5
1.508000E-2	0.000000E+0	1.261910E+5
1.510000E-2	0.000000E+0	1.262750E+5
1.512000E-2	0.000000E+0	1.262070E+5
1.514000E-2	0.000000E+0	1.252640E+5
1.516000E-2	0.000000E+0	1.261200E+5
1.518000E-2	0.000000E+0	1.264260E+5
1.520000E-2	0.000000E+0	1.257260E+5
1.522000E-2	0.000000E+0	1.260010E+5
1.524000E-2	0.000000E+0	1.264270E+5
1.526000E-2	0.000000E+0	1.254230E+5
1.528000E-2	0.000000E+0	1.263720E+5
1.530000E-2	0.000000E+0	1.264560E+5
1.532000E-2	0.000000E+0	1.262160E+5
1.534000E-2	0.000000E+0	1.259170E+5
1.536000E-2	0.000000E+0	1.257960E+5
1.538000E-2	0.000000E+0	1.260780E+5
1.540000E-2	0.000000E+0	1.258800E+5
1.542000E-2	0.000000E+0	1.256870E+5
1.544000E-2	0.000000E+0	1.261420E+5
1.546000E-2	0.000000E+0	1.252820E+5
1.548000E-2	0.000000E+0	1.256800E+5
1.550000E-2	0.000000E+0	1.260860E+5
1.552000E-2	0.000000E+0	1.259350E+5
1.554000E-2	0.000000E+0	1.258440E+5
1.556000E-2	0.000000E+0	1.264600E+5
1.558000E-2	0.000000E+0	1.261760E+5
1.560000E-2	0.000000E+0	1.259690E+5
1.562000E-2	0.000000E+0	1.255020E+5
1.564000E-2	0.000000E+0	1.255510E+5
1.566000E-2	0.000000E+0	1.259230E+5
1.568000E-2	0.000000E+0	1.258160E+5
1.570000E-2	0.000000E+0	1.261370E+5
1.572000E-2	0.000000E+0	1.259940E+5
1.574000E-2	0.000000E+0	1.260500E+5
1.576000E-2	0.000000E+0	1.257830E+5
1.578000E-2	0.000000E+0	1.257120E+5
1.580000E-2	0.000000E+0	1.265670E+5
1.582000E-2	0.000000E+0	1.260920E+5
1.584000E-2	0.000000E+0	1.256710E+5
1.586000E-2	0.000000E+0	1.258480E+5
1.588000E-2	0.000000E+0	1.257760E+5
1.590000E-2	0.000000E+0	1.259520E+5
1.592000E-2	0.000000E+0	1.255460E+5
1.594000E-2	0.000000E+0	1.259490E+5
1.596000E-2	0.000000E+0	1.258500E+5
1.598000E-2	0.000000E+0	1.258080E+5
1.600000E-2	0.000000E+0	1.259270E+5
1.602000E-2	0.000000E+0	1.258790E+5
1.604000E-2	0.000000E+0	1.259740E+5
1.606000E-2	0.000000E+0	1.261610E+5
1.608000E-2	0.000000E+0	1.259890E+5
1.610000E-2	0.000000E+0	1.259720E+5
1.612000E-2	0.000000E+0	1.251220E+5
1.614000E-2	0.000000E+0	1.262380E+5
1.616000E-2	0.000000E+0	1.265350E+5
1.618000E-2	0.000000E+0	1.250270E+5
1.620000E-2	0.000000E+0	1.254800E+5
1.622000E-2	0.000000E+0	1.253730E+5
1.624000E-2	0.000000E+0	1.260140E+5
1.626000E-2	0.000000E+0	1.253860E+5
1.628000E-2	0.000000E+0	1.257340E+5
1.630000E-2	0.000000E+0	1.257930E+5
1.632000E-2	0.000000E+0	1.257330E+5
1.634000E-2	0.000000E+0	1.259430E+5
1.636000E-2	0.000000E+0	1.255110E+5
1.638000E-2	0.000000E+0	1.257380E+5
1.640000E-2	0.000000E+0	1.254990E+5
1.642000E-2	0.000000E+0	1.257320E+5
1.644000E-2	0.000000E+0	1.260500E+5
1.646000E-2	0.000000E+0	1.250390E+5
1.648000E-2	0.000000E+0	1.263240E+5
1.650000E-2	0.000000E+0	1.261200E+5
1.652000E-2	0.000000E+0	1.258580E+5
1.654000E-2	0.000000E+0	1.250180E+5
1.656000E-2	0.000000E+0	1.254700E+5
1.658000E-2	0.000000E+0	1.260480E+5
1.660000E-2	0.000000E+0	1.251140E+5
1.662000E-2	0.000000E+0	1.255000E+5
1.664000E-2	0.000000E+0	1.262570E+5
1.666000E-2	0.000000E+0	1.260350E+5
1.668000E-2	0.000000E+0	1.255600E+5
1.670000E-2	0.000000E+0	1.255460E+5
1.672000E-2	0.000000E+0	1.257610E+5
1.674000E-2	0.000000E+0	1.249080E+5
1.676000E-2	0.000000E+0	1.253410E+5
1.678000E-2	0.000000E+0	1.257450E+5
1.680000E-2	0.000000E+0	1.258040E+5
1.682000E-2	0.000000E+0	1.254520E+5
1.684000E-2	0.000000E+0	1.248430E+5
1.686000E-2	0.000000E+0	1.249990E+5
1.688000E-2	0.000000E+0	1.249400E+5
1.690000E-2	0.000000E+0	1.242270E+5
1.692000E-2	0.000000E+0	1.246910E+5
1.694000E-2	0.000000E+0	1.245500E+5
1.696000E-2	0.000000E+0	1.239580E+5
1.698000E-2	0.000000E+0	1.238160E+5
1.700000E-2	0.000000E+0	1.234010E+5
1.702000E-2	0.000000E+0	1.229450E+5
1.704000E-2	0.000000E+0	1.218230E+5
1.706000E-2	0.000000E+0	1.209770E+5
1.708000E-2	0.000000E+0	1.205150E+5
1.710000E-2	0.000000E+0	1.176360E+5
1.712000E-2	0.000000E+0	1.153080E+5
1.714000E-2	0.000000E+0	1.098850E+5
1.716000E-2	0.000000E+0	1.022960E+5
1.718000E-2	0.000000E+0	9.354000E+4
1.720000E-2	0.000000E+0	8.423000E+4
1.722000E-2	0.000000E+0	7.741800E+4
1.724000E-2	0.000000E+0	7.468900E+4
1.726000E-2	0.000000E+0	7.701300E+4
1.728000E-2	0.000000E+0	8.353200E+4
1.730000E-2	0.000000E+0	9.238500E+4
1.732000E-2	0.000000E+0	1.007920E+5
1.734000E-2	0.000000E+0	1.084350E+5
1.736000E-2	0.000000E+0	1.135710E+5
1.738000E-2	0.000000E+0	1.171440E+5
1.740000E-2	0.000000E+0	1.198300E+5
1.742000E-2	0.000000E+0	1.212650E+5
1.744000E-2	0.000000E+0	1.223680E+5
1.746000E-2	0.000000E+0	1.229110E+5
1.748000E-2	0.000000E+0	1.233380E+5
1.750000E-2	0.000000E+0	1.235680E+5
1.752000E-2	0.000000E+0	1.236790E+5
1.754000E-2	0.000000E+0	1.252920E+5
1.756000E-2	0.000000E+0	1.239920E+5
1.758000E-2	0.000000E+0	1.244840E+5
1.760000E-2	0.000000E+0	1.250190E+5
1.762000E-2	0.000000E+0	1.246940E+5
1.764000E-2	0.000000E+0	1.251720E+5
1.766000E-2	0.000000E+0	1.252130E+5
1.768000E-2	0.000000E+0	1.255920E+5
1.770000E-2	0.000000E+0	1.255850E+5
1.772000E-2	0.000000E+0	1.257650E+5
1.774000E-2	0.000000E+0	1.250430E+5
1.776000E-2	0.000000E+0	1.252190E+5
1.778000E-2	0.000000E+0	1.254160E+5
1.780000E-2	0.000000E+0	1.255540E+5
1.782000E-2	0.000000E+0	1.256290E+5
1.784000E-2	0.000000E+0	1.259980E+5
1.786000E-2	0.000000E+0	1.261840E+5
1.788000E-2	0.000000E+0	1.258390E+5
1.790000E-2	0.000000E+0	1.252100E+5
1.792000E-2	0.000000E+0	1.258840E+5
1.794000E-2	0.000000E+0	1.258060E+5
1.796000E-2	0.000000E+0	1.261190E+5
1.798000E-2	0.000000E+0	1.256950E+5
1.800000E-2	0.000000E+0	1.257010E+5
1.802000E-2	0.000000E+0	1.253690E+5
1.804000E-2	0.000000E+0	1.258750E+5
1.806000E-2	0.000000E+0	1.257790E+5
1.808000E-2	0.000000E+0	1.254970E+5
1.810000E-2	0.000000E+0	1.259950E+5
1.812000E-2	0.000000E+0	1.259290E+5
1.814000E-2	0.000000E+0	1.254330E+5
1.816000E-2	0.000000E+0	1.258290E+5
1.818000E-2	0.000000E+0	1.254410E+5
1.820000E-2	0.000000E+0	1.260990E+5
1.822000E-2	0.000000E+0	1.252120E+5
1.824000E-2	0.000000E+0	1.254330E+5
1.826000E-2	0.000000E+0	1.255060E+5
1.828000E-2	0.000000E+0	1.261130E+5
1.830000E-2	0.000000E+0	1.256790E+5
1.832000E-2	0.000000E+0	1.261300E+5
1.834000E-2	0.000000E+0	1.260840E+5
1.836000E-2	0.000000E+0	1.251270E+5
1.838000E-2	0.000000E+0	1.262210E+5
1.840000E-2	0.000000E+0	1.265060E+5
1.842000E-2	0.000000E+0	1.260480E+5
1.844000E-2	0.000000E+0	1.263890E+5
1.846000E-2	0.000000E+0	1.261300E+5
1.848000E-2	0.000000E+0	1.252480E+5
1.850000E-2	0.000000E+0	1.257810E+5
1.852000E-2	0.000000E+0	1.255830E+5
1.854000E-2	0.000000E+0	1.255640E+5
1.856000E-2	0.000000E+0	1.260420E+5
1.858000E-2	0.000000E+0	1.253530E+5
1.860000E-2	0.000000E+0	1.257990E+5
1.862000E-2	0.000000E+0	1.260910E+5
1.864000E-2	0.000000E+0	1.267930E+5
1.866000E-2	0.000000E+0	1.250480E+5
1.868000E-2	0.000000E+0	1.263750E+5
1.870000E-2	0.000000E+0	1.258600E+5
1.872000E-2	0.000000E+0	1.258850E+5
1.874000E-2	0.000000E+0	1.259460E+5
1.876000E-2	0.000000E+0	1.253700E+5
1.878000E-2	0.000000E+0	1.254050E+5
1.880000E-2	0.000000E+0	1.256850E+5
1.882000E-2	0.000000E+0	1.260840E+5
1.884000E-2	0.000000E+0	1.258290E+5
1.886000E-2	0.000000E+0	1.262370E+5
1.888000E-2	0.000000E+0	1.256750E+5
1.890000E-2	0.000000E+0	1.257690E+5
1.892000E-2	0.000000E+0	1.256040E+5
1.894000E-2	0.000000E+0	1.259280E+5
1.896000E-2	0.000000E+0	1.259720E+5
1.898000E-2	0.000000E+0	1.269250E+5
1.900000E-2	0.000000E+0	1.258210E+5
1.902000E-2	0.000000E+0	1.256900E+5
1.904000E-2	0.000000E+0	1.259050E+5
1.906000E-2	0.000000E+0	1.258300E+5
1.908000E-2	0.000000E+0	1.263350E+5
1.910000E-2	0.000000E+0	1.252380E+5
1.912000E-2	0.000000E+0	1.257980E+5
1.914000E-2	0.000000E+0	1.265380E+5
1.916000E-2	0.000000E+0	1.257420E+5
1.918000E-2	0.000000E+0	1.259050E+5
1.920000E-2	0.000000E+0	1.254790E+5
1.922000E-2	0.000000E+0	1.256460E+5
1.924000E-2	0.000000E+0	1.268670E+5
1.926000E-2	0.000000E+0	1.260930E+5
1.928000E-2	0.000000E+0	1.260020E+5
1.930000E-2	0.000000E+0	1.258530E+5
1.932000E-2	0.000000E+0	1.264480E+5
1.934000E-2	0.000000E+0	1.261660E+5
1.936000E-2	0.000000E+0	1.257670E+5
1.938000E-2	0.000000E+0	1.261180E+5
1.940000E-2	0.000000E+0	1.255520E+5
1.942000E-2	0.000000E+0	1.259690E+5
1.944000E-2	0.000000E+0	1.259980E+5
1.946000E-2	0.000000E+0	1.259530E+5
1.948000E-2	0.000000E+0	1.259610E+5
1.950000E-2	0.000000E+0	1.262790E+5
1.952000E-2	0.000000E+0	1.259560E+5
1.954000E-2	0.000000E+0	1.260340E+5
1.956000E-2	0.000000E+0	1.259500E+5
1.958000E-2	0.000000E+0	1.259970E+5
1.960000E-2	0.000000E+0	1.253500E+5
1.962000E-2	0.000000E+0	1.258910E+5
1.964000E-2	0.000000E+0	1.262000E+5
1.966000E-2	0.000000E+0	1.259940E+5
1.968000E-2	0.000000E+0	1.259480E+5
1.970000E-2	0.000000E+0	1.263550E+5
1.972000E-2	0.000000E+0	1.256190E+5
1.974000E-2	0.000000E+0	1.256360E+5
1.976000E-2	0.000000E+0	1.254600E+5
1.978000E-2	0.000000E+0	1.258780E+5
1.980000E-2	0.000000E+0	1.260290E+5
1.982000E-2	0.000000E+0	1.261850E+5
1.984000E-2	0.000000E+0	1.257690E+5
1.986000E-2	0.000000E+0	1.264090E+5
1.988000E-2	0.000000E+0	1.265070E+5
1.990000E-2	0.000000E+0	1.265320E+5
1.992000E-2	0.000000E+0	1.263720E+5
1.994000E-2	0.000000E+0	1.263610E+5
1.996000E-2	0.000000E+0	1.261060E+5
1.998000E-2	0.000000E+0	1.258320E+5
