

live time:  99442.320000
real time:  115206.275000
sweeps:  4972116.000000
0.000000E+0	0.000000E+0	0.000000E+0
2.000000E-5	0.000000E+0	4.965400E+4
4.000000E-5	0.000000E+0	4.975200E+4
6.000000E-5	0.000000E+0	4.992400E+4
8.000000E-5	0.000000E+0	5.001600E+4
1.000000E-4	0.000000E+0	4.987500E+4
1.200000E-4	0.000000E+0	4.972100E+4
1.400000E-4	0.000000E+0	5.009900E+4
1.600000E-4	0.000000E+0	5.013600E+4
1.800000E-4	0.000000E+0	5.016600E+4
2.000000E-4	0.000000E+0	4.993200E+4
2.200000E-4	0.000000E+0	5.007700E+4
2.400000E-4	0.000000E+0	5.004300E+4
2.600000E-4	0.000000E+0	4.997500E+4
2.800000E-4	0.000000E+0	4.997100E+4
3.000000E-4	0.000000E+0	4.995700E+4
3.200000E-4	0.000000E+0	4.993100E+4
3.400000E-4	0.000000E+0	5.000000E+4
3.600000E-4	0.000000E+0	4.993200E+4
3.800000E-4	0.000000E+0	4.996700E+4
4.000000E-4	0.000000E+0	5.021300E+4
4.200000E-4	0.000000E+0	4.989000E+4
4.400000E-4	0.000000E+0	4.970400E+4
4.600000E-4	0.000000E+0	5.006700E+4
4.800000E-4	0.000000E+0	5.001100E+4
5.000000E-4	0.000000E+0	4.968200E+4
5.200000E-4	0.000000E+0	4.992200E+4
5.400000E-4	0.000000E+0	5.000000E+4
5.600000E-4	0.000000E+0	5.037000E+4
5.800000E-4	0.000000E+0	4.996600E+4
6.000000E-4	0.000000E+0	4.987700E+4
6.200000E-4	0.000000E+0	4.994800E+4
6.400000E-4	0.000000E+0	4.972000E+4
6.600000E-4	0.000000E+0	4.985300E+4
6.800000E-4	0.000000E+0	4.953700E+4
7.000000E-4	0.000000E+0	5.000500E+4
7.200000E-4	0.000000E+0	4.995000E+4
7.400000E-4	0.000000E+0	4.994000E+4
7.600000E-4	0.000000E+0	5.002700E+4
7.800000E-4	0.000000E+0	4.993600E+4
8.000000E-4	0.000000E+0	4.998000E+4
8.200000E-4	0.000000E+0	4.970600E+4
8.400000E-4	0.000000E+0	4.992800E+4
8.600000E-4	0.000000E+0	5.002200E+4
8.800000E-4	0.000000E+0	5.017400E+4
9.000000E-4	0.000000E+0	4.943900E+4
9.200000E-4	0.000000E+0	4.983100E+4
9.400000E-4	0.000000E+0	5.017100E+4
9.600000E-4	0.000000E+0	4.993300E+4
9.800000E-4	0.000000E+0	4.986400E+4
1.000000E-3	0.000000E+0	4.986300E+4
1.020000E-3	0.000000E+0	4.959600E+4
1.040000E-3	0.000000E+0	5.036000E+4
1.060000E-3	0.000000E+0	4.985100E+4
1.080000E-3	0.000000E+0	4.966600E+4
1.100000E-3	0.000000E+0	5.000200E+4
1.120000E-3	0.000000E+0	4.996400E+4
1.140000E-3	0.000000E+0	5.028200E+4
1.160000E-3	0.000000E+0	4.978600E+4
1.180000E-3	0.000000E+0	4.979900E+4
1.200000E-3	0.000000E+0	5.014200E+4
1.220000E-3	0.000000E+0	4.958700E+4
1.240000E-3	0.000000E+0	4.969400E+4
1.260000E-3	0.000000E+0	5.004400E+4
1.280000E-3	0.000000E+0	5.018600E+4
1.300000E-3	0.000000E+0	5.010400E+4
1.320000E-3	0.000000E+0	4.984100E+4
1.340000E-3	0.000000E+0	5.033500E+4
1.360000E-3	0.000000E+0	4.986800E+4
1.380000E-3	0.000000E+0	5.019900E+4
1.400000E-3	0.000000E+0	5.012100E+4
1.420000E-3	0.000000E+0	4.985900E+4
1.440000E-3	0.000000E+0	5.012400E+4
1.460000E-3	0.000000E+0	4.972600E+4
1.480000E-3	0.000000E+0	4.972500E+4
1.500000E-3	0.000000E+0	4.948800E+4
1.520000E-3	0.000000E+0	4.985800E+4
1.540000E-3	0.000000E+0	4.995900E+4
1.560000E-3	0.000000E+0	4.984600E+4
1.580000E-3	0.000000E+0	4.998100E+4
1.600000E-3	0.000000E+0	5.016900E+4
1.620000E-3	0.000000E+0	5.030400E+4
1.640000E-3	0.000000E+0	4.969300E+4
1.660000E-3	0.000000E+0	5.022400E+4
1.680000E-3	0.000000E+0	4.985900E+4
1.700000E-3	0.000000E+0	5.006300E+4
1.720000E-3	0.000000E+0	4.983300E+4
1.740000E-3	0.000000E+0	5.037100E+4
1.760000E-3	0.000000E+0	4.999700E+4
1.780000E-3	0.000000E+0	5.009700E+4
1.800000E-3	0.000000E+0	4.975600E+4
1.820000E-3	0.000000E+0	5.024800E+4
1.840000E-3	0.000000E+0	5.018600E+4
1.860000E-3	0.000000E+0	4.990400E+4
1.880000E-3	0.000000E+0	5.003800E+4
1.900000E-3	0.000000E+0	4.994100E+4
1.920000E-3	0.000000E+0	5.010600E+4
1.940000E-3	0.000000E+0	5.005400E+4
1.960000E-3	0.000000E+0	4.982700E+4
1.980000E-3	0.000000E+0	5.023600E+4
2.000000E-3	0.000000E+0	5.016400E+4
2.020000E-3	0.000000E+0	5.010400E+4
2.040000E-3	0.000000E+0	5.009600E+4
2.060000E-3	0.000000E+0	5.019400E+4
2.080000E-3	0.000000E+0	4.930500E+4
2.100000E-3	0.000000E+0	4.990300E+4
2.120000E-3	0.000000E+0	4.986900E+4
2.140000E-3	0.000000E+0	4.958200E+4
2.160000E-3	0.000000E+0	4.975400E+4
2.180000E-3	0.000000E+0	4.997600E+4
2.200000E-3	0.000000E+0	4.965000E+4
2.220000E-3	0.000000E+0	4.967800E+4
2.240000E-3	0.000000E+0	4.994100E+4
2.260000E-3	0.000000E+0	4.980300E+4
2.280000E-3	0.000000E+0	5.015700E+4
2.300000E-3	0.000000E+0	4.993800E+4
2.320000E-3	0.000000E+0	4.990700E+4
2.340000E-3	0.000000E+0	4.963300E+4
2.360000E-3	0.000000E+0	4.998500E+4
2.380000E-3	0.000000E+0	4.973500E+4
2.400000E-3	0.000000E+0	5.017700E+4
2.420000E-3	0.000000E+0	5.007000E+4
2.440000E-3	0.000000E+0	4.996000E+4
2.460000E-3	0.000000E+0	4.973500E+4
2.480000E-3	0.000000E+0	4.945100E+4
2.500000E-3	0.000000E+0	5.005200E+4
2.520000E-3	0.000000E+0	5.021800E+4
2.540000E-3	0.000000E+0	4.997300E+4
2.560000E-3	0.000000E+0	4.985100E+4
2.580000E-3	0.000000E+0	5.003100E+4
2.600000E-3	0.000000E+0	4.994500E+4
2.620000E-3	0.000000E+0	4.982200E+4
2.640000E-3	0.000000E+0	5.005500E+4
2.660000E-3	0.000000E+0	4.967600E+4
2.680000E-3	0.000000E+0	5.026300E+4
2.700000E-3	0.000000E+0	4.990900E+4
2.720000E-3	0.000000E+0	4.958700E+4
2.740000E-3	0.000000E+0	4.995900E+4
2.760000E-3	0.000000E+0	5.016900E+4
2.780000E-3	0.000000E+0	4.979200E+4
2.800000E-3	0.000000E+0	4.986200E+4
2.820000E-3	0.000000E+0	4.954100E+4
2.840000E-3	0.000000E+0	5.027700E+4
2.860000E-3	0.000000E+0	4.986000E+4
2.880000E-3	0.000000E+0	4.995100E+4
2.900000E-3	0.000000E+0	4.948800E+4
2.920000E-3	0.000000E+0	5.025400E+4
2.940000E-3	0.000000E+0	4.990400E+4
2.960000E-3	0.000000E+0	4.987600E+4
2.980000E-3	0.000000E+0	4.983500E+4
3.000000E-3	0.000000E+0	4.995700E+4
3.020000E-3	0.000000E+0	5.025100E+4
3.040000E-3	0.000000E+0	5.007900E+4
3.060000E-3	0.000000E+0	4.998700E+4
3.080000E-3	0.000000E+0	4.965100E+4
3.100000E-3	0.000000E+0	5.015100E+4
3.120000E-3	0.000000E+0	5.018300E+4
3.140000E-3	0.000000E+0	4.993900E+4
3.160000E-3	0.000000E+0	4.982600E+4
3.180000E-3	0.000000E+0	5.014900E+4
3.200000E-3	0.000000E+0	4.988000E+4
3.220000E-3	0.000000E+0	4.944600E+4
3.240000E-3	0.000000E+0	4.973000E+4
3.260000E-3	0.000000E+0	4.997300E+4
3.280000E-3	0.000000E+0	5.000100E+4
3.300000E-3	0.000000E+0	5.005700E+4
3.320000E-3	0.000000E+0	5.029100E+4
3.340000E-3	0.000000E+0	4.986200E+4
3.360000E-3	0.000000E+0	4.977100E+4
3.380000E-3	0.000000E+0	4.979100E+4
3.400000E-3	0.000000E+0	4.987500E+4
3.420000E-3	0.000000E+0	5.006500E+4
3.440000E-3	0.000000E+0	4.965500E+4
3.460000E-3	0.000000E+0	5.011200E+4
3.480000E-3	0.000000E+0	5.040200E+4
3.500000E-3	0.000000E+0	5.009200E+4
3.520000E-3	0.000000E+0	4.984500E+4
3.540000E-3	0.000000E+0	5.015900E+4
3.560000E-3	0.000000E+0	4.967600E+4
3.580000E-3	0.000000E+0	5.009100E+4
3.600000E-3	0.000000E+0	4.948700E+4
3.620000E-3	0.000000E+0	5.012200E+4
3.640000E-3	0.000000E+0	5.003700E+4
3.660000E-3	0.000000E+0	5.005500E+4
3.680000E-3	0.000000E+0	5.003300E+4
3.700000E-3	0.000000E+0	4.982600E+4
3.720000E-3	0.000000E+0	4.953900E+4
3.740000E-3	0.000000E+0	4.971100E+4
3.760000E-3	0.000000E+0	4.987400E+4
3.780000E-3	0.000000E+0	5.011200E+4
3.800000E-3	0.000000E+0	4.963200E+4
3.820000E-3	0.000000E+0	4.985800E+4
3.840000E-3	0.000000E+0	5.024000E+4
3.860000E-3	0.000000E+0	4.994100E+4
3.880000E-3	0.000000E+0	4.970300E+4
3.900000E-3	0.000000E+0	4.985000E+4
3.920000E-3	0.000000E+0	4.975900E+4
3.940000E-3	0.000000E+0	4.974500E+4
3.960000E-3	0.000000E+0	5.001700E+4
3.980000E-3	0.000000E+0	4.973800E+4
4.000000E-3	0.000000E+0	4.980100E+4
4.020000E-3	0.000000E+0	5.004500E+4
4.040000E-3	0.000000E+0	4.996400E+4
4.060000E-3	0.000000E+0	4.927300E+4
4.080000E-3	0.000000E+0	4.998100E+4
4.100000E-3	0.000000E+0	4.964200E+4
4.120000E-3	0.000000E+0	4.980800E+4
4.140000E-3	0.000000E+0	5.028700E+4
4.160000E-3	0.000000E+0	4.958200E+4
4.180000E-3	0.000000E+0	4.989900E+4
4.200000E-3	0.000000E+0	4.961900E+4
4.220000E-3	0.000000E+0	5.013400E+4
4.240000E-3	0.000000E+0	4.966900E+4
4.260000E-3	0.000000E+0	4.985100E+4
4.280000E-3	0.000000E+0	5.000600E+4
4.300000E-3	0.000000E+0	4.960100E+4
4.320000E-3	0.000000E+0	5.026300E+4
4.340000E-3	0.000000E+0	5.023800E+4
4.360000E-3	0.000000E+0	5.006200E+4
4.380000E-3	0.000000E+0	4.939400E+4
4.400000E-3	0.000000E+0	5.030700E+4
4.420000E-3	0.000000E+0	5.002100E+4
4.440000E-3	0.000000E+0	4.982600E+4
4.460000E-3	0.000000E+0	4.981700E+4
4.480000E-3	0.000000E+0	4.980500E+4
4.500000E-3	0.000000E+0	4.965600E+4
4.520000E-3	0.000000E+0	5.008400E+4
4.540000E-3	0.000000E+0	5.011500E+4
4.560000E-3	0.000000E+0	4.967800E+4
4.580000E-3	0.000000E+0	5.006600E+4
4.600000E-3	0.000000E+0	5.025000E+4
4.620000E-3	0.000000E+0	4.980300E+4
4.640000E-3	0.000000E+0	4.993600E+4
4.660000E-3	0.000000E+0	4.999700E+4
4.680000E-3	0.000000E+0	4.979700E+4
4.700000E-3	0.000000E+0	4.978400E+4
4.720000E-3	0.000000E+0	4.993300E+4
4.740000E-3	0.000000E+0	4.953900E+4
4.760000E-3	0.000000E+0	4.967400E+4
4.780000E-3	0.000000E+0	4.967500E+4
4.800000E-3	0.000000E+0	5.010900E+4
4.820000E-3	0.000000E+0	4.970500E+4
4.840000E-3	0.000000E+0	4.992700E+4
4.860000E-3	0.000000E+0	5.006700E+4
4.880000E-3	0.000000E+0	4.964800E+4
4.900000E-3	0.000000E+0	4.987300E+4
4.920000E-3	0.000000E+0	4.992500E+4
4.940000E-3	0.000000E+0	5.030700E+4
4.960000E-3	0.000000E+0	4.988400E+4
4.980000E-3	0.000000E+0	4.948400E+4
5.000000E-3	0.000000E+0	4.942500E+4
5.020000E-3	0.000000E+0	4.985800E+4
5.040000E-3	0.000000E+0	5.021600E+4
5.060000E-3	0.000000E+0	5.048600E+4
5.080000E-3	0.000000E+0	5.009700E+4
5.100000E-3	0.000000E+0	4.993800E+4
5.120000E-3	0.000000E+0	5.017700E+4
5.140000E-3	0.000000E+0	4.997000E+4
5.160000E-3	0.000000E+0	5.010900E+4
5.180000E-3	0.000000E+0	4.980500E+4
5.200000E-3	0.000000E+0	4.969300E+4
5.220000E-3	0.000000E+0	4.986700E+4
5.240000E-3	0.000000E+0	4.975300E+4
5.260000E-3	0.000000E+0	5.010800E+4
5.280000E-3	0.000000E+0	4.944000E+4
5.300000E-3	0.000000E+0	4.987300E+4
5.320000E-3	0.000000E+0	4.958400E+4
5.340000E-3	0.000000E+0	4.950200E+4
5.360000E-3	0.000000E+0	4.946800E+4
5.380000E-3	0.000000E+0	4.958900E+4
5.400000E-3	0.000000E+0	4.968400E+4
5.420000E-3	0.000000E+0	4.958100E+4
5.440000E-3	0.000000E+0	4.947800E+4
5.460000E-3	0.000000E+0	4.965700E+4
5.480000E-3	0.000000E+0	4.889100E+4
5.500000E-3	0.000000E+0	4.944000E+4
5.520000E-3	0.000000E+0	4.968100E+4
5.540000E-3	0.000000E+0	4.919800E+4
5.560000E-3	0.000000E+0	4.926100E+4
5.580000E-3	0.000000E+0	4.904400E+4
5.600000E-3	0.000000E+0	4.932700E+4
5.620000E-3	0.000000E+0	4.830200E+4
5.640000E-3	0.000000E+0	4.830900E+4
5.660000E-3	0.000000E+0	4.749400E+4
5.680000E-3	0.000000E+0	4.655000E+4
5.700000E-3	0.000000E+0	4.579000E+4
5.720000E-3	0.000000E+0	4.400500E+4
5.740000E-3	0.000000E+0	4.157500E+4
5.760000E-3	0.000000E+0	3.822300E+4
5.780000E-3	0.000000E+0	3.437800E+4
5.800000E-3	0.000000E+0	3.124600E+4
5.820000E-3	0.000000E+0	2.968700E+4
5.840000E-3	0.000000E+0	3.004200E+4
5.860000E-3	0.000000E+0	3.187300E+4
5.880000E-3	0.000000E+0	3.529500E+4
5.900000E-3	0.000000E+0	3.909400E+4
5.920000E-3	0.000000E+0	4.226900E+4
5.940000E-3	0.000000E+0	4.503000E+4
5.960000E-3	0.000000E+0	4.648600E+4
5.980000E-3	0.000000E+0	4.723300E+4
6.000000E-3	0.000000E+0	4.811600E+4
6.020000E-3	0.000000E+0	4.831900E+4
6.040000E-3	0.000000E+0	4.881600E+4
6.060000E-3	0.000000E+0	4.908200E+4
6.080000E-3	0.000000E+0	4.907900E+4
6.100000E-3	0.000000E+0	4.928300E+4
6.120000E-3	0.000000E+0	4.946100E+4
6.140000E-3	0.000000E+0	4.950300E+4
6.160000E-3	0.000000E+0	4.895100E+4
6.180000E-3	0.000000E+0	4.941900E+4
6.200000E-3	0.000000E+0	4.933300E+4
6.220000E-3	0.000000E+0	4.931900E+4
6.240000E-3	0.000000E+0	4.987600E+4
6.260000E-3	0.000000E+0	4.965700E+4
6.280000E-3	0.000000E+0	4.956500E+4
6.300000E-3	0.000000E+0	4.972000E+4
6.320000E-3	0.000000E+0	4.940600E+4
6.340000E-3	0.000000E+0	4.995400E+4
6.360000E-3	0.000000E+0	4.965000E+4
6.380000E-3	0.000000E+0	4.971500E+4
6.400000E-3	0.000000E+0	4.977600E+4
6.420000E-3	0.000000E+0	5.002700E+4
6.440000E-3	0.000000E+0	4.964300E+4
6.460000E-3	0.000000E+0	4.946700E+4
6.480000E-3	0.000000E+0	4.989700E+4
6.500000E-3	0.000000E+0	4.985000E+4
6.520000E-3	0.000000E+0	5.022800E+4
6.540000E-3	0.000000E+0	5.000400E+4
6.560000E-3	0.000000E+0	4.979900E+4
6.580000E-3	0.000000E+0	4.995400E+4
6.600000E-3	0.000000E+0	4.998600E+4
6.620000E-3	0.000000E+0	4.985300E+4
6.640000E-3	0.000000E+0	4.990300E+4
6.660000E-3	0.000000E+0	5.024800E+4
6.680000E-3	0.000000E+0	4.984600E+4
6.700000E-3	0.000000E+0	4.982900E+4
6.720000E-3	0.000000E+0	4.973800E+4
6.740000E-3	0.000000E+0	4.989700E+4
6.760000E-3	0.000000E+0	4.989600E+4
6.780000E-3	0.000000E+0	4.991600E+4
6.800000E-3	0.000000E+0	4.971500E+4
6.820000E-3	0.000000E+0	4.987000E+4
6.840000E-3	0.000000E+0	4.974600E+4
6.860000E-3	0.000000E+0	5.039100E+4
6.880000E-3	0.000000E+0	4.995100E+4
6.900000E-3	0.000000E+0	4.993400E+4
6.920000E-3	0.000000E+0	5.007600E+4
6.940000E-3	0.000000E+0	4.999500E+4
6.960000E-3	0.000000E+0	4.944400E+4
6.980000E-3	0.000000E+0	5.001600E+4
7.000000E-3	0.000000E+0	4.985900E+4
7.020000E-3	0.000000E+0	4.989700E+4
7.040000E-3	0.000000E+0	4.972200E+4
7.060000E-3	0.000000E+0	4.994000E+4
7.080000E-3	0.000000E+0	5.021900E+4
7.100000E-3	0.000000E+0	4.932300E+4
7.120000E-3	0.000000E+0	5.017800E+4
7.140000E-3	0.000000E+0	5.010700E+4
7.160000E-3	0.000000E+0	5.007600E+4
7.180000E-3	0.000000E+0	5.014800E+4
7.200000E-3	0.000000E+0	4.970800E+4
7.220000E-3	0.000000E+0	5.006900E+4
7.240000E-3	0.000000E+0	5.012200E+4
7.260000E-3	0.000000E+0	5.028500E+4
7.280000E-3	0.000000E+0	5.023100E+4
7.300000E-3	0.000000E+0	4.994200E+4
7.320000E-3	0.000000E+0	4.958400E+4
7.340000E-3	0.000000E+0	5.001200E+4
7.360000E-3	0.000000E+0	4.989000E+4
7.380000E-3	0.000000E+0	5.002900E+4
7.400000E-3	0.000000E+0	4.997700E+4
7.420000E-3	0.000000E+0	4.997300E+4
7.440000E-3	0.000000E+0	5.021100E+4
7.460000E-3	0.000000E+0	4.959300E+4
7.480000E-3	0.000000E+0	4.970400E+4
7.500000E-3	0.000000E+0	4.961800E+4
7.520000E-3	0.000000E+0	5.004000E+4
7.540000E-3	0.000000E+0	4.995800E+4
7.560000E-3	0.000000E+0	5.033300E+4
7.580000E-3	0.000000E+0	4.973200E+4
7.600000E-3	0.000000E+0	4.970100E+4
7.620000E-3	0.000000E+0	5.020300E+4
7.640000E-3	0.000000E+0	4.983100E+4
7.660000E-3	0.000000E+0	4.997600E+4
7.680000E-3	0.000000E+0	5.018900E+4
7.700000E-3	0.000000E+0	4.999400E+4
7.720000E-3	0.000000E+0	5.008800E+4
7.740000E-3	0.000000E+0	4.957400E+4
7.760000E-3	0.000000E+0	4.981100E+4
7.780000E-3	0.000000E+0	4.968300E+4
7.800000E-3	0.000000E+0	4.993300E+4
7.820000E-3	0.000000E+0	5.004300E+4
7.840000E-3	0.000000E+0	4.991300E+4
7.860000E-3	0.000000E+0	5.000800E+4
7.880000E-3	0.000000E+0	4.999800E+4
7.900000E-3	0.000000E+0	5.008100E+4
7.920000E-3	0.000000E+0	4.989600E+4
7.940000E-3	0.000000E+0	4.998900E+4
7.960000E-3	0.000000E+0	4.985100E+4
7.980000E-3	0.000000E+0	4.971800E+4
8.000000E-3	0.000000E+0	4.996900E+4
8.020000E-3	0.000000E+0	5.015700E+4
8.040000E-3	0.000000E+0	4.942600E+4
8.060000E-3	0.000000E+0	4.961700E+4
8.080000E-3	0.000000E+0	5.027800E+4
8.100000E-3	0.000000E+0	4.975400E+4
8.120000E-3	0.000000E+0	5.002800E+4
8.140000E-3	0.000000E+0	5.018200E+4
8.160000E-3	0.000000E+0	4.979800E+4
8.180000E-3	0.000000E+0	4.979200E+4
8.200000E-3	0.000000E+0	5.006000E+4
8.220000E-3	0.000000E+0	4.991400E+4
8.240000E-3	0.000000E+0	5.043200E+4
8.260000E-3	0.000000E+0	4.966200E+4
8.280000E-3	0.000000E+0	5.014700E+4
8.300000E-3	0.000000E+0	5.018000E+4
8.320000E-3	0.000000E+0	5.000800E+4
8.340000E-3	0.000000E+0	5.003800E+4
8.360000E-3	0.000000E+0	4.969900E+4
8.380000E-3	0.000000E+0	5.028100E+4
8.400000E-3	0.000000E+0	4.962300E+4
8.420000E-3	0.000000E+0	4.983500E+4
8.440000E-3	0.000000E+0	5.048700E+4
8.460000E-3	0.000000E+0	4.981200E+4
8.480000E-3	0.000000E+0	5.027100E+4
8.500000E-3	0.000000E+0	5.022200E+4
8.520000E-3	0.000000E+0	4.984500E+4
8.540000E-3	0.000000E+0	4.997100E+4
8.560000E-3	0.000000E+0	4.987700E+4
8.580000E-3	0.000000E+0	4.976800E+4
8.600000E-3	0.000000E+0	5.010800E+4
8.620000E-3	0.000000E+0	4.997100E+4
8.640000E-3	0.000000E+0	5.001500E+4
8.660000E-3	0.000000E+0	4.976300E+4
8.680000E-3	0.000000E+0	5.016400E+4
8.700000E-3	0.000000E+0	4.975300E+4
8.720000E-3	0.000000E+0	4.968900E+4
8.740000E-3	0.000000E+0	5.002900E+4
8.760000E-3	0.000000E+0	5.016700E+4
8.780000E-3	0.000000E+0	4.993200E+4
8.800000E-3	0.000000E+0	4.978400E+4
8.820000E-3	0.000000E+0	4.994200E+4
8.840000E-3	0.000000E+0	4.987000E+4
8.860000E-3	0.000000E+0	4.989600E+4
8.880000E-3	0.000000E+0	4.993200E+4
8.900000E-3	0.000000E+0	5.021900E+4
8.920000E-3	0.000000E+0	4.979400E+4
8.940000E-3	0.000000E+0	4.978600E+4
8.960000E-3	0.000000E+0	4.955900E+4
8.980000E-3	0.000000E+0	4.946500E+4
9.000000E-3	0.000000E+0	4.996400E+4
9.020000E-3	0.000000E+0	4.973600E+4
9.040000E-3	0.000000E+0	5.010300E+4
9.060000E-3	0.000000E+0	4.983600E+4
9.080000E-3	0.000000E+0	4.982500E+4
9.100000E-3	0.000000E+0	4.983700E+4
9.120000E-3	0.000000E+0	5.016000E+4
9.140000E-3	0.000000E+0	4.996700E+4
9.160000E-3	0.000000E+0	4.969200E+4
9.180000E-3	0.000000E+0	4.997900E+4
9.200000E-3	0.000000E+0	5.024100E+4
9.220000E-3	0.000000E+0	4.981900E+4
9.240000E-3	0.000000E+0	4.983700E+4
9.260000E-3	0.000000E+0	4.981100E+4
9.280000E-3	0.000000E+0	4.993600E+4
9.300000E-3	0.000000E+0	4.987300E+4
9.320000E-3	0.000000E+0	4.985700E+4
9.340000E-3	0.000000E+0	4.995200E+4
9.360000E-3	0.000000E+0	5.004700E+4
9.380000E-3	0.000000E+0	5.024200E+4
9.400000E-3	0.000000E+0	4.989900E+4
9.420000E-3	0.000000E+0	4.976900E+4
9.440000E-3	0.000000E+0	4.958900E+4
9.460000E-3	0.000000E+0	5.022300E+4
9.480000E-3	0.000000E+0	4.976800E+4
9.500000E-3	0.000000E+0	5.033400E+4
9.520000E-3	0.000000E+0	4.988500E+4
9.540000E-3	0.000000E+0	4.958600E+4
9.560000E-3	0.000000E+0	4.980800E+4
9.580000E-3	0.000000E+0	4.997800E+4
9.600000E-3	0.000000E+0	4.984200E+4
9.620000E-3	0.000000E+0	4.980300E+4
9.640000E-3	0.000000E+0	5.020100E+4
9.660000E-3	0.000000E+0	4.991500E+4
9.680000E-3	0.000000E+0	4.971600E+4
9.700000E-3	0.000000E+0	4.961900E+4
9.720000E-3	0.000000E+0	5.015000E+4
9.740000E-3	0.000000E+0	5.002600E+4
9.760000E-3	0.000000E+0	4.961700E+4
9.780000E-3	0.000000E+0	4.981900E+4
9.800000E-3	0.000000E+0	4.988400E+4
9.820000E-3	0.000000E+0	4.960200E+4
9.840000E-3	0.000000E+0	5.011500E+4
9.860000E-3	0.000000E+0	5.010100E+4
9.880000E-3	0.000000E+0	5.033600E+4
9.900000E-3	0.000000E+0	4.989700E+4
9.920000E-3	0.000000E+0	4.992800E+4
9.940000E-3	0.000000E+0	4.988900E+4
9.960000E-3	0.000000E+0	4.971200E+4
9.980000E-3	0.000000E+0	4.978000E+4
1.000000E-2	0.000000E+0	4.997700E+4
1.002000E-2	0.000000E+0	4.947300E+4
1.004000E-2	0.000000E+0	4.984600E+4
1.006000E-2	0.000000E+0	4.999800E+4
1.008000E-2	0.000000E+0	4.982900E+4
1.010000E-2	0.000000E+0	4.971800E+4
1.012000E-2	0.000000E+0	4.998600E+4
1.014000E-2	0.000000E+0	5.030100E+4
1.016000E-2	0.000000E+0	5.021500E+4
1.018000E-2	0.000000E+0	5.007000E+4
1.020000E-2	0.000000E+0	5.036600E+4
1.022000E-2	0.000000E+0	5.004300E+4
1.024000E-2	0.000000E+0	5.006100E+4
1.026000E-2	0.000000E+0	4.968300E+4
1.028000E-2	0.000000E+0	5.031200E+4
1.030000E-2	0.000000E+0	4.987400E+4
1.032000E-2	0.000000E+0	4.992000E+4
1.034000E-2	0.000000E+0	4.992300E+4
1.036000E-2	0.000000E+0	5.012000E+4
1.038000E-2	0.000000E+0	4.995600E+4
1.040000E-2	0.000000E+0	5.000800E+4
1.042000E-2	0.000000E+0	4.989700E+4
1.044000E-2	0.000000E+0	5.026600E+4
1.046000E-2	0.000000E+0	4.987600E+4
1.048000E-2	0.000000E+0	5.033900E+4
1.050000E-2	0.000000E+0	4.986700E+4
1.052000E-2	0.000000E+0	4.985200E+4
1.054000E-2	0.000000E+0	4.992600E+4
1.056000E-2	0.000000E+0	5.033200E+4
1.058000E-2	0.000000E+0	4.985000E+4
1.060000E-2	0.000000E+0	4.930700E+4
1.062000E-2	0.000000E+0	4.975300E+4
1.064000E-2	0.000000E+0	4.991900E+4
1.066000E-2	0.000000E+0	5.003300E+4
1.068000E-2	0.000000E+0	4.972800E+4
1.070000E-2	0.000000E+0	4.973300E+4
1.072000E-2	0.000000E+0	4.991600E+4
1.074000E-2	0.000000E+0	4.985300E+4
1.076000E-2	0.000000E+0	4.997700E+4
1.078000E-2	0.000000E+0	4.986400E+4
1.080000E-2	0.000000E+0	4.977100E+4
1.082000E-2	0.000000E+0	4.985900E+4
1.084000E-2	0.000000E+0	4.990500E+4
1.086000E-2	0.000000E+0	4.979700E+4
1.088000E-2	0.000000E+0	5.017100E+4
1.090000E-2	0.000000E+0	5.037100E+4
1.092000E-2	0.000000E+0	4.998800E+4
1.094000E-2	0.000000E+0	4.978400E+4
1.096000E-2	0.000000E+0	5.028400E+4
1.098000E-2	0.000000E+0	4.998600E+4
1.100000E-2	0.000000E+0	5.002600E+4
1.102000E-2	0.000000E+0	4.979800E+4
1.104000E-2	0.000000E+0	5.005500E+4
1.106000E-2	0.000000E+0	4.979200E+4
1.108000E-2	0.000000E+0	5.023900E+4
1.110000E-2	0.000000E+0	4.984200E+4
1.112000E-2	0.000000E+0	4.981900E+4
1.114000E-2	0.000000E+0	4.952300E+4
1.116000E-2	0.000000E+0	4.971900E+4
1.118000E-2	0.000000E+0	4.989800E+4
1.120000E-2	0.000000E+0	4.967500E+4
1.122000E-2	0.000000E+0	4.957700E+4
1.124000E-2	0.000000E+0	5.031300E+4
1.126000E-2	0.000000E+0	5.015700E+4
1.128000E-2	0.000000E+0	5.007300E+4
1.130000E-2	0.000000E+0	4.985500E+4
1.132000E-2	0.000000E+0	5.003700E+4
1.134000E-2	0.000000E+0	4.978900E+4
1.136000E-2	0.000000E+0	4.961600E+4
1.138000E-2	0.000000E+0	4.958100E+4
1.140000E-2	0.000000E+0	4.980200E+4
1.142000E-2	0.000000E+0	5.011800E+4
1.144000E-2	0.000000E+0	4.998000E+4
1.146000E-2	0.000000E+0	5.015000E+4
1.148000E-2	0.000000E+0	4.964900E+4
1.150000E-2	0.000000E+0	5.013300E+4
1.152000E-2	0.000000E+0	4.983300E+4
1.154000E-2	0.000000E+0	4.978400E+4
1.156000E-2	0.000000E+0	4.973500E+4
1.158000E-2	0.000000E+0	5.001700E+4
1.160000E-2	0.000000E+0	5.012100E+4
1.162000E-2	0.000000E+0	4.980100E+4
1.164000E-2	0.000000E+0	4.994700E+4
1.166000E-2	0.000000E+0	4.953800E+4
1.168000E-2	0.000000E+0	5.018400E+4
1.170000E-2	0.000000E+0	5.015700E+4
1.172000E-2	0.000000E+0	4.966700E+4
1.174000E-2	0.000000E+0	4.989500E+4
1.176000E-2	0.000000E+0	4.962500E+4
1.178000E-2	0.000000E+0	4.965800E+4
1.180000E-2	0.000000E+0	4.993900E+4
1.182000E-2	0.000000E+0	5.050700E+4
1.184000E-2	0.000000E+0	4.993000E+4
1.186000E-2	0.000000E+0	4.968700E+4
1.188000E-2	0.000000E+0	4.986500E+4
1.190000E-2	0.000000E+0	5.015100E+4
1.192000E-2	0.000000E+0	4.957500E+4
1.194000E-2	0.000000E+0	4.996400E+4
1.196000E-2	0.000000E+0	4.985800E+4
1.198000E-2	0.000000E+0	4.958300E+4
1.200000E-2	0.000000E+0	4.971000E+4
1.202000E-2	0.000000E+0	4.990300E+4
1.204000E-2	0.000000E+0	4.959500E+4
1.206000E-2	0.000000E+0	5.019600E+4
1.208000E-2	0.000000E+0	4.992900E+4
1.210000E-2	0.000000E+0	4.986200E+4
1.212000E-2	0.000000E+0	4.998900E+4
1.214000E-2	0.000000E+0	4.986700E+4
1.216000E-2	0.000000E+0	4.978400E+4
1.218000E-2	0.000000E+0	4.965000E+4
1.220000E-2	0.000000E+0	4.985800E+4
1.222000E-2	0.000000E+0	4.976300E+4
1.224000E-2	0.000000E+0	5.002800E+4
1.226000E-2	0.000000E+0	4.956200E+4
1.228000E-2	0.000000E+0	4.951400E+4
1.230000E-2	0.000000E+0	4.982000E+4
1.232000E-2	0.000000E+0	5.007500E+4
1.234000E-2	0.000000E+0	5.007700E+4
1.236000E-2	0.000000E+0	4.992300E+4
1.238000E-2	0.000000E+0	4.986500E+4
1.240000E-2	0.000000E+0	4.967800E+4
1.242000E-2	0.000000E+0	4.967200E+4
1.244000E-2	0.000000E+0	4.988700E+4
1.246000E-2	0.000000E+0	4.950400E+4
1.248000E-2	0.000000E+0	4.982600E+4
1.250000E-2	0.000000E+0	5.012400E+4
1.252000E-2	0.000000E+0	4.974200E+4
1.254000E-2	0.000000E+0	4.968900E+4
1.256000E-2	0.000000E+0	5.032800E+4
1.258000E-2	0.000000E+0	5.034600E+4
1.260000E-2	0.000000E+0	5.002900E+4
1.262000E-2	0.000000E+0	4.965200E+4
1.264000E-2	0.000000E+0	4.956600E+4
1.266000E-2	0.000000E+0	4.940300E+4
1.268000E-2	0.000000E+0	4.990400E+4
1.270000E-2	0.000000E+0	4.982700E+4
1.272000E-2	0.000000E+0	4.999200E+4
1.274000E-2	0.000000E+0	4.991400E+4
1.276000E-2	0.000000E+0	5.021500E+4
1.278000E-2	0.000000E+0	4.987300E+4
1.280000E-2	0.000000E+0	4.980100E+4
1.282000E-2	0.000000E+0	4.965700E+4
1.284000E-2	0.000000E+0	4.988500E+4
1.286000E-2	0.000000E+0	4.987700E+4
1.288000E-2	0.000000E+0	5.010300E+4
1.290000E-2	0.000000E+0	4.955400E+4
1.292000E-2	0.000000E+0	4.972500E+4
1.294000E-2	0.000000E+0	4.969100E+4
1.296000E-2	0.000000E+0	4.979500E+4
1.298000E-2	0.000000E+0	5.003000E+4
1.300000E-2	0.000000E+0	4.977000E+4
1.302000E-2	0.000000E+0	5.016000E+4
1.304000E-2	0.000000E+0	4.989300E+4
1.306000E-2	0.000000E+0	4.989900E+4
1.308000E-2	0.000000E+0	5.044600E+4
1.310000E-2	0.000000E+0	5.002800E+4
1.312000E-2	0.000000E+0	4.968700E+4
1.314000E-2	0.000000E+0	4.975900E+4
1.316000E-2	0.000000E+0	5.018200E+4
1.318000E-2	0.000000E+0	4.986100E+4
1.320000E-2	0.000000E+0	4.991600E+4
1.322000E-2	0.000000E+0	4.987300E+4
1.324000E-2	0.000000E+0	4.980200E+4
1.326000E-2	0.000000E+0	5.006700E+4
1.328000E-2	0.000000E+0	5.017500E+4
1.330000E-2	0.000000E+0	5.012000E+4
1.332000E-2	0.000000E+0	4.991400E+4
1.334000E-2	0.000000E+0	5.012600E+4
1.336000E-2	0.000000E+0	4.979200E+4
1.338000E-2	0.000000E+0	4.989800E+4
1.340000E-2	0.000000E+0	5.029000E+4
1.342000E-2	0.000000E+0	5.028900E+4
1.344000E-2	0.000000E+0	4.989600E+4
1.346000E-2	0.000000E+0	5.002400E+4
1.348000E-2	0.000000E+0	5.002400E+4
1.350000E-2	0.000000E+0	5.004700E+4
1.352000E-2	0.000000E+0	4.974900E+4
1.354000E-2	0.000000E+0	4.985800E+4
1.356000E-2	0.000000E+0	4.989200E+4
1.358000E-2	0.000000E+0	4.957400E+4
1.360000E-2	0.000000E+0	5.002100E+4
1.362000E-2	0.000000E+0	4.975900E+4
1.364000E-2	0.000000E+0	4.979800E+4
1.366000E-2	0.000000E+0	4.977100E+4
1.368000E-2	0.000000E+0	5.002700E+4
1.370000E-2	0.000000E+0	5.010400E+4
1.372000E-2	0.000000E+0	4.978000E+4
1.374000E-2	0.000000E+0	4.976300E+4
1.376000E-2	0.000000E+0	5.036500E+4
1.378000E-2	0.000000E+0	5.015800E+4
1.380000E-2	0.000000E+0	4.961000E+4
1.382000E-2	0.000000E+0	4.961800E+4
1.384000E-2	0.000000E+0	4.937400E+4
1.386000E-2	0.000000E+0	5.026200E+4
1.388000E-2	0.000000E+0	4.977800E+4
1.390000E-2	0.000000E+0	5.002800E+4
1.392000E-2	0.000000E+0	4.983800E+4
1.394000E-2	0.000000E+0	5.004900E+4
1.396000E-2	0.000000E+0	4.960700E+4
1.398000E-2	0.000000E+0	5.020700E+4
1.400000E-2	0.000000E+0	4.987600E+4
1.402000E-2	0.000000E+0	4.994200E+4
1.404000E-2	0.000000E+0	5.030700E+4
1.406000E-2	0.000000E+0	4.989100E+4
1.408000E-2	0.000000E+0	4.993700E+4
1.410000E-2	0.000000E+0	4.985000E+4
1.412000E-2	0.000000E+0	4.938200E+4
1.414000E-2	0.000000E+0	4.972000E+4
1.416000E-2	0.000000E+0	4.973900E+4
1.418000E-2	0.000000E+0	4.983600E+4
1.420000E-2	0.000000E+0	4.986200E+4
1.422000E-2	0.000000E+0	5.003500E+4
1.424000E-2	0.000000E+0	4.973000E+4
1.426000E-2	0.000000E+0	5.024300E+4
1.428000E-2	0.000000E+0	5.007200E+4
1.430000E-2	0.000000E+0	5.004500E+4
1.432000E-2	0.000000E+0	5.041600E+4
1.434000E-2	0.000000E+0	4.993500E+4
1.436000E-2	0.000000E+0	4.978300E+4
1.438000E-2	0.000000E+0	4.972200E+4
1.440000E-2	0.000000E+0	5.010800E+4
1.442000E-2	0.000000E+0	4.995800E+4
1.444000E-2	0.000000E+0	5.020200E+4
1.446000E-2	0.000000E+0	4.995700E+4
1.448000E-2	0.000000E+0	4.979100E+4
1.450000E-2	0.000000E+0	4.972200E+4
1.452000E-2	0.000000E+0	4.978800E+4
1.454000E-2	0.000000E+0	4.981500E+4
1.456000E-2	0.000000E+0	4.984300E+4
1.458000E-2	0.000000E+0	4.985400E+4
1.460000E-2	0.000000E+0	4.970700E+4
1.462000E-2	0.000000E+0	4.997000E+4
1.464000E-2	0.000000E+0	4.987800E+4
1.466000E-2	0.000000E+0	4.971100E+4
1.468000E-2	0.000000E+0	5.023300E+4
1.470000E-2	0.000000E+0	4.945500E+4
1.472000E-2	0.000000E+0	4.962800E+4
1.474000E-2	0.000000E+0	4.994500E+4
1.476000E-2	0.000000E+0	4.981900E+4
1.478000E-2	0.000000E+0	5.018000E+4
1.480000E-2	0.000000E+0	5.007300E+4
1.482000E-2	0.000000E+0	4.976100E+4
1.484000E-2	0.000000E+0	4.980900E+4
1.486000E-2	0.000000E+0	4.981400E+4
1.488000E-2	0.000000E+0	4.975300E+4
1.490000E-2	0.000000E+0	4.989700E+4
1.492000E-2	0.000000E+0	4.985900E+4
1.494000E-2	0.000000E+0	4.991500E+4
1.496000E-2	0.000000E+0	5.001200E+4
1.498000E-2	0.000000E+0	5.010000E+4
1.500000E-2	0.000000E+0	5.018700E+4
1.502000E-2	0.000000E+0	4.982100E+4
1.504000E-2	0.000000E+0	5.024400E+4
1.506000E-2	0.000000E+0	4.979200E+4
1.508000E-2	0.000000E+0	4.987200E+4
1.510000E-2	0.000000E+0	4.987300E+4
1.512000E-2	0.000000E+0	4.967000E+4
1.514000E-2	0.000000E+0	4.944700E+4
1.516000E-2	0.000000E+0	5.006900E+4
1.518000E-2	0.000000E+0	4.991900E+4
1.520000E-2	0.000000E+0	4.962600E+4
1.522000E-2	0.000000E+0	4.976500E+4
1.524000E-2	0.000000E+0	4.990900E+4
1.526000E-2	0.000000E+0	4.952400E+4
1.528000E-2	0.000000E+0	5.004000E+4
1.530000E-2	0.000000E+0	5.028700E+4
1.532000E-2	0.000000E+0	5.014800E+4
1.534000E-2	0.000000E+0	5.005500E+4
1.536000E-2	0.000000E+0	5.001100E+4
1.538000E-2	0.000000E+0	5.001700E+4
1.540000E-2	0.000000E+0	4.997400E+4
1.542000E-2	0.000000E+0	4.966200E+4
1.544000E-2	0.000000E+0	4.973600E+4
1.546000E-2	0.000000E+0	4.931400E+4
1.548000E-2	0.000000E+0	4.979300E+4
1.550000E-2	0.000000E+0	5.008900E+4
1.552000E-2	0.000000E+0	4.967100E+4
1.554000E-2	0.000000E+0	4.985200E+4
1.556000E-2	0.000000E+0	5.004100E+4
1.558000E-2	0.000000E+0	5.001500E+4
1.560000E-2	0.000000E+0	4.983100E+4
1.562000E-2	0.000000E+0	4.975700E+4
1.564000E-2	0.000000E+0	4.939100E+4
1.566000E-2	0.000000E+0	4.997300E+4
1.568000E-2	0.000000E+0	4.992800E+4
1.570000E-2	0.000000E+0	5.027400E+4
1.572000E-2	0.000000E+0	4.985500E+4
1.574000E-2	0.000000E+0	4.977400E+4
1.576000E-2	0.000000E+0	4.972700E+4
1.578000E-2	0.000000E+0	4.978600E+4
1.580000E-2	0.000000E+0	5.001900E+4
1.582000E-2	0.000000E+0	5.009400E+4
1.584000E-2	0.000000E+0	5.012400E+4
1.586000E-2	0.000000E+0	4.977300E+4
1.588000E-2	0.000000E+0	5.016700E+4
1.590000E-2	0.000000E+0	4.976000E+4
1.592000E-2	0.000000E+0	5.010100E+4
1.594000E-2	0.000000E+0	5.013300E+4
1.596000E-2	0.000000E+0	4.996800E+4
1.598000E-2	0.000000E+0	4.999400E+4
1.600000E-2	0.000000E+0	4.991700E+4
1.602000E-2	0.000000E+0	4.955600E+4
1.604000E-2	0.000000E+0	5.006300E+4
1.606000E-2	0.000000E+0	5.002900E+4
1.608000E-2	0.000000E+0	4.975600E+4
1.610000E-2	0.000000E+0	4.954900E+4
1.612000E-2	0.000000E+0	4.978700E+4
1.614000E-2	0.000000E+0	4.984200E+4
1.616000E-2	0.000000E+0	5.028300E+4
1.618000E-2	0.000000E+0	4.941100E+4
1.620000E-2	0.000000E+0	4.968000E+4
1.622000E-2	0.000000E+0	4.941000E+4
1.624000E-2	0.000000E+0	4.952300E+4
1.626000E-2	0.000000E+0	4.984300E+4
1.628000E-2	0.000000E+0	4.972900E+4
1.630000E-2	0.000000E+0	4.960400E+4
1.632000E-2	0.000000E+0	4.958900E+4
1.634000E-2	0.000000E+0	4.973500E+4
1.636000E-2	0.000000E+0	4.942600E+4
1.638000E-2	0.000000E+0	4.975800E+4
1.640000E-2	0.000000E+0	4.969300E+4
1.642000E-2	0.000000E+0	5.000100E+4
1.644000E-2	0.000000E+0	5.013000E+4
1.646000E-2	0.000000E+0	4.949100E+4
1.648000E-2	0.000000E+0	5.014600E+4
1.650000E-2	0.000000E+0	5.004200E+4
1.652000E-2	0.000000E+0	4.958400E+4
1.654000E-2	0.000000E+0	4.951000E+4
1.656000E-2	0.000000E+0	4.986200E+4
1.658000E-2	0.000000E+0	5.025900E+4
1.660000E-2	0.000000E+0	4.959000E+4
1.662000E-2	0.000000E+0	4.986700E+4
1.664000E-2	0.000000E+0	5.000200E+4
1.666000E-2	0.000000E+0	4.986500E+4
1.668000E-2	0.000000E+0	4.967800E+4
1.670000E-2	0.000000E+0	4.988200E+4
1.672000E-2	0.000000E+0	4.975400E+4
1.674000E-2	0.000000E+0	4.958500E+4
1.676000E-2	0.000000E+0	4.949200E+4
1.678000E-2	0.000000E+0	4.948100E+4
1.680000E-2	0.000000E+0	4.991700E+4
1.682000E-2	0.000000E+0	4.961600E+4
1.684000E-2	0.000000E+0	4.972300E+4
1.686000E-2	0.000000E+0	4.937100E+4
1.688000E-2	0.000000E+0	4.947700E+4
1.690000E-2	0.000000E+0	4.929200E+4
1.692000E-2	0.000000E+0	4.939100E+4
1.694000E-2	0.000000E+0	4.926000E+4
1.696000E-2	0.000000E+0	4.894600E+4
1.698000E-2	0.000000E+0	4.877300E+4
1.700000E-2	0.000000E+0	4.862800E+4
1.702000E-2	0.000000E+0	4.834600E+4
1.704000E-2	0.000000E+0	4.780400E+4
1.706000E-2	0.000000E+0	4.764100E+4
1.708000E-2	0.000000E+0	4.734200E+4
1.710000E-2	0.000000E+0	4.580200E+4
1.712000E-2	0.000000E+0	4.471400E+4
1.714000E-2	0.000000E+0	4.196300E+4
1.716000E-2	0.000000E+0	3.854100E+4
1.718000E-2	0.000000E+0	3.485500E+4
1.720000E-2	0.000000E+0	3.136600E+4
1.722000E-2	0.000000E+0	2.978100E+4
1.724000E-2	0.000000E+0	2.967900E+4
1.726000E-2	0.000000E+0	3.188700E+4
1.728000E-2	0.000000E+0	3.509700E+4
1.730000E-2	0.000000E+0	3.908900E+4
1.732000E-2	0.000000E+0	4.153400E+4
1.734000E-2	0.000000E+0	4.425000E+4
1.736000E-2	0.000000E+0	4.586600E+4
1.738000E-2	0.000000E+0	4.636300E+4
1.740000E-2	0.000000E+0	4.773600E+4
1.742000E-2	0.000000E+0	4.810100E+4
1.744000E-2	0.000000E+0	4.838200E+4
1.746000E-2	0.000000E+0	4.883500E+4
1.748000E-2	0.000000E+0	4.905100E+4
1.750000E-2	0.000000E+0	4.897900E+4
1.752000E-2	0.000000E+0	4.908300E+4
1.754000E-2	0.000000E+0	4.980300E+4
1.756000E-2	0.000000E+0	4.953000E+4
1.758000E-2	0.000000E+0	4.925700E+4
1.760000E-2	0.000000E+0	4.979700E+4
1.762000E-2	0.000000E+0	4.946700E+4
1.764000E-2	0.000000E+0	4.948700E+4
1.766000E-2	0.000000E+0	4.932100E+4
1.768000E-2	0.000000E+0	4.973000E+4
1.770000E-2	0.000000E+0	4.959900E+4
1.772000E-2	0.000000E+0	4.981200E+4
1.774000E-2	0.000000E+0	4.935600E+4
1.776000E-2	0.000000E+0	4.960700E+4
1.778000E-2	0.000000E+0	4.980900E+4
1.780000E-2	0.000000E+0	4.983300E+4
1.782000E-2	0.000000E+0	4.979000E+4
1.784000E-2	0.000000E+0	4.998400E+4
1.786000E-2	0.000000E+0	5.008600E+4
1.788000E-2	0.000000E+0	4.980600E+4
1.790000E-2	0.000000E+0	4.982600E+4
1.792000E-2	0.000000E+0	5.009100E+4
1.794000E-2	0.000000E+0	4.992500E+4
1.796000E-2	0.000000E+0	4.990400E+4
1.798000E-2	0.000000E+0	4.969000E+4
1.800000E-2	0.000000E+0	4.977900E+4
1.802000E-2	0.000000E+0	4.917600E+4
1.804000E-2	0.000000E+0	4.980900E+4
1.806000E-2	0.000000E+0	4.970500E+4
1.808000E-2	0.000000E+0	4.969700E+4
1.810000E-2	0.000000E+0	4.978100E+4
1.812000E-2	0.000000E+0	5.008700E+4
1.814000E-2	0.000000E+0	4.966600E+4
1.816000E-2	0.000000E+0	4.988200E+4
1.818000E-2	0.000000E+0	4.962600E+4
1.820000E-2	0.000000E+0	4.956800E+4
1.822000E-2	0.000000E+0	4.969600E+4
1.824000E-2	0.000000E+0	4.971800E+4
1.826000E-2	0.000000E+0	4.945100E+4
1.828000E-2	0.000000E+0	5.007700E+4
1.830000E-2	0.000000E+0	4.947600E+4
1.832000E-2	0.000000E+0	4.952300E+4
1.834000E-2	0.000000E+0	4.998400E+4
1.836000E-2	0.000000E+0	4.926600E+4
1.838000E-2	0.000000E+0	4.989000E+4
1.840000E-2	0.000000E+0	5.041600E+4
1.842000E-2	0.000000E+0	5.004000E+4
1.844000E-2	0.000000E+0	4.996400E+4
1.846000E-2	0.000000E+0	4.988300E+4
1.848000E-2	0.000000E+0	4.956600E+4
1.850000E-2	0.000000E+0	4.977900E+4
1.852000E-2	0.000000E+0	4.987800E+4
1.854000E-2	0.000000E+0	4.960100E+4
1.856000E-2	0.000000E+0	5.015100E+4
1.858000E-2	0.000000E+0	4.952800E+4
1.860000E-2	0.000000E+0	4.983300E+4
1.862000E-2	0.000000E+0	4.964400E+4
1.864000E-2	0.000000E+0	5.045300E+4
1.866000E-2	0.000000E+0	4.914600E+4
1.868000E-2	0.000000E+0	5.012000E+4
1.870000E-2	0.000000E+0	4.973400E+4
1.872000E-2	0.000000E+0	4.978200E+4
1.874000E-2	0.000000E+0	4.955500E+4
1.876000E-2	0.000000E+0	4.983300E+4
1.878000E-2	0.000000E+0	4.978100E+4
1.880000E-2	0.000000E+0	4.972100E+4
1.882000E-2	0.000000E+0	4.989600E+4
1.884000E-2	0.000000E+0	4.967300E+4
1.886000E-2	0.000000E+0	4.988700E+4
1.888000E-2	0.000000E+0	4.957900E+4
1.890000E-2	0.000000E+0	4.983700E+4
1.892000E-2	0.000000E+0	4.971700E+4
1.894000E-2	0.000000E+0	5.014200E+4
1.896000E-2	0.000000E+0	5.003600E+4
1.898000E-2	0.000000E+0	5.022700E+4
1.900000E-2	0.000000E+0	4.994400E+4
1.902000E-2	0.000000E+0	4.978300E+4
1.904000E-2	0.000000E+0	5.007600E+4
1.906000E-2	0.000000E+0	4.966400E+4
1.908000E-2	0.000000E+0	5.000400E+4
1.910000E-2	0.000000E+0	4.947000E+4
1.912000E-2	0.000000E+0	4.952300E+4
1.914000E-2	0.000000E+0	5.027800E+4
1.916000E-2	0.000000E+0	4.962000E+4
1.918000E-2	0.000000E+0	5.001000E+4
1.920000E-2	0.000000E+0	4.979400E+4
1.922000E-2	0.000000E+0	4.985100E+4
1.924000E-2	0.000000E+0	5.018800E+4
1.926000E-2	0.000000E+0	4.966600E+4
1.928000E-2	0.000000E+0	4.989500E+4
1.930000E-2	0.000000E+0	4.986800E+4
1.932000E-2	0.000000E+0	4.993800E+4
1.934000E-2	0.000000E+0	5.020900E+4
1.936000E-2	0.000000E+0	4.959500E+4
1.938000E-2	0.000000E+0	4.998500E+4
1.940000E-2	0.000000E+0	4.973300E+4
1.942000E-2	0.000000E+0	4.981400E+4
1.944000E-2	0.000000E+0	4.999700E+4
1.946000E-2	0.000000E+0	4.978500E+4
1.948000E-2	0.000000E+0	4.988500E+4
1.950000E-2	0.000000E+0	5.018000E+4
1.952000E-2	0.000000E+0	4.991200E+4
1.954000E-2	0.000000E+0	4.993000E+4
1.956000E-2	0.000000E+0	4.966600E+4
1.958000E-2	0.000000E+0	4.992700E+4
1.960000E-2	0.000000E+0	4.928200E+4
1.962000E-2	0.000000E+0	4.986200E+4
1.964000E-2	0.000000E+0	4.994100E+4
1.966000E-2	0.000000E+0	4.991200E+4
1.968000E-2	0.000000E+0	4.965700E+4
1.970000E-2	0.000000E+0	5.004300E+4
1.972000E-2	0.000000E+0	4.947500E+4
1.974000E-2	0.000000E+0	4.976000E+4
1.976000E-2	0.000000E+0	4.943200E+4
1.978000E-2	0.000000E+0	4.968800E+4
1.980000E-2	0.000000E+0	4.993600E+4
1.982000E-2	0.000000E+0	4.989200E+4
1.984000E-2	0.000000E+0	4.981500E+4
1.986000E-2	0.000000E+0	4.998200E+4
1.988000E-2	0.000000E+0	4.986300E+4
1.990000E-2	0.000000E+0	5.003400E+4
1.992000E-2	0.000000E+0	4.983500E+4
1.994000E-2	0.000000E+0	5.010300E+4
1.996000E-2	0.000000E+0	5.030100E+4
1.998000E-2	0.000000E+0	4.968100E+4
