

live time:  236106.160000
real time:  273605.826000
sweeps:  11805308.000000
0.000000E+0	0.000000E+0	0.000000E+0
2.000000E-5	0.000000E+0	1.179180E+5
4.000000E-5	0.000000E+0	1.179510E+5
6.000000E-5	0.000000E+0	1.181250E+5
8.000000E-5	0.000000E+0	1.185950E+5
1.000000E-4	0.000000E+0	1.176420E+5
1.200000E-4	0.000000E+0	1.181180E+5
1.400000E-4	0.000000E+0	1.188570E+5
1.600000E-4	0.000000E+0	1.189270E+5
1.800000E-4	0.000000E+0	1.183800E+5
2.000000E-4	0.000000E+0	1.186730E+5
2.200000E-4	0.000000E+0	1.187240E+5
2.400000E-4	0.000000E+0	1.186070E+5
2.600000E-4	0.000000E+0	1.186860E+5
2.800000E-4	0.000000E+0	1.183430E+5
3.000000E-4	0.000000E+0	1.186150E+5
3.200000E-4	0.000000E+0	1.179540E+5
3.400000E-4	0.000000E+0	1.184270E+5
3.600000E-4	0.000000E+0	1.181270E+5
3.800000E-4	0.000000E+0	1.186110E+5
4.000000E-4	0.000000E+0	1.187830E+5
4.200000E-4	0.000000E+0	1.184570E+5
4.400000E-4	0.000000E+0	1.176680E+5
4.600000E-4	0.000000E+0	1.184990E+5
4.800000E-4	0.000000E+0	1.186400E+5
5.000000E-4	0.000000E+0	1.184410E+5
5.200000E-4	0.000000E+0	1.186400E+5
5.400000E-4	0.000000E+0	1.185800E+5
5.600000E-4	0.000000E+0	1.185820E+5
5.800000E-4	0.000000E+0	1.182290E+5
6.000000E-4	0.000000E+0	1.179240E+5
6.200000E-4	0.000000E+0	1.180080E+5
6.400000E-4	0.000000E+0	1.182180E+5
6.600000E-4	0.000000E+0	1.181460E+5
6.800000E-4	0.000000E+0	1.180410E+5
7.000000E-4	0.000000E+0	1.184190E+5
7.200000E-4	0.000000E+0	1.187000E+5
7.400000E-4	0.000000E+0	1.181470E+5
7.600000E-4	0.000000E+0	1.180430E+5
7.800000E-4	0.000000E+0	1.181490E+5
8.000000E-4	0.000000E+0	1.185000E+5
8.200000E-4	0.000000E+0	1.181760E+5
8.400000E-4	0.000000E+0	1.184940E+5
8.600000E-4	0.000000E+0	1.185030E+5
8.800000E-4	0.000000E+0	1.184100E+5
9.000000E-4	0.000000E+0	1.175530E+5
9.200000E-4	0.000000E+0	1.181300E+5
9.400000E-4	0.000000E+0	1.186330E+5
9.600000E-4	0.000000E+0	1.182570E+5
9.800000E-4	0.000000E+0	1.184250E+5
1.000000E-3	0.000000E+0	1.180710E+5
1.020000E-3	0.000000E+0	1.185220E+5
1.040000E-3	0.000000E+0	1.186230E+5
1.060000E-3	0.000000E+0	1.182330E+5
1.080000E-3	0.000000E+0	1.181010E+5
1.100000E-3	0.000000E+0	1.184850E+5
1.120000E-3	0.000000E+0	1.181810E+5
1.140000E-3	0.000000E+0	1.182040E+5
1.160000E-3	0.000000E+0	1.183440E+5
1.180000E-3	0.000000E+0	1.180090E+5
1.200000E-3	0.000000E+0	1.187510E+5
1.220000E-3	0.000000E+0	1.181600E+5
1.240000E-3	0.000000E+0	1.183870E+5
1.260000E-3	0.000000E+0	1.178320E+5
1.280000E-3	0.000000E+0	1.184010E+5
1.300000E-3	0.000000E+0	1.186430E+5
1.320000E-3	0.000000E+0	1.182620E+5
1.340000E-3	0.000000E+0	1.187810E+5
1.360000E-3	0.000000E+0	1.183680E+5
1.380000E-3	0.000000E+0	1.184670E+5
1.400000E-3	0.000000E+0	1.186270E+5
1.420000E-3	0.000000E+0	1.182840E+5
1.440000E-3	0.000000E+0	1.185910E+5
1.460000E-3	0.000000E+0	1.188950E+5
1.480000E-3	0.000000E+0	1.183610E+5
1.500000E-3	0.000000E+0	1.172420E+5
1.520000E-3	0.000000E+0	1.182780E+5
1.540000E-3	0.000000E+0	1.185040E+5
1.560000E-3	0.000000E+0	1.186790E+5
1.580000E-3	0.000000E+0	1.182050E+5
1.600000E-3	0.000000E+0	1.188310E+5
1.620000E-3	0.000000E+0	1.192640E+5
1.640000E-3	0.000000E+0	1.184320E+5
1.660000E-3	0.000000E+0	1.183240E+5
1.680000E-3	0.000000E+0	1.184130E+5
1.700000E-3	0.000000E+0	1.180300E+5
1.720000E-3	0.000000E+0	1.179960E+5
1.740000E-3	0.000000E+0	1.183460E+5
1.760000E-3	0.000000E+0	1.189740E+5
1.780000E-3	0.000000E+0	1.186860E+5
1.800000E-3	0.000000E+0	1.182450E+5
1.820000E-3	0.000000E+0	1.188670E+5
1.840000E-3	0.000000E+0	1.187400E+5
1.860000E-3	0.000000E+0	1.184300E+5
1.880000E-3	0.000000E+0	1.185140E+5
1.900000E-3	0.000000E+0	1.185060E+5
1.920000E-3	0.000000E+0	1.184640E+5
1.940000E-3	0.000000E+0	1.181150E+5
1.960000E-3	0.000000E+0	1.185210E+5
1.980000E-3	0.000000E+0	1.188700E+5
2.000000E-3	0.000000E+0	1.185060E+5
2.020000E-3	0.000000E+0	1.185600E+5
2.040000E-3	0.000000E+0	1.183500E+5
2.060000E-3	0.000000E+0	1.193750E+5
2.080000E-3	0.000000E+0	1.177860E+5
2.100000E-3	0.000000E+0	1.177790E+5
2.120000E-3	0.000000E+0	1.186180E+5
2.140000E-3	0.000000E+0	1.184910E+5
2.160000E-3	0.000000E+0	1.183090E+5
2.180000E-3	0.000000E+0	1.185460E+5
2.200000E-3	0.000000E+0	1.181560E+5
2.220000E-3	0.000000E+0	1.177710E+5
2.240000E-3	0.000000E+0	1.185170E+5
2.260000E-3	0.000000E+0	1.184270E+5
2.280000E-3	0.000000E+0	1.187850E+5
2.300000E-3	0.000000E+0	1.187930E+5
2.320000E-3	0.000000E+0	1.181020E+5
2.340000E-3	0.000000E+0	1.176870E+5
2.360000E-3	0.000000E+0	1.183810E+5
2.380000E-3	0.000000E+0	1.179070E+5
2.400000E-3	0.000000E+0	1.187080E+5
2.420000E-3	0.000000E+0	1.182700E+5
2.440000E-3	0.000000E+0	1.181580E+5
2.460000E-3	0.000000E+0	1.182330E+5
2.480000E-3	0.000000E+0	1.180860E+5
2.500000E-3	0.000000E+0	1.184690E+5
2.520000E-3	0.000000E+0	1.186360E+5
2.540000E-3	0.000000E+0	1.186500E+5
2.560000E-3	0.000000E+0	1.179400E+5
2.580000E-3	0.000000E+0	1.186380E+5
2.600000E-3	0.000000E+0	1.186230E+5
2.620000E-3	0.000000E+0	1.180280E+5
2.640000E-3	0.000000E+0	1.185060E+5
2.660000E-3	0.000000E+0	1.180430E+5
2.680000E-3	0.000000E+0	1.188830E+5
2.700000E-3	0.000000E+0	1.182730E+5
2.720000E-3	0.000000E+0	1.178710E+5
2.740000E-3	0.000000E+0	1.182120E+5
2.760000E-3	0.000000E+0	1.187410E+5
2.780000E-3	0.000000E+0	1.183140E+5
2.800000E-3	0.000000E+0	1.180360E+5
2.820000E-3	0.000000E+0	1.180140E+5
2.840000E-3	0.000000E+0	1.183310E+5
2.860000E-3	0.000000E+0	1.183020E+5
2.880000E-3	0.000000E+0	1.187490E+5
2.900000E-3	0.000000E+0	1.176560E+5
2.920000E-3	0.000000E+0	1.184340E+5
2.940000E-3	0.000000E+0	1.182450E+5
2.960000E-3	0.000000E+0	1.183030E+5
2.980000E-3	0.000000E+0	1.182940E+5
3.000000E-3	0.000000E+0	1.179870E+5
3.020000E-3	0.000000E+0	1.186370E+5
3.040000E-3	0.000000E+0	1.185410E+5
3.060000E-3	0.000000E+0	1.182120E+5
3.080000E-3	0.000000E+0	1.180400E+5
3.100000E-3	0.000000E+0	1.187060E+5
3.120000E-3	0.000000E+0	1.182390E+5
3.140000E-3	0.000000E+0	1.178500E+5
3.160000E-3	0.000000E+0	1.179530E+5
3.180000E-3	0.000000E+0	1.179060E+5
3.200000E-3	0.000000E+0	1.185950E+5
3.220000E-3	0.000000E+0	1.181580E+5
3.240000E-3	0.000000E+0	1.183630E+5
3.260000E-3	0.000000E+0	1.185310E+5
3.280000E-3	0.000000E+0	1.186550E+5
3.300000E-3	0.000000E+0	1.185930E+5
3.320000E-3	0.000000E+0	1.184320E+5
3.340000E-3	0.000000E+0	1.181590E+5
3.360000E-3	0.000000E+0	1.185140E+5
3.380000E-3	0.000000E+0	1.178560E+5
3.400000E-3	0.000000E+0	1.184030E+5
3.420000E-3	0.000000E+0	1.184300E+5
3.440000E-3	0.000000E+0	1.179030E+5
3.460000E-3	0.000000E+0	1.186720E+5
3.480000E-3	0.000000E+0	1.186890E+5
3.500000E-3	0.000000E+0	1.186650E+5
3.520000E-3	0.000000E+0	1.184010E+5
3.540000E-3	0.000000E+0	1.191940E+5
3.560000E-3	0.000000E+0	1.184220E+5
3.580000E-3	0.000000E+0	1.185050E+5
3.600000E-3	0.000000E+0	1.172920E+5
3.620000E-3	0.000000E+0	1.183030E+5
3.640000E-3	0.000000E+0	1.183190E+5
3.660000E-3	0.000000E+0	1.183810E+5
3.680000E-3	0.000000E+0	1.185360E+5
3.700000E-3	0.000000E+0	1.182850E+5
3.720000E-3	0.000000E+0	1.178800E+5
3.740000E-3	0.000000E+0	1.182800E+5
3.760000E-3	0.000000E+0	1.185230E+5
3.780000E-3	0.000000E+0	1.184420E+5
3.800000E-3	0.000000E+0	1.180750E+5
3.820000E-3	0.000000E+0	1.179430E+5
3.840000E-3	0.000000E+0	1.185970E+5
3.860000E-3	0.000000E+0	1.183100E+5
3.880000E-3	0.000000E+0	1.179800E+5
3.900000E-3	0.000000E+0	1.176180E+5
3.920000E-3	0.000000E+0	1.187200E+5
3.940000E-3	0.000000E+0	1.184800E+5
3.960000E-3	0.000000E+0	1.183430E+5
3.980000E-3	0.000000E+0	1.184040E+5
4.000000E-3	0.000000E+0	1.180860E+5
4.020000E-3	0.000000E+0	1.186270E+5
4.040000E-3	0.000000E+0	1.183400E+5
4.060000E-3	0.000000E+0	1.179020E+5
4.080000E-3	0.000000E+0	1.182630E+5
4.100000E-3	0.000000E+0	1.183930E+5
4.120000E-3	0.000000E+0	1.182030E+5
4.140000E-3	0.000000E+0	1.185090E+5
4.160000E-3	0.000000E+0	1.179630E+5
4.180000E-3	0.000000E+0	1.184810E+5
4.200000E-3	0.000000E+0	1.178170E+5
4.220000E-3	0.000000E+0	1.187340E+5
4.240000E-3	0.000000E+0	1.181340E+5
4.260000E-3	0.000000E+0	1.181710E+5
4.280000E-3	0.000000E+0	1.192440E+5
4.300000E-3	0.000000E+0	1.181560E+5
4.320000E-3	0.000000E+0	1.188300E+5
4.340000E-3	0.000000E+0	1.182460E+5
4.360000E-3	0.000000E+0	1.185000E+5
4.380000E-3	0.000000E+0	1.177910E+5
4.400000E-3	0.000000E+0	1.194320E+5
4.420000E-3	0.000000E+0	1.180820E+5
4.440000E-3	0.000000E+0	1.185600E+5
4.460000E-3	0.000000E+0	1.186820E+5
4.480000E-3	0.000000E+0	1.182410E+5
4.500000E-3	0.000000E+0	1.179170E+5
4.520000E-3	0.000000E+0	1.186660E+5
4.540000E-3	0.000000E+0	1.185850E+5
4.560000E-3	0.000000E+0	1.188210E+5
4.580000E-3	0.000000E+0	1.188700E+5
4.600000E-3	0.000000E+0	1.189920E+5
4.620000E-3	0.000000E+0	1.181020E+5
4.640000E-3	0.000000E+0	1.186580E+5
4.660000E-3	0.000000E+0	1.183470E+5
4.680000E-3	0.000000E+0	1.184330E+5
4.700000E-3	0.000000E+0	1.182340E+5
4.720000E-3	0.000000E+0	1.186150E+5
4.740000E-3	0.000000E+0	1.182450E+5
4.760000E-3	0.000000E+0	1.179310E+5
4.780000E-3	0.000000E+0	1.177160E+5
4.800000E-3	0.000000E+0	1.187540E+5
4.820000E-3	0.000000E+0	1.182350E+5
4.840000E-3	0.000000E+0	1.182100E+5
4.860000E-3	0.000000E+0	1.184070E+5
4.880000E-3	0.000000E+0	1.184430E+5
4.900000E-3	0.000000E+0	1.187240E+5
4.920000E-3	0.000000E+0	1.180830E+5
4.940000E-3	0.000000E+0	1.189690E+5
4.960000E-3	0.000000E+0	1.185270E+5
4.980000E-3	0.000000E+0	1.181180E+5
5.000000E-3	0.000000E+0	1.178040E+5
5.020000E-3	0.000000E+0	1.182510E+5
5.040000E-3	0.000000E+0	1.182610E+5
5.060000E-3	0.000000E+0	1.188710E+5
5.080000E-3	0.000000E+0	1.185370E+5
5.100000E-3	0.000000E+0	1.185080E+5
5.120000E-3	0.000000E+0	1.188520E+5
5.140000E-3	0.000000E+0	1.182240E+5
5.160000E-3	0.000000E+0	1.187710E+5
5.180000E-3	0.000000E+0	1.177670E+5
5.200000E-3	0.000000E+0	1.178250E+5
5.220000E-3	0.000000E+0	1.179120E+5
5.240000E-3	0.000000E+0	1.176840E+5
5.260000E-3	0.000000E+0	1.184480E+5
5.280000E-3	0.000000E+0	1.175460E+5
5.300000E-3	0.000000E+0	1.176410E+5
5.320000E-3	0.000000E+0	1.177260E+5
5.340000E-3	0.000000E+0	1.177830E+5
5.360000E-3	0.000000E+0	1.179740E+5
5.380000E-3	0.000000E+0	1.176500E+5
5.400000E-3	0.000000E+0	1.176200E+5
5.420000E-3	0.000000E+0	1.175770E+5
5.440000E-3	0.000000E+0	1.171260E+5
5.460000E-3	0.000000E+0	1.177970E+5
5.480000E-3	0.000000E+0	1.170650E+5
5.500000E-3	0.000000E+0	1.168770E+5
5.520000E-3	0.000000E+0	1.173540E+5
5.540000E-3	0.000000E+0	1.167540E+5
5.560000E-3	0.000000E+0	1.173160E+5
5.580000E-3	0.000000E+0	1.167160E+5
5.600000E-3	0.000000E+0	1.169600E+5
5.620000E-3	0.000000E+0	1.155060E+5
5.640000E-3	0.000000E+0	1.148130E+5
5.660000E-3	0.000000E+0	1.137240E+5
5.680000E-3	0.000000E+0	1.117490E+5
5.700000E-3	0.000000E+0	1.105480E+5
5.720000E-3	0.000000E+0	1.069840E+5
5.740000E-3	0.000000E+0	1.017000E+5
5.760000E-3	0.000000E+0	9.547400E+4
5.780000E-3	0.000000E+0	8.638700E+4
5.800000E-3	0.000000E+0	7.777100E+4
5.820000E-3	0.000000E+0	7.191900E+4
5.840000E-3	0.000000E+0	7.002000E+4
5.860000E-3	0.000000E+0	7.246800E+4
5.880000E-3	0.000000E+0	7.925900E+4
5.900000E-3	0.000000E+0	8.846200E+4
5.920000E-3	0.000000E+0	9.711700E+4
5.940000E-3	0.000000E+0	1.044070E+5
5.960000E-3	0.000000E+0	1.081690E+5
5.980000E-3	0.000000E+0	1.115280E+5
6.000000E-3	0.000000E+0	1.135280E+5
6.020000E-3	0.000000E+0	1.143220E+5
6.040000E-3	0.000000E+0	1.150390E+5
6.060000E-3	0.000000E+0	1.156400E+5
6.080000E-3	0.000000E+0	1.161820E+5
6.100000E-3	0.000000E+0	1.163450E+5
6.120000E-3	0.000000E+0	1.167220E+5
6.140000E-3	0.000000E+0	1.171640E+5
6.160000E-3	0.000000E+0	1.167750E+5
6.180000E-3	0.000000E+0	1.174040E+5
6.200000E-3	0.000000E+0	1.175680E+5
6.220000E-3	0.000000E+0	1.172050E+5
6.240000E-3	0.000000E+0	1.174610E+5
6.260000E-3	0.000000E+0	1.181200E+5
6.280000E-3	0.000000E+0	1.178850E+5
6.300000E-3	0.000000E+0	1.180060E+5
6.320000E-3	0.000000E+0	1.175420E+5
6.340000E-3	0.000000E+0	1.181420E+5
6.360000E-3	0.000000E+0	1.177470E+5
6.380000E-3	0.000000E+0	1.181850E+5
6.400000E-3	0.000000E+0	1.184340E+5
6.420000E-3	0.000000E+0	1.186680E+5
6.440000E-3	0.000000E+0	1.174020E+5
6.460000E-3	0.000000E+0	1.179800E+5
6.480000E-3	0.000000E+0	1.185420E+5
6.500000E-3	0.000000E+0	1.178510E+5
6.520000E-3	0.000000E+0	1.178960E+5
6.540000E-3	0.000000E+0	1.183520E+5
6.560000E-3	0.000000E+0	1.183310E+5
6.580000E-3	0.000000E+0	1.180110E+5
6.600000E-3	0.000000E+0	1.177530E+5
6.620000E-3	0.000000E+0	1.180410E+5
6.640000E-3	0.000000E+0	1.181190E+5
6.660000E-3	0.000000E+0	1.182340E+5
6.680000E-3	0.000000E+0	1.180110E+5
6.700000E-3	0.000000E+0	1.181540E+5
6.720000E-3	0.000000E+0	1.180460E+5
6.740000E-3	0.000000E+0	1.182840E+5
6.760000E-3	0.000000E+0	1.183700E+5
6.780000E-3	0.000000E+0	1.184700E+5
6.800000E-3	0.000000E+0	1.180040E+5
6.820000E-3	0.000000E+0	1.181960E+5
6.840000E-3	0.000000E+0	1.181560E+5
6.860000E-3	0.000000E+0	1.191990E+5
6.880000E-3	0.000000E+0	1.180280E+5
6.900000E-3	0.000000E+0	1.183340E+5
6.920000E-3	0.000000E+0	1.190480E+5
6.940000E-3	0.000000E+0	1.181350E+5
6.960000E-3	0.000000E+0	1.171000E+5
6.980000E-3	0.000000E+0	1.184320E+5
7.000000E-3	0.000000E+0	1.186670E+5
7.020000E-3	0.000000E+0	1.182840E+5
7.040000E-3	0.000000E+0	1.178210E+5
7.060000E-3	0.000000E+0	1.183910E+5
7.080000E-3	0.000000E+0	1.184120E+5
7.100000E-3	0.000000E+0	1.179160E+5
7.120000E-3	0.000000E+0	1.182320E+5
7.140000E-3	0.000000E+0	1.185220E+5
7.160000E-3	0.000000E+0	1.187050E+5
7.180000E-3	0.000000E+0	1.187230E+5
7.200000E-3	0.000000E+0	1.178580E+5
7.220000E-3	0.000000E+0	1.183430E+5
7.240000E-3	0.000000E+0	1.183730E+5
7.260000E-3	0.000000E+0	1.187990E+5
7.280000E-3	0.000000E+0	1.181080E+5
7.300000E-3	0.000000E+0	1.183850E+5
7.320000E-3	0.000000E+0	1.183200E+5
7.340000E-3	0.000000E+0	1.185100E+5
7.360000E-3	0.000000E+0	1.181800E+5
7.380000E-3	0.000000E+0	1.185770E+5
7.400000E-3	0.000000E+0	1.181100E+5
7.420000E-3	0.000000E+0	1.186020E+5
7.440000E-3	0.000000E+0	1.183620E+5
7.460000E-3	0.000000E+0	1.180550E+5
7.480000E-3	0.000000E+0	1.183610E+5
7.500000E-3	0.000000E+0	1.173740E+5
7.520000E-3	0.000000E+0	1.185110E+5
7.540000E-3	0.000000E+0	1.185440E+5
7.560000E-3	0.000000E+0	1.185580E+5
7.580000E-3	0.000000E+0	1.180390E+5
7.600000E-3	0.000000E+0	1.179700E+5
7.620000E-3	0.000000E+0	1.187550E+5
7.640000E-3	0.000000E+0	1.183270E+5
7.660000E-3	0.000000E+0	1.189140E+5
7.680000E-3	0.000000E+0	1.186270E+5
7.700000E-3	0.000000E+0	1.181630E+5
7.720000E-3	0.000000E+0	1.183560E+5
7.740000E-3	0.000000E+0	1.180060E+5
7.760000E-3	0.000000E+0	1.190550E+5
7.780000E-3	0.000000E+0	1.182520E+5
7.800000E-3	0.000000E+0	1.188480E+5
7.820000E-3	0.000000E+0	1.183720E+5
7.840000E-3	0.000000E+0	1.183910E+5
7.860000E-3	0.000000E+0	1.183120E+5
7.880000E-3	0.000000E+0	1.186210E+5
7.900000E-3	0.000000E+0	1.188640E+5
7.920000E-3	0.000000E+0	1.182580E+5
7.940000E-3	0.000000E+0	1.181770E+5
7.960000E-3	0.000000E+0	1.182630E+5
7.980000E-3	0.000000E+0	1.180700E+5
8.000000E-3	0.000000E+0	1.177800E+5
8.020000E-3	0.000000E+0	1.180190E+5
8.040000E-3	0.000000E+0	1.175430E+5
8.060000E-3	0.000000E+0	1.184510E+5
8.080000E-3	0.000000E+0	1.195220E+5
8.100000E-3	0.000000E+0	1.178990E+5
8.120000E-3	0.000000E+0	1.180020E+5
8.140000E-3	0.000000E+0	1.185320E+5
8.160000E-3	0.000000E+0	1.182480E+5
8.180000E-3	0.000000E+0	1.179940E+5
8.200000E-3	0.000000E+0	1.183900E+5
8.220000E-3	0.000000E+0	1.178390E+5
8.240000E-3	0.000000E+0	1.185250E+5
8.260000E-3	0.000000E+0	1.177320E+5
8.280000E-3	0.000000E+0	1.188450E+5
8.300000E-3	0.000000E+0	1.186790E+5
8.320000E-3	0.000000E+0	1.182980E+5
8.340000E-3	0.000000E+0	1.187840E+5
8.360000E-3	0.000000E+0	1.177680E+5
8.380000E-3	0.000000E+0	1.186570E+5
8.400000E-3	0.000000E+0	1.184390E+5
8.420000E-3	0.000000E+0	1.180900E+5
8.440000E-3	0.000000E+0	1.185570E+5
8.460000E-3	0.000000E+0	1.186110E+5
8.480000E-3	0.000000E+0	1.182680E+5
8.500000E-3	0.000000E+0	1.185170E+5
8.520000E-3	0.000000E+0	1.182580E+5
8.540000E-3	0.000000E+0	1.185490E+5
8.560000E-3	0.000000E+0	1.187840E+5
8.580000E-3	0.000000E+0	1.180530E+5
8.600000E-3	0.000000E+0	1.184650E+5
8.620000E-3	0.000000E+0	1.183340E+5
8.640000E-3	0.000000E+0	1.187120E+5
8.660000E-3	0.000000E+0	1.181590E+5
8.680000E-3	0.000000E+0	1.184900E+5
8.700000E-3	0.000000E+0	1.185730E+5
8.720000E-3	0.000000E+0	1.183470E+5
8.740000E-3	0.000000E+0	1.183980E+5
8.760000E-3	0.000000E+0	1.192660E+5
8.780000E-3	0.000000E+0	1.181760E+5
8.800000E-3	0.000000E+0	1.183680E+5
8.820000E-3	0.000000E+0	1.185660E+5
8.840000E-3	0.000000E+0	1.185710E+5
8.860000E-3	0.000000E+0	1.183860E+5
8.880000E-3	0.000000E+0	1.181870E+5
8.900000E-3	0.000000E+0	1.192610E+5
8.920000E-3	0.000000E+0	1.183540E+5
8.940000E-3	0.000000E+0	1.182990E+5
8.960000E-3	0.000000E+0	1.183890E+5
8.980000E-3	0.000000E+0	1.178260E+5
9.000000E-3	0.000000E+0	1.181220E+5
9.020000E-3	0.000000E+0	1.183000E+5
9.040000E-3	0.000000E+0	1.188620E+5
9.060000E-3	0.000000E+0	1.182980E+5
9.080000E-3	0.000000E+0	1.186170E+5
9.100000E-3	0.000000E+0	1.180900E+5
9.120000E-3	0.000000E+0	1.185860E+5
9.140000E-3	0.000000E+0	1.185260E+5
9.160000E-3	0.000000E+0	1.171580E+5
9.180000E-3	0.000000E+0	1.180930E+5
9.200000E-3	0.000000E+0	1.187270E+5
9.220000E-3	0.000000E+0	1.183640E+5
9.240000E-3	0.000000E+0	1.182880E+5
9.260000E-3	0.000000E+0	1.184290E+5
9.280000E-3	0.000000E+0	1.182320E+5
9.300000E-3	0.000000E+0	1.182580E+5
9.320000E-3	0.000000E+0	1.182310E+5
9.340000E-3	0.000000E+0	1.185360E+5
9.360000E-3	0.000000E+0	1.184170E+5
9.380000E-3	0.000000E+0	1.186620E+5
9.400000E-3	0.000000E+0	1.182110E+5
9.420000E-3	0.000000E+0	1.183410E+5
9.440000E-3	0.000000E+0	1.181630E+5
9.460000E-3	0.000000E+0	1.184200E+5
9.480000E-3	0.000000E+0	1.181190E+5
9.500000E-3	0.000000E+0	1.188380E+5
9.520000E-3	0.000000E+0	1.185080E+5
9.540000E-3	0.000000E+0	1.176880E+5
9.560000E-3	0.000000E+0	1.183720E+5
9.580000E-3	0.000000E+0	1.187330E+5
9.600000E-3	0.000000E+0	1.178940E+5
9.620000E-3	0.000000E+0	1.185530E+5
9.640000E-3	0.000000E+0	1.185420E+5
9.660000E-3	0.000000E+0	1.183400E+5
9.680000E-3	0.000000E+0	1.175390E+5
9.700000E-3	0.000000E+0	1.184410E+5
9.720000E-3	0.000000E+0	1.183570E+5
9.740000E-3	0.000000E+0	1.189510E+5
9.760000E-3	0.000000E+0	1.179050E+5
9.780000E-3	0.000000E+0	1.183620E+5
9.800000E-3	0.000000E+0	1.186590E+5
9.820000E-3	0.000000E+0	1.180880E+5
9.840000E-3	0.000000E+0	1.185700E+5
9.860000E-3	0.000000E+0	1.188030E+5
9.880000E-3	0.000000E+0	1.186330E+5
9.900000E-3	0.000000E+0	1.184530E+5
9.920000E-3	0.000000E+0	1.188990E+5
9.940000E-3	0.000000E+0	1.178720E+5
9.960000E-3	0.000000E+0	1.176130E+5
9.980000E-3	0.000000E+0	1.182720E+5
1.000000E-2	0.000000E+0	1.184210E+5
1.002000E-2	0.000000E+0	1.180620E+5
1.004000E-2	0.000000E+0	1.182890E+5
1.006000E-2	0.000000E+0	1.180870E+5
1.008000E-2	0.000000E+0	1.186810E+5
1.010000E-2	0.000000E+0	1.187360E+5
1.012000E-2	0.000000E+0	1.183250E+5
1.014000E-2	0.000000E+0	1.191400E+5
1.016000E-2	0.000000E+0	1.188200E+5
1.018000E-2	0.000000E+0	1.185690E+5
1.020000E-2	0.000000E+0	1.190860E+5
1.022000E-2	0.000000E+0	1.188760E+5
1.024000E-2	0.000000E+0	1.183920E+5
1.026000E-2	0.000000E+0	1.183490E+5
1.028000E-2	0.000000E+0	1.184370E+5
1.030000E-2	0.000000E+0	1.181910E+5
1.032000E-2	0.000000E+0	1.185850E+5
1.034000E-2	0.000000E+0	1.187120E+5
1.036000E-2	0.000000E+0	1.183520E+5
1.038000E-2	0.000000E+0	1.185320E+5
1.040000E-2	0.000000E+0	1.188170E+5
1.042000E-2	0.000000E+0	1.182890E+5
1.044000E-2	0.000000E+0	1.188640E+5
1.046000E-2	0.000000E+0	1.182290E+5
1.048000E-2	0.000000E+0	1.187910E+5
1.050000E-2	0.000000E+0	1.182040E+5
1.052000E-2	0.000000E+0	1.185240E+5
1.054000E-2	0.000000E+0	1.182830E+5
1.056000E-2	0.000000E+0	1.185590E+5
1.058000E-2	0.000000E+0	1.184360E+5
1.060000E-2	0.000000E+0	1.174890E+5
1.062000E-2	0.000000E+0	1.179790E+5
1.064000E-2	0.000000E+0	1.182400E+5
1.066000E-2	0.000000E+0	1.186830E+5
1.068000E-2	0.000000E+0	1.179360E+5
1.070000E-2	0.000000E+0	1.179590E+5
1.072000E-2	0.000000E+0	1.178840E+5
1.074000E-2	0.000000E+0	1.185120E+5
1.076000E-2	0.000000E+0	1.183950E+5
1.078000E-2	0.000000E+0	1.181630E+5
1.080000E-2	0.000000E+0	1.183060E+5
1.082000E-2	0.000000E+0	1.179110E+5
1.084000E-2	0.000000E+0	1.180770E+5
1.086000E-2	0.000000E+0	1.179600E+5
1.088000E-2	0.000000E+0	1.185050E+5
1.090000E-2	0.000000E+0	1.185090E+5
1.092000E-2	0.000000E+0	1.181430E+5
1.094000E-2	0.000000E+0	1.184290E+5
1.096000E-2	0.000000E+0	1.185840E+5
1.098000E-2	0.000000E+0	1.184170E+5
1.100000E-2	0.000000E+0	1.183790E+5
1.102000E-2	0.000000E+0	1.177040E+5
1.104000E-2	0.000000E+0	1.186380E+5
1.106000E-2	0.000000E+0	1.177190E+5
1.108000E-2	0.000000E+0	1.190160E+5
1.110000E-2	0.000000E+0	1.188280E+5
1.112000E-2	0.000000E+0	1.180190E+5
1.114000E-2	0.000000E+0	1.182750E+5
1.116000E-2	0.000000E+0	1.181990E+5
1.118000E-2	0.000000E+0	1.182580E+5
1.120000E-2	0.000000E+0	1.180080E+5
1.122000E-2	0.000000E+0	1.179240E+5
1.124000E-2	0.000000E+0	1.188480E+5
1.126000E-2	0.000000E+0	1.186520E+5
1.128000E-2	0.000000E+0	1.190290E+5
1.130000E-2	0.000000E+0	1.176900E+5
1.132000E-2	0.000000E+0	1.190040E+5
1.134000E-2	0.000000E+0	1.186690E+5
1.136000E-2	0.000000E+0	1.183670E+5
1.138000E-2	0.000000E+0	1.183700E+5
1.140000E-2	0.000000E+0	1.183850E+5
1.142000E-2	0.000000E+0	1.181350E+5
1.144000E-2	0.000000E+0	1.183170E+5
1.146000E-2	0.000000E+0	1.185790E+5
1.148000E-2	0.000000E+0	1.184490E+5
1.150000E-2	0.000000E+0	1.184160E+5
1.152000E-2	0.000000E+0	1.184010E+5
1.154000E-2	0.000000E+0	1.180530E+5
1.156000E-2	0.000000E+0	1.183760E+5
1.158000E-2	0.000000E+0	1.183800E+5
1.160000E-2	0.000000E+0	1.186400E+5
1.162000E-2	0.000000E+0	1.184620E+5
1.164000E-2	0.000000E+0	1.183800E+5
1.166000E-2	0.000000E+0	1.175030E+5
1.168000E-2	0.000000E+0	1.186940E+5
1.170000E-2	0.000000E+0	1.188640E+5
1.172000E-2	0.000000E+0	1.179520E+5
1.174000E-2	0.000000E+0	1.180540E+5
1.176000E-2	0.000000E+0	1.183410E+5
1.178000E-2	0.000000E+0	1.184340E+5
1.180000E-2	0.000000E+0	1.181410E+5
1.182000E-2	0.000000E+0	1.188280E+5
1.184000E-2	0.000000E+0	1.183200E+5
1.186000E-2	0.000000E+0	1.179020E+5
1.188000E-2	0.000000E+0	1.178350E+5
1.190000E-2	0.000000E+0	1.183690E+5
1.192000E-2	0.000000E+0	1.182220E+5
1.194000E-2	0.000000E+0	1.186770E+5
1.196000E-2	0.000000E+0	1.178000E+5
1.198000E-2	0.000000E+0	1.179350E+5
1.200000E-2	0.000000E+0	1.180940E+5
1.202000E-2	0.000000E+0	1.183750E+5
1.204000E-2	0.000000E+0	1.182160E+5
1.206000E-2	0.000000E+0	1.187640E+5
1.208000E-2	0.000000E+0	1.185800E+5
1.210000E-2	0.000000E+0	1.185080E+5
1.212000E-2	0.000000E+0	1.178020E+5
1.214000E-2	0.000000E+0	1.179790E+5
1.216000E-2	0.000000E+0	1.183530E+5
1.218000E-2	0.000000E+0	1.182330E+5
1.220000E-2	0.000000E+0	1.184460E+5
1.222000E-2	0.000000E+0	1.184950E+5
1.224000E-2	0.000000E+0	1.184330E+5
1.226000E-2	0.000000E+0	1.176880E+5
1.228000E-2	0.000000E+0	1.183130E+5
1.230000E-2	0.000000E+0	1.179670E+5
1.232000E-2	0.000000E+0	1.183610E+5
1.234000E-2	0.000000E+0	1.185570E+5
1.236000E-2	0.000000E+0	1.184230E+5
1.238000E-2	0.000000E+0	1.181210E+5
1.240000E-2	0.000000E+0	1.179290E+5
1.242000E-2	0.000000E+0	1.188300E+5
1.244000E-2	0.000000E+0	1.184150E+5
1.246000E-2	0.000000E+0	1.175290E+5
1.248000E-2	0.000000E+0	1.182780E+5
1.250000E-2	0.000000E+0	1.184250E+5
1.252000E-2	0.000000E+0	1.184590E+5
1.254000E-2	0.000000E+0	1.177180E+5
1.256000E-2	0.000000E+0	1.185200E+5
1.258000E-2	0.000000E+0	1.188560E+5
1.260000E-2	0.000000E+0	1.185600E+5
1.262000E-2	0.000000E+0	1.176740E+5
1.264000E-2	0.000000E+0	1.183540E+5
1.266000E-2	0.000000E+0	1.184160E+5
1.268000E-2	0.000000E+0	1.182800E+5
1.270000E-2	0.000000E+0	1.183020E+5
1.272000E-2	0.000000E+0	1.181140E+5
1.274000E-2	0.000000E+0	1.181590E+5
1.276000E-2	0.000000E+0	1.187260E+5
1.278000E-2	0.000000E+0	1.183910E+5
1.280000E-2	0.000000E+0	1.182630E+5
1.282000E-2	0.000000E+0	1.176670E+5
1.284000E-2	0.000000E+0	1.183400E+5
1.286000E-2	0.000000E+0	1.188050E+5
1.288000E-2	0.000000E+0	1.184350E+5
1.290000E-2	0.000000E+0	1.179340E+5
1.292000E-2	0.000000E+0	1.183340E+5
1.294000E-2	0.000000E+0	1.181760E+5
1.296000E-2	0.000000E+0	1.182480E+5
1.298000E-2	0.000000E+0	1.184120E+5
1.300000E-2	0.000000E+0	1.178820E+5
1.302000E-2	0.000000E+0	1.186890E+5
1.304000E-2	0.000000E+0	1.184040E+5
1.306000E-2	0.000000E+0	1.179680E+5
1.308000E-2	0.000000E+0	1.187980E+5
1.310000E-2	0.000000E+0	1.187180E+5
1.312000E-2	0.000000E+0	1.181660E+5
1.314000E-2	0.000000E+0	1.179560E+5
1.316000E-2	0.000000E+0	1.183890E+5
1.318000E-2	0.000000E+0	1.180930E+5
1.320000E-2	0.000000E+0	1.184750E+5
1.322000E-2	0.000000E+0	1.181200E+5
1.324000E-2	0.000000E+0	1.179030E+5
1.326000E-2	0.000000E+0	1.185010E+5
1.328000E-2	0.000000E+0	1.187560E+5
1.330000E-2	0.000000E+0	1.186620E+5
1.332000E-2	0.000000E+0	1.188860E+5
1.334000E-2	0.000000E+0	1.181180E+5
1.336000E-2	0.000000E+0	1.181760E+5
1.338000E-2	0.000000E+0	1.178650E+5
1.340000E-2	0.000000E+0	1.184470E+5
1.342000E-2	0.000000E+0	1.187440E+5
1.344000E-2	0.000000E+0	1.183860E+5
1.346000E-2	0.000000E+0	1.182760E+5
1.348000E-2	0.000000E+0	1.182210E+5
1.350000E-2	0.000000E+0	1.183200E+5
1.352000E-2	0.000000E+0	1.183280E+5
1.354000E-2	0.000000E+0	1.183510E+5
1.356000E-2	0.000000E+0	1.181120E+5
1.358000E-2	0.000000E+0	1.171720E+5
1.360000E-2	0.000000E+0	1.180890E+5
1.362000E-2	0.000000E+0	1.177930E+5
1.364000E-2	0.000000E+0	1.178520E+5
1.366000E-2	0.000000E+0	1.178660E+5
1.368000E-2	0.000000E+0	1.186090E+5
1.370000E-2	0.000000E+0	1.184450E+5
1.372000E-2	0.000000E+0	1.183680E+5
1.374000E-2	0.000000E+0	1.180560E+5
1.376000E-2	0.000000E+0	1.184190E+5
1.378000E-2	0.000000E+0	1.191110E+5
1.380000E-2	0.000000E+0	1.177670E+5
1.382000E-2	0.000000E+0	1.176100E+5
1.384000E-2	0.000000E+0	1.178860E+5
1.386000E-2	0.000000E+0	1.186490E+5
1.388000E-2	0.000000E+0	1.182450E+5
1.390000E-2	0.000000E+0	1.183430E+5
1.392000E-2	0.000000E+0	1.180260E+5
1.394000E-2	0.000000E+0	1.189680E+5
1.396000E-2	0.000000E+0	1.177550E+5
1.398000E-2	0.000000E+0	1.189580E+5
1.400000E-2	0.000000E+0	1.184180E+5
1.402000E-2	0.000000E+0	1.182230E+5
1.404000E-2	0.000000E+0	1.187380E+5
1.406000E-2	0.000000E+0	1.180130E+5
1.408000E-2	0.000000E+0	1.187030E+5
1.410000E-2	0.000000E+0	1.182740E+5
1.412000E-2	0.000000E+0	1.178840E+5
1.414000E-2	0.000000E+0	1.179250E+5
1.416000E-2	0.000000E+0	1.187260E+5
1.418000E-2	0.000000E+0	1.183170E+5
1.420000E-2	0.000000E+0	1.186550E+5
1.422000E-2	0.000000E+0	1.179650E+5
1.424000E-2	0.000000E+0	1.180080E+5
1.426000E-2	0.000000E+0	1.185140E+5
1.428000E-2	0.000000E+0	1.185650E+5
1.430000E-2	0.000000E+0	1.182190E+5
1.432000E-2	0.000000E+0	1.187280E+5
1.434000E-2	0.000000E+0	1.181330E+5
1.436000E-2	0.000000E+0	1.182190E+5
1.438000E-2	0.000000E+0	1.182570E+5
1.440000E-2	0.000000E+0	1.180720E+5
1.442000E-2	0.000000E+0	1.185810E+5
1.444000E-2	0.000000E+0	1.186380E+5
1.446000E-2	0.000000E+0	1.183970E+5
1.448000E-2	0.000000E+0	1.180350E+5
1.450000E-2	0.000000E+0	1.180930E+5
1.452000E-2	0.000000E+0	1.184580E+5
1.454000E-2	0.000000E+0	1.182390E+5
1.456000E-2	0.000000E+0	1.182590E+5
1.458000E-2	0.000000E+0	1.178980E+5
1.460000E-2	0.000000E+0	1.178660E+5
1.462000E-2	0.000000E+0	1.189260E+5
1.464000E-2	0.000000E+0	1.184390E+5
1.466000E-2	0.000000E+0	1.181570E+5
1.468000E-2	0.000000E+0	1.184870E+5
1.470000E-2	0.000000E+0	1.177130E+5
1.472000E-2	0.000000E+0	1.180920E+5
1.474000E-2	0.000000E+0	1.184640E+5
1.476000E-2	0.000000E+0	1.181020E+5
1.478000E-2	0.000000E+0	1.188130E+5
1.480000E-2	0.000000E+0	1.183820E+5
1.482000E-2	0.000000E+0	1.183510E+5
1.484000E-2	0.000000E+0	1.181340E+5
1.486000E-2	0.000000E+0	1.184100E+5
1.488000E-2	0.000000E+0	1.179250E+5
1.490000E-2	0.000000E+0	1.182890E+5
1.492000E-2	0.000000E+0	1.182760E+5
1.494000E-2	0.000000E+0	1.185450E+5
1.496000E-2	0.000000E+0	1.186240E+5
1.498000E-2	0.000000E+0	1.184510E+5
1.500000E-2	0.000000E+0	1.183040E+5
1.502000E-2	0.000000E+0	1.183670E+5
1.504000E-2	0.000000E+0	1.191320E+5
1.506000E-2	0.000000E+0	1.180770E+5
1.508000E-2	0.000000E+0	1.184920E+5
1.510000E-2	0.000000E+0	1.184160E+5
1.512000E-2	0.000000E+0	1.183520E+5
1.514000E-2	0.000000E+0	1.176550E+5
1.516000E-2	0.000000E+0	1.183170E+5
1.518000E-2	0.000000E+0	1.186460E+5
1.520000E-2	0.000000E+0	1.179190E+5
1.522000E-2	0.000000E+0	1.182580E+5
1.524000E-2	0.000000E+0	1.187050E+5
1.526000E-2	0.000000E+0	1.176470E+5
1.528000E-2	0.000000E+0	1.187680E+5
1.530000E-2	0.000000E+0	1.186970E+5
1.532000E-2	0.000000E+0	1.182920E+5
1.534000E-2	0.000000E+0	1.182530E+5
1.536000E-2	0.000000E+0	1.182270E+5
1.538000E-2	0.000000E+0	1.183490E+5
1.540000E-2	0.000000E+0	1.181210E+5
1.542000E-2	0.000000E+0	1.180340E+5
1.544000E-2	0.000000E+0	1.184430E+5
1.546000E-2	0.000000E+0	1.176780E+5
1.548000E-2	0.000000E+0	1.180370E+5
1.550000E-2	0.000000E+0	1.185150E+5
1.552000E-2	0.000000E+0	1.180300E+5
1.554000E-2	0.000000E+0	1.180230E+5
1.556000E-2	0.000000E+0	1.187630E+5
1.558000E-2	0.000000E+0	1.185020E+5
1.560000E-2	0.000000E+0	1.184200E+5
1.562000E-2	0.000000E+0	1.178980E+5
1.564000E-2	0.000000E+0	1.179390E+5
1.566000E-2	0.000000E+0	1.181770E+5
1.568000E-2	0.000000E+0	1.179920E+5
1.570000E-2	0.000000E+0	1.184190E+5
1.572000E-2	0.000000E+0	1.183110E+5
1.574000E-2	0.000000E+0	1.182330E+5
1.576000E-2	0.000000E+0	1.178180E+5
1.578000E-2	0.000000E+0	1.180640E+5
1.580000E-2	0.000000E+0	1.187890E+5
1.582000E-2	0.000000E+0	1.182550E+5
1.584000E-2	0.000000E+0	1.180010E+5
1.586000E-2	0.000000E+0	1.180450E+5
1.588000E-2	0.000000E+0	1.181320E+5
1.590000E-2	0.000000E+0	1.183710E+5
1.592000E-2	0.000000E+0	1.178300E+5
1.594000E-2	0.000000E+0	1.181310E+5
1.596000E-2	0.000000E+0	1.181440E+5
1.598000E-2	0.000000E+0	1.181430E+5
1.600000E-2	0.000000E+0	1.180250E+5
1.602000E-2	0.000000E+0	1.181700E+5
1.604000E-2	0.000000E+0	1.183510E+5
1.606000E-2	0.000000E+0	1.184800E+5
1.608000E-2	0.000000E+0	1.180800E+5
1.610000E-2	0.000000E+0	1.182440E+5
1.612000E-2	0.000000E+0	1.175310E+5
1.614000E-2	0.000000E+0	1.184140E+5
1.616000E-2	0.000000E+0	1.186740E+5
1.618000E-2	0.000000E+0	1.172590E+5
1.620000E-2	0.000000E+0	1.177970E+5
1.622000E-2	0.000000E+0	1.176710E+5
1.624000E-2	0.000000E+0	1.182980E+5
1.626000E-2	0.000000E+0	1.176490E+5
1.628000E-2	0.000000E+0	1.180450E+5
1.630000E-2	0.000000E+0	1.179340E+5
1.632000E-2	0.000000E+0	1.180050E+5
1.634000E-2	0.000000E+0	1.181870E+5
1.636000E-2	0.000000E+0	1.177780E+5
1.638000E-2	0.000000E+0	1.181080E+5
1.640000E-2	0.000000E+0	1.176790E+5
1.642000E-2	0.000000E+0	1.179220E+5
1.644000E-2	0.000000E+0	1.182300E+5
1.646000E-2	0.000000E+0	1.172900E+5
1.648000E-2	0.000000E+0	1.186620E+5
1.650000E-2	0.000000E+0	1.183690E+5
1.652000E-2	0.000000E+0	1.181080E+5
1.654000E-2	0.000000E+0	1.174300E+5
1.656000E-2	0.000000E+0	1.176390E+5
1.658000E-2	0.000000E+0	1.183020E+5
1.660000E-2	0.000000E+0	1.174980E+5
1.662000E-2	0.000000E+0	1.176060E+5
1.664000E-2	0.000000E+0	1.183980E+5
1.666000E-2	0.000000E+0	1.182560E+5
1.668000E-2	0.000000E+0	1.176920E+5
1.670000E-2	0.000000E+0	1.178230E+5
1.672000E-2	0.000000E+0	1.179980E+5
1.674000E-2	0.000000E+0	1.173350E+5
1.676000E-2	0.000000E+0	1.176700E+5
1.678000E-2	0.000000E+0	1.179200E+5
1.680000E-2	0.000000E+0	1.180380E+5
1.682000E-2	0.000000E+0	1.177330E+5
1.684000E-2	0.000000E+0	1.172790E+5
1.686000E-2	0.000000E+0	1.172100E+5
1.688000E-2	0.000000E+0	1.172930E+5
1.690000E-2	0.000000E+0	1.167610E+5
1.692000E-2	0.000000E+0	1.170240E+5
1.694000E-2	0.000000E+0	1.169280E+5
1.696000E-2	0.000000E+0	1.164200E+5
1.698000E-2	0.000000E+0	1.162900E+5
1.700000E-2	0.000000E+0	1.160490E+5
1.702000E-2	0.000000E+0	1.154680E+5
1.704000E-2	0.000000E+0	1.143850E+5
1.706000E-2	0.000000E+0	1.136990E+5
1.708000E-2	0.000000E+0	1.131230E+5
1.710000E-2	0.000000E+0	1.104550E+5
1.712000E-2	0.000000E+0	1.084950E+5
1.714000E-2	0.000000E+0	1.033890E+5
1.716000E-2	0.000000E+0	9.648200E+4
1.718000E-2	0.000000E+0	8.853400E+4
1.720000E-2	0.000000E+0	7.953700E+4
1.722000E-2	0.000000E+0	7.300300E+4
1.724000E-2	0.000000E+0	7.005600E+4
1.726000E-2	0.000000E+0	7.203100E+4
1.728000E-2	0.000000E+0	7.769600E+4
1.730000E-2	0.000000E+0	8.613700E+4
1.732000E-2	0.000000E+0	9.399400E+4
1.734000E-2	0.000000E+0	1.014390E+5
1.736000E-2	0.000000E+0	1.064740E+5
1.738000E-2	0.000000E+0	1.097120E+5
1.740000E-2	0.000000E+0	1.123770E+5
1.742000E-2	0.000000E+0	1.138330E+5
1.744000E-2	0.000000E+0	1.147100E+5
1.746000E-2	0.000000E+0	1.154500E+5
1.748000E-2	0.000000E+0	1.157300E+5
1.750000E-2	0.000000E+0	1.159640E+5
1.752000E-2	0.000000E+0	1.161190E+5
1.754000E-2	0.000000E+0	1.176230E+5
1.756000E-2	0.000000E+0	1.163890E+5
1.758000E-2	0.000000E+0	1.168340E+5
1.760000E-2	0.000000E+0	1.173940E+5
1.762000E-2	0.000000E+0	1.170480E+5
1.764000E-2	0.000000E+0	1.173930E+5
1.766000E-2	0.000000E+0	1.174310E+5
1.768000E-2	0.000000E+0	1.178380E+5
1.770000E-2	0.000000E+0	1.178150E+5
1.772000E-2	0.000000E+0	1.179550E+5
1.774000E-2	0.000000E+0	1.171780E+5
1.776000E-2	0.000000E+0	1.176410E+5
1.778000E-2	0.000000E+0	1.176300E+5
1.780000E-2	0.000000E+0	1.178920E+5
1.782000E-2	0.000000E+0	1.179720E+5
1.784000E-2	0.000000E+0	1.182070E+5
1.786000E-2	0.000000E+0	1.185900E+5
1.788000E-2	0.000000E+0	1.180050E+5
1.790000E-2	0.000000E+0	1.175280E+5
1.792000E-2	0.000000E+0	1.181030E+5
1.794000E-2	0.000000E+0	1.181290E+5
1.796000E-2	0.000000E+0	1.183830E+5
1.798000E-2	0.000000E+0	1.179170E+5
1.800000E-2	0.000000E+0	1.179030E+5
1.802000E-2	0.000000E+0	1.177430E+5
1.804000E-2	0.000000E+0	1.182200E+5
1.806000E-2	0.000000E+0	1.181150E+5
1.808000E-2	0.000000E+0	1.178350E+5
1.810000E-2	0.000000E+0	1.183340E+5
1.812000E-2	0.000000E+0	1.181590E+5
1.814000E-2	0.000000E+0	1.177620E+5
1.816000E-2	0.000000E+0	1.181790E+5
1.818000E-2	0.000000E+0	1.177780E+5
1.820000E-2	0.000000E+0	1.183670E+5
1.822000E-2	0.000000E+0	1.175140E+5
1.824000E-2	0.000000E+0	1.177390E+5
1.826000E-2	0.000000E+0	1.179490E+5
1.828000E-2	0.000000E+0	1.184260E+5
1.830000E-2	0.000000E+0	1.179910E+5
1.832000E-2	0.000000E+0	1.183220E+5
1.834000E-2	0.000000E+0	1.183060E+5
1.836000E-2	0.000000E+0	1.173720E+5
1.838000E-2	0.000000E+0	1.185690E+5
1.840000E-2	0.000000E+0	1.188310E+5
1.842000E-2	0.000000E+0	1.183800E+5
1.844000E-2	0.000000E+0	1.185510E+5
1.846000E-2	0.000000E+0	1.184880E+5
1.848000E-2	0.000000E+0	1.174420E+5
1.850000E-2	0.000000E+0	1.182360E+5
1.852000E-2	0.000000E+0	1.178030E+5
1.854000E-2	0.000000E+0	1.178670E+5
1.856000E-2	0.000000E+0	1.182350E+5
1.858000E-2	0.000000E+0	1.176230E+5
1.860000E-2	0.000000E+0	1.182210E+5
1.862000E-2	0.000000E+0	1.182280E+5
1.864000E-2	0.000000E+0	1.190700E+5
1.866000E-2	0.000000E+0	1.173120E+5
1.868000E-2	0.000000E+0	1.185430E+5
1.870000E-2	0.000000E+0	1.179520E+5
1.872000E-2	0.000000E+0	1.182260E+5
1.874000E-2	0.000000E+0	1.181340E+5
1.876000E-2	0.000000E+0	1.176660E+5
1.878000E-2	0.000000E+0	1.177320E+5
1.880000E-2	0.000000E+0	1.180010E+5
1.882000E-2	0.000000E+0	1.183480E+5
1.884000E-2	0.000000E+0	1.179100E+5
1.886000E-2	0.000000E+0	1.185360E+5
1.888000E-2	0.000000E+0	1.179850E+5
1.890000E-2	0.000000E+0	1.179920E+5
1.892000E-2	0.000000E+0	1.179060E+5
1.894000E-2	0.000000E+0	1.182280E+5
1.896000E-2	0.000000E+0	1.182770E+5
1.898000E-2	0.000000E+0	1.192240E+5
1.900000E-2	0.000000E+0	1.182020E+5
1.902000E-2	0.000000E+0	1.180200E+5
1.904000E-2	0.000000E+0	1.183510E+5
1.906000E-2	0.000000E+0	1.180980E+5
1.908000E-2	0.000000E+0	1.187360E+5
1.910000E-2	0.000000E+0	1.175090E+5
1.912000E-2	0.000000E+0	1.179820E+5
1.914000E-2	0.000000E+0	1.187010E+5
1.916000E-2	0.000000E+0	1.179260E+5
1.918000E-2	0.000000E+0	1.181770E+5
1.920000E-2	0.000000E+0	1.177770E+5
1.922000E-2	0.000000E+0	1.180030E+5
1.924000E-2	0.000000E+0	1.190180E+5
1.926000E-2	0.000000E+0	1.185440E+5
1.928000E-2	0.000000E+0	1.182240E+5
1.930000E-2	0.000000E+0	1.180050E+5
1.932000E-2	0.000000E+0	1.185860E+5
1.934000E-2	0.000000E+0	1.183250E+5
1.936000E-2	0.000000E+0	1.179570E+5
1.938000E-2	0.000000E+0	1.183710E+5
1.940000E-2	0.000000E+0	1.178480E+5
1.942000E-2	0.000000E+0	1.182450E+5
1.944000E-2	0.000000E+0	1.181690E+5
1.946000E-2	0.000000E+0	1.182010E+5
1.948000E-2	0.000000E+0	1.182760E+5
1.950000E-2	0.000000E+0	1.185520E+5
1.952000E-2	0.000000E+0	1.182670E+5
1.954000E-2	0.000000E+0	1.185280E+5
1.956000E-2	0.000000E+0	1.183250E+5
1.958000E-2	0.000000E+0	1.181430E+5
1.960000E-2	0.000000E+0	1.175900E+5
1.962000E-2	0.000000E+0	1.181010E+5
1.964000E-2	0.000000E+0	1.183660E+5
1.966000E-2	0.000000E+0	1.183420E+5
1.968000E-2	0.000000E+0	1.179500E+5
1.970000E-2	0.000000E+0	1.185110E+5
1.972000E-2	0.000000E+0	1.178070E+5
1.974000E-2	0.000000E+0	1.179730E+5
1.976000E-2	0.000000E+0	1.177840E+5
1.978000E-2	0.000000E+0	1.181610E+5
1.980000E-2	0.000000E+0	1.182970E+5
1.982000E-2	0.000000E+0	1.183110E+5
1.984000E-2	0.000000E+0	1.179350E+5
1.986000E-2	0.000000E+0	1.186120E+5
1.988000E-2	0.000000E+0	1.187370E+5
1.990000E-2	0.000000E+0	1.187740E+5
1.992000E-2	0.000000E+0	1.185960E+5
1.994000E-2	0.000000E+0	1.188230E+5
1.996000E-2	0.000000E+0	1.182140E+5
1.998000E-2	0.000000E+0	1.180550E+5
