

live time:  155342.980000
real time:  180004.406000
sweeps:  7767149.000000
0.000000E+0	0.000000E+0	0.000000E+0
2.000000E-5	0.000000E+0	7.767800E+4
4.000000E-5	0.000000E+0	7.768000E+4
6.000000E-5	0.000000E+0	7.787100E+4
8.000000E-5	0.000000E+0	7.810400E+4
1.000000E-4	0.000000E+0	7.772400E+4
1.200000E-4	0.000000E+0	7.770000E+4
1.400000E-4	0.000000E+0	7.827700E+4
1.600000E-4	0.000000E+0	7.830400E+4
1.800000E-4	0.000000E+0	7.810500E+4
2.000000E-4	0.000000E+0	7.811200E+4
2.200000E-4	0.000000E+0	7.831600E+4
2.400000E-4	0.000000E+0	7.795300E+4
2.600000E-4	0.000000E+0	7.825600E+4
2.800000E-4	0.000000E+0	7.798100E+4
3.000000E-4	0.000000E+0	7.810400E+4
3.200000E-4	0.000000E+0	7.779900E+4
3.400000E-4	0.000000E+0	7.815000E+4
3.600000E-4	0.000000E+0	7.783500E+4
3.800000E-4	0.000000E+0	7.810200E+4
4.000000E-4	0.000000E+0	7.847600E+4
4.200000E-4	0.000000E+0	7.802900E+4
4.400000E-4	0.000000E+0	7.766300E+4
4.600000E-4	0.000000E+0	7.790400E+4
4.800000E-4	0.000000E+0	7.826600E+4
5.000000E-4	0.000000E+0	7.797900E+4
5.200000E-4	0.000000E+0	7.805300E+4
5.400000E-4	0.000000E+0	7.810800E+4
5.600000E-4	0.000000E+0	7.845800E+4
5.800000E-4	0.000000E+0	7.777500E+4
6.000000E-4	0.000000E+0	7.773000E+4
6.200000E-4	0.000000E+0	7.791300E+4
6.400000E-4	0.000000E+0	7.766800E+4
6.600000E-4	0.000000E+0	7.788500E+4
6.800000E-4	0.000000E+0	7.768500E+4
7.000000E-4	0.000000E+0	7.820500E+4
7.200000E-4	0.000000E+0	7.817700E+4
7.400000E-4	0.000000E+0	7.800700E+4
7.600000E-4	0.000000E+0	7.783700E+4
7.800000E-4	0.000000E+0	7.794200E+4
8.000000E-4	0.000000E+0	7.810700E+4
8.200000E-4	0.000000E+0	7.768900E+4
8.400000E-4	0.000000E+0	7.784500E+4
8.600000E-4	0.000000E+0	7.795700E+4
8.800000E-4	0.000000E+0	7.818200E+4
9.000000E-4	0.000000E+0	7.740300E+4
9.200000E-4	0.000000E+0	7.800300E+4
9.400000E-4	0.000000E+0	7.838000E+4
9.600000E-4	0.000000E+0	7.792000E+4
9.800000E-4	0.000000E+0	7.801200E+4
1.000000E-3	0.000000E+0	7.788900E+4
1.020000E-3	0.000000E+0	7.788900E+4
1.040000E-3	0.000000E+0	7.830800E+4
1.060000E-3	0.000000E+0	7.791000E+4
1.080000E-3	0.000000E+0	7.769300E+4
1.100000E-3	0.000000E+0	7.803800E+4
1.120000E-3	0.000000E+0	7.796400E+4
1.140000E-3	0.000000E+0	7.829000E+4
1.160000E-3	0.000000E+0	7.786100E+4
1.180000E-3	0.000000E+0	7.797900E+4
1.200000E-3	0.000000E+0	7.834400E+4
1.220000E-3	0.000000E+0	7.768400E+4
1.240000E-3	0.000000E+0	7.784900E+4
1.260000E-3	0.000000E+0	7.769100E+4
1.280000E-3	0.000000E+0	7.810500E+4
1.300000E-3	0.000000E+0	7.797600E+4
1.320000E-3	0.000000E+0	7.794500E+4
1.340000E-3	0.000000E+0	7.845800E+4
1.360000E-3	0.000000E+0	7.795500E+4
1.380000E-3	0.000000E+0	7.834700E+4
1.400000E-3	0.000000E+0	7.813900E+4
1.420000E-3	0.000000E+0	7.790900E+4
1.440000E-3	0.000000E+0	7.835200E+4
1.460000E-3	0.000000E+0	7.817200E+4
1.480000E-3	0.000000E+0	7.762800E+4
1.500000E-3	0.000000E+0	7.729200E+4
1.520000E-3	0.000000E+0	7.783300E+4
1.540000E-3	0.000000E+0	7.823100E+4
1.560000E-3	0.000000E+0	7.781200E+4
1.580000E-3	0.000000E+0	7.803100E+4
1.600000E-3	0.000000E+0	7.842900E+4
1.620000E-3	0.000000E+0	7.858300E+4
1.640000E-3	0.000000E+0	7.814100E+4
1.660000E-3	0.000000E+0	7.810100E+4
1.680000E-3	0.000000E+0	7.817800E+4
1.700000E-3	0.000000E+0	7.803600E+4
1.720000E-3	0.000000E+0	7.765900E+4
1.740000E-3	0.000000E+0	7.800400E+4
1.760000E-3	0.000000E+0	7.832200E+4
1.780000E-3	0.000000E+0	7.836500E+4
1.800000E-3	0.000000E+0	7.788200E+4
1.820000E-3	0.000000E+0	7.823800E+4
1.840000E-3	0.000000E+0	7.816400E+4
1.860000E-3	0.000000E+0	7.809800E+4
1.880000E-3	0.000000E+0	7.804500E+4
1.900000E-3	0.000000E+0	7.794700E+4
1.920000E-3	0.000000E+0	7.797200E+4
1.940000E-3	0.000000E+0	7.804500E+4
1.960000E-3	0.000000E+0	7.789600E+4
1.980000E-3	0.000000E+0	7.832600E+4
2.000000E-3	0.000000E+0	7.801000E+4
2.020000E-3	0.000000E+0	7.850600E+4
2.040000E-3	0.000000E+0	7.821700E+4
2.060000E-3	0.000000E+0	7.869800E+4
2.080000E-3	0.000000E+0	7.741200E+4
2.100000E-3	0.000000E+0	7.777900E+4
2.120000E-3	0.000000E+0	7.805600E+4
2.140000E-3	0.000000E+0	7.764500E+4
2.160000E-3	0.000000E+0	7.811300E+4
2.180000E-3	0.000000E+0	7.803900E+4
2.200000E-3	0.000000E+0	7.758200E+4
2.220000E-3	0.000000E+0	7.740400E+4
2.240000E-3	0.000000E+0	7.799100E+4
2.260000E-3	0.000000E+0	7.796800E+4
2.280000E-3	0.000000E+0	7.829700E+4
2.300000E-3	0.000000E+0	7.825500E+4
2.320000E-3	0.000000E+0	7.777700E+4
2.340000E-3	0.000000E+0	7.754200E+4
2.360000E-3	0.000000E+0	7.799200E+4
2.380000E-3	0.000000E+0	7.760700E+4
2.400000E-3	0.000000E+0	7.825800E+4
2.420000E-3	0.000000E+0	7.816000E+4
2.440000E-3	0.000000E+0	7.761800E+4
2.460000E-3	0.000000E+0	7.789800E+4
2.480000E-3	0.000000E+0	7.759600E+4
2.500000E-3	0.000000E+0	7.819300E+4
2.520000E-3	0.000000E+0	7.825700E+4
2.540000E-3	0.000000E+0	7.821200E+4
2.560000E-3	0.000000E+0	7.778400E+4
2.580000E-3	0.000000E+0	7.824200E+4
2.600000E-3	0.000000E+0	7.820000E+4
2.620000E-3	0.000000E+0	7.763900E+4
2.640000E-3	0.000000E+0	7.810800E+4
2.660000E-3	0.000000E+0	7.770500E+4
2.680000E-3	0.000000E+0	7.832600E+4
2.700000E-3	0.000000E+0	7.812800E+4
2.720000E-3	0.000000E+0	7.746600E+4
2.740000E-3	0.000000E+0	7.788300E+4
2.760000E-3	0.000000E+0	7.818900E+4
2.780000E-3	0.000000E+0	7.787400E+4
2.800000E-3	0.000000E+0	7.774600E+4
2.820000E-3	0.000000E+0	7.760500E+4
2.840000E-3	0.000000E+0	7.822200E+4
2.860000E-3	0.000000E+0	7.816100E+4
2.880000E-3	0.000000E+0	7.824500E+4
2.900000E-3	0.000000E+0	7.765700E+4
2.920000E-3	0.000000E+0	7.815700E+4
2.940000E-3	0.000000E+0	7.796900E+4
2.960000E-3	0.000000E+0	7.803900E+4
2.980000E-3	0.000000E+0	7.783200E+4
3.000000E-3	0.000000E+0	7.775400E+4
3.020000E-3	0.000000E+0	7.822600E+4
3.040000E-3	0.000000E+0	7.805300E+4
3.060000E-3	0.000000E+0	7.816100E+4
3.080000E-3	0.000000E+0	7.773500E+4
3.100000E-3	0.000000E+0	7.828800E+4
3.120000E-3	0.000000E+0	7.800800E+4
3.140000E-3	0.000000E+0	7.782200E+4
3.160000E-3	0.000000E+0	7.796600E+4
3.180000E-3	0.000000E+0	7.825600E+4
3.200000E-3	0.000000E+0	7.798200E+4
3.220000E-3	0.000000E+0	7.746000E+4
3.240000E-3	0.000000E+0	7.793500E+4
3.260000E-3	0.000000E+0	7.798500E+4
3.280000E-3	0.000000E+0	7.806100E+4
3.300000E-3	0.000000E+0	7.836300E+4
3.320000E-3	0.000000E+0	7.825100E+4
3.340000E-3	0.000000E+0	7.778900E+4
3.360000E-3	0.000000E+0	7.795800E+4
3.380000E-3	0.000000E+0	7.779100E+4
3.400000E-3	0.000000E+0	7.812400E+4
3.420000E-3	0.000000E+0	7.793700E+4
3.440000E-3	0.000000E+0	7.750800E+4
3.460000E-3	0.000000E+0	7.839300E+4
3.480000E-3	0.000000E+0	7.815000E+4
3.500000E-3	0.000000E+0	7.826800E+4
3.520000E-3	0.000000E+0	7.808000E+4
3.540000E-3	0.000000E+0	7.865600E+4
3.560000E-3	0.000000E+0	7.787700E+4
3.580000E-3	0.000000E+0	7.802300E+4
3.600000E-3	0.000000E+0	7.711600E+4
3.620000E-3	0.000000E+0	7.809200E+4
3.640000E-3	0.000000E+0	7.811500E+4
3.660000E-3	0.000000E+0	7.800100E+4
3.680000E-3	0.000000E+0	7.818800E+4
3.700000E-3	0.000000E+0	7.806700E+4
3.720000E-3	0.000000E+0	7.766900E+4
3.740000E-3	0.000000E+0	7.780400E+4
3.760000E-3	0.000000E+0	7.792300E+4
3.780000E-3	0.000000E+0	7.800300E+4
3.800000E-3	0.000000E+0	7.756100E+4
3.820000E-3	0.000000E+0	7.773900E+4
3.840000E-3	0.000000E+0	7.830700E+4
3.860000E-3	0.000000E+0	7.815100E+4
3.880000E-3	0.000000E+0	7.759700E+4
3.900000E-3	0.000000E+0	7.781300E+4
3.920000E-3	0.000000E+0	7.784400E+4
3.940000E-3	0.000000E+0	7.784700E+4
3.960000E-3	0.000000E+0	7.830200E+4
3.980000E-3	0.000000E+0	7.784200E+4
4.000000E-3	0.000000E+0	7.792300E+4
4.020000E-3	0.000000E+0	7.804200E+4
4.040000E-3	0.000000E+0	7.779900E+4
4.060000E-3	0.000000E+0	7.756600E+4
4.080000E-3	0.000000E+0	7.786400E+4
4.100000E-3	0.000000E+0	7.782600E+4
4.120000E-3	0.000000E+0	7.794700E+4
4.140000E-3	0.000000E+0	7.822300E+4
4.160000E-3	0.000000E+0	7.739500E+4
4.180000E-3	0.000000E+0	7.791300E+4
4.200000E-3	0.000000E+0	7.763800E+4
4.220000E-3	0.000000E+0	7.810300E+4
4.240000E-3	0.000000E+0	7.774200E+4
4.260000E-3	0.000000E+0	7.771000E+4
4.280000E-3	0.000000E+0	7.847200E+4
4.300000E-3	0.000000E+0	7.764300E+4
4.320000E-3	0.000000E+0	7.835800E+4
4.340000E-3	0.000000E+0	7.818900E+4
4.360000E-3	0.000000E+0	7.821800E+4
4.380000E-3	0.000000E+0	7.761700E+4
4.400000E-3	0.000000E+0	7.865400E+4
4.420000E-3	0.000000E+0	7.803600E+4
4.440000E-3	0.000000E+0	7.779200E+4
4.460000E-3	0.000000E+0	7.793200E+4
4.480000E-3	0.000000E+0	7.779900E+4
4.500000E-3	0.000000E+0	7.767600E+4
4.520000E-3	0.000000E+0	7.825900E+4
4.540000E-3	0.000000E+0	7.820100E+4
4.560000E-3	0.000000E+0	7.824500E+4
4.580000E-3	0.000000E+0	7.823500E+4
4.600000E-3	0.000000E+0	7.832200E+4
4.620000E-3	0.000000E+0	7.770500E+4
4.640000E-3	0.000000E+0	7.805500E+4
4.660000E-3	0.000000E+0	7.797600E+4
4.680000E-3	0.000000E+0	7.787400E+4
4.700000E-3	0.000000E+0	7.790600E+4
4.720000E-3	0.000000E+0	7.807800E+4
4.740000E-3	0.000000E+0	7.787900E+4
4.760000E-3	0.000000E+0	7.776400E+4
4.780000E-3	0.000000E+0	7.773400E+4
4.800000E-3	0.000000E+0	7.837600E+4
4.820000E-3	0.000000E+0	7.788500E+4
4.840000E-3	0.000000E+0	7.806500E+4
4.860000E-3	0.000000E+0	7.817900E+4
4.880000E-3	0.000000E+0	7.804600E+4
4.900000E-3	0.000000E+0	7.823900E+4
4.920000E-3	0.000000E+0	7.783500E+4
4.940000E-3	0.000000E+0	7.872500E+4
4.960000E-3	0.000000E+0	7.796100E+4
4.980000E-3	0.000000E+0	7.756800E+4
5.000000E-3	0.000000E+0	7.721800E+4
5.020000E-3	0.000000E+0	7.788800E+4
5.040000E-3	0.000000E+0	7.804600E+4
5.060000E-3	0.000000E+0	7.840600E+4
5.080000E-3	0.000000E+0	7.814200E+4
5.100000E-3	0.000000E+0	7.807400E+4
5.120000E-3	0.000000E+0	7.831200E+4
5.140000E-3	0.000000E+0	7.800300E+4
5.160000E-3	0.000000E+0	7.823500E+4
5.180000E-3	0.000000E+0	7.783200E+4
5.200000E-3	0.000000E+0	7.783100E+4
5.220000E-3	0.000000E+0	7.792100E+4
5.240000E-3	0.000000E+0	7.774000E+4
5.260000E-3	0.000000E+0	7.810400E+4
5.280000E-3	0.000000E+0	7.727700E+4
5.300000E-3	0.000000E+0	7.730800E+4
5.320000E-3	0.000000E+0	7.737900E+4
5.340000E-3	0.000000E+0	7.738700E+4
5.360000E-3	0.000000E+0	7.758700E+4
5.380000E-3	0.000000E+0	7.746900E+4
5.400000E-3	0.000000E+0	7.757700E+4
5.420000E-3	0.000000E+0	7.754900E+4
5.440000E-3	0.000000E+0	7.710300E+4
5.460000E-3	0.000000E+0	7.768000E+4
5.480000E-3	0.000000E+0	7.682300E+4
5.500000E-3	0.000000E+0	7.700000E+4
5.520000E-3	0.000000E+0	7.739300E+4
5.540000E-3	0.000000E+0	7.705800E+4
5.560000E-3	0.000000E+0	7.711000E+4
5.580000E-3	0.000000E+0	7.692700E+4
5.600000E-3	0.000000E+0	7.713700E+4
5.620000E-3	0.000000E+0	7.598100E+4
5.640000E-3	0.000000E+0	7.571900E+4
5.660000E-3	0.000000E+0	7.501000E+4
5.680000E-3	0.000000E+0	7.334900E+4
5.700000E-3	0.000000E+0	7.272900E+4
5.720000E-3	0.000000E+0	7.012600E+4
5.740000E-3	0.000000E+0	6.703600E+4
5.760000E-3	0.000000E+0	6.256800E+4
5.780000E-3	0.000000E+0	5.711700E+4
5.800000E-3	0.000000E+0	5.169600E+4
5.820000E-3	0.000000E+0	4.787600E+4
5.840000E-3	0.000000E+0	4.683900E+4
5.860000E-3	0.000000E+0	4.803200E+4
5.880000E-3	0.000000E+0	5.202900E+4
5.900000E-3	0.000000E+0	5.792800E+4
5.920000E-3	0.000000E+0	6.309300E+4
5.940000E-3	0.000000E+0	6.833300E+4
5.960000E-3	0.000000E+0	7.104400E+4
5.980000E-3	0.000000E+0	7.327800E+4
6.000000E-3	0.000000E+0	7.487900E+4
6.020000E-3	0.000000E+0	7.525600E+4
6.040000E-3	0.000000E+0	7.584900E+4
6.060000E-3	0.000000E+0	7.635800E+4
6.080000E-3	0.000000E+0	7.662200E+4
6.100000E-3	0.000000E+0	7.672700E+4
6.120000E-3	0.000000E+0	7.690400E+4
6.140000E-3	0.000000E+0	7.722900E+4
6.160000E-3	0.000000E+0	7.652500E+4
6.180000E-3	0.000000E+0	7.723700E+4
6.200000E-3	0.000000E+0	7.754400E+4
6.220000E-3	0.000000E+0	7.699200E+4
6.240000E-3	0.000000E+0	7.746700E+4
6.260000E-3	0.000000E+0	7.727900E+4
6.280000E-3	0.000000E+0	7.755300E+4
6.300000E-3	0.000000E+0	7.777100E+4
6.320000E-3	0.000000E+0	7.738000E+4
6.340000E-3	0.000000E+0	7.788200E+4
6.360000E-3	0.000000E+0	7.796200E+4
6.380000E-3	0.000000E+0	7.798500E+4
6.400000E-3	0.000000E+0	7.770600E+4
6.420000E-3	0.000000E+0	7.811300E+4
6.440000E-3	0.000000E+0	7.729400E+4
6.460000E-3	0.000000E+0	7.761800E+4
6.480000E-3	0.000000E+0	7.807700E+4
6.500000E-3	0.000000E+0	7.771700E+4
6.520000E-3	0.000000E+0	7.788500E+4
6.540000E-3	0.000000E+0	7.805200E+4
6.560000E-3	0.000000E+0	7.781400E+4
6.580000E-3	0.000000E+0	7.799600E+4
6.600000E-3	0.000000E+0	7.778100E+4
6.620000E-3	0.000000E+0	7.790900E+4
6.640000E-3	0.000000E+0	7.817500E+4
6.660000E-3	0.000000E+0	7.813600E+4
6.680000E-3	0.000000E+0	7.770400E+4
6.700000E-3	0.000000E+0	7.756000E+4
6.720000E-3	0.000000E+0	7.780700E+4
6.740000E-3	0.000000E+0	7.776700E+4
6.760000E-3	0.000000E+0	7.756600E+4
6.780000E-3	0.000000E+0	7.793700E+4
6.800000E-3	0.000000E+0	7.761800E+4
6.820000E-3	0.000000E+0	7.782600E+4
6.840000E-3	0.000000E+0	7.784900E+4
6.860000E-3	0.000000E+0	7.850700E+4
6.880000E-3	0.000000E+0	7.780000E+4
6.900000E-3	0.000000E+0	7.792100E+4
6.920000E-3	0.000000E+0	7.813500E+4
6.940000E-3	0.000000E+0	7.801700E+4
6.960000E-3	0.000000E+0	7.710400E+4
6.980000E-3	0.000000E+0	7.790600E+4
7.000000E-3	0.000000E+0	7.807300E+4
7.020000E-3	0.000000E+0	7.804400E+4
7.040000E-3	0.000000E+0	7.779900E+4
7.060000E-3	0.000000E+0	7.799900E+4
7.080000E-3	0.000000E+0	7.836000E+4
7.100000E-3	0.000000E+0	7.754300E+4
7.120000E-3	0.000000E+0	7.792800E+4
7.140000E-3	0.000000E+0	7.830700E+4
7.160000E-3	0.000000E+0	7.819800E+4
7.180000E-3	0.000000E+0	7.836800E+4
7.200000E-3	0.000000E+0	7.771300E+4
7.220000E-3	0.000000E+0	7.837000E+4
7.240000E-3	0.000000E+0	7.816100E+4
7.260000E-3	0.000000E+0	7.844000E+4
7.280000E-3	0.000000E+0	7.809000E+4
7.300000E-3	0.000000E+0	7.802800E+4
7.320000E-3	0.000000E+0	7.772100E+4
7.340000E-3	0.000000E+0	7.822200E+4
7.360000E-3	0.000000E+0	7.789800E+4
7.380000E-3	0.000000E+0	7.802000E+4
7.400000E-3	0.000000E+0	7.787100E+4
7.420000E-3	0.000000E+0	7.802200E+4
7.440000E-3	0.000000E+0	7.832800E+4
7.460000E-3	0.000000E+0	7.750500E+4
7.480000E-3	0.000000E+0	7.795100E+4
7.500000E-3	0.000000E+0	7.749700E+4
7.520000E-3	0.000000E+0	7.811900E+4
7.540000E-3	0.000000E+0	7.817800E+4
7.560000E-3	0.000000E+0	7.843500E+4
7.580000E-3	0.000000E+0	7.788000E+4
7.600000E-3	0.000000E+0	7.781600E+4
7.620000E-3	0.000000E+0	7.832300E+4
7.640000E-3	0.000000E+0	7.787200E+4
7.660000E-3	0.000000E+0	7.829800E+4
7.680000E-3	0.000000E+0	7.843300E+4
7.700000E-3	0.000000E+0	7.831700E+4
7.720000E-3	0.000000E+0	7.772300E+4
7.740000E-3	0.000000E+0	7.778800E+4
7.760000E-3	0.000000E+0	7.816900E+4
7.780000E-3	0.000000E+0	7.786900E+4
7.800000E-3	0.000000E+0	7.806100E+4
7.820000E-3	0.000000E+0	7.803700E+4
7.840000E-3	0.000000E+0	7.792500E+4
7.860000E-3	0.000000E+0	7.801700E+4
7.880000E-3	0.000000E+0	7.814500E+4
7.900000E-3	0.000000E+0	7.847900E+4
7.920000E-3	0.000000E+0	7.789600E+4
7.940000E-3	0.000000E+0	7.813900E+4
7.960000E-3	0.000000E+0	7.807800E+4
7.980000E-3	0.000000E+0	7.763700E+4
8.000000E-3	0.000000E+0	7.765100E+4
8.020000E-3	0.000000E+0	7.790400E+4
8.040000E-3	0.000000E+0	7.738200E+4
8.060000E-3	0.000000E+0	7.803800E+4
8.080000E-3	0.000000E+0	7.872500E+4
8.100000E-3	0.000000E+0	7.778200E+4
8.120000E-3	0.000000E+0	7.782800E+4
8.140000E-3	0.000000E+0	7.822400E+4
8.160000E-3	0.000000E+0	7.789300E+4
8.180000E-3	0.000000E+0	7.779900E+4
8.200000E-3	0.000000E+0	7.803000E+4
8.220000E-3	0.000000E+0	7.776800E+4
8.240000E-3	0.000000E+0	7.832600E+4
8.260000E-3	0.000000E+0	7.747800E+4
8.280000E-3	0.000000E+0	7.813800E+4
8.300000E-3	0.000000E+0	7.822300E+4
8.320000E-3	0.000000E+0	7.794700E+4
8.340000E-3	0.000000E+0	7.821000E+4
8.360000E-3	0.000000E+0	7.774200E+4
8.380000E-3	0.000000E+0	7.837500E+4
8.400000E-3	0.000000E+0	7.792100E+4
8.420000E-3	0.000000E+0	7.785300E+4
8.440000E-3	0.000000E+0	7.848800E+4
8.460000E-3	0.000000E+0	7.811800E+4
8.480000E-3	0.000000E+0	7.810200E+4
8.500000E-3	0.000000E+0	7.824200E+4
8.520000E-3	0.000000E+0	7.792900E+4
8.540000E-3	0.000000E+0	7.817500E+4
8.560000E-3	0.000000E+0	7.834500E+4
8.580000E-3	0.000000E+0	7.779600E+4
8.600000E-3	0.000000E+0	7.828100E+4
8.620000E-3	0.000000E+0	7.815300E+4
8.640000E-3	0.000000E+0	7.814900E+4
8.660000E-3	0.000000E+0	7.778900E+4
8.680000E-3	0.000000E+0	7.824300E+4
8.700000E-3	0.000000E+0	7.808000E+4
8.720000E-3	0.000000E+0	7.781400E+4
8.740000E-3	0.000000E+0	7.805200E+4
8.760000E-3	0.000000E+0	7.856400E+4
8.780000E-3	0.000000E+0	7.776800E+4
8.800000E-3	0.000000E+0	7.799500E+4
8.820000E-3	0.000000E+0	7.797600E+4
8.840000E-3	0.000000E+0	7.788100E+4
8.860000E-3	0.000000E+0	7.798600E+4
8.880000E-3	0.000000E+0	7.801200E+4
8.900000E-3	0.000000E+0	7.859400E+4
8.920000E-3	0.000000E+0	7.779800E+4
8.940000E-3	0.000000E+0	7.797000E+4
8.960000E-3	0.000000E+0	7.777600E+4
8.980000E-3	0.000000E+0	7.754600E+4
9.000000E-3	0.000000E+0	7.782300E+4
9.020000E-3	0.000000E+0	7.796400E+4
9.040000E-3	0.000000E+0	7.821600E+4
9.060000E-3	0.000000E+0	7.797700E+4
9.080000E-3	0.000000E+0	7.811600E+4
9.100000E-3	0.000000E+0	7.770300E+4
9.120000E-3	0.000000E+0	7.827000E+4
9.140000E-3	0.000000E+0	7.821800E+4
9.160000E-3	0.000000E+0	7.739800E+4
9.180000E-3	0.000000E+0	7.786400E+4
9.200000E-3	0.000000E+0	7.803800E+4
9.220000E-3	0.000000E+0	7.790500E+4
9.240000E-3	0.000000E+0	7.786000E+4
9.260000E-3	0.000000E+0	7.808300E+4
9.280000E-3	0.000000E+0	7.787400E+4
9.300000E-3	0.000000E+0	7.794200E+4
9.320000E-3	0.000000E+0	7.750600E+4
9.340000E-3	0.000000E+0	7.794400E+4
9.360000E-3	0.000000E+0	7.809800E+4
9.380000E-3	0.000000E+0	7.829700E+4
9.400000E-3	0.000000E+0	7.805200E+4
9.420000E-3	0.000000E+0	7.790200E+4
9.440000E-3	0.000000E+0	7.795700E+4
9.460000E-3	0.000000E+0	7.825800E+4
9.480000E-3	0.000000E+0	7.790000E+4
9.500000E-3	0.000000E+0	7.834200E+4
9.520000E-3	0.000000E+0	7.806700E+4
9.540000E-3	0.000000E+0	7.764900E+4
9.560000E-3	0.000000E+0	7.821000E+4
9.580000E-3	0.000000E+0	7.825300E+4
9.600000E-3	0.000000E+0	7.787200E+4
9.620000E-3	0.000000E+0	7.811200E+4
9.640000E-3	0.000000E+0	7.817800E+4
9.660000E-3	0.000000E+0	7.815700E+4
9.680000E-3	0.000000E+0	7.766500E+4
9.700000E-3	0.000000E+0	7.780000E+4
9.720000E-3	0.000000E+0	7.800900E+4
9.740000E-3	0.000000E+0	7.834400E+4
9.760000E-3	0.000000E+0	7.752800E+4
9.780000E-3	0.000000E+0	7.786300E+4
9.800000E-3	0.000000E+0	7.811600E+4
9.820000E-3	0.000000E+0	7.769900E+4
9.840000E-3	0.000000E+0	7.827700E+4
9.860000E-3	0.000000E+0	7.842000E+4
9.880000E-3	0.000000E+0	7.838300E+4
9.900000E-3	0.000000E+0	7.804600E+4
9.920000E-3	0.000000E+0	7.843400E+4
9.940000E-3	0.000000E+0	7.767500E+4
9.960000E-3	0.000000E+0	7.767200E+4
9.980000E-3	0.000000E+0	7.780900E+4
1.000000E-2	0.000000E+0	7.793600E+4
1.002000E-2	0.000000E+0	7.768900E+4
1.004000E-2	0.000000E+0	7.801400E+4
1.006000E-2	0.000000E+0	7.788700E+4
1.008000E-2	0.000000E+0	7.810900E+4
1.010000E-2	0.000000E+0	7.823400E+4
1.012000E-2	0.000000E+0	7.820900E+4
1.014000E-2	0.000000E+0	7.850400E+4
1.016000E-2	0.000000E+0	7.845100E+4
1.018000E-2	0.000000E+0	7.841000E+4
1.020000E-2	0.000000E+0	7.857700E+4
1.022000E-2	0.000000E+0	7.816600E+4
1.024000E-2	0.000000E+0	7.807500E+4
1.026000E-2	0.000000E+0	7.778200E+4
1.028000E-2	0.000000E+0	7.812000E+4
1.030000E-2	0.000000E+0	7.796000E+4
1.032000E-2	0.000000E+0	7.811200E+4
1.034000E-2	0.000000E+0	7.812500E+4
1.036000E-2	0.000000E+0	7.792100E+4
1.038000E-2	0.000000E+0	7.821800E+4
1.040000E-2	0.000000E+0	7.819000E+4
1.042000E-2	0.000000E+0	7.790700E+4
1.044000E-2	0.000000E+0	7.837600E+4
1.046000E-2	0.000000E+0	7.793600E+4
1.048000E-2	0.000000E+0	7.825300E+4
1.050000E-2	0.000000E+0	7.775900E+4
1.052000E-2	0.000000E+0	7.815400E+4
1.054000E-2	0.000000E+0	7.821200E+4
1.056000E-2	0.000000E+0	7.823800E+4
1.058000E-2	0.000000E+0	7.794200E+4
1.060000E-2	0.000000E+0	7.728200E+4
1.062000E-2	0.000000E+0	7.762100E+4
1.064000E-2	0.000000E+0	7.812600E+4
1.066000E-2	0.000000E+0	7.815800E+4
1.068000E-2	0.000000E+0	7.773400E+4
1.070000E-2	0.000000E+0	7.782500E+4
1.072000E-2	0.000000E+0	7.799200E+4
1.074000E-2	0.000000E+0	7.804100E+4
1.076000E-2	0.000000E+0	7.807700E+4
1.078000E-2	0.000000E+0	7.781800E+4
1.080000E-2	0.000000E+0	7.788100E+4
1.082000E-2	0.000000E+0	7.788500E+4
1.084000E-2	0.000000E+0	7.783000E+4
1.086000E-2	0.000000E+0	7.774700E+4
1.088000E-2	0.000000E+0	7.808200E+4
1.090000E-2	0.000000E+0	7.829200E+4
1.092000E-2	0.000000E+0	7.796600E+4
1.094000E-2	0.000000E+0	7.797700E+4
1.096000E-2	0.000000E+0	7.827100E+4
1.098000E-2	0.000000E+0	7.795900E+4
1.100000E-2	0.000000E+0	7.813000E+4
1.102000E-2	0.000000E+0	7.756600E+4
1.104000E-2	0.000000E+0	7.820000E+4
1.106000E-2	0.000000E+0	7.765500E+4
1.108000E-2	0.000000E+0	7.845200E+4
1.110000E-2	0.000000E+0	7.805800E+4
1.112000E-2	0.000000E+0	7.773500E+4
1.114000E-2	0.000000E+0	7.768400E+4
1.116000E-2	0.000000E+0	7.781700E+4
1.118000E-2	0.000000E+0	7.803200E+4
1.120000E-2	0.000000E+0	7.725400E+4
1.122000E-2	0.000000E+0	7.760900E+4
1.124000E-2	0.000000E+0	7.849200E+4
1.126000E-2	0.000000E+0	7.827900E+4
1.128000E-2	0.000000E+0	7.850800E+4
1.130000E-2	0.000000E+0	7.756300E+4
1.132000E-2	0.000000E+0	7.843000E+4
1.134000E-2	0.000000E+0	7.821000E+4
1.136000E-2	0.000000E+0	7.787600E+4
1.138000E-2	0.000000E+0	7.764400E+4
1.140000E-2	0.000000E+0	7.780600E+4
1.142000E-2	0.000000E+0	7.809600E+4
1.144000E-2	0.000000E+0	7.817400E+4
1.146000E-2	0.000000E+0	7.823000E+4
1.148000E-2	0.000000E+0	7.781600E+4
1.150000E-2	0.000000E+0	7.811700E+4
1.152000E-2	0.000000E+0	7.772300E+4
1.154000E-2	0.000000E+0	7.790400E+4
1.156000E-2	0.000000E+0	7.795800E+4
1.158000E-2	0.000000E+0	7.811900E+4
1.160000E-2	0.000000E+0	7.795800E+4
1.162000E-2	0.000000E+0	7.813000E+4
1.164000E-2	0.000000E+0	7.789500E+4
1.166000E-2	0.000000E+0	7.752900E+4
1.168000E-2	0.000000E+0	7.817100E+4
1.170000E-2	0.000000E+0	7.827700E+4
1.172000E-2	0.000000E+0	7.781000E+4
1.174000E-2	0.000000E+0	7.775900E+4
1.176000E-2	0.000000E+0	7.801100E+4
1.178000E-2	0.000000E+0	7.793600E+4
1.180000E-2	0.000000E+0	7.782600E+4
1.182000E-2	0.000000E+0	7.859200E+4
1.184000E-2	0.000000E+0	7.799900E+4
1.186000E-2	0.000000E+0	7.750000E+4
1.188000E-2	0.000000E+0	7.746700E+4
1.190000E-2	0.000000E+0	7.810100E+4
1.192000E-2	0.000000E+0	7.771200E+4
1.194000E-2	0.000000E+0	7.818200E+4
1.196000E-2	0.000000E+0	7.761200E+4
1.198000E-2	0.000000E+0	7.778400E+4
1.200000E-2	0.000000E+0	7.784000E+4
1.202000E-2	0.000000E+0	7.809200E+4
1.204000E-2	0.000000E+0	7.774100E+4
1.206000E-2	0.000000E+0	7.807800E+4
1.208000E-2	0.000000E+0	7.820500E+4
1.210000E-2	0.000000E+0	7.798500E+4
1.212000E-2	0.000000E+0	7.779600E+4
1.214000E-2	0.000000E+0	7.780100E+4
1.216000E-2	0.000000E+0	7.792100E+4
1.218000E-2	0.000000E+0	7.748600E+4
1.220000E-2	0.000000E+0	7.804900E+4
1.222000E-2	0.000000E+0	7.780900E+4
1.224000E-2	0.000000E+0	7.790100E+4
1.226000E-2	0.000000E+0	7.744400E+4
1.228000E-2	0.000000E+0	7.780700E+4
1.230000E-2	0.000000E+0	7.772000E+4
1.232000E-2	0.000000E+0	7.811500E+4
1.234000E-2	0.000000E+0	7.813100E+4
1.236000E-2	0.000000E+0	7.784300E+4
1.238000E-2	0.000000E+0	7.798900E+4
1.240000E-2	0.000000E+0	7.738200E+4
1.242000E-2	0.000000E+0	7.799100E+4
1.244000E-2	0.000000E+0	7.803700E+4
1.246000E-2	0.000000E+0	7.726100E+4
1.248000E-2	0.000000E+0	7.780100E+4
1.250000E-2	0.000000E+0	7.802800E+4
1.252000E-2	0.000000E+0	7.790200E+4
1.254000E-2	0.000000E+0	7.744900E+4
1.256000E-2	0.000000E+0	7.805100E+4
1.258000E-2	0.000000E+0	7.829300E+4
1.260000E-2	0.000000E+0	7.806200E+4
1.262000E-2	0.000000E+0	7.751900E+4
1.264000E-2	0.000000E+0	7.771100E+4
1.266000E-2	0.000000E+0	7.772100E+4
1.268000E-2	0.000000E+0	7.777900E+4
1.270000E-2	0.000000E+0	7.794200E+4
1.272000E-2	0.000000E+0	7.780100E+4
1.274000E-2	0.000000E+0	7.786300E+4
1.276000E-2	0.000000E+0	7.820500E+4
1.278000E-2	0.000000E+0	7.787100E+4
1.280000E-2	0.000000E+0	7.809200E+4
1.282000E-2	0.000000E+0	7.770700E+4
1.284000E-2	0.000000E+0	7.807100E+4
1.286000E-2	0.000000E+0	7.818000E+4
1.288000E-2	0.000000E+0	7.819800E+4
1.290000E-2	0.000000E+0	7.736800E+4
1.292000E-2	0.000000E+0	7.791100E+4
1.294000E-2	0.000000E+0	7.763800E+4
1.296000E-2	0.000000E+0	7.800300E+4
1.298000E-2	0.000000E+0	7.785200E+4
1.300000E-2	0.000000E+0	7.755400E+4
1.302000E-2	0.000000E+0	7.830300E+4
1.304000E-2	0.000000E+0	7.810900E+4
1.306000E-2	0.000000E+0	7.776100E+4
1.308000E-2	0.000000E+0	7.845500E+4
1.310000E-2	0.000000E+0	7.816000E+4
1.312000E-2	0.000000E+0	7.776600E+4
1.314000E-2	0.000000E+0	7.775000E+4
1.316000E-2	0.000000E+0	7.817400E+4
1.318000E-2	0.000000E+0	7.787600E+4
1.320000E-2	0.000000E+0	7.789500E+4
1.322000E-2	0.000000E+0	7.789600E+4
1.324000E-2	0.000000E+0	7.767800E+4
1.326000E-2	0.000000E+0	7.793700E+4
1.328000E-2	0.000000E+0	7.832300E+4
1.330000E-2	0.000000E+0	7.824600E+4
1.332000E-2	0.000000E+0	7.833500E+4
1.334000E-2	0.000000E+0	7.804200E+4
1.336000E-2	0.000000E+0	7.807600E+4
1.338000E-2	0.000000E+0	7.756900E+4
1.340000E-2	0.000000E+0	7.839600E+4
1.342000E-2	0.000000E+0	7.827700E+4
1.344000E-2	0.000000E+0	7.817100E+4
1.346000E-2	0.000000E+0	7.812800E+4
1.348000E-2	0.000000E+0	7.821100E+4
1.350000E-2	0.000000E+0	7.809700E+4
1.352000E-2	0.000000E+0	7.781300E+4
1.354000E-2	0.000000E+0	7.808400E+4
1.356000E-2	0.000000E+0	7.802900E+4
1.358000E-2	0.000000E+0	7.717400E+4
1.360000E-2	0.000000E+0	7.788800E+4
1.362000E-2	0.000000E+0	7.771400E+4
1.364000E-2	0.000000E+0	7.805500E+4
1.366000E-2	0.000000E+0	7.777000E+4
1.368000E-2	0.000000E+0	7.816800E+4
1.370000E-2	0.000000E+0	7.807200E+4
1.372000E-2	0.000000E+0	7.786300E+4
1.374000E-2	0.000000E+0	7.767600E+4
1.376000E-2	0.000000E+0	7.825400E+4
1.378000E-2	0.000000E+0	7.871100E+4
1.380000E-2	0.000000E+0	7.743100E+4
1.382000E-2	0.000000E+0	7.731800E+4
1.384000E-2	0.000000E+0	7.748300E+4
1.386000E-2	0.000000E+0	7.857900E+4
1.388000E-2	0.000000E+0	7.788500E+4
1.390000E-2	0.000000E+0	7.818700E+4
1.392000E-2	0.000000E+0	7.769100E+4
1.394000E-2	0.000000E+0	7.843400E+4
1.396000E-2	0.000000E+0	7.762300E+4
1.398000E-2	0.000000E+0	7.839400E+4
1.400000E-2	0.000000E+0	7.796400E+4
1.402000E-2	0.000000E+0	7.801900E+4
1.404000E-2	0.000000E+0	7.837900E+4
1.406000E-2	0.000000E+0	7.785100E+4
1.408000E-2	0.000000E+0	7.810200E+4
1.410000E-2	0.000000E+0	7.792300E+4
1.412000E-2	0.000000E+0	7.748600E+4
1.414000E-2	0.000000E+0	7.786300E+4
1.416000E-2	0.000000E+0	7.822600E+4
1.418000E-2	0.000000E+0	7.800900E+4
1.420000E-2	0.000000E+0	7.787100E+4
1.422000E-2	0.000000E+0	7.786900E+4
1.424000E-2	0.000000E+0	7.772600E+4
1.426000E-2	0.000000E+0	7.828100E+4
1.428000E-2	0.000000E+0	7.819100E+4
1.430000E-2	0.000000E+0	7.794700E+4
1.432000E-2	0.000000E+0	7.859400E+4
1.434000E-2	0.000000E+0	7.787800E+4
1.436000E-2	0.000000E+0	7.783900E+4
1.438000E-2	0.000000E+0	7.781800E+4
1.440000E-2	0.000000E+0	7.814700E+4
1.442000E-2	0.000000E+0	7.817300E+4
1.444000E-2	0.000000E+0	7.853400E+4
1.446000E-2	0.000000E+0	7.779500E+4
1.448000E-2	0.000000E+0	7.761700E+4
1.450000E-2	0.000000E+0	7.777700E+4
1.452000E-2	0.000000E+0	7.786700E+4
1.454000E-2	0.000000E+0	7.767200E+4
1.456000E-2	0.000000E+0	7.800900E+4
1.458000E-2	0.000000E+0	7.773700E+4
1.460000E-2	0.000000E+0	7.767300E+4
1.462000E-2	0.000000E+0	7.824300E+4
1.464000E-2	0.000000E+0	7.807400E+4
1.466000E-2	0.000000E+0	7.784000E+4
1.468000E-2	0.000000E+0	7.799200E+4
1.470000E-2	0.000000E+0	7.714100E+4
1.472000E-2	0.000000E+0	7.762600E+4
1.474000E-2	0.000000E+0	7.824300E+4
1.476000E-2	0.000000E+0	7.784500E+4
1.478000E-2	0.000000E+0	7.843500E+4
1.480000E-2	0.000000E+0	7.809500E+4
1.482000E-2	0.000000E+0	7.792100E+4
1.484000E-2	0.000000E+0	7.790800E+4
1.486000E-2	0.000000E+0	7.796500E+4
1.488000E-2	0.000000E+0	7.740900E+4
1.490000E-2	0.000000E+0	7.811900E+4
1.492000E-2	0.000000E+0	7.825800E+4
1.494000E-2	0.000000E+0	7.801800E+4
1.496000E-2	0.000000E+0	7.802200E+4
1.498000E-2	0.000000E+0	7.801500E+4
1.500000E-2	0.000000E+0	7.813100E+4
1.502000E-2	0.000000E+0	7.797400E+4
1.504000E-2	0.000000E+0	7.848300E+4
1.506000E-2	0.000000E+0	7.767800E+4
1.508000E-2	0.000000E+0	7.806300E+4
1.510000E-2	0.000000E+0	7.799800E+4
1.512000E-2	0.000000E+0	7.778000E+4
1.514000E-2	0.000000E+0	7.746200E+4
1.516000E-2	0.000000E+0	7.792500E+4
1.518000E-2	0.000000E+0	7.794900E+4
1.520000E-2	0.000000E+0	7.755700E+4
1.522000E-2	0.000000E+0	7.797900E+4
1.524000E-2	0.000000E+0	7.782000E+4
1.526000E-2	0.000000E+0	7.743200E+4
1.528000E-2	0.000000E+0	7.845100E+4
1.530000E-2	0.000000E+0	7.866100E+4
1.532000E-2	0.000000E+0	7.792600E+4
1.534000E-2	0.000000E+0	7.801800E+4
1.536000E-2	0.000000E+0	7.779900E+4
1.538000E-2	0.000000E+0	7.793400E+4
1.540000E-2	0.000000E+0	7.804700E+4
1.542000E-2	0.000000E+0	7.766700E+4
1.544000E-2	0.000000E+0	7.765500E+4
1.546000E-2	0.000000E+0	7.735800E+4
1.548000E-2	0.000000E+0	7.775300E+4
1.550000E-2	0.000000E+0	7.792900E+4
1.552000E-2	0.000000E+0	7.787600E+4
1.554000E-2	0.000000E+0	7.786000E+4
1.556000E-2	0.000000E+0	7.835200E+4
1.558000E-2	0.000000E+0	7.833400E+4
1.560000E-2	0.000000E+0	7.791300E+4
1.562000E-2	0.000000E+0	7.794100E+4
1.564000E-2	0.000000E+0	7.760100E+4
1.566000E-2	0.000000E+0	7.798700E+4
1.568000E-2	0.000000E+0	7.780800E+4
1.570000E-2	0.000000E+0	7.804100E+4
1.572000E-2	0.000000E+0	7.799000E+4
1.574000E-2	0.000000E+0	7.800500E+4
1.576000E-2	0.000000E+0	7.762000E+4
1.578000E-2	0.000000E+0	7.763900E+4
1.580000E-2	0.000000E+0	7.814100E+4
1.582000E-2	0.000000E+0	7.816100E+4
1.584000E-2	0.000000E+0	7.787200E+4
1.586000E-2	0.000000E+0	7.774500E+4
1.588000E-2	0.000000E+0	7.794800E+4
1.590000E-2	0.000000E+0	7.802400E+4
1.592000E-2	0.000000E+0	7.765100E+4
1.594000E-2	0.000000E+0	7.802400E+4
1.596000E-2	0.000000E+0	7.783100E+4
1.598000E-2	0.000000E+0	7.789500E+4
1.600000E-2	0.000000E+0	7.795000E+4
1.602000E-2	0.000000E+0	7.776700E+4
1.604000E-2	0.000000E+0	7.807200E+4
1.606000E-2	0.000000E+0	7.813000E+4
1.608000E-2	0.000000E+0	7.778800E+4
1.610000E-2	0.000000E+0	7.771000E+4
1.612000E-2	0.000000E+0	7.762700E+4
1.614000E-2	0.000000E+0	7.789300E+4
1.616000E-2	0.000000E+0	7.826400E+4
1.618000E-2	0.000000E+0	7.717900E+4
1.620000E-2	0.000000E+0	7.765800E+4
1.622000E-2	0.000000E+0	7.728600E+4
1.624000E-2	0.000000E+0	7.782900E+4
1.626000E-2	0.000000E+0	7.769600E+4
1.628000E-2	0.000000E+0	7.778600E+4
1.630000E-2	0.000000E+0	7.762300E+4
1.632000E-2	0.000000E+0	7.767200E+4
1.634000E-2	0.000000E+0	7.802500E+4
1.636000E-2	0.000000E+0	7.753000E+4
1.638000E-2	0.000000E+0	7.782400E+4
1.640000E-2	0.000000E+0	7.743500E+4
1.642000E-2	0.000000E+0	7.783000E+4
1.644000E-2	0.000000E+0	7.802100E+4
1.646000E-2	0.000000E+0	7.716800E+4
1.648000E-2	0.000000E+0	7.839300E+4
1.650000E-2	0.000000E+0	7.813900E+4
1.652000E-2	0.000000E+0	7.785500E+4
1.654000E-2	0.000000E+0	7.755200E+4
1.656000E-2	0.000000E+0	7.775500E+4
1.658000E-2	0.000000E+0	7.817400E+4
1.660000E-2	0.000000E+0	7.750400E+4
1.662000E-2	0.000000E+0	7.794900E+4
1.664000E-2	0.000000E+0	7.791300E+4
1.666000E-2	0.000000E+0	7.788100E+4
1.668000E-2	0.000000E+0	7.754600E+4
1.670000E-2	0.000000E+0	7.773600E+4
1.672000E-2	0.000000E+0	7.753600E+4
1.674000E-2	0.000000E+0	7.731100E+4
1.676000E-2	0.000000E+0	7.746800E+4
1.678000E-2	0.000000E+0	7.765200E+4
1.680000E-2	0.000000E+0	7.787000E+4
1.682000E-2	0.000000E+0	7.727700E+4
1.684000E-2	0.000000E+0	7.742200E+4
1.686000E-2	0.000000E+0	7.733400E+4
1.688000E-2	0.000000E+0	7.723900E+4
1.690000E-2	0.000000E+0	7.687100E+4
1.692000E-2	0.000000E+0	7.735900E+4
1.694000E-2	0.000000E+0	7.689300E+4
1.696000E-2	0.000000E+0	7.686700E+4
1.698000E-2	0.000000E+0	7.645200E+4
1.700000E-2	0.000000E+0	7.615100E+4
1.702000E-2	0.000000E+0	7.584000E+4
1.704000E-2	0.000000E+0	7.514300E+4
1.706000E-2	0.000000E+0	7.492700E+4
1.708000E-2	0.000000E+0	7.454800E+4
1.710000E-2	0.000000E+0	7.271700E+4
1.712000E-2	0.000000E+0	7.140800E+4
1.714000E-2	0.000000E+0	6.793500E+4
1.716000E-2	0.000000E+0	6.326000E+4
1.718000E-2	0.000000E+0	5.836400E+4
1.720000E-2	0.000000E+0	5.274500E+4
1.722000E-2	0.000000E+0	4.879200E+4
1.724000E-2	0.000000E+0	4.712400E+4
1.726000E-2	0.000000E+0	4.802800E+4
1.728000E-2	0.000000E+0	5.156200E+4
1.730000E-2	0.000000E+0	5.708500E+4
1.732000E-2	0.000000E+0	6.145400E+4
1.734000E-2	0.000000E+0	6.656900E+4
1.736000E-2	0.000000E+0	6.981400E+4
1.738000E-2	0.000000E+0	7.175800E+4
1.740000E-2	0.000000E+0	7.402200E+4
1.742000E-2	0.000000E+0	7.487200E+4
1.744000E-2	0.000000E+0	7.516000E+4
1.746000E-2	0.000000E+0	7.608800E+4
1.748000E-2	0.000000E+0	7.619000E+4
1.750000E-2	0.000000E+0	7.631100E+4
1.752000E-2	0.000000E+0	7.642100E+4
1.754000E-2	0.000000E+0	7.761100E+4
1.756000E-2	0.000000E+0	7.696300E+4
1.758000E-2	0.000000E+0	7.685400E+4
1.760000E-2	0.000000E+0	7.760800E+4
1.762000E-2	0.000000E+0	7.715700E+4
1.764000E-2	0.000000E+0	7.737600E+4
1.766000E-2	0.000000E+0	7.730300E+4
1.768000E-2	0.000000E+0	7.765700E+4
1.770000E-2	0.000000E+0	7.762600E+4
1.772000E-2	0.000000E+0	7.783200E+4
1.774000E-2	0.000000E+0	7.709400E+4
1.776000E-2	0.000000E+0	7.723300E+4
1.778000E-2	0.000000E+0	7.756700E+4
1.780000E-2	0.000000E+0	7.786000E+4
1.782000E-2	0.000000E+0	7.780000E+4
1.784000E-2	0.000000E+0	7.822800E+4
1.786000E-2	0.000000E+0	7.835900E+4
1.788000E-2	0.000000E+0	7.769300E+4
1.790000E-2	0.000000E+0	7.753600E+4
1.792000E-2	0.000000E+0	7.798700E+4
1.794000E-2	0.000000E+0	7.795000E+4
1.796000E-2	0.000000E+0	7.791000E+4
1.798000E-2	0.000000E+0	7.766200E+4
1.800000E-2	0.000000E+0	7.765800E+4
1.802000E-2	0.000000E+0	7.712400E+4
1.804000E-2	0.000000E+0	7.784900E+4
1.806000E-2	0.000000E+0	7.772100E+4
1.808000E-2	0.000000E+0	7.780000E+4
1.810000E-2	0.000000E+0	7.806300E+4
1.812000E-2	0.000000E+0	7.787000E+4
1.814000E-2	0.000000E+0	7.737600E+4
1.816000E-2	0.000000E+0	7.789800E+4
1.818000E-2	0.000000E+0	7.765700E+4
1.820000E-2	0.000000E+0	7.782600E+4
1.822000E-2	0.000000E+0	7.747700E+4
1.824000E-2	0.000000E+0	7.752100E+4
1.826000E-2	0.000000E+0	7.761600E+4
1.828000E-2	0.000000E+0	7.809800E+4
1.830000E-2	0.000000E+0	7.747000E+4
1.832000E-2	0.000000E+0	7.760900E+4
1.834000E-2	0.000000E+0	7.796900E+4
1.836000E-2	0.000000E+0	7.727800E+4
1.838000E-2	0.000000E+0	7.777900E+4
1.840000E-2	0.000000E+0	7.846600E+4
1.842000E-2	0.000000E+0	7.798500E+4
1.844000E-2	0.000000E+0	7.834900E+4
1.846000E-2	0.000000E+0	7.793000E+4
1.848000E-2	0.000000E+0	7.754900E+4
1.850000E-2	0.000000E+0	7.780500E+4
1.852000E-2	0.000000E+0	7.757600E+4
1.854000E-2	0.000000E+0	7.764500E+4
1.856000E-2	0.000000E+0	7.812400E+4
1.858000E-2	0.000000E+0	7.730100E+4
1.860000E-2	0.000000E+0	7.792500E+4
1.862000E-2	0.000000E+0	7.769300E+4
1.864000E-2	0.000000E+0	7.889700E+4
1.866000E-2	0.000000E+0	7.728800E+4
1.868000E-2	0.000000E+0	7.815300E+4
1.870000E-2	0.000000E+0	7.780600E+4
1.872000E-2	0.000000E+0	7.776600E+4
1.874000E-2	0.000000E+0	7.777100E+4
1.876000E-2	0.000000E+0	7.771500E+4
1.878000E-2	0.000000E+0	7.752200E+4
1.880000E-2	0.000000E+0	7.750700E+4
1.882000E-2	0.000000E+0	7.790000E+4
1.884000E-2	0.000000E+0	7.738500E+4
1.886000E-2	0.000000E+0	7.796400E+4
1.888000E-2	0.000000E+0	7.765000E+4
1.890000E-2	0.000000E+0	7.808400E+4
1.892000E-2	0.000000E+0	7.767300E+4
1.894000E-2	0.000000E+0	7.796900E+4
1.896000E-2	0.000000E+0	7.807600E+4
1.898000E-2	0.000000E+0	7.858900E+4
1.900000E-2	0.000000E+0	7.783700E+4
1.902000E-2	0.000000E+0	7.772700E+4
1.904000E-2	0.000000E+0	7.814500E+4
1.906000E-2	0.000000E+0	7.771900E+4
1.908000E-2	0.000000E+0	7.810800E+4
1.910000E-2	0.000000E+0	7.735400E+4
1.912000E-2	0.000000E+0	7.748000E+4
1.914000E-2	0.000000E+0	7.827800E+4
1.916000E-2	0.000000E+0	7.753200E+4
1.918000E-2	0.000000E+0	7.790200E+4
1.920000E-2	0.000000E+0	7.769600E+4
1.922000E-2	0.000000E+0	7.763700E+4
1.924000E-2	0.000000E+0	7.854700E+4
1.926000E-2	0.000000E+0	7.790400E+4
1.928000E-2	0.000000E+0	7.792100E+4
1.930000E-2	0.000000E+0	7.762500E+4
1.932000E-2	0.000000E+0	7.807400E+4
1.934000E-2	0.000000E+0	7.813500E+4
1.936000E-2	0.000000E+0	7.756600E+4
1.938000E-2	0.000000E+0	7.773800E+4
1.940000E-2	0.000000E+0	7.772600E+4
1.942000E-2	0.000000E+0	7.767500E+4
1.944000E-2	0.000000E+0	7.791100E+4
1.946000E-2	0.000000E+0	7.787700E+4
1.948000E-2	0.000000E+0	7.790000E+4
1.950000E-2	0.000000E+0	7.813700E+4
1.952000E-2	0.000000E+0	7.773000E+4
1.954000E-2	0.000000E+0	7.808800E+4
1.956000E-2	0.000000E+0	7.779700E+4
1.958000E-2	0.000000E+0	7.788100E+4
1.960000E-2	0.000000E+0	7.737100E+4
1.962000E-2	0.000000E+0	7.783400E+4
1.964000E-2	0.000000E+0	7.815700E+4
1.966000E-2	0.000000E+0	7.794600E+4
1.968000E-2	0.000000E+0	7.776500E+4
1.970000E-2	0.000000E+0	7.801700E+4
1.972000E-2	0.000000E+0	7.749500E+4
1.974000E-2	0.000000E+0	7.748500E+4
1.976000E-2	0.000000E+0	7.752900E+4
1.978000E-2	0.000000E+0	7.766900E+4
1.980000E-2	0.000000E+0	7.797300E+4
1.982000E-2	0.000000E+0	7.808500E+4
1.984000E-2	0.000000E+0	7.772100E+4
1.986000E-2	0.000000E+0	7.817800E+4
1.988000E-2	0.000000E+0	7.823000E+4
1.990000E-2	0.000000E+0	7.811000E+4
1.992000E-2	0.000000E+0	7.798200E+4
1.994000E-2	0.000000E+0	7.836700E+4
1.996000E-2	0.000000E+0	7.794300E+4
1.998000E-2	0.000000E+0	7.754700E+4
