

live time:  139815.200000
real time:  162005.699000
sweeps:  6990760.000000
0.000000E+0	0.000000E+0	0.000000E+0
2.000000E-5	0.000000E+0	6.984000E+4
4.000000E-5	0.000000E+0	6.989200E+4
6.000000E-5	0.000000E+0	7.021900E+4
8.000000E-5	0.000000E+0	7.046400E+4
1.000000E-4	0.000000E+0	7.007900E+4
1.200000E-4	0.000000E+0	6.980000E+4
1.400000E-4	0.000000E+0	7.051100E+4
1.600000E-4	0.000000E+0	7.062300E+4
1.800000E-4	0.000000E+0	7.025400E+4
2.000000E-4	0.000000E+0	7.038200E+4
2.200000E-4	0.000000E+0	7.045600E+4
2.400000E-4	0.000000E+0	7.022200E+4
2.600000E-4	0.000000E+0	7.033300E+4
2.800000E-4	0.000000E+0	7.023800E+4
3.000000E-4	0.000000E+0	7.033000E+4
3.200000E-4	0.000000E+0	7.006800E+4
3.400000E-4	0.000000E+0	7.013400E+4
3.600000E-4	0.000000E+0	7.028800E+4
3.800000E-4	0.000000E+0	7.037100E+4
4.000000E-4	0.000000E+0	7.061900E+4
4.200000E-4	0.000000E+0	7.016400E+4
4.400000E-4	0.000000E+0	7.008700E+4
4.600000E-4	0.000000E+0	7.009500E+4
4.800000E-4	0.000000E+0	7.043700E+4
5.000000E-4	0.000000E+0	7.009900E+4
5.200000E-4	0.000000E+0	7.010700E+4
5.400000E-4	0.000000E+0	7.037300E+4
5.600000E-4	0.000000E+0	7.087900E+4
5.800000E-4	0.000000E+0	7.012000E+4
6.000000E-4	0.000000E+0	6.998900E+4
6.200000E-4	0.000000E+0	7.004900E+4
6.400000E-4	0.000000E+0	6.984500E+4
6.600000E-4	0.000000E+0	7.025100E+4
6.800000E-4	0.000000E+0	6.985900E+4
7.000000E-4	0.000000E+0	7.032700E+4
7.200000E-4	0.000000E+0	7.044500E+4
7.400000E-4	0.000000E+0	7.024100E+4
7.600000E-4	0.000000E+0	7.007400E+4
7.800000E-4	0.000000E+0	7.028000E+4
8.000000E-4	0.000000E+0	7.035000E+4
8.200000E-4	0.000000E+0	6.997000E+4
8.400000E-4	0.000000E+0	7.006500E+4
8.600000E-4	0.000000E+0	7.021100E+4
8.800000E-4	0.000000E+0	7.051000E+4
9.000000E-4	0.000000E+0	6.960400E+4
9.200000E-4	0.000000E+0	7.028500E+4
9.400000E-4	0.000000E+0	7.058900E+4
9.600000E-4	0.000000E+0	7.031500E+4
9.800000E-4	0.000000E+0	7.014800E+4
1.000000E-3	0.000000E+0	7.010900E+4
1.020000E-3	0.000000E+0	7.001800E+4
1.040000E-3	0.000000E+0	7.058000E+4
1.060000E-3	0.000000E+0	7.021800E+4
1.080000E-3	0.000000E+0	6.991500E+4
1.100000E-3	0.000000E+0	7.023200E+4
1.120000E-3	0.000000E+0	7.019300E+4
1.140000E-3	0.000000E+0	7.061200E+4
1.160000E-3	0.000000E+0	6.991000E+4
1.180000E-3	0.000000E+0	7.020600E+4
1.200000E-3	0.000000E+0	7.056900E+4
1.220000E-3	0.000000E+0	6.993900E+4
1.240000E-3	0.000000E+0	7.018900E+4
1.260000E-3	0.000000E+0	6.998600E+4
1.280000E-3	0.000000E+0	7.035400E+4
1.300000E-3	0.000000E+0	7.025700E+4
1.320000E-3	0.000000E+0	7.017600E+4
1.340000E-3	0.000000E+0	7.067900E+4
1.360000E-3	0.000000E+0	7.013800E+4
1.380000E-3	0.000000E+0	7.062800E+4
1.400000E-3	0.000000E+0	7.032400E+4
1.420000E-3	0.000000E+0	7.020800E+4
1.440000E-3	0.000000E+0	7.066000E+4
1.460000E-3	0.000000E+0	7.029800E+4
1.480000E-3	0.000000E+0	6.975800E+4
1.500000E-3	0.000000E+0	6.963900E+4
1.520000E-3	0.000000E+0	7.003700E+4
1.540000E-3	0.000000E+0	7.046000E+4
1.560000E-3	0.000000E+0	7.010100E+4
1.580000E-3	0.000000E+0	7.026200E+4
1.600000E-3	0.000000E+0	7.052900E+4
1.620000E-3	0.000000E+0	7.086400E+4
1.640000E-3	0.000000E+0	7.033000E+4
1.660000E-3	0.000000E+0	7.022300E+4
1.680000E-3	0.000000E+0	7.037800E+4
1.700000E-3	0.000000E+0	7.038800E+4
1.720000E-3	0.000000E+0	6.997900E+4
1.740000E-3	0.000000E+0	7.037200E+4
1.760000E-3	0.000000E+0	7.051500E+4
1.780000E-3	0.000000E+0	7.053500E+4
1.800000E-3	0.000000E+0	6.993900E+4
1.820000E-3	0.000000E+0	7.045800E+4
1.840000E-3	0.000000E+0	7.043900E+4
1.860000E-3	0.000000E+0	7.023800E+4
1.880000E-3	0.000000E+0	7.030500E+4
1.900000E-3	0.000000E+0	7.027600E+4
1.920000E-3	0.000000E+0	7.020900E+4
1.940000E-3	0.000000E+0	7.044300E+4
1.960000E-3	0.000000E+0	7.010800E+4
1.980000E-3	0.000000E+0	7.065700E+4
2.000000E-3	0.000000E+0	7.031000E+4
2.020000E-3	0.000000E+0	7.068000E+4
2.040000E-3	0.000000E+0	7.050700E+4
2.060000E-3	0.000000E+0	7.088300E+4
2.080000E-3	0.000000E+0	6.954000E+4
2.100000E-3	0.000000E+0	7.013000E+4
2.120000E-3	0.000000E+0	7.024300E+4
2.140000E-3	0.000000E+0	6.966900E+4
2.160000E-3	0.000000E+0	7.030600E+4
2.180000E-3	0.000000E+0	7.031000E+4
2.200000E-3	0.000000E+0	6.978600E+4
2.220000E-3	0.000000E+0	6.985100E+4
2.240000E-3	0.000000E+0	7.018200E+4
2.260000E-3	0.000000E+0	7.016600E+4
2.280000E-3	0.000000E+0	7.059300E+4
2.300000E-3	0.000000E+0	7.033000E+4
2.320000E-3	0.000000E+0	7.005900E+4
2.340000E-3	0.000000E+0	6.989600E+4
2.360000E-3	0.000000E+0	7.021200E+4
2.380000E-3	0.000000E+0	6.971800E+4
2.400000E-3	0.000000E+0	7.045000E+4
2.420000E-3	0.000000E+0	7.032400E+4
2.440000E-3	0.000000E+0	6.986600E+4
2.460000E-3	0.000000E+0	7.005200E+4
2.480000E-3	0.000000E+0	6.972100E+4
2.500000E-3	0.000000E+0	7.032900E+4
2.520000E-3	0.000000E+0	7.046600E+4
2.540000E-3	0.000000E+0	7.030700E+4
2.560000E-3	0.000000E+0	7.012800E+4
2.580000E-3	0.000000E+0	7.048200E+4
2.600000E-3	0.000000E+0	7.030000E+4
2.620000E-3	0.000000E+0	7.009400E+4
2.640000E-3	0.000000E+0	7.035300E+4
2.660000E-3	0.000000E+0	6.994400E+4
2.680000E-3	0.000000E+0	7.059900E+4
2.700000E-3	0.000000E+0	7.030500E+4
2.720000E-3	0.000000E+0	6.987900E+4
2.740000E-3	0.000000E+0	6.998100E+4
2.760000E-3	0.000000E+0	7.037300E+4
2.780000E-3	0.000000E+0	7.027400E+4
2.800000E-3	0.000000E+0	6.996000E+4
2.820000E-3	0.000000E+0	6.971500E+4
2.840000E-3	0.000000E+0	7.047600E+4
2.860000E-3	0.000000E+0	7.022100E+4
2.880000E-3	0.000000E+0	7.043600E+4
2.900000E-3	0.000000E+0	7.003300E+4
2.920000E-3	0.000000E+0	7.047500E+4
2.940000E-3	0.000000E+0	7.020300E+4
2.960000E-3	0.000000E+0	7.026900E+4
2.980000E-3	0.000000E+0	7.011400E+4
3.000000E-3	0.000000E+0	7.007600E+4
3.020000E-3	0.000000E+0	7.046000E+4
3.040000E-3	0.000000E+0	7.028400E+4
3.060000E-3	0.000000E+0	7.033600E+4
3.080000E-3	0.000000E+0	7.000900E+4
3.100000E-3	0.000000E+0	7.041900E+4
3.120000E-3	0.000000E+0	7.025300E+4
3.140000E-3	0.000000E+0	7.013500E+4
3.160000E-3	0.000000E+0	7.020400E+4
3.180000E-3	0.000000E+0	7.041000E+4
3.200000E-3	0.000000E+0	7.016100E+4
3.220000E-3	0.000000E+0	6.961100E+4
3.240000E-3	0.000000E+0	7.003000E+4
3.260000E-3	0.000000E+0	7.027100E+4
3.280000E-3	0.000000E+0	7.014800E+4
3.300000E-3	0.000000E+0	7.063400E+4
3.320000E-3	0.000000E+0	7.051900E+4
3.340000E-3	0.000000E+0	7.010200E+4
3.360000E-3	0.000000E+0	7.007600E+4
3.380000E-3	0.000000E+0	6.995900E+4
3.400000E-3	0.000000E+0	7.027600E+4
3.420000E-3	0.000000E+0	7.030800E+4
3.440000E-3	0.000000E+0	6.980400E+4
3.460000E-3	0.000000E+0	7.054400E+4
3.480000E-3	0.000000E+0	7.037400E+4
3.500000E-3	0.000000E+0	7.040400E+4
3.520000E-3	0.000000E+0	7.036500E+4
3.540000E-3	0.000000E+0	7.073700E+4
3.560000E-3	0.000000E+0	6.998100E+4
3.580000E-3	0.000000E+0	7.020900E+4
3.600000E-3	0.000000E+0	6.953400E+4
3.620000E-3	0.000000E+0	7.039100E+4
3.640000E-3	0.000000E+0	7.039500E+4
3.660000E-3	0.000000E+0	7.035300E+4
3.680000E-3	0.000000E+0	7.029500E+4
3.700000E-3	0.000000E+0	7.021800E+4
3.720000E-3	0.000000E+0	6.981600E+4
3.740000E-3	0.000000E+0	7.002200E+4
3.760000E-3	0.000000E+0	7.025800E+4
3.780000E-3	0.000000E+0	7.037300E+4
3.800000E-3	0.000000E+0	6.992300E+4
3.820000E-3	0.000000E+0	7.003500E+4
3.840000E-3	0.000000E+0	7.053500E+4
3.860000E-3	0.000000E+0	7.042000E+4
3.880000E-3	0.000000E+0	6.988900E+4
3.900000E-3	0.000000E+0	7.012700E+4
3.920000E-3	0.000000E+0	7.007700E+4
3.940000E-3	0.000000E+0	7.005100E+4
3.960000E-3	0.000000E+0	7.055600E+4
3.980000E-3	0.000000E+0	7.009100E+4
4.000000E-3	0.000000E+0	7.005900E+4
4.020000E-3	0.000000E+0	7.026300E+4
4.040000E-3	0.000000E+0	7.015200E+4
4.060000E-3	0.000000E+0	6.974500E+4
4.080000E-3	0.000000E+0	7.012100E+4
4.100000E-3	0.000000E+0	7.005200E+4
4.120000E-3	0.000000E+0	7.016100E+4
4.140000E-3	0.000000E+0	7.048200E+4
4.160000E-3	0.000000E+0	6.965300E+4
4.180000E-3	0.000000E+0	7.010700E+4
4.200000E-3	0.000000E+0	6.985400E+4
4.220000E-3	0.000000E+0	7.035600E+4
4.240000E-3	0.000000E+0	6.991400E+4
4.260000E-3	0.000000E+0	6.983400E+4
4.280000E-3	0.000000E+0	7.061200E+4
4.300000E-3	0.000000E+0	6.995000E+4
4.320000E-3	0.000000E+0	7.053100E+4
4.340000E-3	0.000000E+0	7.042600E+4
4.360000E-3	0.000000E+0	7.024700E+4
4.380000E-3	0.000000E+0	6.987100E+4
4.400000E-3	0.000000E+0	7.081900E+4
4.420000E-3	0.000000E+0	7.037400E+4
4.440000E-3	0.000000E+0	7.008800E+4
4.460000E-3	0.000000E+0	7.017100E+4
4.480000E-3	0.000000E+0	7.001200E+4
4.500000E-3	0.000000E+0	6.983000E+4
4.520000E-3	0.000000E+0	7.044000E+4
4.540000E-3	0.000000E+0	7.043600E+4
4.560000E-3	0.000000E+0	7.030600E+4
4.580000E-3	0.000000E+0	7.051900E+4
4.600000E-3	0.000000E+0	7.062000E+4
4.620000E-3	0.000000E+0	6.999900E+4
4.640000E-3	0.000000E+0	7.031200E+4
4.660000E-3	0.000000E+0	7.019000E+4
4.680000E-3	0.000000E+0	7.008100E+4
4.700000E-3	0.000000E+0	7.014200E+4
4.720000E-3	0.000000E+0	7.037200E+4
4.740000E-3	0.000000E+0	6.997200E+4
4.760000E-3	0.000000E+0	6.991900E+4
4.780000E-3	0.000000E+0	6.998200E+4
4.800000E-3	0.000000E+0	7.058500E+4
4.820000E-3	0.000000E+0	7.020900E+4
4.840000E-3	0.000000E+0	7.016800E+4
4.860000E-3	0.000000E+0	7.028500E+4
4.880000E-3	0.000000E+0	7.023000E+4
4.900000E-3	0.000000E+0	7.041600E+4
4.920000E-3	0.000000E+0	7.005400E+4
4.940000E-3	0.000000E+0	7.077900E+4
4.960000E-3	0.000000E+0	7.033700E+4
4.980000E-3	0.000000E+0	6.982800E+4
5.000000E-3	0.000000E+0	6.941100E+4
5.020000E-3	0.000000E+0	7.013500E+4
5.040000E-3	0.000000E+0	7.031800E+4
5.060000E-3	0.000000E+0	7.068600E+4
5.080000E-3	0.000000E+0	7.027400E+4
5.100000E-3	0.000000E+0	7.049700E+4
5.120000E-3	0.000000E+0	7.052300E+4
5.140000E-3	0.000000E+0	7.010200E+4
5.160000E-3	0.000000E+0	7.048000E+4
5.180000E-3	0.000000E+0	7.013700E+4
5.200000E-3	0.000000E+0	7.000300E+4
5.220000E-3	0.000000E+0	7.014400E+4
5.240000E-3	0.000000E+0	6.987300E+4
5.260000E-3	0.000000E+0	7.029900E+4
5.280000E-3	0.000000E+0	6.960700E+4
5.300000E-3	0.000000E+0	6.963000E+4
5.320000E-3	0.000000E+0	6.969500E+4
5.340000E-3	0.000000E+0	6.948500E+4
5.360000E-3	0.000000E+0	6.984800E+4
5.380000E-3	0.000000E+0	6.982200E+4
5.400000E-3	0.000000E+0	6.984700E+4
5.420000E-3	0.000000E+0	6.965300E+4
5.440000E-3	0.000000E+0	6.948400E+4
5.460000E-3	0.000000E+0	6.979200E+4
5.480000E-3	0.000000E+0	6.914200E+4
5.500000E-3	0.000000E+0	6.929800E+4
5.520000E-3	0.000000E+0	6.975400E+4
5.540000E-3	0.000000E+0	6.941900E+4
5.560000E-3	0.000000E+0	6.946100E+4
5.580000E-3	0.000000E+0	6.923200E+4
5.600000E-3	0.000000E+0	6.942600E+4
5.620000E-3	0.000000E+0	6.822100E+4
5.640000E-3	0.000000E+0	6.818700E+4
5.660000E-3	0.000000E+0	6.743200E+4
5.680000E-3	0.000000E+0	6.598800E+4
5.700000E-3	0.000000E+0	6.531600E+4
5.720000E-3	0.000000E+0	6.280400E+4
5.740000E-3	0.000000E+0	6.007300E+4
5.760000E-3	0.000000E+0	5.591700E+4
5.780000E-3	0.000000E+0	5.113100E+4
5.800000E-3	0.000000E+0	4.622100E+4
5.820000E-3	0.000000E+0	4.297500E+4
5.840000E-3	0.000000E+0	4.217500E+4
5.860000E-3	0.000000E+0	4.352500E+4
5.880000E-3	0.000000E+0	4.730100E+4
5.900000E-3	0.000000E+0	5.252100E+4
5.920000E-3	0.000000E+0	5.717900E+4
5.940000E-3	0.000000E+0	6.178200E+4
5.960000E-3	0.000000E+0	6.417300E+4
5.980000E-3	0.000000E+0	6.606900E+4
6.000000E-3	0.000000E+0	6.742500E+4
6.020000E-3	0.000000E+0	6.770100E+4
6.040000E-3	0.000000E+0	6.839200E+4
6.060000E-3	0.000000E+0	6.881800E+4
6.080000E-3	0.000000E+0	6.897100E+4
6.100000E-3	0.000000E+0	6.909100E+4
6.120000E-3	0.000000E+0	6.923200E+4
6.140000E-3	0.000000E+0	6.939100E+4
6.160000E-3	0.000000E+0	6.896300E+4
6.180000E-3	0.000000E+0	6.953300E+4
6.200000E-3	0.000000E+0	6.970900E+4
6.220000E-3	0.000000E+0	6.919600E+4
6.240000E-3	0.000000E+0	6.961800E+4
6.260000E-3	0.000000E+0	6.969500E+4
6.280000E-3	0.000000E+0	6.993800E+4
6.300000E-3	0.000000E+0	6.994800E+4
6.320000E-3	0.000000E+0	6.963300E+4
6.340000E-3	0.000000E+0	7.017100E+4
6.360000E-3	0.000000E+0	7.018200E+4
6.380000E-3	0.000000E+0	7.015700E+4
6.400000E-3	0.000000E+0	6.995000E+4
6.420000E-3	0.000000E+0	7.047900E+4
6.440000E-3	0.000000E+0	6.973900E+4
6.460000E-3	0.000000E+0	6.985400E+4
6.480000E-3	0.000000E+0	7.034300E+4
6.500000E-3	0.000000E+0	7.004300E+4
6.520000E-3	0.000000E+0	7.030900E+4
6.540000E-3	0.000000E+0	7.022600E+4
6.560000E-3	0.000000E+0	7.010200E+4
6.580000E-3	0.000000E+0	7.016200E+4
6.600000E-3	0.000000E+0	7.006400E+4
6.620000E-3	0.000000E+0	7.020700E+4
6.640000E-3	0.000000E+0	7.029000E+4
6.660000E-3	0.000000E+0	7.037600E+4
6.680000E-3	0.000000E+0	7.013900E+4
6.700000E-3	0.000000E+0	6.988800E+4
6.720000E-3	0.000000E+0	7.007000E+4
6.740000E-3	0.000000E+0	7.003900E+4
6.760000E-3	0.000000E+0	6.992600E+4
6.780000E-3	0.000000E+0	7.012600E+4
6.800000E-3	0.000000E+0	6.977600E+4
6.820000E-3	0.000000E+0	7.013700E+4
6.840000E-3	0.000000E+0	6.993400E+4
6.860000E-3	0.000000E+0	7.077600E+4
6.880000E-3	0.000000E+0	7.012200E+4
6.900000E-3	0.000000E+0	7.003900E+4
6.920000E-3	0.000000E+0	7.032300E+4
6.940000E-3	0.000000E+0	7.025200E+4
6.960000E-3	0.000000E+0	6.942900E+4
6.980000E-3	0.000000E+0	7.018200E+4
7.000000E-3	0.000000E+0	7.025700E+4
7.020000E-3	0.000000E+0	7.039100E+4
7.040000E-3	0.000000E+0	7.002500E+4
7.060000E-3	0.000000E+0	7.023000E+4
7.080000E-3	0.000000E+0	7.042400E+4
7.100000E-3	0.000000E+0	6.957800E+4
7.120000E-3	0.000000E+0	7.022500E+4
7.140000E-3	0.000000E+0	7.050600E+4
7.160000E-3	0.000000E+0	7.022300E+4
7.180000E-3	0.000000E+0	7.058100E+4
7.200000E-3	0.000000E+0	7.016000E+4
7.220000E-3	0.000000E+0	7.030600E+4
7.240000E-3	0.000000E+0	7.025000E+4
7.260000E-3	0.000000E+0	7.062200E+4
7.280000E-3	0.000000E+0	7.049000E+4
7.300000E-3	0.000000E+0	7.015400E+4
7.320000E-3	0.000000E+0	7.003900E+4
7.340000E-3	0.000000E+0	7.047200E+4
7.360000E-3	0.000000E+0	7.017900E+4
7.380000E-3	0.000000E+0	7.037800E+4
7.400000E-3	0.000000E+0	7.016100E+4
7.420000E-3	0.000000E+0	7.027600E+4
7.440000E-3	0.000000E+0	7.054500E+4
7.460000E-3	0.000000E+0	6.972000E+4
7.480000E-3	0.000000E+0	7.016200E+4
7.500000E-3	0.000000E+0	6.981900E+4
7.520000E-3	0.000000E+0	7.036500E+4
7.540000E-3	0.000000E+0	7.031200E+4
7.560000E-3	0.000000E+0	7.069900E+4
7.580000E-3	0.000000E+0	7.003400E+4
7.600000E-3	0.000000E+0	7.002300E+4
7.620000E-3	0.000000E+0	7.048300E+4
7.640000E-3	0.000000E+0	7.010900E+4
7.660000E-3	0.000000E+0	7.045500E+4
7.680000E-3	0.000000E+0	7.058800E+4
7.700000E-3	0.000000E+0	7.054700E+4
7.720000E-3	0.000000E+0	7.021000E+4
7.740000E-3	0.000000E+0	6.998000E+4
7.760000E-3	0.000000E+0	7.036500E+4
7.780000E-3	0.000000E+0	6.997000E+4
7.800000E-3	0.000000E+0	7.031900E+4
7.820000E-3	0.000000E+0	7.045500E+4
7.840000E-3	0.000000E+0	7.010500E+4
7.860000E-3	0.000000E+0	7.021600E+4
7.880000E-3	0.000000E+0	7.035900E+4
7.900000E-3	0.000000E+0	7.066100E+4
7.920000E-3	0.000000E+0	7.020800E+4
7.940000E-3	0.000000E+0	7.036700E+4
7.960000E-3	0.000000E+0	7.036200E+4
7.980000E-3	0.000000E+0	6.987400E+4
8.000000E-3	0.000000E+0	6.992500E+4
8.020000E-3	0.000000E+0	7.018100E+4
8.040000E-3	0.000000E+0	6.970400E+4
8.060000E-3	0.000000E+0	7.013800E+4
8.080000E-3	0.000000E+0	7.099600E+4
8.100000E-3	0.000000E+0	7.001300E+4
8.120000E-3	0.000000E+0	7.010100E+4
8.140000E-3	0.000000E+0	7.037000E+4
8.160000E-3	0.000000E+0	7.002500E+4
8.180000E-3	0.000000E+0	7.012500E+4
8.200000E-3	0.000000E+0	7.028300E+4
8.220000E-3	0.000000E+0	7.006300E+4
8.240000E-3	0.000000E+0	7.052600E+4
8.260000E-3	0.000000E+0	6.975600E+4
8.280000E-3	0.000000E+0	7.043000E+4
8.300000E-3	0.000000E+0	7.050600E+4
8.320000E-3	0.000000E+0	7.014200E+4
8.340000E-3	0.000000E+0	7.029800E+4
8.360000E-3	0.000000E+0	6.991400E+4
8.380000E-3	0.000000E+0	7.052300E+4
8.400000E-3	0.000000E+0	7.007600E+4
8.420000E-3	0.000000E+0	7.014100E+4
8.440000E-3	0.000000E+0	7.077800E+4
8.460000E-3	0.000000E+0	7.039900E+4
8.480000E-3	0.000000E+0	7.041600E+4
8.500000E-3	0.000000E+0	7.056500E+4
8.520000E-3	0.000000E+0	7.007900E+4
8.540000E-3	0.000000E+0	7.032000E+4
8.560000E-3	0.000000E+0	7.041800E+4
8.580000E-3	0.000000E+0	7.005900E+4
8.600000E-3	0.000000E+0	7.040700E+4
8.620000E-3	0.000000E+0	7.029100E+4
8.640000E-3	0.000000E+0	7.044200E+4
8.660000E-3	0.000000E+0	7.002400E+4
8.680000E-3	0.000000E+0	7.051200E+4
8.700000E-3	0.000000E+0	7.024800E+4
8.720000E-3	0.000000E+0	7.014200E+4
8.740000E-3	0.000000E+0	7.034500E+4
8.760000E-3	0.000000E+0	7.075800E+4
8.780000E-3	0.000000E+0	7.003600E+4
8.800000E-3	0.000000E+0	7.023400E+4
8.820000E-3	0.000000E+0	7.018800E+4
8.840000E-3	0.000000E+0	7.007400E+4
8.860000E-3	0.000000E+0	7.017800E+4
8.880000E-3	0.000000E+0	7.017100E+4
8.900000E-3	0.000000E+0	7.065500E+4
8.920000E-3	0.000000E+0	7.012000E+4
8.940000E-3	0.000000E+0	7.017300E+4
8.960000E-3	0.000000E+0	6.990900E+4
8.980000E-3	0.000000E+0	6.977000E+4
9.000000E-3	0.000000E+0	7.003300E+4
9.020000E-3	0.000000E+0	7.012800E+4
9.040000E-3	0.000000E+0	7.049000E+4
9.060000E-3	0.000000E+0	7.029100E+4
9.080000E-3	0.000000E+0	7.024900E+4
9.100000E-3	0.000000E+0	6.988500E+4
9.120000E-3	0.000000E+0	7.060800E+4
9.140000E-3	0.000000E+0	7.055300E+4
9.160000E-3	0.000000E+0	6.973500E+4
9.180000E-3	0.000000E+0	7.023800E+4
9.200000E-3	0.000000E+0	7.026200E+4
9.220000E-3	0.000000E+0	7.022200E+4
9.240000E-3	0.000000E+0	7.018700E+4
9.260000E-3	0.000000E+0	7.021700E+4
9.280000E-3	0.000000E+0	7.021000E+4
9.300000E-3	0.000000E+0	7.020600E+4
9.320000E-3	0.000000E+0	6.990800E+4
9.340000E-3	0.000000E+0	7.023200E+4
9.360000E-3	0.000000E+0	7.013800E+4
9.380000E-3	0.000000E+0	7.054700E+4
9.400000E-3	0.000000E+0	7.011000E+4
9.420000E-3	0.000000E+0	7.004700E+4
9.440000E-3	0.000000E+0	7.023100E+4
9.460000E-3	0.000000E+0	7.046700E+4
9.480000E-3	0.000000E+0	7.004300E+4
9.500000E-3	0.000000E+0	7.059100E+4
9.520000E-3	0.000000E+0	7.043300E+4
9.540000E-3	0.000000E+0	6.993200E+4
9.560000E-3	0.000000E+0	7.035400E+4
9.580000E-3	0.000000E+0	7.032000E+4
9.600000E-3	0.000000E+0	7.007200E+4
9.620000E-3	0.000000E+0	7.023300E+4
9.640000E-3	0.000000E+0	7.046600E+4
9.660000E-3	0.000000E+0	7.031400E+4
9.680000E-3	0.000000E+0	6.993100E+4
9.700000E-3	0.000000E+0	7.003400E+4
9.720000E-3	0.000000E+0	7.029800E+4
9.740000E-3	0.000000E+0	7.045400E+4
9.760000E-3	0.000000E+0	6.989200E+4
9.780000E-3	0.000000E+0	7.001100E+4
9.800000E-3	0.000000E+0	7.019600E+4
9.820000E-3	0.000000E+0	6.997500E+4
9.840000E-3	0.000000E+0	7.038400E+4
9.860000E-3	0.000000E+0	7.054000E+4
9.880000E-3	0.000000E+0	7.065500E+4
9.900000E-3	0.000000E+0	7.020400E+4
9.920000E-3	0.000000E+0	7.057600E+4
9.940000E-3	0.000000E+0	7.000500E+4
9.960000E-3	0.000000E+0	6.994700E+4
9.980000E-3	0.000000E+0	6.995000E+4
1.000000E-2	0.000000E+0	7.020900E+4
1.002000E-2	0.000000E+0	6.988000E+4
1.004000E-2	0.000000E+0	7.028900E+4
1.006000E-2	0.000000E+0	7.014900E+4
1.008000E-2	0.000000E+0	7.023500E+4
1.010000E-2	0.000000E+0	7.031000E+4
1.012000E-2	0.000000E+0	7.052700E+4
1.014000E-2	0.000000E+0	7.063800E+4
1.016000E-2	0.000000E+0	7.067300E+4
1.018000E-2	0.000000E+0	7.049600E+4
1.020000E-2	0.000000E+0	7.083100E+4
1.022000E-2	0.000000E+0	7.041100E+4
1.024000E-2	0.000000E+0	7.037000E+4
1.026000E-2	0.000000E+0	6.992500E+4
1.028000E-2	0.000000E+0	7.034300E+4
1.030000E-2	0.000000E+0	7.015700E+4
1.032000E-2	0.000000E+0	7.016500E+4
1.034000E-2	0.000000E+0	7.035300E+4
1.036000E-2	0.000000E+0	7.031700E+4
1.038000E-2	0.000000E+0	7.042200E+4
1.040000E-2	0.000000E+0	7.037300E+4
1.042000E-2	0.000000E+0	7.016000E+4
1.044000E-2	0.000000E+0	7.064800E+4
1.046000E-2	0.000000E+0	7.018400E+4
1.048000E-2	0.000000E+0	7.052900E+4
1.050000E-2	0.000000E+0	7.000200E+4
1.052000E-2	0.000000E+0	7.027200E+4
1.054000E-2	0.000000E+0	7.036800E+4
1.056000E-2	0.000000E+0	7.050700E+4
1.058000E-2	0.000000E+0	7.038400E+4
1.060000E-2	0.000000E+0	6.947300E+4
1.062000E-2	0.000000E+0	6.995700E+4
1.064000E-2	0.000000E+0	7.023900E+4
1.066000E-2	0.000000E+0	7.034100E+4
1.068000E-2	0.000000E+0	6.993300E+4
1.070000E-2	0.000000E+0	7.007100E+4
1.072000E-2	0.000000E+0	7.027500E+4
1.074000E-2	0.000000E+0	7.024600E+4
1.076000E-2	0.000000E+0	7.033200E+4
1.078000E-2	0.000000E+0	7.018700E+4
1.080000E-2	0.000000E+0	7.005300E+4
1.082000E-2	0.000000E+0	7.009900E+4
1.084000E-2	0.000000E+0	6.988800E+4
1.086000E-2	0.000000E+0	6.980900E+4
1.088000E-2	0.000000E+0	7.036600E+4
1.090000E-2	0.000000E+0	7.059300E+4
1.092000E-2	0.000000E+0	7.014200E+4
1.094000E-2	0.000000E+0	7.010600E+4
1.096000E-2	0.000000E+0	7.049700E+4
1.098000E-2	0.000000E+0	7.030300E+4
1.100000E-2	0.000000E+0	7.035100E+4
1.102000E-2	0.000000E+0	6.990500E+4
1.104000E-2	0.000000E+0	7.043200E+4
1.106000E-2	0.000000E+0	7.007600E+4
1.108000E-2	0.000000E+0	7.054400E+4
1.110000E-2	0.000000E+0	7.018600E+4
1.112000E-2	0.000000E+0	6.995400E+4
1.114000E-2	0.000000E+0	6.993600E+4
1.116000E-2	0.000000E+0	6.999200E+4
1.118000E-2	0.000000E+0	7.026500E+4
1.120000E-2	0.000000E+0	6.944200E+4
1.122000E-2	0.000000E+0	6.987300E+4
1.124000E-2	0.000000E+0	7.066800E+4
1.126000E-2	0.000000E+0	7.045000E+4
1.128000E-2	0.000000E+0	7.075400E+4
1.130000E-2	0.000000E+0	6.990800E+4
1.132000E-2	0.000000E+0	7.061900E+4
1.134000E-2	0.000000E+0	7.023800E+4
1.136000E-2	0.000000E+0	7.006100E+4
1.138000E-2	0.000000E+0	6.982400E+4
1.140000E-2	0.000000E+0	6.995700E+4
1.142000E-2	0.000000E+0	7.025000E+4
1.144000E-2	0.000000E+0	7.032300E+4
1.146000E-2	0.000000E+0	7.040100E+4
1.148000E-2	0.000000E+0	6.988300E+4
1.150000E-2	0.000000E+0	7.042600E+4
1.152000E-2	0.000000E+0	6.990800E+4
1.154000E-2	0.000000E+0	7.020100E+4
1.156000E-2	0.000000E+0	7.009300E+4
1.158000E-2	0.000000E+0	7.023700E+4
1.160000E-2	0.000000E+0	7.015800E+4
1.162000E-2	0.000000E+0	7.028200E+4
1.164000E-2	0.000000E+0	7.011300E+4
1.166000E-2	0.000000E+0	6.983600E+4
1.168000E-2	0.000000E+0	7.042100E+4
1.170000E-2	0.000000E+0	7.050400E+4
1.172000E-2	0.000000E+0	7.003300E+4
1.174000E-2	0.000000E+0	7.010400E+4
1.176000E-2	0.000000E+0	7.001400E+4
1.178000E-2	0.000000E+0	7.018000E+4
1.180000E-2	0.000000E+0	7.020800E+4
1.182000E-2	0.000000E+0	7.068600E+4
1.184000E-2	0.000000E+0	7.012700E+4
1.186000E-2	0.000000E+0	6.998800E+4
1.188000E-2	0.000000E+0	6.974100E+4
1.190000E-2	0.000000E+0	7.040600E+4
1.192000E-2	0.000000E+0	6.993000E+4
1.194000E-2	0.000000E+0	7.035100E+4
1.196000E-2	0.000000E+0	6.975400E+4
1.198000E-2	0.000000E+0	7.001800E+4
1.200000E-2	0.000000E+0	7.000400E+4
1.202000E-2	0.000000E+0	7.028100E+4
1.204000E-2	0.000000E+0	6.987000E+4
1.206000E-2	0.000000E+0	7.050500E+4
1.208000E-2	0.000000E+0	7.037100E+4
1.210000E-2	0.000000E+0	7.018800E+4
1.212000E-2	0.000000E+0	6.998200E+4
1.214000E-2	0.000000E+0	6.998300E+4
1.216000E-2	0.000000E+0	7.007400E+4
1.218000E-2	0.000000E+0	6.977200E+4
1.220000E-2	0.000000E+0	7.018200E+4
1.222000E-2	0.000000E+0	7.020200E+4
1.224000E-2	0.000000E+0	7.024900E+4
1.226000E-2	0.000000E+0	6.969500E+4
1.228000E-2	0.000000E+0	6.997500E+4
1.230000E-2	0.000000E+0	6.998200E+4
1.232000E-2	0.000000E+0	7.028700E+4
1.234000E-2	0.000000E+0	7.044600E+4
1.236000E-2	0.000000E+0	7.000100E+4
1.238000E-2	0.000000E+0	7.014900E+4
1.240000E-2	0.000000E+0	6.975600E+4
1.242000E-2	0.000000E+0	7.018600E+4
1.244000E-2	0.000000E+0	7.028200E+4
1.246000E-2	0.000000E+0	6.946600E+4
1.248000E-2	0.000000E+0	7.009800E+4
1.250000E-2	0.000000E+0	7.038600E+4
1.252000E-2	0.000000E+0	7.005500E+4
1.254000E-2	0.000000E+0	6.985900E+4
1.256000E-2	0.000000E+0	7.030100E+4
1.258000E-2	0.000000E+0	7.039900E+4
1.260000E-2	0.000000E+0	7.035000E+4
1.262000E-2	0.000000E+0	6.970100E+4
1.264000E-2	0.000000E+0	6.984000E+4
1.266000E-2	0.000000E+0	6.980100E+4
1.268000E-2	0.000000E+0	7.006700E+4
1.270000E-2	0.000000E+0	7.017000E+4
1.272000E-2	0.000000E+0	7.005300E+4
1.274000E-2	0.000000E+0	7.009300E+4
1.276000E-2	0.000000E+0	7.046300E+4
1.278000E-2	0.000000E+0	7.010400E+4
1.280000E-2	0.000000E+0	7.027300E+4
1.282000E-2	0.000000E+0	6.997400E+4
1.284000E-2	0.000000E+0	7.027100E+4
1.286000E-2	0.000000E+0	7.040400E+4
1.288000E-2	0.000000E+0	7.038500E+4
1.290000E-2	0.000000E+0	6.961600E+4
1.292000E-2	0.000000E+0	7.016400E+4
1.294000E-2	0.000000E+0	6.995000E+4
1.296000E-2	0.000000E+0	7.016700E+4
1.298000E-2	0.000000E+0	7.010700E+4
1.300000E-2	0.000000E+0	6.983000E+4
1.302000E-2	0.000000E+0	7.039300E+4
1.304000E-2	0.000000E+0	7.045600E+4
1.306000E-2	0.000000E+0	6.988000E+4
1.308000E-2	0.000000E+0	7.077100E+4
1.310000E-2	0.000000E+0	7.047400E+4
1.312000E-2	0.000000E+0	6.991400E+4
1.314000E-2	0.000000E+0	6.990000E+4
1.316000E-2	0.000000E+0	7.049900E+4
1.318000E-2	0.000000E+0	7.017000E+4
1.320000E-2	0.000000E+0	7.004100E+4
1.322000E-2	0.000000E+0	7.001600E+4
1.324000E-2	0.000000E+0	6.995800E+4
1.326000E-2	0.000000E+0	7.023400E+4
1.328000E-2	0.000000E+0	7.053500E+4
1.330000E-2	0.000000E+0	7.049900E+4
1.332000E-2	0.000000E+0	7.048900E+4
1.334000E-2	0.000000E+0	7.022700E+4
1.336000E-2	0.000000E+0	7.032900E+4
1.338000E-2	0.000000E+0	7.009400E+4
1.340000E-2	0.000000E+0	7.042900E+4
1.342000E-2	0.000000E+0	7.048000E+4
1.344000E-2	0.000000E+0	7.031100E+4
1.346000E-2	0.000000E+0	7.040000E+4
1.348000E-2	0.000000E+0	7.043200E+4
1.350000E-2	0.000000E+0	7.030800E+4
1.352000E-2	0.000000E+0	6.989400E+4
1.354000E-2	0.000000E+0	7.032900E+4
1.356000E-2	0.000000E+0	7.017300E+4
1.358000E-2	0.000000E+0	6.947200E+4
1.360000E-2	0.000000E+0	7.018100E+4
1.362000E-2	0.000000E+0	6.998700E+4
1.364000E-2	0.000000E+0	7.019400E+4
1.366000E-2	0.000000E+0	7.001000E+4
1.368000E-2	0.000000E+0	7.038900E+4
1.370000E-2	0.000000E+0	7.029600E+4
1.372000E-2	0.000000E+0	7.002900E+4
1.374000E-2	0.000000E+0	6.999900E+4
1.376000E-2	0.000000E+0	7.055500E+4
1.378000E-2	0.000000E+0	7.080600E+4
1.380000E-2	0.000000E+0	6.969200E+4
1.382000E-2	0.000000E+0	6.954100E+4
1.384000E-2	0.000000E+0	6.967100E+4
1.386000E-2	0.000000E+0	7.074600E+4
1.388000E-2	0.000000E+0	7.019600E+4
1.390000E-2	0.000000E+0	7.026500E+4
1.392000E-2	0.000000E+0	6.992700E+4
1.394000E-2	0.000000E+0	7.067900E+4
1.396000E-2	0.000000E+0	6.986800E+4
1.398000E-2	0.000000E+0	7.053700E+4
1.400000E-2	0.000000E+0	7.019300E+4
1.402000E-2	0.000000E+0	7.032100E+4
1.404000E-2	0.000000E+0	7.059000E+4
1.406000E-2	0.000000E+0	7.021800E+4
1.408000E-2	0.000000E+0	7.017900E+4
1.410000E-2	0.000000E+0	7.008500E+4
1.412000E-2	0.000000E+0	6.966300E+4
1.414000E-2	0.000000E+0	7.017300E+4
1.416000E-2	0.000000E+0	7.024900E+4
1.418000E-2	0.000000E+0	7.005700E+4
1.420000E-2	0.000000E+0	7.002500E+4
1.422000E-2	0.000000E+0	7.015800E+4
1.424000E-2	0.000000E+0	6.992800E+4
1.426000E-2	0.000000E+0	7.045900E+4
1.428000E-2	0.000000E+0	7.047700E+4
1.430000E-2	0.000000E+0	7.017000E+4
1.432000E-2	0.000000E+0	7.074500E+4
1.434000E-2	0.000000E+0	7.012200E+4
1.436000E-2	0.000000E+0	7.007500E+4
1.438000E-2	0.000000E+0	7.001700E+4
1.440000E-2	0.000000E+0	7.049400E+4
1.442000E-2	0.000000E+0	7.038900E+4
1.444000E-2	0.000000E+0	7.073100E+4
1.446000E-2	0.000000E+0	7.001100E+4
1.448000E-2	0.000000E+0	6.987100E+4
1.450000E-2	0.000000E+0	6.997200E+4
1.452000E-2	0.000000E+0	7.013500E+4
1.454000E-2	0.000000E+0	6.999500E+4
1.456000E-2	0.000000E+0	7.024800E+4
1.458000E-2	0.000000E+0	6.996700E+4
1.460000E-2	0.000000E+0	6.993200E+4
1.462000E-2	0.000000E+0	7.047000E+4
1.464000E-2	0.000000E+0	7.021400E+4
1.466000E-2	0.000000E+0	6.998900E+4
1.468000E-2	0.000000E+0	7.028100E+4
1.470000E-2	0.000000E+0	6.938200E+4
1.472000E-2	0.000000E+0	6.994500E+4
1.474000E-2	0.000000E+0	7.046700E+4
1.476000E-2	0.000000E+0	7.006400E+4
1.478000E-2	0.000000E+0	7.060800E+4
1.480000E-2	0.000000E+0	7.026400E+4
1.482000E-2	0.000000E+0	7.001800E+4
1.484000E-2	0.000000E+0	7.017100E+4
1.486000E-2	0.000000E+0	7.026700E+4
1.488000E-2	0.000000E+0	6.961800E+4
1.490000E-2	0.000000E+0	7.016000E+4
1.492000E-2	0.000000E+0	7.050300E+4
1.494000E-2	0.000000E+0	7.027400E+4
1.496000E-2	0.000000E+0	7.030200E+4
1.498000E-2	0.000000E+0	7.024500E+4
1.500000E-2	0.000000E+0	7.041500E+4
1.502000E-2	0.000000E+0	7.006200E+4
1.504000E-2	0.000000E+0	7.071400E+4
1.506000E-2	0.000000E+0	6.992900E+4
1.508000E-2	0.000000E+0	7.016400E+4
1.510000E-2	0.000000E+0	7.028200E+4
1.512000E-2	0.000000E+0	7.009700E+4
1.514000E-2	0.000000E+0	6.977400E+4
1.516000E-2	0.000000E+0	7.021900E+4
1.518000E-2	0.000000E+0	7.007600E+4
1.520000E-2	0.000000E+0	6.978400E+4
1.522000E-2	0.000000E+0	7.016800E+4
1.524000E-2	0.000000E+0	6.999200E+4
1.526000E-2	0.000000E+0	6.965600E+4
1.528000E-2	0.000000E+0	7.045900E+4
1.530000E-2	0.000000E+0	7.088200E+4
1.532000E-2	0.000000E+0	7.032000E+4
1.534000E-2	0.000000E+0	7.022100E+4
1.536000E-2	0.000000E+0	6.995700E+4
1.538000E-2	0.000000E+0	7.027700E+4
1.540000E-2	0.000000E+0	7.028300E+4
1.542000E-2	0.000000E+0	6.985900E+4
1.544000E-2	0.000000E+0	7.002700E+4
1.546000E-2	0.000000E+0	6.950800E+4
1.548000E-2	0.000000E+0	7.006000E+4
1.550000E-2	0.000000E+0	7.020800E+4
1.552000E-2	0.000000E+0	7.005100E+4
1.554000E-2	0.000000E+0	6.994200E+4
1.556000E-2	0.000000E+0	7.042100E+4
1.558000E-2	0.000000E+0	7.062300E+4
1.560000E-2	0.000000E+0	7.012900E+4
1.562000E-2	0.000000E+0	7.019800E+4
1.564000E-2	0.000000E+0	6.975500E+4
1.566000E-2	0.000000E+0	7.022800E+4
1.568000E-2	0.000000E+0	7.007100E+4
1.570000E-2	0.000000E+0	7.032300E+4
1.572000E-2	0.000000E+0	7.034200E+4
1.574000E-2	0.000000E+0	6.996200E+4
1.576000E-2	0.000000E+0	6.987800E+4
1.578000E-2	0.000000E+0	6.986400E+4
1.580000E-2	0.000000E+0	7.044800E+4
1.582000E-2	0.000000E+0	7.032300E+4
1.584000E-2	0.000000E+0	7.003200E+4
1.586000E-2	0.000000E+0	7.002300E+4
1.588000E-2	0.000000E+0	7.026200E+4
1.590000E-2	0.000000E+0	7.013900E+4
1.592000E-2	0.000000E+0	7.000400E+4
1.594000E-2	0.000000E+0	7.033500E+4
1.596000E-2	0.000000E+0	7.007800E+4
1.598000E-2	0.000000E+0	7.019900E+4
1.600000E-2	0.000000E+0	7.025600E+4
1.602000E-2	0.000000E+0	7.003700E+4
1.604000E-2	0.000000E+0	7.039800E+4
1.606000E-2	0.000000E+0	7.043500E+4
1.608000E-2	0.000000E+0	6.988800E+4
1.610000E-2	0.000000E+0	6.986700E+4
1.612000E-2	0.000000E+0	6.990100E+4
1.614000E-2	0.000000E+0	7.017200E+4
1.616000E-2	0.000000E+0	7.057200E+4
1.618000E-2	0.000000E+0	6.950300E+4
1.620000E-2	0.000000E+0	6.993900E+4
1.622000E-2	0.000000E+0	6.971900E+4
1.624000E-2	0.000000E+0	6.995900E+4
1.626000E-2	0.000000E+0	6.995000E+4
1.628000E-2	0.000000E+0	7.007000E+4
1.630000E-2	0.000000E+0	6.989400E+4
1.632000E-2	0.000000E+0	6.997600E+4
1.634000E-2	0.000000E+0	7.002200E+4
1.636000E-2	0.000000E+0	6.966000E+4
1.638000E-2	0.000000E+0	7.002600E+4
1.640000E-2	0.000000E+0	6.974100E+4
1.642000E-2	0.000000E+0	7.017100E+4
1.644000E-2	0.000000E+0	7.026600E+4
1.646000E-2	0.000000E+0	6.957400E+4
1.648000E-2	0.000000E+0	7.045400E+4
1.650000E-2	0.000000E+0	7.047000E+4
1.652000E-2	0.000000E+0	7.004600E+4
1.654000E-2	0.000000E+0	6.968000E+4
1.656000E-2	0.000000E+0	7.010200E+4
1.658000E-2	0.000000E+0	7.039100E+4
1.660000E-2	0.000000E+0	6.981000E+4
1.662000E-2	0.000000E+0	7.023800E+4
1.664000E-2	0.000000E+0	7.016600E+4
1.666000E-2	0.000000E+0	7.020800E+4
1.668000E-2	0.000000E+0	6.981100E+4
1.670000E-2	0.000000E+0	7.005000E+4
1.672000E-2	0.000000E+0	6.976700E+4
1.674000E-2	0.000000E+0	6.970600E+4
1.676000E-2	0.000000E+0	6.966900E+4
1.678000E-2	0.000000E+0	6.991700E+4
1.680000E-2	0.000000E+0	7.010800E+4
1.682000E-2	0.000000E+0	6.951100E+4
1.684000E-2	0.000000E+0	6.968100E+4
1.686000E-2	0.000000E+0	6.950000E+4
1.688000E-2	0.000000E+0	6.963700E+4
1.690000E-2	0.000000E+0	6.919600E+4
1.692000E-2	0.000000E+0	6.960800E+4
1.694000E-2	0.000000E+0	6.928700E+4
1.696000E-2	0.000000E+0	6.914000E+4
1.698000E-2	0.000000E+0	6.889700E+4
1.700000E-2	0.000000E+0	6.848100E+4
1.702000E-2	0.000000E+0	6.836600E+4
1.704000E-2	0.000000E+0	6.755400E+4
1.706000E-2	0.000000E+0	6.738700E+4
1.708000E-2	0.000000E+0	6.694700E+4
1.710000E-2	0.000000E+0	6.533600E+4
1.712000E-2	0.000000E+0	6.409400E+4
1.714000E-2	0.000000E+0	6.073300E+4
1.716000E-2	0.000000E+0	5.651600E+4
1.718000E-2	0.000000E+0	5.206900E+4
1.720000E-2	0.000000E+0	4.695900E+4
1.722000E-2	0.000000E+0	4.371100E+4
1.724000E-2	0.000000E+0	4.235900E+4
1.726000E-2	0.000000E+0	4.363900E+4
1.728000E-2	0.000000E+0	4.687100E+4
1.730000E-2	0.000000E+0	5.208500E+4
1.732000E-2	0.000000E+0	5.578300E+4
1.734000E-2	0.000000E+0	6.024600E+4
1.736000E-2	0.000000E+0	6.296300E+4
1.738000E-2	0.000000E+0	6.472700E+4
1.740000E-2	0.000000E+0	6.669700E+4
1.742000E-2	0.000000E+0	6.750400E+4
1.744000E-2	0.000000E+0	6.768600E+4
1.746000E-2	0.000000E+0	6.862000E+4
1.748000E-2	0.000000E+0	6.856500E+4
1.750000E-2	0.000000E+0	6.893800E+4
1.752000E-2	0.000000E+0	6.884500E+4
1.754000E-2	0.000000E+0	6.991100E+4
1.756000E-2	0.000000E+0	6.923400E+4
1.758000E-2	0.000000E+0	6.919300E+4
1.760000E-2	0.000000E+0	6.984000E+4
1.762000E-2	0.000000E+0	6.945800E+4
1.764000E-2	0.000000E+0	6.977000E+4
1.766000E-2	0.000000E+0	6.963700E+4
1.768000E-2	0.000000E+0	6.990300E+4
1.770000E-2	0.000000E+0	7.002000E+4
1.772000E-2	0.000000E+0	7.000400E+4
1.774000E-2	0.000000E+0	6.939200E+4
1.776000E-2	0.000000E+0	6.949000E+4
1.778000E-2	0.000000E+0	6.990500E+4
1.780000E-2	0.000000E+0	7.002700E+4
1.782000E-2	0.000000E+0	6.998200E+4
1.784000E-2	0.000000E+0	7.044000E+4
1.786000E-2	0.000000E+0	7.051700E+4
1.788000E-2	0.000000E+0	6.995600E+4
1.790000E-2	0.000000E+0	6.982100E+4
1.792000E-2	0.000000E+0	7.028700E+4
1.794000E-2	0.000000E+0	7.020700E+4
1.796000E-2	0.000000E+0	7.015200E+4
1.798000E-2	0.000000E+0	6.982300E+4
1.800000E-2	0.000000E+0	7.006800E+4
1.802000E-2	0.000000E+0	6.935200E+4
1.804000E-2	0.000000E+0	7.003600E+4
1.806000E-2	0.000000E+0	6.998900E+4
1.808000E-2	0.000000E+0	6.999900E+4
1.810000E-2	0.000000E+0	7.010600E+4
1.812000E-2	0.000000E+0	7.035400E+4
1.814000E-2	0.000000E+0	6.968000E+4
1.816000E-2	0.000000E+0	7.009100E+4
1.818000E-2	0.000000E+0	6.982000E+4
1.820000E-2	0.000000E+0	6.995000E+4
1.822000E-2	0.000000E+0	6.956400E+4
1.824000E-2	0.000000E+0	6.979700E+4
1.826000E-2	0.000000E+0	6.977100E+4
1.828000E-2	0.000000E+0	7.014600E+4
1.830000E-2	0.000000E+0	6.973000E+4
1.832000E-2	0.000000E+0	6.989500E+4
1.834000E-2	0.000000E+0	7.020900E+4
1.836000E-2	0.000000E+0	6.939300E+4
1.838000E-2	0.000000E+0	6.996300E+4
1.840000E-2	0.000000E+0	7.063400E+4
1.842000E-2	0.000000E+0	7.028800E+4
1.844000E-2	0.000000E+0	7.051700E+4
1.846000E-2	0.000000E+0	7.020900E+4
1.848000E-2	0.000000E+0	6.972100E+4
1.850000E-2	0.000000E+0	6.998800E+4
1.852000E-2	0.000000E+0	6.998800E+4
1.854000E-2	0.000000E+0	6.981400E+4
1.856000E-2	0.000000E+0	7.030900E+4
1.858000E-2	0.000000E+0	6.948900E+4
1.860000E-2	0.000000E+0	7.014500E+4
1.862000E-2	0.000000E+0	7.000000E+4
1.864000E-2	0.000000E+0	7.106900E+4
1.866000E-2	0.000000E+0	6.948200E+4
1.868000E-2	0.000000E+0	7.040100E+4
1.870000E-2	0.000000E+0	7.002800E+4
1.872000E-2	0.000000E+0	6.996400E+4
1.874000E-2	0.000000E+0	6.996200E+4
1.876000E-2	0.000000E+0	7.009900E+4
1.878000E-2	0.000000E+0	6.978100E+4
1.880000E-2	0.000000E+0	6.980300E+4
1.882000E-2	0.000000E+0	7.008300E+4
1.884000E-2	0.000000E+0	6.979800E+4
1.886000E-2	0.000000E+0	7.018600E+4
1.888000E-2	0.000000E+0	6.993500E+4
1.890000E-2	0.000000E+0	7.022800E+4
1.892000E-2	0.000000E+0	7.008900E+4
1.894000E-2	0.000000E+0	7.021800E+4
1.896000E-2	0.000000E+0	7.024100E+4
1.898000E-2	0.000000E+0	7.064900E+4
1.900000E-2	0.000000E+0	7.007600E+4
1.902000E-2	0.000000E+0	6.995100E+4
1.904000E-2	0.000000E+0	7.043300E+4
1.906000E-2	0.000000E+0	7.002600E+4
1.908000E-2	0.000000E+0	7.030500E+4
1.910000E-2	0.000000E+0	6.967300E+4
1.912000E-2	0.000000E+0	6.975400E+4
1.914000E-2	0.000000E+0	7.039100E+4
1.916000E-2	0.000000E+0	6.980800E+4
1.918000E-2	0.000000E+0	7.017900E+4
1.920000E-2	0.000000E+0	7.001300E+4
1.922000E-2	0.000000E+0	6.995800E+4
1.924000E-2	0.000000E+0	7.054600E+4
1.926000E-2	0.000000E+0	7.002800E+4
1.928000E-2	0.000000E+0	7.013500E+4
1.930000E-2	0.000000E+0	6.977700E+4
1.932000E-2	0.000000E+0	7.034700E+4
1.934000E-2	0.000000E+0	7.039000E+4
1.936000E-2	0.000000E+0	6.976200E+4
1.938000E-2	0.000000E+0	6.998600E+4
1.940000E-2	0.000000E+0	7.001400E+4
1.942000E-2	0.000000E+0	6.997200E+4
1.944000E-2	0.000000E+0	7.004200E+4
1.946000E-2	0.000000E+0	7.021600E+4
1.948000E-2	0.000000E+0	7.014800E+4
1.950000E-2	0.000000E+0	7.040000E+4
1.952000E-2	0.000000E+0	7.002000E+4
1.954000E-2	0.000000E+0	7.037300E+4
1.956000E-2	0.000000E+0	7.008700E+4
1.958000E-2	0.000000E+0	7.010900E+4
1.960000E-2	0.000000E+0	6.951900E+4
1.962000E-2	0.000000E+0	7.015400E+4
1.964000E-2	0.000000E+0	7.026700E+4
1.966000E-2	0.000000E+0	7.012800E+4
1.968000E-2	0.000000E+0	6.994000E+4
1.970000E-2	0.000000E+0	7.026100E+4
1.972000E-2	0.000000E+0	6.959400E+4
1.974000E-2	0.000000E+0	6.967000E+4
1.976000E-2	0.000000E+0	6.970300E+4
1.978000E-2	0.000000E+0	6.989700E+4
1.980000E-2	0.000000E+0	7.013000E+4
1.982000E-2	0.000000E+0	7.023700E+4
1.984000E-2	0.000000E+0	6.988200E+4
1.986000E-2	0.000000E+0	7.038000E+4
1.988000E-2	0.000000E+0	7.037500E+4
1.990000E-2	0.000000E+0	7.029400E+4
1.992000E-2	0.000000E+0	7.017300E+4
1.994000E-2	0.000000E+0	7.055900E+4
1.996000E-2	0.000000E+0	7.021900E+4
1.998000E-2	0.000000E+0	6.991600E+4
