

live time:  21745.340000
real time:  25203.634000
sweeps:  1087267.000000
0.000000E+0	0.000000E+0	0.000000E+0
2.000000E-5	0.000000E+0	2.792500E+4
4.000000E-5	0.000000E+0	2.838400E+4
6.000000E-5	0.000000E+0	2.828800E+4
8.000000E-5	0.000000E+0	2.842800E+4
1.000000E-4	0.000000E+0	2.830200E+4
1.200000E-4	0.000000E+0	2.816400E+4
1.400000E-4	0.000000E+0	2.826500E+4
1.600000E-4	0.000000E+0	2.806200E+4
1.800000E-4	0.000000E+0	2.836000E+4
2.000000E-4	0.000000E+0	2.807200E+4
2.200000E-4	0.000000E+0	2.807400E+4
2.400000E-4	0.000000E+0	2.820500E+4
2.600000E-4	0.000000E+0	2.793600E+4
2.800000E-4	0.000000E+0	2.829500E+4
3.000000E-4	0.000000E+0	2.819800E+4
3.200000E-4	0.000000E+0	2.819300E+4
3.400000E-4	0.000000E+0	2.790900E+4
3.600000E-4	0.000000E+0	2.830500E+4
3.800000E-4	0.000000E+0	2.828100E+4
4.000000E-4	0.000000E+0	2.823700E+4
4.200000E-4	0.000000E+0	2.822300E+4
4.400000E-4	0.000000E+0	2.832300E+4
4.600000E-4	0.000000E+0	2.827600E+4
4.800000E-4	0.000000E+0	2.830900E+4
5.000000E-4	0.000000E+0	2.814100E+4
5.200000E-4	0.000000E+0	2.832100E+4
5.400000E-4	0.000000E+0	2.813700E+4
5.600000E-4	0.000000E+0	2.827600E+4
5.800000E-4	0.000000E+0	2.823500E+4
6.000000E-4	0.000000E+0	2.819300E+4
6.200000E-4	0.000000E+0	2.848400E+4
6.400000E-4	0.000000E+0	2.821100E+4
6.600000E-4	0.000000E+0	2.806100E+4
6.800000E-4	0.000000E+0	2.817100E+4
7.000000E-4	0.000000E+0	2.835400E+4
7.200000E-4	0.000000E+0	2.839800E+4
7.400000E-4	0.000000E+0	2.821200E+4
7.600000E-4	0.000000E+0	2.810000E+4
7.800000E-4	0.000000E+0	2.868900E+4
8.000000E-4	0.000000E+0	2.816000E+4
8.200000E-4	0.000000E+0	2.833100E+4
8.400000E-4	0.000000E+0	2.835900E+4
8.600000E-4	0.000000E+0	2.833200E+4
8.800000E-4	0.000000E+0	2.814200E+4
9.000000E-4	0.000000E+0	2.824400E+4
9.200000E-4	0.000000E+0	2.840500E+4
9.400000E-4	0.000000E+0	2.817600E+4
9.600000E-4	0.000000E+0	2.821400E+4
9.800000E-4	0.000000E+0	2.843300E+4
1.000000E-3	0.000000E+0	2.797400E+4
1.020000E-3	0.000000E+0	2.809500E+4
1.040000E-3	0.000000E+0	2.825400E+4
1.060000E-3	0.000000E+0	2.841800E+4
1.080000E-3	0.000000E+0	2.833100E+4
1.100000E-3	0.000000E+0	2.841600E+4
1.120000E-3	0.000000E+0	2.848600E+4
1.140000E-3	0.000000E+0	2.797600E+4
1.160000E-3	0.000000E+0	2.834200E+4
1.180000E-3	0.000000E+0	2.821000E+4
1.200000E-3	0.000000E+0	2.853600E+4
1.220000E-3	0.000000E+0	2.811900E+4
1.240000E-3	0.000000E+0	2.842000E+4
1.260000E-3	0.000000E+0	2.821600E+4
1.280000E-3	0.000000E+0	2.837800E+4
1.300000E-3	0.000000E+0	2.795700E+4
1.320000E-3	0.000000E+0	2.827400E+4
1.340000E-3	0.000000E+0	2.828800E+4
1.360000E-3	0.000000E+0	2.841700E+4
1.380000E-3	0.000000E+0	2.843800E+4
1.400000E-3	0.000000E+0	2.801500E+4
1.420000E-3	0.000000E+0	2.831700E+4
1.440000E-3	0.000000E+0	2.829700E+4
1.460000E-3	0.000000E+0	2.855400E+4
1.480000E-3	0.000000E+0	2.831000E+4
1.500000E-3	0.000000E+0	2.809100E+4
1.520000E-3	0.000000E+0	2.841700E+4
1.540000E-3	0.000000E+0	2.820800E+4
1.560000E-3	0.000000E+0	2.855500E+4
1.580000E-3	0.000000E+0	2.843400E+4
1.600000E-3	0.000000E+0	2.840300E+4
1.620000E-3	0.000000E+0	2.839900E+4
1.640000E-3	0.000000E+0	2.836800E+4
1.660000E-3	0.000000E+0	2.838500E+4
1.680000E-3	0.000000E+0	2.821500E+4
1.700000E-3	0.000000E+0	2.799900E+4
1.720000E-3	0.000000E+0	2.825400E+4
1.740000E-3	0.000000E+0	2.806200E+4
1.760000E-3	0.000000E+0	2.830900E+4
1.780000E-3	0.000000E+0	2.814000E+4
1.800000E-3	0.000000E+0	2.825200E+4
1.820000E-3	0.000000E+0	2.819200E+4
1.840000E-3	0.000000E+0	2.796600E+4
1.860000E-3	0.000000E+0	2.841200E+4
1.880000E-3	0.000000E+0	2.844900E+4
1.900000E-3	0.000000E+0	2.843500E+4
1.920000E-3	0.000000E+0	2.812600E+4
1.940000E-3	0.000000E+0	2.838700E+4
1.960000E-3	0.000000E+0	2.841600E+4
1.980000E-3	0.000000E+0	2.822500E+4
2.000000E-3	0.000000E+0	2.844500E+4
2.020000E-3	0.000000E+0	2.852700E+4
2.040000E-3	0.000000E+0	2.831100E+4
2.060000E-3	0.000000E+0	2.810800E+4
2.080000E-3	0.000000E+0	2.850800E+4
2.100000E-3	0.000000E+0	2.822300E+4
2.120000E-3	0.000000E+0	2.823600E+4
2.140000E-3	0.000000E+0	2.812300E+4
2.160000E-3	0.000000E+0	2.823100E+4
2.180000E-3	0.000000E+0	2.814800E+4
2.200000E-3	0.000000E+0	2.832100E+4
2.220000E-3	0.000000E+0	2.849600E+4
2.240000E-3	0.000000E+0	2.797900E+4
2.260000E-3	0.000000E+0	2.819700E+4
2.280000E-3	0.000000E+0	2.833500E+4
2.300000E-3	0.000000E+0	2.834900E+4
2.320000E-3	0.000000E+0	2.830000E+4
2.340000E-3	0.000000E+0	2.814400E+4
2.360000E-3	0.000000E+0	2.831900E+4
2.380000E-3	0.000000E+0	2.821800E+4
2.400000E-3	0.000000E+0	2.834000E+4
2.420000E-3	0.000000E+0	2.845600E+4
2.440000E-3	0.000000E+0	2.819600E+4
2.460000E-3	0.000000E+0	2.815700E+4
2.480000E-3	0.000000E+0	2.846600E+4
2.500000E-3	0.000000E+0	2.820800E+4
2.520000E-3	0.000000E+0	2.827000E+4
2.540000E-3	0.000000E+0	2.821400E+4
2.560000E-3	0.000000E+0	2.823100E+4
2.580000E-3	0.000000E+0	2.810200E+4
2.600000E-3	0.000000E+0	2.837800E+4
2.620000E-3	0.000000E+0	2.842100E+4
2.640000E-3	0.000000E+0	2.796200E+4
2.660000E-3	0.000000E+0	2.803700E+4
2.680000E-3	0.000000E+0	2.820900E+4
2.700000E-3	0.000000E+0	2.819500E+4
2.720000E-3	0.000000E+0	2.829700E+4
2.740000E-3	0.000000E+0	2.843400E+4
2.760000E-3	0.000000E+0	2.829000E+4
2.780000E-3	0.000000E+0	2.830300E+4
2.800000E-3	0.000000E+0	2.821100E+4
2.820000E-3	0.000000E+0	2.801500E+4
2.840000E-3	0.000000E+0	2.824000E+4
2.860000E-3	0.000000E+0	2.830500E+4
2.880000E-3	0.000000E+0	2.826400E+4
2.900000E-3	0.000000E+0	2.775600E+4
2.920000E-3	0.000000E+0	2.817200E+4
2.940000E-3	0.000000E+0	2.844700E+4
2.960000E-3	0.000000E+0	2.791900E+4
2.980000E-3	0.000000E+0	2.814800E+4
3.000000E-3	0.000000E+0	2.824400E+4
3.020000E-3	0.000000E+0	2.791900E+4
3.040000E-3	0.000000E+0	2.817500E+4
3.060000E-3	0.000000E+0	2.808700E+4
3.080000E-3	0.000000E+0	2.815300E+4
3.100000E-3	0.000000E+0	2.805300E+4
3.120000E-3	0.000000E+0	2.797200E+4
3.140000E-3	0.000000E+0	2.796500E+4
3.160000E-3	0.000000E+0	2.821800E+4
3.180000E-3	0.000000E+0	2.809200E+4
3.200000E-3	0.000000E+0	2.783100E+4
3.220000E-3	0.000000E+0	2.791600E+4
3.240000E-3	0.000000E+0	2.835500E+4
3.260000E-3	0.000000E+0	2.780700E+4
3.280000E-3	0.000000E+0	2.762300E+4
3.300000E-3	0.000000E+0	2.821100E+4
3.320000E-3	0.000000E+0	2.798500E+4
3.340000E-3	0.000000E+0	2.808200E+4
3.360000E-3	0.000000E+0	2.789600E+4
3.380000E-3	0.000000E+0	2.773000E+4
3.400000E-3	0.000000E+0	2.801700E+4
3.420000E-3	0.000000E+0	2.777400E+4
3.440000E-3	0.000000E+0	2.769800E+4
3.460000E-3	0.000000E+0	2.769500E+4
3.480000E-3	0.000000E+0	2.777000E+4
3.500000E-3	0.000000E+0	2.770700E+4
3.520000E-3	0.000000E+0	2.763300E+4
3.540000E-3	0.000000E+0	2.765700E+4
3.560000E-3	0.000000E+0	2.771500E+4
3.580000E-3	0.000000E+0	2.757100E+4
3.600000E-3	0.000000E+0	2.770800E+4
3.620000E-3	0.000000E+0	2.773200E+4
3.640000E-3	0.000000E+0	2.757700E+4
3.660000E-3	0.000000E+0	2.760700E+4
3.680000E-3	0.000000E+0	2.757700E+4
3.700000E-3	0.000000E+0	2.740400E+4
3.720000E-3	0.000000E+0	2.728300E+4
3.740000E-3	0.000000E+0	2.718400E+4
3.760000E-3	0.000000E+0	2.713100E+4
3.780000E-3	0.000000E+0	2.680100E+4
3.800000E-3	0.000000E+0	2.681100E+4
3.820000E-3	0.000000E+0	2.708700E+4
3.840000E-3	0.000000E+0	2.684200E+4
3.860000E-3	0.000000E+0	2.633600E+4
3.880000E-3	0.000000E+0	2.621800E+4
3.900000E-3	0.000000E+0	2.613200E+4
3.920000E-3	0.000000E+0	2.599500E+4
3.940000E-3	0.000000E+0	2.589400E+4
3.960000E-3	0.000000E+0	2.592800E+4
3.980000E-3	0.000000E+0	2.544500E+4
4.000000E-3	0.000000E+0	2.547400E+4
4.020000E-3	0.000000E+0	2.519300E+4
4.040000E-3	0.000000E+0	2.496200E+4
4.060000E-3	0.000000E+0	2.488400E+4
4.080000E-3	0.000000E+0	2.438100E+4
4.100000E-3	0.000000E+0	2.457600E+4
4.120000E-3	0.000000E+0	2.403600E+4
4.140000E-3	0.000000E+0	2.371500E+4
4.160000E-3	0.000000E+0	2.342900E+4
4.180000E-3	0.000000E+0	2.357700E+4
4.200000E-3	0.000000E+0	2.309100E+4
4.220000E-3	0.000000E+0	2.309900E+4
4.240000E-3	0.000000E+0	2.287500E+4
4.260000E-3	0.000000E+0	2.269600E+4
4.280000E-3	0.000000E+0	2.294000E+4
4.300000E-3	0.000000E+0	2.291700E+4
4.320000E-3	0.000000E+0	2.293000E+4
4.340000E-3	0.000000E+0	2.299500E+4
4.360000E-3	0.000000E+0	2.339800E+4
4.380000E-3	0.000000E+0	2.350700E+4
4.400000E-3	0.000000E+0	2.379200E+4
4.420000E-3	0.000000E+0	2.369500E+4
4.440000E-3	0.000000E+0	2.400200E+4
4.460000E-3	0.000000E+0	2.437800E+4
4.480000E-3	0.000000E+0	2.477200E+4
4.500000E-3	0.000000E+0	2.485300E+4
4.520000E-3	0.000000E+0	2.530800E+4
4.540000E-3	0.000000E+0	2.516900E+4
4.560000E-3	0.000000E+0	2.553600E+4
4.580000E-3	0.000000E+0	2.588400E+4
4.600000E-3	0.000000E+0	2.577900E+4
4.620000E-3	0.000000E+0	2.617400E+4
4.640000E-3	0.000000E+0	2.622200E+4
4.660000E-3	0.000000E+0	2.640900E+4
4.680000E-3	0.000000E+0	2.658000E+4
4.700000E-3	0.000000E+0	2.671300E+4
4.720000E-3	0.000000E+0	2.675500E+4
4.740000E-3	0.000000E+0	2.680600E+4
4.760000E-3	0.000000E+0	2.679200E+4
4.780000E-3	0.000000E+0	2.696900E+4
4.800000E-3	0.000000E+0	2.712900E+4
4.820000E-3	0.000000E+0	2.721600E+4
4.840000E-3	0.000000E+0	2.736200E+4
4.860000E-3	0.000000E+0	2.751800E+4
4.880000E-3	0.000000E+0	2.711200E+4
4.900000E-3	0.000000E+0	2.762700E+4
4.920000E-3	0.000000E+0	2.774300E+4
4.940000E-3	0.000000E+0	2.764500E+4
4.960000E-3	0.000000E+0	2.794600E+4
4.980000E-3	0.000000E+0	2.781500E+4
5.000000E-3	0.000000E+0	2.778400E+4
5.020000E-3	0.000000E+0	2.793600E+4
5.040000E-3	0.000000E+0	2.774200E+4
5.060000E-3	0.000000E+0	2.778200E+4
5.080000E-3	0.000000E+0	2.748400E+4
5.100000E-3	0.000000E+0	2.801200E+4
5.120000E-3	0.000000E+0	2.796200E+4
5.140000E-3	0.000000E+0	2.779800E+4
5.160000E-3	0.000000E+0	2.792700E+4
5.180000E-3	0.000000E+0	2.826800E+4
5.200000E-3	0.000000E+0	2.828400E+4
5.220000E-3	0.000000E+0	2.792100E+4
5.240000E-3	0.000000E+0	2.782300E+4
5.260000E-3	0.000000E+0	2.798000E+4
5.280000E-3	0.000000E+0	2.783100E+4
5.300000E-3	0.000000E+0	2.779200E+4
5.320000E-3	0.000000E+0	2.807300E+4
5.340000E-3	0.000000E+0	2.816200E+4
5.360000E-3	0.000000E+0	2.803200E+4
5.380000E-3	0.000000E+0	2.810400E+4
5.400000E-3	0.000000E+0	2.831900E+4
5.420000E-3	0.000000E+0	2.780700E+4
5.440000E-3	0.000000E+0	2.808300E+4
5.460000E-3	0.000000E+0	2.825000E+4
5.480000E-3	0.000000E+0	2.792300E+4
5.500000E-3	0.000000E+0	2.795000E+4
5.520000E-3	0.000000E+0	2.837500E+4
5.540000E-3	0.000000E+0	2.820600E+4
5.560000E-3	0.000000E+0	2.825700E+4
5.580000E-3	0.000000E+0	2.839200E+4
5.600000E-3	0.000000E+0	2.784600E+4
5.620000E-3	0.000000E+0	2.810900E+4
5.640000E-3	0.000000E+0	2.824300E+4
5.660000E-3	0.000000E+0	2.803100E+4
5.680000E-3	0.000000E+0	2.821500E+4
5.700000E-3	0.000000E+0	2.806000E+4
5.720000E-3	0.000000E+0	2.804200E+4
5.740000E-3	0.000000E+0	2.847200E+4
5.760000E-3	0.000000E+0	2.819000E+4
5.780000E-3	0.000000E+0	2.829500E+4
5.800000E-3	0.000000E+0	2.798700E+4
5.820000E-3	0.000000E+0	2.825100E+4
5.840000E-3	0.000000E+0	2.838700E+4
5.860000E-3	0.000000E+0	2.807100E+4
5.880000E-3	0.000000E+0	2.780400E+4
5.900000E-3	0.000000E+0	2.815400E+4
5.920000E-3	0.000000E+0	2.804300E+4
5.940000E-3	0.000000E+0	2.794800E+4
5.960000E-3	0.000000E+0	2.804800E+4
5.980000E-3	0.000000E+0	2.825600E+4
6.000000E-3	0.000000E+0	2.835800E+4
6.020000E-3	0.000000E+0	2.814200E+4
6.040000E-3	0.000000E+0	2.833000E+4
6.060000E-3	0.000000E+0	2.801200E+4
6.080000E-3	0.000000E+0	2.812800E+4
6.100000E-3	0.000000E+0	2.807500E+4
6.120000E-3	0.000000E+0	2.803800E+4
6.140000E-3	0.000000E+0	2.834100E+4
6.160000E-3	0.000000E+0	2.806900E+4
6.180000E-3	0.000000E+0	2.800000E+4
6.200000E-3	0.000000E+0	2.826700E+4
6.220000E-3	0.000000E+0	2.793000E+4
6.240000E-3	0.000000E+0	2.813000E+4
6.260000E-3	0.000000E+0	2.792300E+4
6.280000E-3	0.000000E+0	2.828200E+4
6.300000E-3	0.000000E+0	2.817900E+4
6.320000E-3	0.000000E+0	2.827700E+4
6.340000E-3	0.000000E+0	2.813000E+4
6.360000E-3	0.000000E+0	2.822300E+4
6.380000E-3	0.000000E+0	2.805000E+4
6.400000E-3	0.000000E+0	2.799400E+4
6.420000E-3	0.000000E+0	2.784600E+4
6.440000E-3	0.000000E+0	2.839900E+4
6.460000E-3	0.000000E+0	2.817100E+4
6.480000E-3	0.000000E+0	2.826400E+4
6.500000E-3	0.000000E+0	2.813300E+4
6.520000E-3	0.000000E+0	2.828000E+4
6.540000E-3	0.000000E+0	2.824900E+4
6.560000E-3	0.000000E+0	2.818000E+4
6.580000E-3	0.000000E+0	2.792000E+4
6.600000E-3	0.000000E+0	2.775800E+4
6.620000E-3	0.000000E+0	2.793700E+4
6.640000E-3	0.000000E+0	2.796900E+4
6.660000E-3	0.000000E+0	2.822800E+4
6.680000E-3	0.000000E+0	2.800400E+4
6.700000E-3	0.000000E+0	2.829700E+4
6.720000E-3	0.000000E+0	2.829000E+4
6.740000E-3	0.000000E+0	2.794700E+4
6.760000E-3	0.000000E+0	2.794700E+4
6.780000E-3	0.000000E+0	2.783300E+4
6.800000E-3	0.000000E+0	2.796000E+4
6.820000E-3	0.000000E+0	2.784000E+4
6.840000E-3	0.000000E+0	2.791000E+4
6.860000E-3	0.000000E+0	2.806400E+4
6.880000E-3	0.000000E+0	2.789600E+4
6.900000E-3	0.000000E+0	2.791100E+4
6.920000E-3	0.000000E+0	2.778900E+4
6.940000E-3	0.000000E+0	2.786100E+4
6.960000E-3	0.000000E+0	2.751400E+4
6.980000E-3	0.000000E+0	2.788900E+4
7.000000E-3	0.000000E+0	2.780100E+4
7.020000E-3	0.000000E+0	2.765700E+4
7.040000E-3	0.000000E+0	2.770000E+4
7.060000E-3	0.000000E+0	2.760800E+4
7.080000E-3	0.000000E+0	2.750500E+4
7.100000E-3	0.000000E+0	2.786500E+4
7.120000E-3	0.000000E+0	2.735300E+4
7.140000E-3	0.000000E+0	2.780800E+4
7.160000E-3	0.000000E+0	2.756800E+4
7.180000E-3	0.000000E+0	2.767800E+4
7.200000E-3	0.000000E+0	2.741200E+4
7.220000E-3	0.000000E+0	2.764700E+4
7.240000E-3	0.000000E+0	2.749800E+4
7.260000E-3	0.000000E+0	2.717200E+4
7.280000E-3	0.000000E+0	2.731300E+4
7.300000E-3	0.000000E+0	2.743000E+4
7.320000E-3	0.000000E+0	2.694600E+4
7.340000E-3	0.000000E+0	2.695700E+4
7.360000E-3	0.000000E+0	2.676700E+4
7.380000E-3	0.000000E+0	2.685000E+4
7.400000E-3	0.000000E+0	2.616500E+4
7.420000E-3	0.000000E+0	2.678800E+4
7.440000E-3	0.000000E+0	2.677100E+4
7.460000E-3	0.000000E+0	2.601700E+4
7.480000E-3	0.000000E+0	2.597700E+4
7.500000E-3	0.000000E+0	2.625800E+4
7.520000E-3	0.000000E+0	2.610800E+4
7.540000E-3	0.000000E+0	2.531800E+4
7.560000E-3	0.000000E+0	2.541000E+4
7.580000E-3	0.000000E+0	2.496600E+4
7.600000E-3	0.000000E+0	2.508600E+4
7.620000E-3	0.000000E+0	2.474800E+4
7.640000E-3	0.000000E+0	2.438800E+4
7.660000E-3	0.000000E+0	2.443000E+4
7.680000E-3	0.000000E+0	2.420800E+4
7.700000E-3	0.000000E+0	2.373800E+4
7.720000E-3	0.000000E+0	2.375900E+4
7.740000E-3	0.000000E+0	2.353400E+4
7.760000E-3	0.000000E+0	2.355000E+4
7.780000E-3	0.000000E+0	2.321000E+4
7.800000E-3	0.000000E+0	2.282900E+4
7.820000E-3	0.000000E+0	2.277700E+4
7.840000E-3	0.000000E+0	2.298900E+4
7.860000E-3	0.000000E+0	2.303900E+4
7.880000E-3	0.000000E+0	2.283600E+4
7.900000E-3	0.000000E+0	2.296400E+4
7.920000E-3	0.000000E+0	2.286700E+4
7.940000E-3	0.000000E+0	2.306000E+4
7.960000E-3	0.000000E+0	2.333400E+4
7.980000E-3	0.000000E+0	2.349700E+4
8.000000E-3	0.000000E+0	2.361600E+4
8.020000E-3	0.000000E+0	2.365700E+4
8.040000E-3	0.000000E+0	2.399700E+4
8.060000E-3	0.000000E+0	2.425300E+4
8.080000E-3	0.000000E+0	2.472800E+4
8.100000E-3	0.000000E+0	2.485100E+4
8.120000E-3	0.000000E+0	2.499000E+4
8.140000E-3	0.000000E+0	2.507400E+4
8.160000E-3	0.000000E+0	2.565500E+4
8.180000E-3	0.000000E+0	2.547200E+4
8.200000E-3	0.000000E+0	2.581900E+4
8.220000E-3	0.000000E+0	2.591200E+4
8.240000E-3	0.000000E+0	2.603400E+4
8.260000E-3	0.000000E+0	2.621100E+4
8.280000E-3	0.000000E+0	2.632000E+4
8.300000E-3	0.000000E+0	2.629800E+4
8.320000E-3	0.000000E+0	2.642400E+4
8.340000E-3	0.000000E+0	2.669700E+4
8.360000E-3	0.000000E+0	2.673400E+4
8.380000E-3	0.000000E+0	2.690900E+4
8.400000E-3	0.000000E+0	2.712500E+4
8.420000E-3	0.000000E+0	2.701800E+4
8.440000E-3	0.000000E+0	2.733400E+4
8.460000E-3	0.000000E+0	2.707500E+4
8.480000E-3	0.000000E+0	2.731300E+4
8.500000E-3	0.000000E+0	2.729000E+4
8.520000E-3	0.000000E+0	2.745400E+4
8.540000E-3	0.000000E+0	2.746700E+4
8.560000E-3	0.000000E+0	2.755900E+4
8.580000E-3	0.000000E+0	2.763900E+4
8.600000E-3	0.000000E+0	2.776900E+4
8.620000E-3	0.000000E+0	2.757900E+4
8.640000E-3	0.000000E+0	2.770300E+4
8.660000E-3	0.000000E+0	2.771000E+4
8.680000E-3	0.000000E+0	2.769700E+4
8.700000E-3	0.000000E+0	2.783100E+4
8.720000E-3	0.000000E+0	2.761600E+4
8.740000E-3	0.000000E+0	2.764000E+4
8.760000E-3	0.000000E+0	2.781700E+4
8.780000E-3	0.000000E+0	2.740600E+4
8.800000E-3	0.000000E+0	2.806700E+4
8.820000E-3	0.000000E+0	2.798800E+4
8.840000E-3	0.000000E+0	2.776200E+4
8.860000E-3	0.000000E+0	2.769500E+4
8.880000E-3	0.000000E+0	2.781900E+4
8.900000E-3	0.000000E+0	2.739000E+4
8.920000E-3	0.000000E+0	2.806200E+4
8.940000E-3	0.000000E+0	2.800800E+4
8.960000E-3	0.000000E+0	2.806900E+4
8.980000E-3	0.000000E+0	2.775700E+4
9.000000E-3	0.000000E+0	2.810400E+4
9.020000E-3	0.000000E+0	2.785000E+4
9.040000E-3	0.000000E+0	2.787900E+4
9.060000E-3	0.000000E+0	2.795600E+4
9.080000E-3	0.000000E+0	2.777400E+4
9.100000E-3	0.000000E+0	2.800800E+4
9.120000E-3	0.000000E+0	2.780000E+4
9.140000E-3	0.000000E+0	2.808300E+4
9.160000E-3	0.000000E+0	2.794700E+4
9.180000E-3	0.000000E+0	2.808100E+4
9.200000E-3	0.000000E+0	2.813300E+4
9.220000E-3	0.000000E+0	2.808300E+4
9.240000E-3	0.000000E+0	2.788700E+4
9.260000E-3	0.000000E+0	2.801500E+4
9.280000E-3	0.000000E+0	2.831900E+4
9.300000E-3	0.000000E+0	2.829600E+4
9.320000E-3	0.000000E+0	2.819400E+4
9.340000E-3	0.000000E+0	2.791900E+4
9.360000E-3	0.000000E+0	2.815300E+4
9.380000E-3	0.000000E+0	2.816300E+4
9.400000E-3	0.000000E+0	2.801900E+4
9.420000E-3	0.000000E+0	2.820700E+4
9.440000E-3	0.000000E+0	2.805700E+4
9.460000E-3	0.000000E+0	2.848500E+4
9.480000E-3	0.000000E+0	2.823700E+4
9.500000E-3	0.000000E+0	2.801600E+4
9.520000E-3	0.000000E+0	2.809900E+4
9.540000E-3	0.000000E+0	2.832900E+4
9.560000E-3	0.000000E+0	2.833900E+4
9.580000E-3	0.000000E+0	2.831600E+4
9.600000E-3	0.000000E+0	2.802000E+4
9.620000E-3	0.000000E+0	2.848400E+4
9.640000E-3	0.000000E+0	2.805500E+4
9.660000E-3	0.000000E+0	2.848900E+4
9.680000E-3	0.000000E+0	2.846700E+4
9.700000E-3	0.000000E+0	2.845700E+4
9.720000E-3	0.000000E+0	2.852700E+4
9.740000E-3	0.000000E+0	2.794600E+4
9.760000E-3	0.000000E+0	2.836000E+4
9.780000E-3	0.000000E+0	2.845600E+4
9.800000E-3	0.000000E+0	2.860300E+4
9.820000E-3	0.000000E+0	2.822500E+4
9.840000E-3	0.000000E+0	2.814500E+4
9.860000E-3	0.000000E+0	2.841900E+4
9.880000E-3	0.000000E+0	2.835600E+4
9.900000E-3	0.000000E+0	2.812800E+4
9.920000E-3	0.000000E+0	2.803700E+4
9.940000E-3	0.000000E+0	2.832900E+4
9.960000E-3	0.000000E+0	2.838300E+4
9.980000E-3	0.000000E+0	2.819800E+4
1.000000E-2	0.000000E+0	2.807900E+4
1.002000E-2	0.000000E+0	2.824800E+4
1.004000E-2	0.000000E+0	2.846000E+4
1.006000E-2	0.000000E+0	2.850400E+4
1.008000E-2	0.000000E+0	2.806100E+4
1.010000E-2	0.000000E+0	2.834200E+4
1.012000E-2	0.000000E+0	2.804400E+4
1.014000E-2	0.000000E+0	2.832200E+4
1.016000E-2	0.000000E+0	2.830000E+4
1.018000E-2	0.000000E+0	2.840300E+4
1.020000E-2	0.000000E+0	2.857100E+4
1.022000E-2	0.000000E+0	2.826400E+4
1.024000E-2	0.000000E+0	2.816800E+4
1.026000E-2	0.000000E+0	2.811000E+4
1.028000E-2	0.000000E+0	2.837700E+4
1.030000E-2	0.000000E+0	2.818300E+4
1.032000E-2	0.000000E+0	2.811100E+4
1.034000E-2	0.000000E+0	2.831500E+4
1.036000E-2	0.000000E+0	2.847500E+4
1.038000E-2	0.000000E+0	2.810500E+4
1.040000E-2	0.000000E+0	2.834400E+4
1.042000E-2	0.000000E+0	2.807100E+4
1.044000E-2	0.000000E+0	2.828900E+4
1.046000E-2	0.000000E+0	2.820000E+4
1.048000E-2	0.000000E+0	2.811600E+4
1.050000E-2	0.000000E+0	2.800400E+4
1.052000E-2	0.000000E+0	2.803800E+4
1.054000E-2	0.000000E+0	2.822100E+4
1.056000E-2	0.000000E+0	2.803300E+4
1.058000E-2	0.000000E+0	2.823900E+4
1.060000E-2	0.000000E+0	2.811200E+4
1.062000E-2	0.000000E+0	2.819200E+4
1.064000E-2	0.000000E+0	2.838700E+4
1.066000E-2	0.000000E+0	2.803000E+4
1.068000E-2	0.000000E+0	2.822400E+4
1.070000E-2	0.000000E+0	2.821500E+4
1.072000E-2	0.000000E+0	2.837900E+4
1.074000E-2	0.000000E+0	2.812300E+4
1.076000E-2	0.000000E+0	2.837100E+4
1.078000E-2	0.000000E+0	2.826100E+4
1.080000E-2	0.000000E+0	2.853200E+4
1.082000E-2	0.000000E+0	2.830500E+4
1.084000E-2	0.000000E+0	2.809600E+4
1.086000E-2	0.000000E+0	2.816300E+4
1.088000E-2	0.000000E+0	2.852900E+4
1.090000E-2	0.000000E+0	2.847900E+4
1.092000E-2	0.000000E+0	2.824700E+4
1.094000E-2	0.000000E+0	2.818100E+4
1.096000E-2	0.000000E+0	2.840700E+4
1.098000E-2	0.000000E+0	2.846300E+4
1.100000E-2	0.000000E+0	2.842000E+4
1.102000E-2	0.000000E+0	2.838600E+4
1.104000E-2	0.000000E+0	2.811300E+4
1.106000E-2	0.000000E+0	2.829200E+4
1.108000E-2	0.000000E+0	2.817800E+4
1.110000E-2	0.000000E+0	2.841500E+4
1.112000E-2	0.000000E+0	2.816600E+4
1.114000E-2	0.000000E+0	2.804800E+4
1.116000E-2	0.000000E+0	2.841900E+4
1.118000E-2	0.000000E+0	2.838200E+4
1.120000E-2	0.000000E+0	2.827300E+4
1.122000E-2	0.000000E+0	2.826900E+4
1.124000E-2	0.000000E+0	2.823600E+4
1.126000E-2	0.000000E+0	2.829800E+4
1.128000E-2	0.000000E+0	2.807400E+4
1.130000E-2	0.000000E+0	2.836800E+4
1.132000E-2	0.000000E+0	2.860500E+4
1.134000E-2	0.000000E+0	2.806300E+4
1.136000E-2	0.000000E+0	2.808100E+4
1.138000E-2	0.000000E+0	2.822800E+4
1.140000E-2	0.000000E+0	2.828600E+4
1.142000E-2	0.000000E+0	2.834900E+4
1.144000E-2	0.000000E+0	2.837600E+4
1.146000E-2	0.000000E+0	2.817600E+4
1.148000E-2	0.000000E+0	2.830000E+4
1.150000E-2	0.000000E+0	2.852700E+4
1.152000E-2	0.000000E+0	2.825200E+4
1.154000E-2	0.000000E+0	2.814400E+4
1.156000E-2	0.000000E+0	2.819100E+4
1.158000E-2	0.000000E+0	2.831400E+4
1.160000E-2	0.000000E+0	2.816400E+4
1.162000E-2	0.000000E+0	2.822300E+4
1.164000E-2	0.000000E+0	2.809400E+4
1.166000E-2	0.000000E+0	2.849700E+4
1.168000E-2	0.000000E+0	2.841700E+4
1.170000E-2	0.000000E+0	2.839500E+4
1.172000E-2	0.000000E+0	2.838800E+4
1.174000E-2	0.000000E+0	2.833000E+4
1.176000E-2	0.000000E+0	2.803000E+4
1.178000E-2	0.000000E+0	2.848600E+4
1.180000E-2	0.000000E+0	2.803000E+4
1.182000E-2	0.000000E+0	2.826500E+4
1.184000E-2	0.000000E+0	2.808100E+4
1.186000E-2	0.000000E+0	2.826000E+4
1.188000E-2	0.000000E+0	2.812900E+4
1.190000E-2	0.000000E+0	2.819200E+4
1.192000E-2	0.000000E+0	2.820200E+4
1.194000E-2	0.000000E+0	2.846200E+4
1.196000E-2	0.000000E+0	2.833700E+4
1.198000E-2	0.000000E+0	2.823600E+4
1.200000E-2	0.000000E+0	2.797700E+4
1.202000E-2	0.000000E+0	2.820900E+4
1.204000E-2	0.000000E+0	2.831700E+4
1.206000E-2	0.000000E+0	2.827100E+4
1.208000E-2	0.000000E+0	2.809400E+4
1.210000E-2	0.000000E+0	2.825800E+4
1.212000E-2	0.000000E+0	2.801300E+4
1.214000E-2	0.000000E+0	2.810100E+4
1.216000E-2	0.000000E+0	2.834300E+4
1.218000E-2	0.000000E+0	2.808400E+4
1.220000E-2	0.000000E+0	2.834200E+4
1.222000E-2	0.000000E+0	2.839500E+4
1.224000E-2	0.000000E+0	2.818400E+4
1.226000E-2	0.000000E+0	2.828700E+4
1.228000E-2	0.000000E+0	2.820800E+4
1.230000E-2	0.000000E+0	2.839100E+4
1.232000E-2	0.000000E+0	2.823600E+4
1.234000E-2	0.000000E+0	2.813100E+4
1.236000E-2	0.000000E+0	2.843800E+4
1.238000E-2	0.000000E+0	2.853500E+4
1.240000E-2	0.000000E+0	2.822600E+4
1.242000E-2	0.000000E+0	2.796700E+4
1.244000E-2	0.000000E+0	2.804900E+4
1.246000E-2	0.000000E+0	2.826900E+4
1.248000E-2	0.000000E+0	2.848400E+4
1.250000E-2	0.000000E+0	2.860600E+4
1.252000E-2	0.000000E+0	2.847100E+4
1.254000E-2	0.000000E+0	2.828400E+4
1.256000E-2	0.000000E+0	2.818000E+4
1.258000E-2	0.000000E+0	2.818600E+4
1.260000E-2	0.000000E+0	2.819700E+4
1.262000E-2	0.000000E+0	2.802200E+4
1.264000E-2	0.000000E+0	2.813400E+4
1.266000E-2	0.000000E+0	2.829000E+4
1.268000E-2	0.000000E+0	2.812900E+4
1.270000E-2	0.000000E+0	2.807400E+4
1.272000E-2	0.000000E+0	2.840300E+4
1.274000E-2	0.000000E+0	2.812500E+4
1.276000E-2	0.000000E+0	2.817000E+4
1.278000E-2	0.000000E+0	2.818600E+4
1.280000E-2	0.000000E+0	2.815800E+4
1.282000E-2	0.000000E+0	2.814400E+4
1.284000E-2	0.000000E+0	2.815500E+4
1.286000E-2	0.000000E+0	2.803200E+4
1.288000E-2	0.000000E+0	2.819100E+4
1.290000E-2	0.000000E+0	2.798300E+4
1.292000E-2	0.000000E+0	2.803400E+4
1.294000E-2	0.000000E+0	2.847900E+4
1.296000E-2	0.000000E+0	2.835800E+4
1.298000E-2	0.000000E+0	2.824200E+4
1.300000E-2	0.000000E+0	2.794000E+4
1.302000E-2	0.000000E+0	2.816400E+4
1.304000E-2	0.000000E+0	2.790400E+4
1.306000E-2	0.000000E+0	2.807000E+4
1.308000E-2	0.000000E+0	2.816000E+4
1.310000E-2	0.000000E+0	2.806200E+4
1.312000E-2	0.000000E+0	2.809600E+4
1.314000E-2	0.000000E+0	2.809400E+4
1.316000E-2	0.000000E+0	2.810700E+4
1.318000E-2	0.000000E+0	2.832800E+4
1.320000E-2	0.000000E+0	2.779200E+4
1.322000E-2	0.000000E+0	2.829400E+4
1.324000E-2	0.000000E+0	2.802500E+4
1.326000E-2	0.000000E+0	2.797400E+4
1.328000E-2	0.000000E+0	2.814900E+4
1.330000E-2	0.000000E+0	2.857100E+4
1.332000E-2	0.000000E+0	2.828900E+4
1.334000E-2	0.000000E+0	2.815000E+4
1.336000E-2	0.000000E+0	2.832300E+4
1.338000E-2	0.000000E+0	2.816400E+4
1.340000E-2	0.000000E+0	2.815500E+4
1.342000E-2	0.000000E+0	2.842300E+4
1.344000E-2	0.000000E+0	2.813100E+4
1.346000E-2	0.000000E+0	2.795200E+4
1.348000E-2	0.000000E+0	2.813300E+4
1.350000E-2	0.000000E+0	2.820300E+4
1.352000E-2	0.000000E+0	2.800600E+4
1.354000E-2	0.000000E+0	2.794800E+4
1.356000E-2	0.000000E+0	2.829800E+4
1.358000E-2	0.000000E+0	2.817100E+4
1.360000E-2	0.000000E+0	2.821000E+4
1.362000E-2	0.000000E+0	2.798900E+4
1.364000E-2	0.000000E+0	2.790700E+4
1.366000E-2	0.000000E+0	2.774400E+4
1.368000E-2	0.000000E+0	2.790000E+4
1.370000E-2	0.000000E+0	2.829000E+4
1.372000E-2	0.000000E+0	2.798700E+4
1.374000E-2	0.000000E+0	2.811400E+4
1.376000E-2	0.000000E+0	2.796700E+4
1.378000E-2	0.000000E+0	2.789100E+4
1.380000E-2	0.000000E+0	2.806000E+4
1.382000E-2	0.000000E+0	2.809400E+4
1.384000E-2	0.000000E+0	2.804400E+4
1.386000E-2	0.000000E+0	2.810900E+4
1.388000E-2	0.000000E+0	2.800200E+4
1.390000E-2	0.000000E+0	2.785800E+4
1.392000E-2	0.000000E+0	2.786400E+4
1.394000E-2	0.000000E+0	2.819900E+4
1.396000E-2	0.000000E+0	2.783400E+4
1.398000E-2	0.000000E+0	2.786500E+4
1.400000E-2	0.000000E+0	2.805300E+4
1.402000E-2	0.000000E+0	2.756900E+4
1.404000E-2	0.000000E+0	2.812800E+4
1.406000E-2	0.000000E+0	2.787300E+4
1.408000E-2	0.000000E+0	2.794100E+4
1.410000E-2	0.000000E+0	2.770600E+4
1.412000E-2	0.000000E+0	2.741300E+4
1.414000E-2	0.000000E+0	2.771700E+4
1.416000E-2	0.000000E+0	2.775700E+4
1.418000E-2	0.000000E+0	2.785500E+4
1.420000E-2	0.000000E+0	2.764700E+4
1.422000E-2	0.000000E+0	2.735700E+4
1.424000E-2	0.000000E+0	2.758100E+4
1.426000E-2	0.000000E+0	2.744000E+4
1.428000E-2	0.000000E+0	2.744700E+4
1.430000E-2	0.000000E+0	2.747800E+4
1.432000E-2	0.000000E+0	2.733300E+4
1.434000E-2	0.000000E+0	2.732400E+4
1.436000E-2	0.000000E+0	2.744900E+4
1.438000E-2	0.000000E+0	2.725600E+4
1.440000E-2	0.000000E+0	2.740100E+4
1.442000E-2	0.000000E+0	2.722400E+4
1.444000E-2	0.000000E+0	2.723200E+4
1.446000E-2	0.000000E+0	2.708100E+4
1.448000E-2	0.000000E+0	2.675200E+4
1.450000E-2	0.000000E+0	2.695400E+4
1.452000E-2	0.000000E+0	2.687300E+4
1.454000E-2	0.000000E+0	2.674600E+4
1.456000E-2	0.000000E+0	2.653900E+4
1.458000E-2	0.000000E+0	2.650400E+4
1.460000E-2	0.000000E+0	2.656500E+4
1.462000E-2	0.000000E+0	2.617800E+4
1.464000E-2	0.000000E+0	2.582100E+4
1.466000E-2	0.000000E+0	2.617900E+4
1.468000E-2	0.000000E+0	2.603800E+4
1.470000E-2	0.000000E+0	2.586500E+4
1.472000E-2	0.000000E+0	2.535100E+4
1.474000E-2	0.000000E+0	2.545300E+4
1.476000E-2	0.000000E+0	2.532300E+4
1.478000E-2	0.000000E+0	2.493600E+4
1.480000E-2	0.000000E+0	2.485700E+4
1.482000E-2	0.000000E+0	2.466900E+4
1.484000E-2	0.000000E+0	2.422900E+4
1.486000E-2	0.000000E+0	2.401000E+4
1.488000E-2	0.000000E+0	2.365800E+4
1.490000E-2	0.000000E+0	2.388500E+4
1.492000E-2	0.000000E+0	2.342800E+4
1.494000E-2	0.000000E+0	2.313000E+4
1.496000E-2	0.000000E+0	2.323800E+4
1.498000E-2	0.000000E+0	2.284000E+4
1.500000E-2	0.000000E+0	2.277300E+4
1.502000E-2	0.000000E+0	2.314600E+4
1.504000E-2	0.000000E+0	2.321200E+4
1.506000E-2	0.000000E+0	2.307300E+4
1.508000E-2	0.000000E+0	2.308500E+4
1.510000E-2	0.000000E+0	2.321700E+4
1.512000E-2	0.000000E+0	2.341500E+4
1.514000E-2	0.000000E+0	2.383300E+4
1.516000E-2	0.000000E+0	2.374400E+4
1.518000E-2	0.000000E+0	2.371500E+4
1.520000E-2	0.000000E+0	2.419200E+4
1.522000E-2	0.000000E+0	2.425500E+4
1.524000E-2	0.000000E+0	2.444300E+4
1.526000E-2	0.000000E+0	2.465100E+4
1.528000E-2	0.000000E+0	2.511100E+4
1.530000E-2	0.000000E+0	2.495600E+4
1.532000E-2	0.000000E+0	2.535800E+4
1.534000E-2	0.000000E+0	2.527100E+4
1.536000E-2	0.000000E+0	2.535600E+4
1.538000E-2	0.000000E+0	2.593900E+4
1.540000E-2	0.000000E+0	2.563800E+4
1.542000E-2	0.000000E+0	2.619200E+4
1.544000E-2	0.000000E+0	2.606600E+4
1.546000E-2	0.000000E+0	2.656600E+4
1.548000E-2	0.000000E+0	2.643700E+4
1.550000E-2	0.000000E+0	2.647300E+4
1.552000E-2	0.000000E+0	2.666600E+4
1.554000E-2	0.000000E+0	2.681000E+4
1.556000E-2	0.000000E+0	2.667300E+4
1.558000E-2	0.000000E+0	2.731400E+4
1.560000E-2	0.000000E+0	2.724300E+4
1.562000E-2	0.000000E+0	2.751500E+4
1.564000E-2	0.000000E+0	2.720000E+4
1.566000E-2	0.000000E+0	2.749300E+4
1.568000E-2	0.000000E+0	2.735900E+4
1.570000E-2	0.000000E+0	2.754900E+4
1.572000E-2	0.000000E+0	2.733000E+4
1.574000E-2	0.000000E+0	2.772900E+4
1.576000E-2	0.000000E+0	2.756300E+4
1.578000E-2	0.000000E+0	2.789500E+4
1.580000E-2	0.000000E+0	2.779000E+4
1.582000E-2	0.000000E+0	2.753300E+4
1.584000E-2	0.000000E+0	2.780400E+4
1.586000E-2	0.000000E+0	2.797500E+4
1.588000E-2	0.000000E+0	2.772500E+4
1.590000E-2	0.000000E+0	2.787700E+4
1.592000E-2	0.000000E+0	2.780800E+4
1.594000E-2	0.000000E+0	2.799100E+4
1.596000E-2	0.000000E+0	2.802900E+4
1.598000E-2	0.000000E+0	2.783100E+4
1.600000E-2	0.000000E+0	2.789000E+4
1.602000E-2	0.000000E+0	2.800600E+4
1.604000E-2	0.000000E+0	2.802100E+4
1.606000E-2	0.000000E+0	2.821700E+4
1.608000E-2	0.000000E+0	2.800600E+4
1.610000E-2	0.000000E+0	2.779400E+4
1.612000E-2	0.000000E+0	2.820000E+4
1.614000E-2	0.000000E+0	2.797700E+4
1.616000E-2	0.000000E+0	2.806800E+4
1.618000E-2	0.000000E+0	2.833500E+4
1.620000E-2	0.000000E+0	2.813400E+4
1.622000E-2	0.000000E+0	2.781600E+4
1.624000E-2	0.000000E+0	2.824800E+4
1.626000E-2	0.000000E+0	2.816700E+4
1.628000E-2	0.000000E+0	2.827000E+4
1.630000E-2	0.000000E+0	2.829000E+4
1.632000E-2	0.000000E+0	2.815300E+4
1.634000E-2	0.000000E+0	2.806200E+4
1.636000E-2	0.000000E+0	2.822300E+4
1.638000E-2	0.000000E+0	2.823600E+4
1.640000E-2	0.000000E+0	2.814400E+4
1.642000E-2	0.000000E+0	2.793100E+4
1.644000E-2	0.000000E+0	2.829900E+4
1.646000E-2	0.000000E+0	2.798100E+4
1.648000E-2	0.000000E+0	2.816900E+4
1.650000E-2	0.000000E+0	2.829700E+4
1.652000E-2	0.000000E+0	2.820800E+4
1.654000E-2	0.000000E+0	2.810300E+4
1.656000E-2	0.000000E+0	2.815000E+4
1.658000E-2	0.000000E+0	2.826100E+4
1.660000E-2	0.000000E+0	2.820400E+4
1.662000E-2	0.000000E+0	2.813500E+4
1.664000E-2	0.000000E+0	2.823700E+4
1.666000E-2	0.000000E+0	2.813700E+4
1.668000E-2	0.000000E+0	2.814800E+4
1.670000E-2	0.000000E+0	2.814300E+4
1.672000E-2	0.000000E+0	2.821400E+4
1.674000E-2	0.000000E+0	2.810500E+4
1.676000E-2	0.000000E+0	2.794700E+4
1.678000E-2	0.000000E+0	2.812300E+4
1.680000E-2	0.000000E+0	2.827100E+4
1.682000E-2	0.000000E+0	2.832000E+4
1.684000E-2	0.000000E+0	2.808400E+4
1.686000E-2	0.000000E+0	2.807700E+4
1.688000E-2	0.000000E+0	2.813800E+4
1.690000E-2	0.000000E+0	2.813900E+4
1.692000E-2	0.000000E+0	2.790000E+4
1.694000E-2	0.000000E+0	2.832000E+4
1.696000E-2	0.000000E+0	2.813900E+4
1.698000E-2	0.000000E+0	2.808900E+4
1.700000E-2	0.000000E+0	2.828300E+4
1.702000E-2	0.000000E+0	2.812800E+4
1.704000E-2	0.000000E+0	2.804300E+4
1.706000E-2	0.000000E+0	2.832200E+4
1.708000E-2	0.000000E+0	2.786400E+4
1.710000E-2	0.000000E+0	2.803100E+4
1.712000E-2	0.000000E+0	2.798500E+4
1.714000E-2	0.000000E+0	2.808300E+4
1.716000E-2	0.000000E+0	2.811200E+4
1.718000E-2	0.000000E+0	2.793400E+4
1.720000E-2	0.000000E+0	2.811200E+4
1.722000E-2	0.000000E+0	2.817000E+4
1.724000E-2	0.000000E+0	2.818100E+4
1.726000E-2	0.000000E+0	2.818500E+4
1.728000E-2	0.000000E+0	2.830800E+4
1.730000E-2	0.000000E+0	2.830900E+4
1.732000E-2	0.000000E+0	2.785900E+4
1.734000E-2	0.000000E+0	2.815800E+4
1.736000E-2	0.000000E+0	2.800000E+4
1.738000E-2	0.000000E+0	2.763700E+4
1.740000E-2	0.000000E+0	2.798000E+4
1.742000E-2	0.000000E+0	2.824100E+4
1.744000E-2	0.000000E+0	2.824000E+4
1.746000E-2	0.000000E+0	2.783100E+4
1.748000E-2	0.000000E+0	2.820700E+4
1.750000E-2	0.000000E+0	2.801800E+4
1.752000E-2	0.000000E+0	2.794600E+4
1.754000E-2	0.000000E+0	2.810600E+4
1.756000E-2	0.000000E+0	2.791100E+4
1.758000E-2	0.000000E+0	2.787200E+4
1.760000E-2	0.000000E+0	2.820500E+4
1.762000E-2	0.000000E+0	2.819500E+4
1.764000E-2	0.000000E+0	2.812800E+4
1.766000E-2	0.000000E+0	2.806900E+4
1.768000E-2	0.000000E+0	2.813800E+4
1.770000E-2	0.000000E+0	2.786100E+4
1.772000E-2	0.000000E+0	2.778100E+4
1.774000E-2	0.000000E+0	2.811100E+4
1.776000E-2	0.000000E+0	2.783300E+4
1.778000E-2	0.000000E+0	2.818200E+4
1.780000E-2	0.000000E+0	2.785800E+4
1.782000E-2	0.000000E+0	2.808400E+4
1.784000E-2	0.000000E+0	2.779400E+4
1.786000E-2	0.000000E+0	2.781700E+4
1.788000E-2	0.000000E+0	2.747500E+4
1.790000E-2	0.000000E+0	2.772700E+4
1.792000E-2	0.000000E+0	2.765300E+4
1.794000E-2	0.000000E+0	2.792000E+4
1.796000E-2	0.000000E+0	2.748400E+4
1.798000E-2	0.000000E+0	2.775800E+4
1.800000E-2	0.000000E+0	2.743000E+4
1.802000E-2	0.000000E+0	2.764600E+4
1.804000E-2	0.000000E+0	2.751400E+4
1.806000E-2	0.000000E+0	2.727300E+4
1.808000E-2	0.000000E+0	2.724400E+4
1.810000E-2	0.000000E+0	2.750200E+4
1.812000E-2	0.000000E+0	2.678700E+4
1.814000E-2	0.000000E+0	2.702300E+4
1.816000E-2	0.000000E+0	2.691900E+4
1.818000E-2	0.000000E+0	2.658600E+4
1.820000E-2	0.000000E+0	2.667800E+4
1.822000E-2	0.000000E+0	2.660500E+4
1.824000E-2	0.000000E+0	2.615600E+4
1.826000E-2	0.000000E+0	2.594500E+4
1.828000E-2	0.000000E+0	2.580200E+4
1.830000E-2	0.000000E+0	2.584900E+4
1.832000E-2	0.000000E+0	2.567400E+4
1.834000E-2	0.000000E+0	2.529100E+4
1.836000E-2	0.000000E+0	2.507900E+4
1.838000E-2	0.000000E+0	2.490000E+4
1.840000E-2	0.000000E+0	2.499600E+4
1.842000E-2	0.000000E+0	2.430900E+4
1.844000E-2	0.000000E+0	2.422700E+4
1.846000E-2	0.000000E+0	2.385300E+4
1.848000E-2	0.000000E+0	2.409200E+4
1.850000E-2	0.000000E+0	2.348300E+4
1.852000E-2	0.000000E+0	2.346600E+4
1.854000E-2	0.000000E+0	2.317200E+4
1.856000E-2	0.000000E+0	2.318600E+4
1.858000E-2	0.000000E+0	2.295100E+4
1.860000E-2	0.000000E+0	2.286400E+4
1.862000E-2	0.000000E+0	2.270600E+4
1.864000E-2	0.000000E+0	2.290800E+4
1.866000E-2	0.000000E+0	2.323400E+4
1.868000E-2	0.000000E+0	2.281900E+4
1.870000E-2	0.000000E+0	2.310200E+4
1.872000E-2	0.000000E+0	2.349700E+4
1.874000E-2	0.000000E+0	2.383100E+4
1.876000E-2	0.000000E+0	2.382600E+4
1.878000E-2	0.000000E+0	2.406200E+4
1.880000E-2	0.000000E+0	2.432700E+4
1.882000E-2	0.000000E+0	2.463500E+4
1.884000E-2	0.000000E+0	2.472600E+4
1.886000E-2	0.000000E+0	2.524000E+4
1.888000E-2	0.000000E+0	2.520600E+4
1.890000E-2	0.000000E+0	2.558000E+4
1.892000E-2	0.000000E+0	2.543600E+4
1.894000E-2	0.000000E+0	2.608800E+4
1.896000E-2	0.000000E+0	2.603600E+4
1.898000E-2	0.000000E+0	2.613000E+4
1.900000E-2	0.000000E+0	2.644100E+4
1.902000E-2	0.000000E+0	2.649300E+4
1.904000E-2	0.000000E+0	2.689300E+4
1.906000E-2	0.000000E+0	2.646900E+4
1.908000E-2	0.000000E+0	2.682300E+4
1.910000E-2	0.000000E+0	2.676200E+4
1.912000E-2	0.000000E+0	2.700600E+4
1.914000E-2	0.000000E+0	2.700600E+4
1.916000E-2	0.000000E+0	2.692700E+4
1.918000E-2	0.000000E+0	2.715700E+4
1.920000E-2	0.000000E+0	2.768400E+4
1.922000E-2	0.000000E+0	2.728600E+4
1.924000E-2	0.000000E+0	2.733600E+4
1.926000E-2	0.000000E+0	2.757000E+4
1.928000E-2	0.000000E+0	2.757000E+4
1.930000E-2	0.000000E+0	2.753100E+4
1.932000E-2	0.000000E+0	2.750100E+4
1.934000E-2	0.000000E+0	2.796000E+4
1.936000E-2	0.000000E+0	2.781000E+4
1.938000E-2	0.000000E+0	2.785200E+4
1.940000E-2	0.000000E+0	2.787400E+4
1.942000E-2	0.000000E+0	2.777500E+4
1.944000E-2	0.000000E+0	2.775500E+4
1.946000E-2	0.000000E+0	2.786200E+4
1.948000E-2	0.000000E+0	2.806800E+4
1.950000E-2	0.000000E+0	2.797700E+4
1.952000E-2	0.000000E+0	2.785200E+4
1.954000E-2	0.000000E+0	2.801100E+4
1.956000E-2	0.000000E+0	2.791200E+4
1.958000E-2	0.000000E+0	2.815400E+4
1.960000E-2	0.000000E+0	2.798100E+4
1.962000E-2	0.000000E+0	2.800300E+4
1.964000E-2	0.000000E+0	2.817100E+4
1.966000E-2	0.000000E+0	2.770900E+4
1.968000E-2	0.000000E+0	2.820700E+4
1.970000E-2	0.000000E+0	2.842100E+4
1.972000E-2	0.000000E+0	2.805600E+4
1.974000E-2	0.000000E+0	2.805500E+4
1.976000E-2	0.000000E+0	2.818700E+4
1.978000E-2	0.000000E+0	2.801800E+4
1.980000E-2	0.000000E+0	2.815500E+4
1.982000E-2	0.000000E+0	2.823300E+4
1.984000E-2	0.000000E+0	2.837500E+4
1.986000E-2	0.000000E+0	2.824600E+4
1.988000E-2	0.000000E+0	2.791600E+4
1.990000E-2	0.000000E+0	2.855800E+4
1.992000E-2	0.000000E+0	2.817400E+4
1.994000E-2	0.000000E+0	2.828300E+4
1.996000E-2	0.000000E+0	2.794600E+4
1.998000E-2	0.000000E+0	2.803100E+4
