

live time:  9327.080000
real time:  10804.839000
sweeps:  466354.000000
0.000000E+0	0.000000E+0	0.000000E+0
2.000000E-5	0.000000E+0	1.192100E+4
4.000000E-5	0.000000E+0	1.221800E+4
6.000000E-5	0.000000E+0	1.212100E+4
8.000000E-5	0.000000E+0	1.213500E+4
1.000000E-4	0.000000E+0	1.213300E+4
1.200000E-4	0.000000E+0	1.203700E+4
1.400000E-4	0.000000E+0	1.201800E+4
1.600000E-4	0.000000E+0	1.220700E+4
1.800000E-4	0.000000E+0	1.208700E+4
2.000000E-4	0.000000E+0	1.212200E+4
2.200000E-4	0.000000E+0	1.208500E+4
2.400000E-4	0.000000E+0	1.210200E+4
2.600000E-4	0.000000E+0	1.206500E+4
2.800000E-4	0.000000E+0	1.229300E+4
3.000000E-4	0.000000E+0	1.214000E+4
3.200000E-4	0.000000E+0	1.221400E+4
3.400000E-4	0.000000E+0	1.206000E+4
3.600000E-4	0.000000E+0	1.205600E+4
3.800000E-4	0.000000E+0	1.209800E+4
4.000000E-4	0.000000E+0	1.212400E+4
4.200000E-4	0.000000E+0	1.204200E+4
4.400000E-4	0.000000E+0	1.210700E+4
4.600000E-4	0.000000E+0	1.205700E+4
4.800000E-4	0.000000E+0	1.207800E+4
5.000000E-4	0.000000E+0	1.203800E+4
5.200000E-4	0.000000E+0	1.210800E+4
5.400000E-4	0.000000E+0	1.210200E+4
5.600000E-4	0.000000E+0	1.220800E+4
5.800000E-4	0.000000E+0	1.208000E+4
6.000000E-4	0.000000E+0	1.208300E+4
6.200000E-4	0.000000E+0	1.213200E+4
6.400000E-4	0.000000E+0	1.214800E+4
6.600000E-4	0.000000E+0	1.209700E+4
6.800000E-4	0.000000E+0	1.208900E+4
7.000000E-4	0.000000E+0	1.205400E+4
7.200000E-4	0.000000E+0	1.217500E+4
7.400000E-4	0.000000E+0	1.221400E+4
7.600000E-4	0.000000E+0	1.199000E+4
7.800000E-4	0.000000E+0	1.231300E+4
8.000000E-4	0.000000E+0	1.215500E+4
8.200000E-4	0.000000E+0	1.222700E+4
8.400000E-4	0.000000E+0	1.214200E+4
8.600000E-4	0.000000E+0	1.216500E+4
8.800000E-4	0.000000E+0	1.210300E+4
9.000000E-4	0.000000E+0	1.207500E+4
9.200000E-4	0.000000E+0	1.223500E+4
9.400000E-4	0.000000E+0	1.192200E+4
9.600000E-4	0.000000E+0	1.202000E+4
9.800000E-4	0.000000E+0	1.225800E+4
1.000000E-3	0.000000E+0	1.192000E+4
1.020000E-3	0.000000E+0	1.211300E+4
1.040000E-3	0.000000E+0	1.206400E+4
1.060000E-3	0.000000E+0	1.220500E+4
1.080000E-3	0.000000E+0	1.220500E+4
1.100000E-3	0.000000E+0	1.226200E+4
1.120000E-3	0.000000E+0	1.233700E+4
1.140000E-3	0.000000E+0	1.218000E+4
1.160000E-3	0.000000E+0	1.214200E+4
1.180000E-3	0.000000E+0	1.207000E+4
1.200000E-3	0.000000E+0	1.228300E+4
1.220000E-3	0.000000E+0	1.211600E+4
1.240000E-3	0.000000E+0	1.215500E+4
1.260000E-3	0.000000E+0	1.211200E+4
1.280000E-3	0.000000E+0	1.226800E+4
1.300000E-3	0.000000E+0	1.211900E+4
1.320000E-3	0.000000E+0	1.214700E+4
1.340000E-3	0.000000E+0	1.213100E+4
1.360000E-3	0.000000E+0	1.225600E+4
1.380000E-3	0.000000E+0	1.231000E+4
1.400000E-3	0.000000E+0	1.213900E+4
1.420000E-3	0.000000E+0	1.213600E+4
1.440000E-3	0.000000E+0	1.213100E+4
1.460000E-3	0.000000E+0	1.220600E+4
1.480000E-3	0.000000E+0	1.216000E+4
1.500000E-3	0.000000E+0	1.198900E+4
1.520000E-3	0.000000E+0	1.231600E+4
1.540000E-3	0.000000E+0	1.206500E+4
1.560000E-3	0.000000E+0	1.223400E+4
1.580000E-3	0.000000E+0	1.230400E+4
1.600000E-3	0.000000E+0	1.219200E+4
1.620000E-3	0.000000E+0	1.224400E+4
1.640000E-3	0.000000E+0	1.224900E+4
1.660000E-3	0.000000E+0	1.208300E+4
1.680000E-3	0.000000E+0	1.204700E+4
1.700000E-3	0.000000E+0	1.199700E+4
1.720000E-3	0.000000E+0	1.205500E+4
1.740000E-3	0.000000E+0	1.203300E+4
1.760000E-3	0.000000E+0	1.226800E+4
1.780000E-3	0.000000E+0	1.215000E+4
1.800000E-3	0.000000E+0	1.225400E+4
1.820000E-3	0.000000E+0	1.209700E+4
1.840000E-3	0.000000E+0	1.197700E+4
1.860000E-3	0.000000E+0	1.217900E+4
1.880000E-3	0.000000E+0	1.219300E+4
1.900000E-3	0.000000E+0	1.225900E+4
1.920000E-3	0.000000E+0	1.219000E+4
1.940000E-3	0.000000E+0	1.224500E+4
1.960000E-3	0.000000E+0	1.210200E+4
1.980000E-3	0.000000E+0	1.220500E+4
2.000000E-3	0.000000E+0	1.232400E+4
2.020000E-3	0.000000E+0	1.226900E+4
2.040000E-3	0.000000E+0	1.231000E+4
2.060000E-3	0.000000E+0	1.212600E+4
2.080000E-3	0.000000E+0	1.223400E+4
2.100000E-3	0.000000E+0	1.206500E+4
2.120000E-3	0.000000E+0	1.198900E+4
2.140000E-3	0.000000E+0	1.216800E+4
2.160000E-3	0.000000E+0	1.209300E+4
2.180000E-3	0.000000E+0	1.212000E+4
2.200000E-3	0.000000E+0	1.217600E+4
2.220000E-3	0.000000E+0	1.219500E+4
2.240000E-3	0.000000E+0	1.205000E+4
2.260000E-3	0.000000E+0	1.200800E+4
2.280000E-3	0.000000E+0	1.211700E+4
2.300000E-3	0.000000E+0	1.215100E+4
2.320000E-3	0.000000E+0	1.223000E+4
2.340000E-3	0.000000E+0	1.225200E+4
2.360000E-3	0.000000E+0	1.209500E+4
2.380000E-3	0.000000E+0	1.194900E+4
2.400000E-3	0.000000E+0	1.220000E+4
2.420000E-3	0.000000E+0	1.224100E+4
2.440000E-3	0.000000E+0	1.214300E+4
2.460000E-3	0.000000E+0	1.206000E+4
2.480000E-3	0.000000E+0	1.219900E+4
2.500000E-3	0.000000E+0	1.209600E+4
2.520000E-3	0.000000E+0	1.214200E+4
2.540000E-3	0.000000E+0	1.219400E+4
2.560000E-3	0.000000E+0	1.206200E+4
2.580000E-3	0.000000E+0	1.201900E+4
2.600000E-3	0.000000E+0	1.221900E+4
2.620000E-3	0.000000E+0	1.210700E+4
2.640000E-3	0.000000E+0	1.210800E+4
2.660000E-3	0.000000E+0	1.201400E+4
2.680000E-3	0.000000E+0	1.200800E+4
2.700000E-3	0.000000E+0	1.216900E+4
2.720000E-3	0.000000E+0	1.210900E+4
2.740000E-3	0.000000E+0	1.228600E+4
2.760000E-3	0.000000E+0	1.227600E+4
2.780000E-3	0.000000E+0	1.220900E+4
2.800000E-3	0.000000E+0	1.213600E+4
2.820000E-3	0.000000E+0	1.195500E+4
2.840000E-3	0.000000E+0	1.215200E+4
2.860000E-3	0.000000E+0	1.217200E+4
2.880000E-3	0.000000E+0	1.206900E+4
2.900000E-3	0.000000E+0	1.201100E+4
2.920000E-3	0.000000E+0	1.212000E+4
2.940000E-3	0.000000E+0	1.227600E+4
2.960000E-3	0.000000E+0	1.196500E+4
2.980000E-3	0.000000E+0	1.201400E+4
3.000000E-3	0.000000E+0	1.218300E+4
3.020000E-3	0.000000E+0	1.188500E+4
3.040000E-3	0.000000E+0	1.202400E+4
3.060000E-3	0.000000E+0	1.201800E+4
3.080000E-3	0.000000E+0	1.218800E+4
3.100000E-3	0.000000E+0	1.210300E+4
3.120000E-3	0.000000E+0	1.193800E+4
3.140000E-3	0.000000E+0	1.203400E+4
3.160000E-3	0.000000E+0	1.211900E+4
3.180000E-3	0.000000E+0	1.217700E+4
3.200000E-3	0.000000E+0	1.208000E+4
3.220000E-3	0.000000E+0	1.210900E+4
3.240000E-3	0.000000E+0	1.218200E+4
3.260000E-3	0.000000E+0	1.203900E+4
3.280000E-3	0.000000E+0	1.181500E+4
3.300000E-3	0.000000E+0	1.202200E+4
3.320000E-3	0.000000E+0	1.199200E+4
3.340000E-3	0.000000E+0	1.202500E+4
3.360000E-3	0.000000E+0	1.202600E+4
3.380000E-3	0.000000E+0	1.216700E+4
3.400000E-3	0.000000E+0	1.196500E+4
3.420000E-3	0.000000E+0	1.197400E+4
3.440000E-3	0.000000E+0	1.188100E+4
3.460000E-3	0.000000E+0	1.186100E+4
3.480000E-3	0.000000E+0	1.187600E+4
3.500000E-3	0.000000E+0	1.193100E+4
3.520000E-3	0.000000E+0	1.194100E+4
3.540000E-3	0.000000E+0	1.185600E+4
3.560000E-3	0.000000E+0	1.183100E+4
3.580000E-3	0.000000E+0	1.177000E+4
3.600000E-3	0.000000E+0	1.189600E+4
3.620000E-3	0.000000E+0	1.181800E+4
3.640000E-3	0.000000E+0	1.182600E+4
3.660000E-3	0.000000E+0	1.195000E+4
3.680000E-3	0.000000E+0	1.192000E+4
3.700000E-3	0.000000E+0	1.172300E+4
3.720000E-3	0.000000E+0	1.186700E+4
3.740000E-3	0.000000E+0	1.169000E+4
3.760000E-3	0.000000E+0	1.163000E+4
3.780000E-3	0.000000E+0	1.153300E+4
3.800000E-3	0.000000E+0	1.147100E+4
3.820000E-3	0.000000E+0	1.164700E+4
3.840000E-3	0.000000E+0	1.160400E+4
3.860000E-3	0.000000E+0	1.124000E+4
3.880000E-3	0.000000E+0	1.126400E+4
3.900000E-3	0.000000E+0	1.124700E+4
3.920000E-3	0.000000E+0	1.118400E+4
3.940000E-3	0.000000E+0	1.109400E+4
3.960000E-3	0.000000E+0	1.133300E+4
3.980000E-3	0.000000E+0	1.099800E+4
4.000000E-3	0.000000E+0	1.093200E+4
4.020000E-3	0.000000E+0	1.081400E+4
4.040000E-3	0.000000E+0	1.066300E+4
4.060000E-3	0.000000E+0	1.069100E+4
4.080000E-3	0.000000E+0	1.057600E+4
4.100000E-3	0.000000E+0	1.041700E+4
4.120000E-3	0.000000E+0	1.048500E+4
4.140000E-3	0.000000E+0	1.016800E+4
4.160000E-3	0.000000E+0	1.015500E+4
4.180000E-3	0.000000E+0	1.012500E+4
4.200000E-3	0.000000E+0	1.003400E+4
4.220000E-3	0.000000E+0	1.008300E+4
4.240000E-3	0.000000E+0	9.709000E+3
4.260000E-3	0.000000E+0	9.786000E+3
4.280000E-3	0.000000E+0	9.942000E+3
4.300000E-3	0.000000E+0	9.794000E+3
4.320000E-3	0.000000E+0	9.945000E+3
4.340000E-3	0.000000E+0	9.891000E+3
4.360000E-3	0.000000E+0	1.016700E+4
4.380000E-3	0.000000E+0	1.004000E+4
4.400000E-3	0.000000E+0	1.016400E+4
4.420000E-3	0.000000E+0	1.012900E+4
4.440000E-3	0.000000E+0	1.018800E+4
4.460000E-3	0.000000E+0	1.057200E+4
4.480000E-3	0.000000E+0	1.058800E+4
4.500000E-3	0.000000E+0	1.054200E+4
4.520000E-3	0.000000E+0	1.096500E+4
4.540000E-3	0.000000E+0	1.075300E+4
4.560000E-3	0.000000E+0	1.092200E+4
4.580000E-3	0.000000E+0	1.132800E+4
4.600000E-3	0.000000E+0	1.098400E+4
4.620000E-3	0.000000E+0	1.140400E+4
4.640000E-3	0.000000E+0	1.136000E+4
4.660000E-3	0.000000E+0	1.133300E+4
4.680000E-3	0.000000E+0	1.137400E+4
4.700000E-3	0.000000E+0	1.145300E+4
4.720000E-3	0.000000E+0	1.157100E+4
4.740000E-3	0.000000E+0	1.165300E+4
4.760000E-3	0.000000E+0	1.151700E+4
4.780000E-3	0.000000E+0	1.147500E+4
4.800000E-3	0.000000E+0	1.168100E+4
4.820000E-3	0.000000E+0	1.180200E+4
4.840000E-3	0.000000E+0	1.175100E+4
4.860000E-3	0.000000E+0	1.188300E+4
4.880000E-3	0.000000E+0	1.162100E+4
4.900000E-3	0.000000E+0	1.186500E+4
4.920000E-3	0.000000E+0	1.192100E+4
4.940000E-3	0.000000E+0	1.185400E+4
4.960000E-3	0.000000E+0	1.202700E+4
4.980000E-3	0.000000E+0	1.205300E+4
5.000000E-3	0.000000E+0	1.188000E+4
5.020000E-3	0.000000E+0	1.203900E+4
5.040000E-3	0.000000E+0	1.189000E+4
5.060000E-3	0.000000E+0	1.200800E+4
5.080000E-3	0.000000E+0	1.183600E+4
5.100000E-3	0.000000E+0	1.197600E+4
5.120000E-3	0.000000E+0	1.201700E+4
5.140000E-3	0.000000E+0	1.207700E+4
5.160000E-3	0.000000E+0	1.205600E+4
5.180000E-3	0.000000E+0	1.197200E+4
5.200000E-3	0.000000E+0	1.220500E+4
5.220000E-3	0.000000E+0	1.197600E+4
5.240000E-3	0.000000E+0	1.203200E+4
5.260000E-3	0.000000E+0	1.212600E+4
5.280000E-3	0.000000E+0	1.196300E+4
5.300000E-3	0.000000E+0	1.200900E+4
5.320000E-3	0.000000E+0	1.207700E+4
5.340000E-3	0.000000E+0	1.225100E+4
5.360000E-3	0.000000E+0	1.209500E+4
5.380000E-3	0.000000E+0	1.207300E+4
5.400000E-3	0.000000E+0	1.204100E+4
5.420000E-3	0.000000E+0	1.203000E+4
5.440000E-3	0.000000E+0	1.200200E+4
5.460000E-3	0.000000E+0	1.218900E+4
5.480000E-3	0.000000E+0	1.199900E+4
5.500000E-3	0.000000E+0	1.193600E+4
5.520000E-3	0.000000E+0	1.206000E+4
5.540000E-3	0.000000E+0	1.209300E+4
5.560000E-3	0.000000E+0	1.203700E+4
5.580000E-3	0.000000E+0	1.219100E+4
5.600000E-3	0.000000E+0	1.200600E+4
5.620000E-3	0.000000E+0	1.212800E+4
5.640000E-3	0.000000E+0	1.220600E+4
5.660000E-3	0.000000E+0	1.212400E+4
5.680000E-3	0.000000E+0	1.222700E+4
5.700000E-3	0.000000E+0	1.209100E+4
5.720000E-3	0.000000E+0	1.212900E+4
5.740000E-3	0.000000E+0	1.210700E+4
5.760000E-3	0.000000E+0	1.202900E+4
5.780000E-3	0.000000E+0	1.219000E+4
5.800000E-3	0.000000E+0	1.201800E+4
5.820000E-3	0.000000E+0	1.218600E+4
5.840000E-3	0.000000E+0	1.229600E+4
5.860000E-3	0.000000E+0	1.217500E+4
5.880000E-3	0.000000E+0	1.185400E+4
5.900000E-3	0.000000E+0	1.208800E+4
5.920000E-3	0.000000E+0	1.203100E+4
5.940000E-3	0.000000E+0	1.197100E+4
5.960000E-3	0.000000E+0	1.212500E+4
5.980000E-3	0.000000E+0	1.219500E+4
6.000000E-3	0.000000E+0	1.218900E+4
6.020000E-3	0.000000E+0	1.208600E+4
6.040000E-3	0.000000E+0	1.228500E+4
6.060000E-3	0.000000E+0	1.203800E+4
6.080000E-3	0.000000E+0	1.199500E+4
6.100000E-3	0.000000E+0	1.190800E+4
6.120000E-3	0.000000E+0	1.205800E+4
6.140000E-3	0.000000E+0	1.221000E+4
6.160000E-3	0.000000E+0	1.213800E+4
6.180000E-3	0.000000E+0	1.221300E+4
6.200000E-3	0.000000E+0	1.196500E+4
6.220000E-3	0.000000E+0	1.206100E+4
6.240000E-3	0.000000E+0	1.216000E+4
6.260000E-3	0.000000E+0	1.192400E+4
6.280000E-3	0.000000E+0	1.220000E+4
6.300000E-3	0.000000E+0	1.211500E+4
6.320000E-3	0.000000E+0	1.218700E+4
6.340000E-3	0.000000E+0	1.197500E+4
6.360000E-3	0.000000E+0	1.210800E+4
6.380000E-3	0.000000E+0	1.214300E+4
6.400000E-3	0.000000E+0	1.195000E+4
6.420000E-3	0.000000E+0	1.217500E+4
6.440000E-3	0.000000E+0	1.215300E+4
6.460000E-3	0.000000E+0	1.206400E+4
6.480000E-3	0.000000E+0	1.213400E+4
6.500000E-3	0.000000E+0	1.206800E+4
6.520000E-3	0.000000E+0	1.223000E+4
6.540000E-3	0.000000E+0	1.217800E+4
6.560000E-3	0.000000E+0	1.212500E+4
6.580000E-3	0.000000E+0	1.198600E+4
6.600000E-3	0.000000E+0	1.182200E+4
6.620000E-3	0.000000E+0	1.195700E+4
6.640000E-3	0.000000E+0	1.195300E+4
6.660000E-3	0.000000E+0	1.201100E+4
6.680000E-3	0.000000E+0	1.196000E+4
6.700000E-3	0.000000E+0	1.214100E+4
6.720000E-3	0.000000E+0	1.206900E+4
6.740000E-3	0.000000E+0	1.196400E+4
6.760000E-3	0.000000E+0	1.205100E+4
6.780000E-3	0.000000E+0	1.192000E+4
6.800000E-3	0.000000E+0	1.200600E+4
6.820000E-3	0.000000E+0	1.210200E+4
6.840000E-3	0.000000E+0	1.199600E+4
6.860000E-3	0.000000E+0	1.217100E+4
6.880000E-3	0.000000E+0	1.190700E+4
6.900000E-3	0.000000E+0	1.206300E+4
6.920000E-3	0.000000E+0	1.190200E+4
6.940000E-3	0.000000E+0	1.192800E+4
6.960000E-3	0.000000E+0	1.183100E+4
6.980000E-3	0.000000E+0	1.190500E+4
7.000000E-3	0.000000E+0	1.197300E+4
7.020000E-3	0.000000E+0	1.179800E+4
7.040000E-3	0.000000E+0	1.186400E+4
7.060000E-3	0.000000E+0	1.191100E+4
7.080000E-3	0.000000E+0	1.186700E+4
7.100000E-3	0.000000E+0	1.213200E+4
7.120000E-3	0.000000E+0	1.169400E+4
7.140000E-3	0.000000E+0	1.204200E+4
7.160000E-3	0.000000E+0	1.180200E+4
7.180000E-3	0.000000E+0	1.176400E+4
7.200000E-3	0.000000E+0	1.181400E+4
7.220000E-3	0.000000E+0	1.189400E+4
7.240000E-3	0.000000E+0	1.180600E+4
7.260000E-3	0.000000E+0	1.179800E+4
7.280000E-3	0.000000E+0	1.172800E+4
7.300000E-3	0.000000E+0	1.178100E+4
7.320000E-3	0.000000E+0	1.167100E+4
7.340000E-3	0.000000E+0	1.153900E+4
7.360000E-3	0.000000E+0	1.148400E+4
7.380000E-3	0.000000E+0	1.160300E+4
7.400000E-3	0.000000E+0	1.125800E+4
7.420000E-3	0.000000E+0	1.151900E+4
7.440000E-3	0.000000E+0	1.145600E+4
7.460000E-3	0.000000E+0	1.114600E+4
7.480000E-3	0.000000E+0	1.106900E+4
7.500000E-3	0.000000E+0	1.129100E+4
7.520000E-3	0.000000E+0	1.119500E+4
7.540000E-3	0.000000E+0	1.082900E+4
7.560000E-3	0.000000E+0	1.093400E+4
7.580000E-3	0.000000E+0	1.082000E+4
7.600000E-3	0.000000E+0	1.095300E+4
7.620000E-3	0.000000E+0	1.062900E+4
7.640000E-3	0.000000E+0	1.047300E+4
7.660000E-3	0.000000E+0	1.045300E+4
7.680000E-3	0.000000E+0	1.038700E+4
7.700000E-3	0.000000E+0	1.009400E+4
7.720000E-3	0.000000E+0	1.024000E+4
7.740000E-3	0.000000E+0	1.004900E+4
7.760000E-3	0.000000E+0	1.018300E+4
7.780000E-3	0.000000E+0	9.904000E+3
7.800000E-3	0.000000E+0	9.797000E+3
7.820000E-3	0.000000E+0	9.841000E+3
7.840000E-3	0.000000E+0	9.862000E+3
7.860000E-3	0.000000E+0	9.873000E+3
7.880000E-3	0.000000E+0	9.857000E+3
7.900000E-3	0.000000E+0	9.800000E+3
7.920000E-3	0.000000E+0	9.919000E+3
7.940000E-3	0.000000E+0	9.965000E+3
7.960000E-3	0.000000E+0	1.003200E+4
7.980000E-3	0.000000E+0	1.011500E+4
8.000000E-3	0.000000E+0	1.021700E+4
8.020000E-3	0.000000E+0	1.013100E+4
8.040000E-3	0.000000E+0	1.032500E+4
8.060000E-3	0.000000E+0	1.049600E+4
8.080000E-3	0.000000E+0	1.075100E+4
8.100000E-3	0.000000E+0	1.057800E+4
8.120000E-3	0.000000E+0	1.071600E+4
8.140000E-3	0.000000E+0	1.068700E+4
8.160000E-3	0.000000E+0	1.090300E+4
8.180000E-3	0.000000E+0	1.103100E+4
8.200000E-3	0.000000E+0	1.110300E+4
8.220000E-3	0.000000E+0	1.128600E+4
8.240000E-3	0.000000E+0	1.117100E+4
8.260000E-3	0.000000E+0	1.117100E+4
8.280000E-3	0.000000E+0	1.134100E+4
8.300000E-3	0.000000E+0	1.139700E+4
8.320000E-3	0.000000E+0	1.151100E+4
8.340000E-3	0.000000E+0	1.147700E+4
8.360000E-3	0.000000E+0	1.142300E+4
8.380000E-3	0.000000E+0	1.169600E+4
8.400000E-3	0.000000E+0	1.157800E+4
8.420000E-3	0.000000E+0	1.159100E+4
8.440000E-3	0.000000E+0	1.178800E+4
8.460000E-3	0.000000E+0	1.163400E+4
8.480000E-3	0.000000E+0	1.170800E+4
8.500000E-3	0.000000E+0	1.162500E+4
8.520000E-3	0.000000E+0	1.196900E+4
8.540000E-3	0.000000E+0	1.190300E+4
8.560000E-3	0.000000E+0	1.190300E+4
8.580000E-3	0.000000E+0	1.189600E+4
8.600000E-3	0.000000E+0	1.186700E+4
8.620000E-3	0.000000E+0	1.175900E+4
8.640000E-3	0.000000E+0	1.207000E+4
8.660000E-3	0.000000E+0	1.185300E+4
8.680000E-3	0.000000E+0	1.188600E+4
8.700000E-3	0.000000E+0	1.198600E+4
8.720000E-3	0.000000E+0	1.194900E+4
8.740000E-3	0.000000E+0	1.186000E+4
8.760000E-3	0.000000E+0	1.214200E+4
8.780000E-3	0.000000E+0	1.180700E+4
8.800000E-3	0.000000E+0	1.201700E+4
8.820000E-3	0.000000E+0	1.201100E+4
8.840000E-3	0.000000E+0	1.188400E+4
8.860000E-3	0.000000E+0	1.181900E+4
8.880000E-3	0.000000E+0	1.199900E+4
8.900000E-3	0.000000E+0	1.183200E+4
8.920000E-3	0.000000E+0	1.192700E+4
8.940000E-3	0.000000E+0	1.223000E+4
8.960000E-3	0.000000E+0	1.196500E+4
8.980000E-3	0.000000E+0	1.187500E+4
9.000000E-3	0.000000E+0	1.216300E+4
9.020000E-3	0.000000E+0	1.199100E+4
9.040000E-3	0.000000E+0	1.209000E+4
9.060000E-3	0.000000E+0	1.196900E+4
9.080000E-3	0.000000E+0	1.208700E+4
9.100000E-3	0.000000E+0	1.216900E+4
9.120000E-3	0.000000E+0	1.182100E+4
9.140000E-3	0.000000E+0	1.201300E+4
9.160000E-3	0.000000E+0	1.201000E+4
9.180000E-3	0.000000E+0	1.196400E+4
9.200000E-3	0.000000E+0	1.222100E+4
9.220000E-3	0.000000E+0	1.194500E+4
9.240000E-3	0.000000E+0	1.203500E+4
9.260000E-3	0.000000E+0	1.204800E+4
9.280000E-3	0.000000E+0	1.217400E+4
9.300000E-3	0.000000E+0	1.212200E+4
9.320000E-3	0.000000E+0	1.219400E+4
9.340000E-3	0.000000E+0	1.210000E+4
9.360000E-3	0.000000E+0	1.203200E+4
9.380000E-3	0.000000E+0	1.216900E+4
9.400000E-3	0.000000E+0	1.204600E+4
9.420000E-3	0.000000E+0	1.203700E+4
9.440000E-3	0.000000E+0	1.193700E+4
9.460000E-3	0.000000E+0	1.209500E+4
9.480000E-3	0.000000E+0	1.200000E+4
9.500000E-3	0.000000E+0	1.209200E+4
9.520000E-3	0.000000E+0	1.211800E+4
9.540000E-3	0.000000E+0	1.209100E+4
9.560000E-3	0.000000E+0	1.232000E+4
9.580000E-3	0.000000E+0	1.222600E+4
9.600000E-3	0.000000E+0	1.208000E+4
9.620000E-3	0.000000E+0	1.221300E+4
9.640000E-3	0.000000E+0	1.194700E+4
9.660000E-3	0.000000E+0	1.215200E+4
9.680000E-3	0.000000E+0	1.220000E+4
9.700000E-3	0.000000E+0	1.215900E+4
9.720000E-3	0.000000E+0	1.231500E+4
9.740000E-3	0.000000E+0	1.180700E+4
9.760000E-3	0.000000E+0	1.223000E+4
9.780000E-3	0.000000E+0	1.232600E+4
9.800000E-3	0.000000E+0	1.232400E+4
9.820000E-3	0.000000E+0	1.221300E+4
9.840000E-3	0.000000E+0	1.205700E+4
9.860000E-3	0.000000E+0	1.228400E+4
9.880000E-3	0.000000E+0	1.219500E+4
9.900000E-3	0.000000E+0	1.212200E+4
9.920000E-3	0.000000E+0	1.195400E+4
9.940000E-3	0.000000E+0	1.198600E+4
9.960000E-3	0.000000E+0	1.207500E+4
9.980000E-3	0.000000E+0	1.208400E+4
1.000000E-2	0.000000E+0	1.211600E+4
1.002000E-2	0.000000E+0	1.212200E+4
1.004000E-2	0.000000E+0	1.231900E+4
1.006000E-2	0.000000E+0	1.224900E+4
1.008000E-2	0.000000E+0	1.201500E+4
1.010000E-2	0.000000E+0	1.210400E+4
1.012000E-2	0.000000E+0	1.207100E+4
1.014000E-2	0.000000E+0	1.222600E+4
1.016000E-2	0.000000E+0	1.218200E+4
1.018000E-2	0.000000E+0	1.211200E+4
1.020000E-2	0.000000E+0	1.209600E+4
1.022000E-2	0.000000E+0	1.218600E+4
1.024000E-2	0.000000E+0	1.221400E+4
1.026000E-2	0.000000E+0	1.211700E+4
1.028000E-2	0.000000E+0	1.221200E+4
1.030000E-2	0.000000E+0	1.219600E+4
1.032000E-2	0.000000E+0	1.202300E+4
1.034000E-2	0.000000E+0	1.223700E+4
1.036000E-2	0.000000E+0	1.220700E+4
1.038000E-2	0.000000E+0	1.205300E+4
1.040000E-2	0.000000E+0	1.211000E+4
1.042000E-2	0.000000E+0	1.197100E+4
1.044000E-2	0.000000E+0	1.209900E+4
1.046000E-2	0.000000E+0	1.225800E+4
1.048000E-2	0.000000E+0	1.216100E+4
1.050000E-2	0.000000E+0	1.208500E+4
1.052000E-2	0.000000E+0	1.205400E+4
1.054000E-2	0.000000E+0	1.214700E+4
1.056000E-2	0.000000E+0	1.196700E+4
1.058000E-2	0.000000E+0	1.209400E+4
1.060000E-2	0.000000E+0	1.202000E+4
1.062000E-2	0.000000E+0	1.208300E+4
1.064000E-2	0.000000E+0	1.229600E+4
1.066000E-2	0.000000E+0	1.207200E+4
1.068000E-2	0.000000E+0	1.206000E+4
1.070000E-2	0.000000E+0	1.204100E+4
1.072000E-2	0.000000E+0	1.225200E+4
1.074000E-2	0.000000E+0	1.201700E+4
1.076000E-2	0.000000E+0	1.222000E+4
1.078000E-2	0.000000E+0	1.219800E+4
1.080000E-2	0.000000E+0	1.206900E+4
1.082000E-2	0.000000E+0	1.226400E+4
1.084000E-2	0.000000E+0	1.204200E+4
1.086000E-2	0.000000E+0	1.222400E+4
1.088000E-2	0.000000E+0	1.225400E+4
1.090000E-2	0.000000E+0	1.218800E+4
1.092000E-2	0.000000E+0	1.217000E+4
1.094000E-2	0.000000E+0	1.214000E+4
1.096000E-2	0.000000E+0	1.201500E+4
1.098000E-2	0.000000E+0	1.221800E+4
1.100000E-2	0.000000E+0	1.228300E+4
1.102000E-2	0.000000E+0	1.228100E+4
1.104000E-2	0.000000E+0	1.205000E+4
1.106000E-2	0.000000E+0	1.208800E+4
1.108000E-2	0.000000E+0	1.208000E+4
1.110000E-2	0.000000E+0	1.219600E+4
1.112000E-2	0.000000E+0	1.209900E+4
1.114000E-2	0.000000E+0	1.202500E+4
1.116000E-2	0.000000E+0	1.207800E+4
1.118000E-2	0.000000E+0	1.211800E+4
1.120000E-2	0.000000E+0	1.226200E+4
1.122000E-2	0.000000E+0	1.213600E+4
1.124000E-2	0.000000E+0	1.216400E+4
1.126000E-2	0.000000E+0	1.219600E+4
1.128000E-2	0.000000E+0	1.209100E+4
1.130000E-2	0.000000E+0	1.223100E+4
1.132000E-2	0.000000E+0	1.235500E+4
1.134000E-2	0.000000E+0	1.210600E+4
1.136000E-2	0.000000E+0	1.208800E+4
1.138000E-2	0.000000E+0	1.212600E+4
1.140000E-2	0.000000E+0	1.197000E+4
1.142000E-2	0.000000E+0	1.217500E+4
1.144000E-2	0.000000E+0	1.226300E+4
1.146000E-2	0.000000E+0	1.220600E+4
1.148000E-2	0.000000E+0	1.201400E+4
1.150000E-2	0.000000E+0	1.230000E+4
1.152000E-2	0.000000E+0	1.205000E+4
1.154000E-2	0.000000E+0	1.218800E+4
1.156000E-2	0.000000E+0	1.206900E+4
1.158000E-2	0.000000E+0	1.208900E+4
1.160000E-2	0.000000E+0	1.207400E+4
1.162000E-2	0.000000E+0	1.209600E+4
1.164000E-2	0.000000E+0	1.194200E+4
1.166000E-2	0.000000E+0	1.216700E+4
1.168000E-2	0.000000E+0	1.225000E+4
1.170000E-2	0.000000E+0	1.223900E+4
1.172000E-2	0.000000E+0	1.237900E+4
1.174000E-2	0.000000E+0	1.223200E+4
1.176000E-2	0.000000E+0	1.193800E+4
1.178000E-2	0.000000E+0	1.237800E+4
1.180000E-2	0.000000E+0	1.221500E+4
1.182000E-2	0.000000E+0	1.214800E+4
1.184000E-2	0.000000E+0	1.203400E+4
1.186000E-2	0.000000E+0	1.228800E+4
1.188000E-2	0.000000E+0	1.229000E+4
1.190000E-2	0.000000E+0	1.207500E+4
1.192000E-2	0.000000E+0	1.216400E+4
1.194000E-2	0.000000E+0	1.215400E+4
1.196000E-2	0.000000E+0	1.219400E+4
1.198000E-2	0.000000E+0	1.211300E+4
1.200000E-2	0.000000E+0	1.194100E+4
1.202000E-2	0.000000E+0	1.201200E+4
1.204000E-2	0.000000E+0	1.219800E+4
1.206000E-2	0.000000E+0	1.223700E+4
1.208000E-2	0.000000E+0	1.200300E+4
1.210000E-2	0.000000E+0	1.221200E+4
1.212000E-2	0.000000E+0	1.210500E+4
1.214000E-2	0.000000E+0	1.227400E+4
1.216000E-2	0.000000E+0	1.210200E+4
1.218000E-2	0.000000E+0	1.198400E+4
1.220000E-2	0.000000E+0	1.215500E+4
1.222000E-2	0.000000E+0	1.240200E+4
1.224000E-2	0.000000E+0	1.197600E+4
1.226000E-2	0.000000E+0	1.204600E+4
1.228000E-2	0.000000E+0	1.205400E+4
1.230000E-2	0.000000E+0	1.228000E+4
1.232000E-2	0.000000E+0	1.196600E+4
1.234000E-2	0.000000E+0	1.219800E+4
1.236000E-2	0.000000E+0	1.243800E+4
1.238000E-2	0.000000E+0	1.220800E+4
1.240000E-2	0.000000E+0	1.196200E+4
1.242000E-2	0.000000E+0	1.190700E+4
1.244000E-2	0.000000E+0	1.225400E+4
1.246000E-2	0.000000E+0	1.216800E+4
1.248000E-2	0.000000E+0	1.243800E+4
1.250000E-2	0.000000E+0	1.234100E+4
1.252000E-2	0.000000E+0	1.234600E+4
1.254000E-2	0.000000E+0	1.207300E+4
1.256000E-2	0.000000E+0	1.196500E+4
1.258000E-2	0.000000E+0	1.206700E+4
1.260000E-2	0.000000E+0	1.207300E+4
1.262000E-2	0.000000E+0	1.179300E+4
1.264000E-2	0.000000E+0	1.213100E+4
1.266000E-2	0.000000E+0	1.209200E+4
1.268000E-2	0.000000E+0	1.211700E+4
1.270000E-2	0.000000E+0	1.193700E+4
1.272000E-2	0.000000E+0	1.224300E+4
1.274000E-2	0.000000E+0	1.213000E+4
1.276000E-2	0.000000E+0	1.208200E+4
1.278000E-2	0.000000E+0	1.207600E+4
1.280000E-2	0.000000E+0	1.220200E+4
1.282000E-2	0.000000E+0	1.221800E+4
1.284000E-2	0.000000E+0	1.202600E+4
1.286000E-2	0.000000E+0	1.223700E+4
1.288000E-2	0.000000E+0	1.203000E+4
1.290000E-2	0.000000E+0	1.193100E+4
1.292000E-2	0.000000E+0	1.215700E+4
1.294000E-2	0.000000E+0	1.220200E+4
1.296000E-2	0.000000E+0	1.218300E+4
1.298000E-2	0.000000E+0	1.219200E+4
1.300000E-2	0.000000E+0	1.193600E+4
1.302000E-2	0.000000E+0	1.202000E+4
1.304000E-2	0.000000E+0	1.199000E+4
1.306000E-2	0.000000E+0	1.211700E+4
1.308000E-2	0.000000E+0	1.206400E+4
1.310000E-2	0.000000E+0	1.195500E+4
1.312000E-2	0.000000E+0	1.200800E+4
1.314000E-2	0.000000E+0	1.204700E+4
1.316000E-2	0.000000E+0	1.197600E+4
1.318000E-2	0.000000E+0	1.207000E+4
1.320000E-2	0.000000E+0	1.197600E+4
1.322000E-2	0.000000E+0	1.214400E+4
1.324000E-2	0.000000E+0	1.198500E+4
1.326000E-2	0.000000E+0	1.201300E+4
1.328000E-2	0.000000E+0	1.224800E+4
1.330000E-2	0.000000E+0	1.230500E+4
1.332000E-2	0.000000E+0	1.221600E+4
1.334000E-2	0.000000E+0	1.195800E+4
1.336000E-2	0.000000E+0	1.229800E+4
1.338000E-2	0.000000E+0	1.203000E+4
1.340000E-2	0.000000E+0	1.199100E+4
1.342000E-2	0.000000E+0	1.228400E+4
1.344000E-2	0.000000E+0	1.214700E+4
1.346000E-2	0.000000E+0	1.195600E+4
1.348000E-2	0.000000E+0	1.218600E+4
1.350000E-2	0.000000E+0	1.201500E+4
1.352000E-2	0.000000E+0	1.204300E+4
1.354000E-2	0.000000E+0	1.188100E+4
1.356000E-2	0.000000E+0	1.227500E+4
1.358000E-2	0.000000E+0	1.215000E+4
1.360000E-2	0.000000E+0	1.197800E+4
1.362000E-2	0.000000E+0	1.195500E+4
1.364000E-2	0.000000E+0	1.193900E+4
1.366000E-2	0.000000E+0	1.183000E+4
1.368000E-2	0.000000E+0	1.195500E+4
1.370000E-2	0.000000E+0	1.207800E+4
1.372000E-2	0.000000E+0	1.207300E+4
1.374000E-2	0.000000E+0	1.199900E+4
1.376000E-2	0.000000E+0	1.193100E+4
1.378000E-2	0.000000E+0	1.202400E+4
1.380000E-2	0.000000E+0	1.189500E+4
1.382000E-2	0.000000E+0	1.210500E+4
1.384000E-2	0.000000E+0	1.189000E+4
1.386000E-2	0.000000E+0	1.202100E+4
1.388000E-2	0.000000E+0	1.201500E+4
1.390000E-2	0.000000E+0	1.195100E+4
1.392000E-2	0.000000E+0	1.202300E+4
1.394000E-2	0.000000E+0	1.204700E+4
1.396000E-2	0.000000E+0	1.201400E+4
1.398000E-2	0.000000E+0	1.199700E+4
1.400000E-2	0.000000E+0	1.218700E+4
1.402000E-2	0.000000E+0	1.183800E+4
1.404000E-2	0.000000E+0	1.204700E+4
1.406000E-2	0.000000E+0	1.208300E+4
1.408000E-2	0.000000E+0	1.193700E+4
1.410000E-2	0.000000E+0	1.197800E+4
1.412000E-2	0.000000E+0	1.172700E+4
1.414000E-2	0.000000E+0	1.184800E+4
1.416000E-2	0.000000E+0	1.195000E+4
1.418000E-2	0.000000E+0	1.173600E+4
1.420000E-2	0.000000E+0	1.188000E+4
1.422000E-2	0.000000E+0	1.165300E+4
1.424000E-2	0.000000E+0	1.183900E+4
1.426000E-2	0.000000E+0	1.185100E+4
1.428000E-2	0.000000E+0	1.175200E+4
1.430000E-2	0.000000E+0	1.176200E+4
1.432000E-2	0.000000E+0	1.182300E+4
1.434000E-2	0.000000E+0	1.173600E+4
1.436000E-2	0.000000E+0	1.188700E+4
1.438000E-2	0.000000E+0	1.171900E+4
1.440000E-2	0.000000E+0	1.166500E+4
1.442000E-2	0.000000E+0	1.168700E+4
1.444000E-2	0.000000E+0	1.185200E+4
1.446000E-2	0.000000E+0	1.165400E+4
1.448000E-2	0.000000E+0	1.163400E+4
1.450000E-2	0.000000E+0	1.170000E+4
1.452000E-2	0.000000E+0	1.162300E+4
1.454000E-2	0.000000E+0	1.144900E+4
1.456000E-2	0.000000E+0	1.136000E+4
1.458000E-2	0.000000E+0	1.135400E+4
1.460000E-2	0.000000E+0	1.161700E+4
1.462000E-2	0.000000E+0	1.141100E+4
1.464000E-2	0.000000E+0	1.101200E+4
1.466000E-2	0.000000E+0	1.121900E+4
1.468000E-2	0.000000E+0	1.122500E+4
1.470000E-2	0.000000E+0	1.114300E+4
1.472000E-2	0.000000E+0	1.096500E+4
1.474000E-2	0.000000E+0	1.106000E+4
1.476000E-2	0.000000E+0	1.077500E+4
1.478000E-2	0.000000E+0	1.076900E+4
1.480000E-2	0.000000E+0	1.077900E+4
1.482000E-2	0.000000E+0	1.070600E+4
1.484000E-2	0.000000E+0	1.049800E+4
1.486000E-2	0.000000E+0	1.054100E+4
1.488000E-2	0.000000E+0	1.020600E+4
1.490000E-2	0.000000E+0	1.036400E+4
1.492000E-2	0.000000E+0	1.003900E+4
1.494000E-2	0.000000E+0	9.967000E+3
1.496000E-2	0.000000E+0	1.000000E+4
1.498000E-2	0.000000E+0	9.821000E+3
1.500000E-2	0.000000E+0	9.838000E+3
1.502000E-2	0.000000E+0	9.924000E+3
1.504000E-2	0.000000E+0	9.905000E+3
1.506000E-2	0.000000E+0	9.878000E+3
1.508000E-2	0.000000E+0	1.013400E+4
1.510000E-2	0.000000E+0	1.000800E+4
1.512000E-2	0.000000E+0	1.004900E+4
1.514000E-2	0.000000E+0	1.018900E+4
1.516000E-2	0.000000E+0	1.027700E+4
1.518000E-2	0.000000E+0	1.012700E+4
1.520000E-2	0.000000E+0	1.048400E+4
1.522000E-2	0.000000E+0	1.034200E+4
1.524000E-2	0.000000E+0	1.064200E+4
1.526000E-2	0.000000E+0	1.049000E+4
1.528000E-2	0.000000E+0	1.080400E+4
1.530000E-2	0.000000E+0	1.065600E+4
1.532000E-2	0.000000E+0	1.098600E+4
1.534000E-2	0.000000E+0	1.076400E+4
1.536000E-2	0.000000E+0	1.091600E+4
1.538000E-2	0.000000E+0	1.118600E+4
1.540000E-2	0.000000E+0	1.092800E+4
1.542000E-2	0.000000E+0	1.120500E+4
1.544000E-2	0.000000E+0	1.137100E+4
1.546000E-2	0.000000E+0	1.135600E+4
1.548000E-2	0.000000E+0	1.131800E+4
1.550000E-2	0.000000E+0	1.139100E+4
1.552000E-2	0.000000E+0	1.140100E+4
1.554000E-2	0.000000E+0	1.133900E+4
1.556000E-2	0.000000E+0	1.143900E+4
1.558000E-2	0.000000E+0	1.178700E+4
1.560000E-2	0.000000E+0	1.165000E+4
1.562000E-2	0.000000E+0	1.169800E+4
1.564000E-2	0.000000E+0	1.171900E+4
1.566000E-2	0.000000E+0	1.176500E+4
1.568000E-2	0.000000E+0	1.178500E+4
1.570000E-2	0.000000E+0	1.186900E+4
1.572000E-2	0.000000E+0	1.179000E+4
1.574000E-2	0.000000E+0	1.209100E+4
1.576000E-2	0.000000E+0	1.186700E+4
1.578000E-2	0.000000E+0	1.205600E+4
1.580000E-2	0.000000E+0	1.193600E+4
1.582000E-2	0.000000E+0	1.183500E+4
1.584000E-2	0.000000E+0	1.196900E+4
1.586000E-2	0.000000E+0	1.219100E+4
1.588000E-2	0.000000E+0	1.198000E+4
1.590000E-2	0.000000E+0	1.199000E+4
1.592000E-2	0.000000E+0	1.212300E+4
1.594000E-2	0.000000E+0	1.205100E+4
1.596000E-2	0.000000E+0	1.192800E+4
1.598000E-2	0.000000E+0	1.194100E+4
1.600000E-2	0.000000E+0	1.194100E+4
1.602000E-2	0.000000E+0	1.215800E+4
1.604000E-2	0.000000E+0	1.216600E+4
1.606000E-2	0.000000E+0	1.221600E+4
1.608000E-2	0.000000E+0	1.191400E+4
1.610000E-2	0.000000E+0	1.207600E+4
1.612000E-2	0.000000E+0	1.226200E+4
1.614000E-2	0.000000E+0	1.206600E+4
1.616000E-2	0.000000E+0	1.220700E+4
1.618000E-2	0.000000E+0	1.216700E+4
1.620000E-2	0.000000E+0	1.202800E+4
1.622000E-2	0.000000E+0	1.191900E+4
1.624000E-2	0.000000E+0	1.203800E+4
1.626000E-2	0.000000E+0	1.206300E+4
1.628000E-2	0.000000E+0	1.221100E+4
1.630000E-2	0.000000E+0	1.214800E+4
1.632000E-2	0.000000E+0	1.212300E+4
1.634000E-2	0.000000E+0	1.207900E+4
1.636000E-2	0.000000E+0	1.199700E+4
1.638000E-2	0.000000E+0	1.230000E+4
1.640000E-2	0.000000E+0	1.199500E+4
1.642000E-2	0.000000E+0	1.199100E+4
1.644000E-2	0.000000E+0	1.215800E+4
1.646000E-2	0.000000E+0	1.213300E+4
1.648000E-2	0.000000E+0	1.218700E+4
1.650000E-2	0.000000E+0	1.217800E+4
1.652000E-2	0.000000E+0	1.191800E+4
1.654000E-2	0.000000E+0	1.200900E+4
1.656000E-2	0.000000E+0	1.197200E+4
1.658000E-2	0.000000E+0	1.209300E+4
1.660000E-2	0.000000E+0	1.209800E+4
1.662000E-2	0.000000E+0	1.221200E+4
1.664000E-2	0.000000E+0	1.213700E+4
1.666000E-2	0.000000E+0	1.205000E+4
1.668000E-2	0.000000E+0	1.223400E+4
1.670000E-2	0.000000E+0	1.210400E+4
1.672000E-2	0.000000E+0	1.214200E+4
1.674000E-2	0.000000E+0	1.198300E+4
1.676000E-2	0.000000E+0	1.204100E+4
1.678000E-2	0.000000E+0	1.217300E+4
1.680000E-2	0.000000E+0	1.203200E+4
1.682000E-2	0.000000E+0	1.204600E+4
1.684000E-2	0.000000E+0	1.224900E+4
1.686000E-2	0.000000E+0	1.204400E+4
1.688000E-2	0.000000E+0	1.221400E+4
1.690000E-2	0.000000E+0	1.217100E+4
1.692000E-2	0.000000E+0	1.195400E+4
1.694000E-2	0.000000E+0	1.218500E+4
1.696000E-2	0.000000E+0	1.202000E+4
1.698000E-2	0.000000E+0	1.217200E+4
1.700000E-2	0.000000E+0	1.196600E+4
1.702000E-2	0.000000E+0	1.215100E+4
1.704000E-2	0.000000E+0	1.211100E+4
1.706000E-2	0.000000E+0	1.206500E+4
1.708000E-2	0.000000E+0	1.187900E+4
1.710000E-2	0.000000E+0	1.195000E+4
1.712000E-2	0.000000E+0	1.217700E+4
1.714000E-2	0.000000E+0	1.214200E+4
1.716000E-2	0.000000E+0	1.199400E+4
1.718000E-2	0.000000E+0	1.195000E+4
1.720000E-2	0.000000E+0	1.224800E+4
1.722000E-2	0.000000E+0	1.206300E+4
1.724000E-2	0.000000E+0	1.211600E+4
1.726000E-2	0.000000E+0	1.232600E+4
1.728000E-2	0.000000E+0	1.227500E+4
1.730000E-2	0.000000E+0	1.209100E+4
1.732000E-2	0.000000E+0	1.206400E+4
1.734000E-2	0.000000E+0	1.208400E+4
1.736000E-2	0.000000E+0	1.203800E+4
1.738000E-2	0.000000E+0	1.192600E+4
1.740000E-2	0.000000E+0	1.197400E+4
1.742000E-2	0.000000E+0	1.205300E+4
1.744000E-2	0.000000E+0	1.210200E+4
1.746000E-2	0.000000E+0	1.192000E+4
1.748000E-2	0.000000E+0	1.209600E+4
1.750000E-2	0.000000E+0	1.200800E+4
1.752000E-2	0.000000E+0	1.195700E+4
1.754000E-2	0.000000E+0	1.209600E+4
1.756000E-2	0.000000E+0	1.202100E+4
1.758000E-2	0.000000E+0	1.197900E+4
1.760000E-2	0.000000E+0	1.201500E+4
1.762000E-2	0.000000E+0	1.203200E+4
1.764000E-2	0.000000E+0	1.210800E+4
1.766000E-2	0.000000E+0	1.201300E+4
1.768000E-2	0.000000E+0	1.205500E+4
1.770000E-2	0.000000E+0	1.195100E+4
1.772000E-2	0.000000E+0	1.191300E+4
1.774000E-2	0.000000E+0	1.220600E+4
1.776000E-2	0.000000E+0	1.199400E+4
1.778000E-2	0.000000E+0	1.208300E+4
1.780000E-2	0.000000E+0	1.193300E+4
1.782000E-2	0.000000E+0	1.208200E+4
1.784000E-2	0.000000E+0	1.193000E+4
1.786000E-2	0.000000E+0	1.198600E+4
1.788000E-2	0.000000E+0	1.203300E+4
1.790000E-2	0.000000E+0	1.176000E+4
1.792000E-2	0.000000E+0	1.193100E+4
1.794000E-2	0.000000E+0	1.191800E+4
1.796000E-2	0.000000E+0	1.179400E+4
1.798000E-2	0.000000E+0	1.189400E+4
1.800000E-2	0.000000E+0	1.171900E+4
1.802000E-2	0.000000E+0	1.188800E+4
1.804000E-2	0.000000E+0	1.189400E+4
1.806000E-2	0.000000E+0	1.170100E+4
1.808000E-2	0.000000E+0	1.163800E+4
1.810000E-2	0.000000E+0	1.183000E+4
1.812000E-2	0.000000E+0	1.164400E+4
1.814000E-2	0.000000E+0	1.173400E+4
1.816000E-2	0.000000E+0	1.151000E+4
1.818000E-2	0.000000E+0	1.159800E+4
1.820000E-2	0.000000E+0	1.153000E+4
1.822000E-2	0.000000E+0	1.144400E+4
1.824000E-2	0.000000E+0	1.123300E+4
1.826000E-2	0.000000E+0	1.115800E+4
1.828000E-2	0.000000E+0	1.106500E+4
1.830000E-2	0.000000E+0	1.107600E+4
1.832000E-2	0.000000E+0	1.092200E+4
1.834000E-2	0.000000E+0	1.090400E+4
1.836000E-2	0.000000E+0	1.071800E+4
1.838000E-2	0.000000E+0	1.082600E+4
1.840000E-2	0.000000E+0	1.072800E+4
1.842000E-2	0.000000E+0	1.037000E+4
1.844000E-2	0.000000E+0	1.046200E+4
1.846000E-2	0.000000E+0	1.020400E+4
1.848000E-2	0.000000E+0	1.040300E+4
1.850000E-2	0.000000E+0	9.997000E+3
1.852000E-2	0.000000E+0	1.008500E+4
1.854000E-2	0.000000E+0	1.002200E+4
1.856000E-2	0.000000E+0	9.999000E+3
1.858000E-2	0.000000E+0	9.831000E+3
1.860000E-2	0.000000E+0	9.868000E+3
1.862000E-2	0.000000E+0	9.664000E+3
1.864000E-2	0.000000E+0	9.868000E+3
1.866000E-2	0.000000E+0	9.969000E+3
1.868000E-2	0.000000E+0	9.746000E+3
1.870000E-2	0.000000E+0	9.888000E+3
1.872000E-2	0.000000E+0	9.933000E+3
1.874000E-2	0.000000E+0	1.017800E+4
1.876000E-2	0.000000E+0	1.021500E+4
1.878000E-2	0.000000E+0	1.029100E+4
1.880000E-2	0.000000E+0	1.047000E+4
1.882000E-2	0.000000E+0	1.070000E+4
1.884000E-2	0.000000E+0	1.068300E+4
1.886000E-2	0.000000E+0	1.091600E+4
1.888000E-2	0.000000E+0	1.067400E+4
1.890000E-2	0.000000E+0	1.089600E+4
1.892000E-2	0.000000E+0	1.096900E+4
1.894000E-2	0.000000E+0	1.122100E+4
1.896000E-2	0.000000E+0	1.116300E+4
1.898000E-2	0.000000E+0	1.124200E+4
1.900000E-2	0.000000E+0	1.124700E+4
1.902000E-2	0.000000E+0	1.133000E+4
1.904000E-2	0.000000E+0	1.155600E+4
1.906000E-2	0.000000E+0	1.129900E+4
1.908000E-2	0.000000E+0	1.162500E+4
1.910000E-2	0.000000E+0	1.144300E+4
1.912000E-2	0.000000E+0	1.160600E+4
1.914000E-2	0.000000E+0	1.151000E+4
1.916000E-2	0.000000E+0	1.166400E+4
1.918000E-2	0.000000E+0	1.170900E+4
1.920000E-2	0.000000E+0	1.197200E+4
1.922000E-2	0.000000E+0	1.174900E+4
1.924000E-2	0.000000E+0	1.173400E+4
1.926000E-2	0.000000E+0	1.179800E+4
1.928000E-2	0.000000E+0	1.186400E+4
1.930000E-2	0.000000E+0	1.188500E+4
1.932000E-2	0.000000E+0	1.174600E+4
1.934000E-2	0.000000E+0	1.210700E+4
1.936000E-2	0.000000E+0	1.199000E+4
1.938000E-2	0.000000E+0	1.200400E+4
1.940000E-2	0.000000E+0	1.197000E+4
1.942000E-2	0.000000E+0	1.200300E+4
1.944000E-2	0.000000E+0	1.200100E+4
1.946000E-2	0.000000E+0	1.188900E+4
1.948000E-2	0.000000E+0	1.215300E+4
1.950000E-2	0.000000E+0	1.195400E+4
1.952000E-2	0.000000E+0	1.209700E+4
1.954000E-2	0.000000E+0	1.192700E+4
1.956000E-2	0.000000E+0	1.193100E+4
1.958000E-2	0.000000E+0	1.216500E+4
1.960000E-2	0.000000E+0	1.205300E+4
1.962000E-2	0.000000E+0	1.193800E+4
1.964000E-2	0.000000E+0	1.211000E+4
1.966000E-2	0.000000E+0	1.192200E+4
1.968000E-2	0.000000E+0	1.205600E+4
1.970000E-2	0.000000E+0	1.209800E+4
1.972000E-2	0.000000E+0	1.206900E+4
1.974000E-2	0.000000E+0	1.202100E+4
1.976000E-2	0.000000E+0	1.213100E+4
1.978000E-2	0.000000E+0	1.199400E+4
1.980000E-2	0.000000E+0	1.209100E+4
1.982000E-2	0.000000E+0	1.210000E+4
1.984000E-2	0.000000E+0	1.211200E+4
1.986000E-2	0.000000E+0	1.219400E+4
1.988000E-2	0.000000E+0	1.195800E+4
1.990000E-2	0.000000E+0	1.244600E+4
1.992000E-2	0.000000E+0	1.213800E+4
1.994000E-2	0.000000E+0	1.217800E+4
1.996000E-2	0.000000E+0	1.205000E+4
1.998000E-2	0.000000E+0	1.209100E+4
