

live time:  59035.140000
real time:  68402.279000
sweeps:  2951757.000000
0.000000E+0	0.000000E+0	0.000000E+0
2.000000E-5	0.000000E+0	7.641400E+4
4.000000E-5	0.000000E+0	7.709000E+4
6.000000E-5	0.000000E+0	7.733500E+4
8.000000E-5	0.000000E+0	7.689700E+4
1.000000E-4	0.000000E+0	7.729700E+4
1.200000E-4	0.000000E+0	7.668800E+4
1.400000E-4	0.000000E+0	7.749800E+4
1.600000E-4	0.000000E+0	7.767400E+4
1.800000E-4	0.000000E+0	7.743700E+4
2.000000E-4	0.000000E+0	7.753600E+4
2.200000E-4	0.000000E+0	7.726500E+4
2.400000E-4	0.000000E+0	7.732400E+4
2.600000E-4	0.000000E+0	7.727200E+4
2.800000E-4	0.000000E+0	7.712800E+4
3.000000E-4	0.000000E+0	7.709600E+4
3.200000E-4	0.000000E+0	7.751100E+4
3.400000E-4	0.000000E+0	7.685000E+4
3.600000E-4	0.000000E+0	7.695000E+4
3.800000E-4	0.000000E+0	7.688100E+4
4.000000E-4	0.000000E+0	7.722000E+4
4.200000E-4	0.000000E+0	7.711500E+4
4.400000E-4	0.000000E+0	7.750700E+4
4.600000E-4	0.000000E+0	7.767700E+4
4.800000E-4	0.000000E+0	7.668900E+4
5.000000E-4	0.000000E+0	7.745300E+4
5.200000E-4	0.000000E+0	7.710200E+4
5.400000E-4	0.000000E+0	7.652400E+4
5.600000E-4	0.000000E+0	7.693900E+4
5.800000E-4	0.000000E+0	7.711700E+4
6.000000E-4	0.000000E+0	7.711600E+4
6.200000E-4	0.000000E+0	7.699900E+4
6.400000E-4	0.000000E+0	7.738000E+4
6.600000E-4	0.000000E+0	7.678700E+4
6.800000E-4	0.000000E+0	7.759900E+4
7.000000E-4	0.000000E+0	7.703400E+4
7.200000E-4	0.000000E+0	7.737600E+4
7.400000E-4	0.000000E+0	7.703100E+4
7.600000E-4	0.000000E+0	7.696300E+4
7.800000E-4	0.000000E+0	7.698800E+4
8.000000E-4	0.000000E+0	7.671600E+4
8.200000E-4	0.000000E+0	7.719200E+4
8.400000E-4	0.000000E+0	7.687200E+4
8.600000E-4	0.000000E+0	7.763100E+4
8.800000E-4	0.000000E+0	7.721700E+4
9.000000E-4	0.000000E+0	7.725000E+4
9.200000E-4	0.000000E+0	7.728700E+4
9.400000E-4	0.000000E+0	7.755700E+4
9.600000E-4	0.000000E+0	7.723600E+4
9.800000E-4	0.000000E+0	7.690400E+4
1.000000E-3	0.000000E+0	7.755400E+4
1.020000E-3	0.000000E+0	7.720800E+4
1.040000E-3	0.000000E+0	7.739500E+4
1.060000E-3	0.000000E+0	7.705600E+4
1.080000E-3	0.000000E+0	7.746300E+4
1.100000E-3	0.000000E+0	7.748300E+4
1.120000E-3	0.000000E+0	7.694500E+4
1.140000E-3	0.000000E+0	7.727600E+4
1.160000E-3	0.000000E+0	7.688000E+4
1.180000E-3	0.000000E+0	7.682400E+4
1.200000E-3	0.000000E+0	7.737600E+4
1.220000E-3	0.000000E+0	7.762800E+4
1.240000E-3	0.000000E+0	7.736700E+4
1.260000E-3	0.000000E+0	7.702700E+4
1.280000E-3	0.000000E+0	7.698600E+4
1.300000E-3	0.000000E+0	7.704600E+4
1.320000E-3	0.000000E+0	7.718800E+4
1.340000E-3	0.000000E+0	7.703300E+4
1.360000E-3	0.000000E+0	7.674800E+4
1.380000E-3	0.000000E+0	7.701200E+4
1.400000E-3	0.000000E+0	7.746200E+4
1.420000E-3	0.000000E+0	7.735700E+4
1.440000E-3	0.000000E+0	7.687100E+4
1.460000E-3	0.000000E+0	7.719900E+4
1.480000E-3	0.000000E+0	7.679700E+4
1.500000E-3	0.000000E+0	7.752300E+4
1.520000E-3	0.000000E+0	7.696900E+4
1.540000E-3	0.000000E+0	7.710500E+4
1.560000E-3	0.000000E+0	7.717400E+4
1.580000E-3	0.000000E+0	7.702700E+4
1.600000E-3	0.000000E+0	7.678400E+4
1.620000E-3	0.000000E+0	7.680600E+4
1.640000E-3	0.000000E+0	7.739700E+4
1.660000E-3	0.000000E+0	7.697600E+4
1.680000E-3	0.000000E+0	7.701000E+4
1.700000E-3	0.000000E+0	7.725700E+4
1.720000E-3	0.000000E+0	7.741900E+4
1.740000E-3	0.000000E+0	7.695500E+4
1.760000E-3	0.000000E+0	7.721800E+4
1.780000E-3	0.000000E+0	7.728600E+4
1.800000E-3	0.000000E+0	7.702900E+4
1.820000E-3	0.000000E+0	7.669400E+4
1.840000E-3	0.000000E+0	7.693300E+4
1.860000E-3	0.000000E+0	7.704100E+4
1.880000E-3	0.000000E+0	7.719000E+4
1.900000E-3	0.000000E+0	7.740800E+4
1.920000E-3	0.000000E+0	7.717700E+4
1.940000E-3	0.000000E+0	7.720400E+4
1.960000E-3	0.000000E+0	7.734900E+4
1.980000E-3	0.000000E+0	7.701900E+4
2.000000E-3	0.000000E+0	7.674700E+4
2.020000E-3	0.000000E+0	7.721700E+4
2.040000E-3	0.000000E+0	7.724800E+4
2.060000E-3	0.000000E+0	7.741400E+4
2.080000E-3	0.000000E+0	7.705000E+4
2.100000E-3	0.000000E+0	7.726800E+4
2.120000E-3	0.000000E+0	7.749600E+4
2.140000E-3	0.000000E+0	7.723900E+4
2.160000E-3	0.000000E+0	7.690100E+4
2.180000E-3	0.000000E+0	7.711800E+4
2.200000E-3	0.000000E+0	7.665400E+4
2.220000E-3	0.000000E+0	7.760900E+4
2.240000E-3	0.000000E+0	7.708400E+4
2.260000E-3	0.000000E+0	7.679700E+4
2.280000E-3	0.000000E+0	7.724200E+4
2.300000E-3	0.000000E+0	7.760600E+4
2.320000E-3	0.000000E+0	7.729200E+4
2.340000E-3	0.000000E+0	7.700900E+4
2.360000E-3	0.000000E+0	7.705900E+4
2.380000E-3	0.000000E+0	7.758500E+4
2.400000E-3	0.000000E+0	7.691500E+4
2.420000E-3	0.000000E+0	7.683000E+4
2.440000E-3	0.000000E+0	7.713800E+4
2.460000E-3	0.000000E+0	7.737000E+4
2.480000E-3	0.000000E+0	7.685900E+4
2.500000E-3	0.000000E+0	7.702500E+4
2.520000E-3	0.000000E+0	7.699500E+4
2.540000E-3	0.000000E+0	7.702500E+4
2.560000E-3	0.000000E+0	7.692000E+4
2.580000E-3	0.000000E+0	7.710900E+4
2.600000E-3	0.000000E+0	7.739000E+4
2.620000E-3	0.000000E+0	7.644600E+4
2.640000E-3	0.000000E+0	7.704900E+4
2.660000E-3	0.000000E+0	7.650200E+4
2.680000E-3	0.000000E+0	7.711600E+4
2.700000E-3	0.000000E+0	7.701400E+4
2.720000E-3	0.000000E+0	7.723500E+4
2.740000E-3	0.000000E+0	7.683100E+4
2.760000E-3	0.000000E+0	7.696500E+4
2.780000E-3	0.000000E+0	7.732600E+4
2.800000E-3	0.000000E+0	7.602200E+4
2.820000E-3	0.000000E+0	7.754900E+4
2.840000E-3	0.000000E+0	7.708500E+4
2.860000E-3	0.000000E+0	7.712100E+4
2.880000E-3	0.000000E+0	7.677100E+4
2.900000E-3	0.000000E+0	7.701300E+4
2.920000E-3	0.000000E+0	7.757200E+4
2.940000E-3	0.000000E+0	7.712700E+4
2.960000E-3	0.000000E+0	7.715700E+4
2.980000E-3	0.000000E+0	7.728200E+4
3.000000E-3	0.000000E+0	7.764300E+4
3.020000E-3	0.000000E+0	7.759200E+4
3.040000E-3	0.000000E+0	7.730600E+4
3.060000E-3	0.000000E+0	7.720600E+4
3.080000E-3	0.000000E+0	7.698600E+4
3.100000E-3	0.000000E+0	7.723800E+4
3.120000E-3	0.000000E+0	7.732200E+4
3.140000E-3	0.000000E+0	7.724300E+4
3.160000E-3	0.000000E+0	7.707800E+4
3.180000E-3	0.000000E+0	7.761800E+4
3.200000E-3	0.000000E+0	7.675600E+4
3.220000E-3	0.000000E+0	7.704000E+4
3.240000E-3	0.000000E+0	7.750100E+4
3.260000E-3	0.000000E+0	7.708700E+4
3.280000E-3	0.000000E+0	7.709800E+4
3.300000E-3	0.000000E+0	7.722300E+4
3.320000E-3	0.000000E+0	7.671100E+4
3.340000E-3	0.000000E+0	7.669500E+4
3.360000E-3	0.000000E+0	7.711500E+4
3.380000E-3	0.000000E+0	7.701400E+4
3.400000E-3	0.000000E+0	7.639800E+4
3.420000E-3	0.000000E+0	7.680100E+4
3.440000E-3	0.000000E+0	7.690100E+4
3.460000E-3	0.000000E+0	7.729600E+4
3.480000E-3	0.000000E+0	7.684700E+4
3.500000E-3	0.000000E+0	7.667600E+4
3.520000E-3	0.000000E+0	7.738300E+4
3.540000E-3	0.000000E+0	7.714800E+4
3.560000E-3	0.000000E+0	7.640100E+4
3.580000E-3	0.000000E+0	7.674200E+4
3.600000E-3	0.000000E+0	7.681900E+4
3.620000E-3	0.000000E+0	7.696500E+4
3.640000E-3	0.000000E+0	7.674300E+4
3.660000E-3	0.000000E+0	7.713800E+4
3.680000E-3	0.000000E+0	7.725400E+4
3.700000E-3	0.000000E+0	7.639000E+4
3.720000E-3	0.000000E+0	7.676000E+4
3.740000E-3	0.000000E+0	7.740800E+4
3.760000E-3	0.000000E+0	7.677400E+4
3.780000E-3	0.000000E+0	7.718700E+4
3.800000E-3	0.000000E+0	7.688000E+4
3.820000E-3	0.000000E+0	7.606800E+4
3.840000E-3	0.000000E+0	7.658100E+4
3.860000E-3	0.000000E+0	7.576000E+4
3.880000E-3	0.000000E+0	7.644000E+4
3.900000E-3	0.000000E+0	7.663000E+4
3.920000E-3	0.000000E+0	7.594400E+4
3.940000E-3	0.000000E+0	7.591900E+4
3.960000E-3	0.000000E+0	7.566800E+4
3.980000E-3	0.000000E+0	7.544800E+4
4.000000E-3	0.000000E+0	7.479500E+4
4.020000E-3	0.000000E+0	7.414100E+4
4.040000E-3	0.000000E+0	7.305800E+4
4.060000E-3	0.000000E+0	7.157800E+4
4.080000E-3	0.000000E+0	6.891700E+4
4.100000E-3	0.000000E+0	6.548400E+4
4.120000E-3	0.000000E+0	6.092900E+4
4.140000E-3	0.000000E+0	5.637300E+4
4.160000E-3	0.000000E+0	5.445100E+4
4.180000E-3	0.000000E+0	5.571200E+4
4.200000E-3	0.000000E+0	6.013400E+4
4.220000E-3	0.000000E+0	6.417100E+4
4.240000E-3	0.000000E+0	6.728300E+4
4.260000E-3	0.000000E+0	6.950200E+4
4.280000E-3	0.000000E+0	7.049900E+4
4.300000E-3	0.000000E+0	7.173300E+4
4.320000E-3	0.000000E+0	7.310400E+4
4.340000E-3	0.000000E+0	7.419900E+4
4.360000E-3	0.000000E+0	7.474000E+4
4.380000E-3	0.000000E+0	7.476400E+4
4.400000E-3	0.000000E+0	7.578100E+4
4.420000E-3	0.000000E+0	7.574400E+4
4.440000E-3	0.000000E+0	7.592600E+4
4.460000E-3	0.000000E+0	7.631900E+4
4.480000E-3	0.000000E+0	7.636000E+4
4.500000E-3	0.000000E+0	7.628500E+4
4.520000E-3	0.000000E+0	7.648400E+4
4.540000E-3	0.000000E+0	7.563000E+4
4.560000E-3	0.000000E+0	7.628000E+4
4.580000E-3	0.000000E+0	7.620100E+4
4.600000E-3	0.000000E+0	7.604900E+4
4.620000E-3	0.000000E+0	7.523800E+4
4.640000E-3	0.000000E+0	7.525800E+4
4.660000E-3	0.000000E+0	7.494000E+4
4.680000E-3	0.000000E+0	7.480100E+4
4.700000E-3	0.000000E+0	7.369400E+4
4.720000E-3	0.000000E+0	7.307200E+4
4.740000E-3	0.000000E+0	7.182100E+4
4.760000E-3	0.000000E+0	6.890500E+4
4.780000E-3	0.000000E+0	6.544000E+4
4.800000E-3	0.000000E+0	6.033800E+4
4.820000E-3	0.000000E+0	5.567500E+4
4.840000E-3	0.000000E+0	5.313100E+4
4.860000E-3	0.000000E+0	5.481600E+4
4.880000E-3	0.000000E+0	5.918800E+4
4.900000E-3	0.000000E+0	6.339300E+4
4.920000E-3	0.000000E+0	6.668700E+4
4.940000E-3	0.000000E+0	7.048400E+4
4.960000E-3	0.000000E+0	7.217900E+4
4.980000E-3	0.000000E+0	7.357400E+4
5.000000E-3	0.000000E+0	7.497500E+4
5.020000E-3	0.000000E+0	7.523800E+4
5.040000E-3	0.000000E+0	7.551700E+4
5.060000E-3	0.000000E+0	7.552100E+4
5.080000E-3	0.000000E+0	7.617200E+4
5.100000E-3	0.000000E+0	7.638400E+4
5.120000E-3	0.000000E+0	7.620800E+4
5.140000E-3	0.000000E+0	7.600100E+4
5.160000E-3	0.000000E+0	7.556600E+4
5.180000E-3	0.000000E+0	7.600100E+4
5.200000E-3	0.000000E+0	7.613000E+4
5.220000E-3	0.000000E+0	7.729200E+4
5.240000E-3	0.000000E+0	7.639900E+4
5.260000E-3	0.000000E+0	7.650800E+4
5.280000E-3	0.000000E+0	7.635600E+4
5.300000E-3	0.000000E+0	7.579900E+4
5.320000E-3	0.000000E+0	7.625000E+4
5.340000E-3	0.000000E+0	7.559200E+4
5.360000E-3	0.000000E+0	7.538300E+4
5.380000E-3	0.000000E+0	7.506500E+4
5.400000E-3	0.000000E+0	7.453500E+4
5.420000E-3	0.000000E+0	7.334500E+4
5.440000E-3	0.000000E+0	7.089300E+4
5.460000E-3	0.000000E+0	6.803400E+4
5.480000E-3	0.000000E+0	6.473800E+4
5.500000E-3	0.000000E+0	6.440900E+4
5.520000E-3	0.000000E+0	6.689900E+4
5.540000E-3	0.000000E+0	7.061300E+4
5.560000E-3	0.000000E+0	7.285700E+4
5.580000E-3	0.000000E+0	7.458900E+4
5.600000E-3	0.000000E+0	7.480900E+4
5.620000E-3	0.000000E+0	7.540300E+4
5.640000E-3	0.000000E+0	7.635500E+4
5.660000E-3	0.000000E+0	7.580000E+4
5.680000E-3	0.000000E+0	7.633300E+4
5.700000E-3	0.000000E+0	7.614600E+4
5.720000E-3	0.000000E+0	7.620500E+4
5.740000E-3	0.000000E+0	7.590700E+4
5.760000E-3	0.000000E+0	7.640000E+4
5.780000E-3	0.000000E+0	7.624400E+4
5.800000E-3	0.000000E+0	7.577200E+4
5.820000E-3	0.000000E+0	7.635000E+4
5.840000E-3	0.000000E+0	7.588300E+4
5.860000E-3	0.000000E+0	7.510700E+4
5.880000E-3	0.000000E+0	7.400500E+4
5.900000E-3	0.000000E+0	7.327500E+4
5.920000E-3	0.000000E+0	7.069600E+4
5.940000E-3	0.000000E+0	6.844900E+4
5.960000E-3	0.000000E+0	6.518100E+4
5.980000E-3	0.000000E+0	6.460800E+4
6.000000E-3	0.000000E+0	6.689300E+4
6.020000E-3	0.000000E+0	7.036800E+4
6.040000E-3	0.000000E+0	7.307800E+4
6.060000E-3	0.000000E+0	7.428600E+4
6.080000E-3	0.000000E+0	7.510000E+4
6.100000E-3	0.000000E+0	7.554600E+4
6.120000E-3	0.000000E+0	7.611500E+4
6.140000E-3	0.000000E+0	7.643500E+4
6.160000E-3	0.000000E+0	7.619000E+4
6.180000E-3	0.000000E+0	7.596800E+4
6.200000E-3	0.000000E+0	7.668800E+4
6.220000E-3	0.000000E+0	7.658100E+4
6.240000E-3	0.000000E+0	7.649200E+4
6.260000E-3	0.000000E+0	7.574100E+4
6.280000E-3	0.000000E+0	7.648800E+4
6.300000E-3	0.000000E+0	7.623100E+4
6.320000E-3	0.000000E+0	7.599800E+4
6.340000E-3	0.000000E+0	7.624800E+4
6.360000E-3	0.000000E+0	7.628800E+4
6.380000E-3	0.000000E+0	7.548800E+4
6.400000E-3	0.000000E+0	7.602800E+4
6.420000E-3	0.000000E+0	7.561900E+4
6.440000E-3	0.000000E+0	7.469400E+4
6.460000E-3	0.000000E+0	7.440200E+4
6.480000E-3	0.000000E+0	7.298300E+4
6.500000E-3	0.000000E+0	7.183200E+4
6.520000E-3	0.000000E+0	6.947100E+4
6.540000E-3	0.000000E+0	6.706200E+4
6.560000E-3	0.000000E+0	6.474100E+4
6.580000E-3	0.000000E+0	6.141700E+4
6.600000E-3	0.000000E+0	5.720800E+4
6.620000E-3	0.000000E+0	5.361500E+4
6.640000E-3	0.000000E+0	5.454800E+4
6.660000E-3	0.000000E+0	5.885100E+4
6.680000E-3	0.000000E+0	6.441900E+4
6.700000E-3	0.000000E+0	6.814400E+4
6.720000E-3	0.000000E+0	7.127900E+4
6.740000E-3	0.000000E+0	7.312700E+4
6.760000E-3	0.000000E+0	7.367100E+4
6.780000E-3	0.000000E+0	7.471200E+4
6.800000E-3	0.000000E+0	7.515300E+4
6.820000E-3	0.000000E+0	7.544800E+4
6.840000E-3	0.000000E+0	7.516800E+4
6.860000E-3	0.000000E+0	7.578900E+4
6.880000E-3	0.000000E+0	7.569600E+4
6.900000E-3	0.000000E+0	7.589500E+4
6.920000E-3	0.000000E+0	7.600900E+4
6.940000E-3	0.000000E+0	7.632300E+4
6.960000E-3	0.000000E+0	7.638300E+4
6.980000E-3	0.000000E+0	7.572800E+4
7.000000E-3	0.000000E+0	7.633200E+4
7.020000E-3	0.000000E+0	7.603000E+4
7.040000E-3	0.000000E+0	7.552700E+4
7.060000E-3	0.000000E+0	7.565100E+4
7.080000E-3	0.000000E+0	7.509400E+4
7.100000E-3	0.000000E+0	7.469300E+4
7.120000E-3	0.000000E+0	7.350600E+4
7.140000E-3	0.000000E+0	7.245900E+4
7.160000E-3	0.000000E+0	7.125100E+4
7.180000E-3	0.000000E+0	7.064800E+4
7.200000E-3	0.000000E+0	7.015400E+4
7.220000E-3	0.000000E+0	6.925400E+4
7.240000E-3	0.000000E+0	6.689000E+4
7.260000E-3	0.000000E+0	6.325000E+4
7.280000E-3	0.000000E+0	5.982900E+4
7.300000E-3	0.000000E+0	5.543100E+4
7.320000E-3	0.000000E+0	5.455200E+4
7.340000E-3	0.000000E+0	5.691900E+4
7.360000E-3	0.000000E+0	6.129000E+4
7.380000E-3	0.000000E+0	6.613000E+4
7.400000E-3	0.000000E+0	6.977800E+4
7.420000E-3	0.000000E+0	7.210600E+4
7.440000E-3	0.000000E+0	7.351300E+4
7.460000E-3	0.000000E+0	7.401500E+4
7.480000E-3	0.000000E+0	7.446600E+4
7.500000E-3	0.000000E+0	7.520800E+4
7.520000E-3	0.000000E+0	7.589100E+4
7.540000E-3	0.000000E+0	7.623100E+4
7.560000E-3	0.000000E+0	7.590400E+4
7.580000E-3	0.000000E+0	7.619400E+4
7.600000E-3	0.000000E+0	7.625900E+4
7.620000E-3	0.000000E+0	7.689300E+4
7.640000E-3	0.000000E+0	7.617000E+4
7.660000E-3	0.000000E+0	7.653200E+4
7.680000E-3	0.000000E+0	7.686600E+4
7.700000E-3	0.000000E+0	7.684700E+4
7.720000E-3	0.000000E+0	7.652500E+4
7.740000E-3	0.000000E+0	7.695500E+4
7.760000E-3	0.000000E+0	7.674600E+4
7.780000E-3	0.000000E+0	7.676800E+4
7.800000E-3	0.000000E+0	7.714900E+4
7.820000E-3	0.000000E+0	7.721100E+4
7.840000E-3	0.000000E+0	7.691600E+4
7.860000E-3	0.000000E+0	7.643500E+4
7.880000E-3	0.000000E+0	7.708000E+4
7.900000E-3	0.000000E+0	7.694600E+4
7.920000E-3	0.000000E+0	7.666800E+4
7.940000E-3	0.000000E+0	7.672800E+4
7.960000E-3	0.000000E+0	7.726300E+4
7.980000E-3	0.000000E+0	7.706800E+4
8.000000E-3	0.000000E+0	7.651300E+4
8.020000E-3	0.000000E+0	7.764600E+4
8.040000E-3	0.000000E+0	7.720800E+4
8.060000E-3	0.000000E+0	7.656500E+4
8.080000E-3	0.000000E+0	7.677400E+4
8.100000E-3	0.000000E+0	7.690900E+4
8.120000E-3	0.000000E+0	7.719000E+4
8.140000E-3	0.000000E+0	7.702300E+4
8.160000E-3	0.000000E+0	7.680800E+4
8.180000E-3	0.000000E+0	7.721100E+4
8.200000E-3	0.000000E+0	7.707900E+4
8.220000E-3	0.000000E+0	7.735800E+4
8.240000E-3	0.000000E+0	7.734300E+4
8.260000E-3	0.000000E+0	7.732900E+4
8.280000E-3	0.000000E+0	7.665800E+4
8.300000E-3	0.000000E+0	7.732800E+4
8.320000E-3	0.000000E+0	7.619900E+4
8.340000E-3	0.000000E+0	7.689000E+4
8.360000E-3	0.000000E+0	7.687400E+4
8.380000E-3	0.000000E+0	7.733100E+4
8.400000E-3	0.000000E+0	7.745900E+4
8.420000E-3	0.000000E+0	7.754600E+4
8.440000E-3	0.000000E+0	7.707800E+4
8.460000E-3	0.000000E+0	7.699200E+4
8.480000E-3	0.000000E+0	7.742200E+4
8.500000E-3	0.000000E+0	7.691200E+4
8.520000E-3	0.000000E+0	7.691900E+4
8.540000E-3	0.000000E+0	7.751300E+4
8.560000E-3	0.000000E+0	7.672200E+4
8.580000E-3	0.000000E+0	7.702700E+4
8.600000E-3	0.000000E+0	7.707000E+4
8.620000E-3	0.000000E+0	7.689500E+4
8.640000E-3	0.000000E+0	7.721700E+4
8.660000E-3	0.000000E+0	7.710300E+4
8.680000E-3	0.000000E+0	7.693700E+4
8.700000E-3	0.000000E+0	7.660300E+4
8.720000E-3	0.000000E+0	7.727100E+4
8.740000E-3	0.000000E+0	7.709600E+4
8.760000E-3	0.000000E+0	7.699000E+4
8.780000E-3	0.000000E+0	7.730400E+4
8.800000E-3	0.000000E+0	7.766400E+4
8.820000E-3	0.000000E+0	7.652800E+4
8.840000E-3	0.000000E+0	7.724700E+4
8.860000E-3	0.000000E+0	7.705600E+4
8.880000E-3	0.000000E+0	7.690600E+4
8.900000E-3	0.000000E+0	7.696600E+4
8.920000E-3	0.000000E+0	7.680800E+4
8.940000E-3	0.000000E+0	7.681200E+4
8.960000E-3	0.000000E+0	7.740900E+4
8.980000E-3	0.000000E+0	7.715200E+4
9.000000E-3	0.000000E+0	7.752300E+4
9.020000E-3	0.000000E+0	7.734200E+4
9.040000E-3	0.000000E+0	7.733000E+4
9.060000E-3	0.000000E+0	7.672400E+4
9.080000E-3	0.000000E+0	7.685700E+4
9.100000E-3	0.000000E+0	7.637800E+4
9.120000E-3	0.000000E+0	7.722200E+4
9.140000E-3	0.000000E+0	7.726900E+4
9.160000E-3	0.000000E+0	7.731600E+4
9.180000E-3	0.000000E+0	7.738500E+4
9.200000E-3	0.000000E+0	7.696600E+4
9.220000E-3	0.000000E+0	7.721100E+4
9.240000E-3	0.000000E+0	7.747900E+4
9.260000E-3	0.000000E+0	7.704500E+4
9.280000E-3	0.000000E+0	7.776900E+4
9.300000E-3	0.000000E+0	7.703000E+4
9.320000E-3	0.000000E+0	7.751500E+4
9.340000E-3	0.000000E+0	7.714800E+4
9.360000E-3	0.000000E+0	7.726100E+4
9.380000E-3	0.000000E+0	7.716600E+4
9.400000E-3	0.000000E+0	7.664600E+4
9.420000E-3	0.000000E+0	7.704200E+4
9.440000E-3	0.000000E+0	7.638900E+4
9.460000E-3	0.000000E+0	7.716600E+4
9.480000E-3	0.000000E+0	7.705800E+4
9.500000E-3	0.000000E+0	7.692700E+4
9.520000E-3	0.000000E+0	7.645200E+4
9.540000E-3	0.000000E+0	7.707600E+4
9.560000E-3	0.000000E+0	7.756200E+4
9.580000E-3	0.000000E+0	7.748800E+4
9.600000E-3	0.000000E+0	7.688900E+4
9.620000E-3	0.000000E+0	7.730200E+4
9.640000E-3	0.000000E+0	7.706300E+4
9.660000E-3	0.000000E+0	7.710300E+4
9.680000E-3	0.000000E+0	7.738600E+4
9.700000E-3	0.000000E+0	7.737100E+4
9.720000E-3	0.000000E+0	7.745900E+4
9.740000E-3	0.000000E+0	7.711000E+4
9.760000E-3	0.000000E+0	7.703200E+4
9.780000E-3	0.000000E+0	7.676100E+4
9.800000E-3	0.000000E+0	7.705900E+4
9.820000E-3	0.000000E+0	7.726100E+4
9.840000E-3	0.000000E+0	7.688900E+4
9.860000E-3	0.000000E+0	7.718100E+4
9.880000E-3	0.000000E+0	7.712500E+4
9.900000E-3	0.000000E+0	7.751100E+4
9.920000E-3	0.000000E+0	7.714100E+4
9.940000E-3	0.000000E+0	7.686400E+4
9.960000E-3	0.000000E+0	7.731300E+4
9.980000E-3	0.000000E+0	7.684800E+4
1.000000E-2	0.000000E+0	7.700500E+4
1.002000E-2	0.000000E+0	7.711100E+4
1.004000E-2	0.000000E+0	7.719200E+4
1.006000E-2	0.000000E+0	7.744400E+4
1.008000E-2	0.000000E+0	7.703100E+4
1.010000E-2	0.000000E+0	7.717200E+4
1.012000E-2	0.000000E+0	7.709200E+4
1.014000E-2	0.000000E+0	7.641900E+4
1.016000E-2	0.000000E+0	7.735500E+4
1.018000E-2	0.000000E+0	7.688300E+4
1.020000E-2	0.000000E+0	7.695300E+4
1.022000E-2	0.000000E+0	7.759100E+4
1.024000E-2	0.000000E+0	7.697100E+4
1.026000E-2	0.000000E+0	7.683700E+4
1.028000E-2	0.000000E+0	7.750300E+4
1.030000E-2	0.000000E+0	7.764600E+4
1.032000E-2	0.000000E+0	7.690900E+4
1.034000E-2	0.000000E+0	7.661500E+4
1.036000E-2	0.000000E+0	7.694900E+4
1.038000E-2	0.000000E+0	7.658500E+4
1.040000E-2	0.000000E+0	7.711900E+4
1.042000E-2	0.000000E+0	7.774200E+4
1.044000E-2	0.000000E+0	7.776900E+4
1.046000E-2	0.000000E+0	7.741000E+4
1.048000E-2	0.000000E+0	7.779000E+4
1.050000E-2	0.000000E+0	7.671700E+4
1.052000E-2	0.000000E+0	7.713300E+4
1.054000E-2	0.000000E+0	7.699700E+4
1.056000E-2	0.000000E+0	7.715100E+4
1.058000E-2	0.000000E+0	7.708300E+4
1.060000E-2	0.000000E+0	7.703000E+4
1.062000E-2	0.000000E+0	7.748400E+4
1.064000E-2	0.000000E+0	7.751200E+4
1.066000E-2	0.000000E+0	7.671700E+4
1.068000E-2	0.000000E+0	7.638800E+4
1.070000E-2	0.000000E+0	7.732900E+4
1.072000E-2	0.000000E+0	7.710800E+4
1.074000E-2	0.000000E+0	7.723200E+4
1.076000E-2	0.000000E+0	7.705400E+4
1.078000E-2	0.000000E+0	7.732200E+4
1.080000E-2	0.000000E+0	7.678900E+4
1.082000E-2	0.000000E+0	7.693600E+4
1.084000E-2	0.000000E+0	7.677800E+4
1.086000E-2	0.000000E+0	7.700800E+4
1.088000E-2	0.000000E+0	7.748700E+4
1.090000E-2	0.000000E+0	7.675800E+4
1.092000E-2	0.000000E+0	7.751700E+4
1.094000E-2	0.000000E+0	7.747500E+4
1.096000E-2	0.000000E+0	7.649900E+4
1.098000E-2	0.000000E+0	7.798500E+4
1.100000E-2	0.000000E+0	7.694000E+4
1.102000E-2	0.000000E+0	7.658300E+4
1.104000E-2	0.000000E+0	7.732000E+4
1.106000E-2	0.000000E+0	7.689400E+4
1.108000E-2	0.000000E+0	7.708400E+4
1.110000E-2	0.000000E+0	7.713200E+4
1.112000E-2	0.000000E+0	7.662800E+4
1.114000E-2	0.000000E+0	7.707100E+4
1.116000E-2	0.000000E+0	7.663400E+4
1.118000E-2	0.000000E+0	7.726600E+4
1.120000E-2	0.000000E+0	7.745200E+4
1.122000E-2	0.000000E+0	7.720100E+4
1.124000E-2	0.000000E+0	7.737100E+4
1.126000E-2	0.000000E+0	7.771300E+4
1.128000E-2	0.000000E+0	7.792400E+4
1.130000E-2	0.000000E+0	7.705900E+4
1.132000E-2	0.000000E+0	7.714900E+4
1.134000E-2	0.000000E+0	7.741400E+4
1.136000E-2	0.000000E+0	7.691200E+4
1.138000E-2	0.000000E+0	7.701600E+4
1.140000E-2	0.000000E+0	7.677600E+4
1.142000E-2	0.000000E+0	7.668900E+4
1.144000E-2	0.000000E+0	7.673700E+4
1.146000E-2	0.000000E+0	7.678200E+4
1.148000E-2	0.000000E+0	7.674300E+4
1.150000E-2	0.000000E+0	7.709000E+4
1.152000E-2	0.000000E+0	7.721600E+4
1.154000E-2	0.000000E+0	7.676300E+4
1.156000E-2	0.000000E+0	7.696600E+4
1.158000E-2	0.000000E+0	7.700600E+4
1.160000E-2	0.000000E+0	7.714400E+4
1.162000E-2	0.000000E+0	7.710000E+4
1.164000E-2	0.000000E+0	7.716100E+4
1.166000E-2	0.000000E+0	7.703300E+4
1.168000E-2	0.000000E+0	7.695300E+4
1.170000E-2	0.000000E+0	7.681700E+4
1.172000E-2	0.000000E+0	7.707100E+4
1.174000E-2	0.000000E+0	7.728400E+4
1.176000E-2	0.000000E+0	7.693800E+4
1.178000E-2	0.000000E+0	7.738300E+4
1.180000E-2	0.000000E+0	7.719100E+4
1.182000E-2	0.000000E+0	7.712000E+4
1.184000E-2	0.000000E+0	7.693800E+4
1.186000E-2	0.000000E+0	7.698000E+4
1.188000E-2	0.000000E+0	7.736600E+4
1.190000E-2	0.000000E+0	7.778200E+4
1.192000E-2	0.000000E+0	7.656200E+4
1.194000E-2	0.000000E+0	7.675300E+4
1.196000E-2	0.000000E+0	7.744500E+4
1.198000E-2	0.000000E+0	7.721700E+4
1.200000E-2	0.000000E+0	7.680900E+4
1.202000E-2	0.000000E+0	7.691100E+4
1.204000E-2	0.000000E+0	7.707800E+4
1.206000E-2	0.000000E+0	7.742600E+4
1.208000E-2	0.000000E+0	7.660300E+4
1.210000E-2	0.000000E+0	7.649700E+4
1.212000E-2	0.000000E+0	7.652500E+4
1.214000E-2	0.000000E+0	7.693700E+4
1.216000E-2	0.000000E+0	7.752200E+4
1.218000E-2	0.000000E+0	7.716100E+4
1.220000E-2	0.000000E+0	7.693700E+4
1.222000E-2	0.000000E+0	7.660300E+4
1.224000E-2	0.000000E+0	7.719700E+4
1.226000E-2	0.000000E+0	7.695700E+4
1.228000E-2	0.000000E+0	7.668900E+4
1.230000E-2	0.000000E+0	7.713200E+4
1.232000E-2	0.000000E+0	7.742200E+4
1.234000E-2	0.000000E+0	7.660400E+4
1.236000E-2	0.000000E+0	7.756500E+4
1.238000E-2	0.000000E+0	7.677400E+4
1.240000E-2	0.000000E+0	7.710500E+4
1.242000E-2	0.000000E+0	7.701800E+4
1.244000E-2	0.000000E+0	7.714800E+4
1.246000E-2	0.000000E+0	7.699500E+4
1.248000E-2	0.000000E+0	7.709300E+4
1.250000E-2	0.000000E+0	7.701500E+4
1.252000E-2	0.000000E+0	7.710900E+4
1.254000E-2	0.000000E+0	7.726100E+4
1.256000E-2	0.000000E+0	7.680800E+4
1.258000E-2	0.000000E+0	7.698200E+4
1.260000E-2	0.000000E+0	7.769100E+4
1.262000E-2	0.000000E+0	7.736500E+4
1.264000E-2	0.000000E+0	7.749200E+4
1.266000E-2	0.000000E+0	7.758200E+4
1.268000E-2	0.000000E+0	7.665200E+4
1.270000E-2	0.000000E+0	7.715200E+4
1.272000E-2	0.000000E+0	7.650600E+4
1.274000E-2	0.000000E+0	7.703500E+4
1.276000E-2	0.000000E+0	7.743900E+4
1.278000E-2	0.000000E+0	7.718300E+4
1.280000E-2	0.000000E+0	7.695900E+4
1.282000E-2	0.000000E+0	7.660100E+4
1.284000E-2	0.000000E+0	7.712300E+4
1.286000E-2	0.000000E+0	7.675100E+4
1.288000E-2	0.000000E+0	7.689200E+4
1.290000E-2	0.000000E+0	7.756200E+4
1.292000E-2	0.000000E+0	7.686800E+4
1.294000E-2	0.000000E+0	7.646000E+4
1.296000E-2	0.000000E+0	7.710800E+4
1.298000E-2	0.000000E+0	7.653400E+4
1.300000E-2	0.000000E+0	7.717500E+4
1.302000E-2	0.000000E+0	7.711800E+4
1.304000E-2	0.000000E+0	7.691700E+4
1.306000E-2	0.000000E+0	7.765600E+4
1.308000E-2	0.000000E+0	7.716900E+4
1.310000E-2	0.000000E+0	7.747000E+4
1.312000E-2	0.000000E+0	7.719900E+4
1.314000E-2	0.000000E+0	7.732400E+4
1.316000E-2	0.000000E+0	7.745700E+4
1.318000E-2	0.000000E+0	7.752800E+4
1.320000E-2	0.000000E+0	7.688800E+4
1.322000E-2	0.000000E+0	7.676600E+4
1.324000E-2	0.000000E+0	7.694800E+4
1.326000E-2	0.000000E+0	7.666700E+4
1.328000E-2	0.000000E+0	7.715500E+4
1.330000E-2	0.000000E+0	7.708300E+4
1.332000E-2	0.000000E+0	7.682400E+4
1.334000E-2	0.000000E+0	7.672900E+4
1.336000E-2	0.000000E+0	7.717100E+4
1.338000E-2	0.000000E+0	7.703800E+4
1.340000E-2	0.000000E+0	7.713800E+4
1.342000E-2	0.000000E+0	7.648200E+4
1.344000E-2	0.000000E+0	7.665500E+4
1.346000E-2	0.000000E+0	7.708600E+4
1.348000E-2	0.000000E+0	7.667400E+4
1.350000E-2	0.000000E+0	7.728500E+4
1.352000E-2	0.000000E+0	7.749100E+4
1.354000E-2	0.000000E+0	7.689500E+4
1.356000E-2	0.000000E+0	7.700800E+4
1.358000E-2	0.000000E+0	7.681800E+4
1.360000E-2	0.000000E+0	7.728100E+4
1.362000E-2	0.000000E+0	7.686800E+4
1.364000E-2	0.000000E+0	7.688900E+4
1.366000E-2	0.000000E+0	7.703100E+4
1.368000E-2	0.000000E+0	7.673300E+4
1.370000E-2	0.000000E+0	7.718200E+4
1.372000E-2	0.000000E+0	7.742500E+4
1.374000E-2	0.000000E+0	7.697100E+4
1.376000E-2	0.000000E+0	7.702100E+4
1.378000E-2	0.000000E+0	7.754700E+4
1.380000E-2	0.000000E+0	7.704200E+4
1.382000E-2	0.000000E+0	7.713700E+4
1.384000E-2	0.000000E+0	7.713500E+4
1.386000E-2	0.000000E+0	7.736600E+4
1.388000E-2	0.000000E+0	7.716800E+4
1.390000E-2	0.000000E+0	7.642000E+4
1.392000E-2	0.000000E+0	7.725200E+4
1.394000E-2	0.000000E+0	7.655500E+4
1.396000E-2	0.000000E+0	7.681800E+4
1.398000E-2	0.000000E+0	7.678400E+4
1.400000E-2	0.000000E+0	7.690400E+4
1.402000E-2	0.000000E+0	7.724900E+4
1.404000E-2	0.000000E+0	7.691500E+4
1.406000E-2	0.000000E+0	7.715400E+4
1.408000E-2	0.000000E+0	7.716000E+4
1.410000E-2	0.000000E+0	7.710100E+4
1.412000E-2	0.000000E+0	7.690600E+4
1.414000E-2	0.000000E+0	7.714900E+4
1.416000E-2	0.000000E+0	7.633800E+4
1.418000E-2	0.000000E+0	7.711500E+4
1.420000E-2	0.000000E+0	7.700400E+4
1.422000E-2	0.000000E+0	7.660800E+4
1.424000E-2	0.000000E+0	7.690400E+4
1.426000E-2	0.000000E+0	7.690200E+4
1.428000E-2	0.000000E+0	7.704900E+4
1.430000E-2	0.000000E+0	7.652200E+4
1.432000E-2	0.000000E+0	7.696900E+4
1.434000E-2	0.000000E+0	7.700500E+4
1.436000E-2	0.000000E+0	7.700400E+4
1.438000E-2	0.000000E+0	7.681100E+4
1.440000E-2	0.000000E+0	7.730200E+4
1.442000E-2	0.000000E+0	7.749300E+4
1.444000E-2	0.000000E+0	7.694200E+4
1.446000E-2	0.000000E+0	7.679600E+4
1.448000E-2	0.000000E+0	7.683100E+4
1.450000E-2	0.000000E+0	7.683700E+4
1.452000E-2	0.000000E+0	7.694900E+4
1.454000E-2	0.000000E+0	7.745300E+4
1.456000E-2	0.000000E+0	7.708200E+4
1.458000E-2	0.000000E+0	7.740600E+4
1.460000E-2	0.000000E+0	7.679700E+4
1.462000E-2	0.000000E+0	7.691700E+4
1.464000E-2	0.000000E+0	7.718300E+4
1.466000E-2	0.000000E+0	7.692900E+4
1.468000E-2	0.000000E+0	7.698700E+4
1.470000E-2	0.000000E+0	7.682000E+4
1.472000E-2	0.000000E+0	7.680800E+4
1.474000E-2	0.000000E+0	7.676700E+4
1.476000E-2	0.000000E+0	7.675300E+4
1.478000E-2	0.000000E+0	7.692300E+4
1.480000E-2	0.000000E+0	7.667800E+4
1.482000E-2	0.000000E+0	7.717200E+4
1.484000E-2	0.000000E+0	7.675000E+4
1.486000E-2	0.000000E+0	7.675800E+4
1.488000E-2	0.000000E+0	7.647100E+4
1.490000E-2	0.000000E+0	7.712500E+4
1.492000E-2	0.000000E+0	7.657700E+4
1.494000E-2	0.000000E+0	7.670300E+4
1.496000E-2	0.000000E+0	7.708100E+4
1.498000E-2	0.000000E+0	7.686200E+4
1.500000E-2	0.000000E+0	7.698100E+4
1.502000E-2	0.000000E+0	7.707500E+4
1.504000E-2	0.000000E+0	7.682600E+4
1.506000E-2	0.000000E+0	7.722500E+4
1.508000E-2	0.000000E+0	7.681900E+4
1.510000E-2	0.000000E+0	7.654000E+4
1.512000E-2	0.000000E+0	7.639100E+4
1.514000E-2	0.000000E+0	7.652000E+4
1.516000E-2	0.000000E+0	7.664300E+4
1.518000E-2	0.000000E+0	7.655300E+4
1.520000E-2	0.000000E+0	7.636300E+4
1.522000E-2	0.000000E+0	7.658800E+4
1.524000E-2	0.000000E+0	7.668800E+4
1.526000E-2	0.000000E+0	7.642000E+4
1.528000E-2	0.000000E+0	7.644400E+4
1.530000E-2	0.000000E+0	7.637300E+4
1.532000E-2	0.000000E+0	7.638100E+4
1.534000E-2	0.000000E+0	7.584900E+4
1.536000E-2	0.000000E+0	7.599900E+4
1.538000E-2	0.000000E+0	7.583100E+4
1.540000E-2	0.000000E+0	7.536000E+4
1.542000E-2	0.000000E+0	7.530600E+4
1.544000E-2	0.000000E+0	7.459300E+4
1.546000E-2	0.000000E+0	7.341600E+4
1.548000E-2	0.000000E+0	7.270900E+4
1.550000E-2	0.000000E+0	7.082100E+4
1.552000E-2	0.000000E+0	6.806500E+4
1.554000E-2	0.000000E+0	6.452300E+4
1.556000E-2	0.000000E+0	6.000500E+4
1.558000E-2	0.000000E+0	5.622100E+4
1.560000E-2	0.000000E+0	5.455000E+4
1.562000E-2	0.000000E+0	5.658000E+4
1.564000E-2	0.000000E+0	6.024100E+4
1.566000E-2	0.000000E+0	6.405800E+4
1.568000E-2	0.000000E+0	6.780600E+4
1.570000E-2	0.000000E+0	6.951400E+4
1.572000E-2	0.000000E+0	7.033500E+4
1.574000E-2	0.000000E+0	7.086700E+4
1.576000E-2	0.000000E+0	7.119400E+4
1.578000E-2	0.000000E+0	7.327700E+4
1.580000E-2	0.000000E+0	7.334900E+4
1.582000E-2	0.000000E+0	7.493900E+4
1.584000E-2	0.000000E+0	7.529600E+4
1.586000E-2	0.000000E+0	7.543500E+4
1.588000E-2	0.000000E+0	7.534600E+4
1.590000E-2	0.000000E+0	7.567900E+4
1.592000E-2	0.000000E+0	7.567900E+4
1.594000E-2	0.000000E+0	7.606100E+4
1.596000E-2	0.000000E+0	7.581300E+4
1.598000E-2	0.000000E+0	7.582800E+4
1.600000E-2	0.000000E+0	7.587200E+4
1.602000E-2	0.000000E+0	7.585700E+4
1.604000E-2	0.000000E+0	7.586100E+4
1.606000E-2	0.000000E+0	7.585600E+4
1.608000E-2	0.000000E+0	7.613000E+4
1.610000E-2	0.000000E+0	7.539100E+4
1.612000E-2	0.000000E+0	7.521300E+4
1.614000E-2	0.000000E+0	7.477100E+4
1.616000E-2	0.000000E+0	7.343800E+4
1.618000E-2	0.000000E+0	7.236700E+4
1.620000E-2	0.000000E+0	7.072300E+4
1.622000E-2	0.000000E+0	6.834000E+4
1.624000E-2	0.000000E+0	6.405300E+4
1.626000E-2	0.000000E+0	5.892000E+4
1.628000E-2	0.000000E+0	5.462900E+4
1.630000E-2	0.000000E+0	5.351900E+4
1.632000E-2	0.000000E+0	5.629500E+4
1.634000E-2	0.000000E+0	6.160000E+4
1.636000E-2	0.000000E+0	6.473500E+4
1.638000E-2	0.000000E+0	6.718700E+4
1.640000E-2	0.000000E+0	6.953100E+4
1.642000E-2	0.000000E+0	7.132700E+4
1.644000E-2	0.000000E+0	7.317000E+4
1.646000E-2	0.000000E+0	7.390300E+4
1.648000E-2	0.000000E+0	7.485400E+4
1.650000E-2	0.000000E+0	7.531400E+4
1.652000E-2	0.000000E+0	7.537600E+4
1.654000E-2	0.000000E+0	7.574400E+4
1.656000E-2	0.000000E+0	7.589500E+4
1.658000E-2	0.000000E+0	7.628200E+4
1.660000E-2	0.000000E+0	7.591000E+4
1.662000E-2	0.000000E+0	7.583800E+4
1.664000E-2	0.000000E+0	7.687600E+4
1.666000E-2	0.000000E+0	7.626700E+4
1.668000E-2	0.000000E+0	7.642800E+4
1.670000E-2	0.000000E+0	7.615700E+4
1.672000E-2	0.000000E+0	7.658500E+4
1.674000E-2	0.000000E+0	7.640900E+4
1.676000E-2	0.000000E+0	7.647300E+4
1.678000E-2	0.000000E+0	7.662100E+4
1.680000E-2	0.000000E+0	7.567800E+4
1.682000E-2	0.000000E+0	7.572900E+4
1.684000E-2	0.000000E+0	7.493200E+4
1.686000E-2	0.000000E+0	7.477300E+4
1.688000E-2	0.000000E+0	7.316200E+4
1.690000E-2	0.000000E+0	7.140700E+4
1.692000E-2	0.000000E+0	6.829900E+4
1.694000E-2	0.000000E+0	6.600800E+4
1.696000E-2	0.000000E+0	6.436100E+4
1.698000E-2	0.000000E+0	6.644700E+4
1.700000E-2	0.000000E+0	6.945400E+4
1.702000E-2	0.000000E+0	7.258900E+4
1.704000E-2	0.000000E+0	7.347000E+4
1.706000E-2	0.000000E+0	7.449800E+4
1.708000E-2	0.000000E+0	7.558600E+4
1.710000E-2	0.000000E+0	7.545800E+4
1.712000E-2	0.000000E+0	7.575700E+4
1.714000E-2	0.000000E+0	7.619600E+4
1.716000E-2	0.000000E+0	7.578600E+4
1.718000E-2	0.000000E+0	7.621100E+4
1.720000E-2	0.000000E+0	7.570000E+4
1.722000E-2	0.000000E+0	7.545600E+4
1.724000E-2	0.000000E+0	7.621400E+4
1.726000E-2	0.000000E+0	7.589500E+4
1.728000E-2	0.000000E+0	7.551400E+4
1.730000E-2	0.000000E+0	7.559300E+4
1.732000E-2	0.000000E+0	7.523600E+4
1.734000E-2	0.000000E+0	7.457400E+4
1.736000E-2	0.000000E+0	7.350800E+4
1.738000E-2	0.000000E+0	7.167600E+4
1.740000E-2	0.000000E+0	6.908000E+4
1.742000E-2	0.000000E+0	6.629700E+4
1.744000E-2	0.000000E+0	6.430300E+4
1.746000E-2	0.000000E+0	6.532900E+4
1.748000E-2	0.000000E+0	6.886100E+4
1.750000E-2	0.000000E+0	7.178400E+4
1.752000E-2	0.000000E+0	7.399000E+4
1.754000E-2	0.000000E+0	7.427800E+4
1.756000E-2	0.000000E+0	7.605000E+4
1.758000E-2	0.000000E+0	7.604300E+4
1.760000E-2	0.000000E+0	7.537000E+4
1.762000E-2	0.000000E+0	7.590100E+4
1.764000E-2	0.000000E+0	7.625800E+4
1.766000E-2	0.000000E+0	7.646300E+4
1.768000E-2	0.000000E+0	7.644600E+4
1.770000E-2	0.000000E+0	7.662300E+4
1.772000E-2	0.000000E+0	7.661800E+4
1.774000E-2	0.000000E+0	7.626300E+4
1.776000E-2	0.000000E+0	7.620500E+4
1.778000E-2	0.000000E+0	7.623100E+4
1.780000E-2	0.000000E+0	7.629700E+4
1.782000E-2	0.000000E+0	7.633500E+4
1.784000E-2	0.000000E+0	7.605300E+4
1.786000E-2	0.000000E+0	7.592700E+4
1.788000E-2	0.000000E+0	7.576900E+4
1.790000E-2	0.000000E+0	7.502400E+4
1.792000E-2	0.000000E+0	7.418400E+4
1.794000E-2	0.000000E+0	7.431400E+4
1.796000E-2	0.000000E+0	7.241200E+4
1.798000E-2	0.000000E+0	7.199000E+4
1.800000E-2	0.000000E+0	6.892300E+4
1.802000E-2	0.000000E+0	6.560700E+4
1.804000E-2	0.000000E+0	6.172500E+4
1.806000E-2	0.000000E+0	5.783300E+4
1.808000E-2	0.000000E+0	5.378600E+4
1.810000E-2	0.000000E+0	5.305100E+4
1.812000E-2	0.000000E+0	5.655500E+4
1.814000E-2	0.000000E+0	6.114500E+4
1.816000E-2	0.000000E+0	6.652200E+4
1.818000E-2	0.000000E+0	6.934300E+4
1.820000E-2	0.000000E+0	7.211400E+4
1.822000E-2	0.000000E+0	7.357300E+4
1.824000E-2	0.000000E+0	7.444200E+4
1.826000E-2	0.000000E+0	7.502800E+4
1.828000E-2	0.000000E+0	7.523700E+4
1.830000E-2	0.000000E+0	7.542900E+4
1.832000E-2	0.000000E+0	7.566100E+4
1.834000E-2	0.000000E+0	7.583800E+4
1.836000E-2	0.000000E+0	7.560000E+4
1.838000E-2	0.000000E+0	7.560900E+4
1.840000E-2	0.000000E+0	7.556000E+4
1.842000E-2	0.000000E+0	7.604500E+4
1.844000E-2	0.000000E+0	7.597400E+4
1.846000E-2	0.000000E+0	7.535000E+4
1.848000E-2	0.000000E+0	7.581700E+4
1.850000E-2	0.000000E+0	7.581100E+4
1.852000E-2	0.000000E+0	7.538200E+4
1.854000E-2	0.000000E+0	7.523900E+4
1.856000E-2	0.000000E+0	7.500000E+4
1.858000E-2	0.000000E+0	7.487300E+4
1.860000E-2	0.000000E+0	7.292200E+4
1.862000E-2	0.000000E+0	7.259100E+4
1.864000E-2	0.000000E+0	7.135700E+4
1.866000E-2	0.000000E+0	6.991800E+4
1.868000E-2	0.000000E+0	6.784100E+4
1.870000E-2	0.000000E+0	6.707200E+4
1.872000E-2	0.000000E+0	6.377200E+4
1.874000E-2	0.000000E+0	6.045100E+4
1.876000E-2	0.000000E+0	5.583800E+4
1.878000E-2	0.000000E+0	5.460500E+4
1.880000E-2	0.000000E+0	5.545000E+4
1.882000E-2	0.000000E+0	6.010200E+4
1.884000E-2	0.000000E+0	6.496300E+4
1.886000E-2	0.000000E+0	6.854400E+4
1.888000E-2	0.000000E+0	7.157600E+4
1.890000E-2	0.000000E+0	7.284900E+4
1.892000E-2	0.000000E+0	7.381000E+4
1.894000E-2	0.000000E+0	7.439400E+4
1.896000E-2	0.000000E+0	7.531700E+4
1.898000E-2	0.000000E+0	7.574400E+4
1.900000E-2	0.000000E+0	7.565700E+4
1.902000E-2	0.000000E+0	7.592200E+4
1.904000E-2	0.000000E+0	7.670800E+4
1.906000E-2	0.000000E+0	7.665300E+4
1.908000E-2	0.000000E+0	7.648100E+4
1.910000E-2	0.000000E+0	7.633700E+4
1.912000E-2	0.000000E+0	7.655800E+4
1.914000E-2	0.000000E+0	7.652100E+4
1.916000E-2	0.000000E+0	7.671400E+4
1.918000E-2	0.000000E+0	7.681400E+4
1.920000E-2	0.000000E+0	7.643400E+4
1.922000E-2	0.000000E+0	7.630100E+4
1.924000E-2	0.000000E+0	7.663900E+4
1.926000E-2	0.000000E+0	7.675000E+4
1.928000E-2	0.000000E+0	7.689700E+4
1.930000E-2	0.000000E+0	7.668800E+4
1.932000E-2	0.000000E+0	7.660600E+4
1.934000E-2	0.000000E+0	7.683700E+4
1.936000E-2	0.000000E+0	7.667000E+4
1.938000E-2	0.000000E+0	7.685300E+4
1.940000E-2	0.000000E+0	7.736200E+4
1.942000E-2	0.000000E+0	7.669700E+4
1.944000E-2	0.000000E+0	7.733200E+4
1.946000E-2	0.000000E+0	7.687600E+4
1.948000E-2	0.000000E+0	7.654200E+4
1.950000E-2	0.000000E+0	7.722800E+4
1.952000E-2	0.000000E+0	7.721400E+4
1.954000E-2	0.000000E+0	7.685500E+4
1.956000E-2	0.000000E+0	7.694400E+4
1.958000E-2	0.000000E+0	7.671900E+4
1.960000E-2	0.000000E+0	7.721800E+4
1.962000E-2	0.000000E+0	7.698400E+4
1.964000E-2	0.000000E+0	7.699300E+4
1.966000E-2	0.000000E+0	7.709600E+4
1.968000E-2	0.000000E+0	7.703300E+4
1.970000E-2	0.000000E+0	7.694600E+4
1.972000E-2	0.000000E+0	7.699000E+4
1.974000E-2	0.000000E+0	7.676800E+4
1.976000E-2	0.000000E+0	7.728400E+4
1.978000E-2	0.000000E+0	7.750800E+4
1.980000E-2	0.000000E+0	7.695500E+4
1.982000E-2	0.000000E+0	7.672300E+4
1.984000E-2	0.000000E+0	7.678700E+4
1.986000E-2	0.000000E+0	7.734500E+4
1.988000E-2	0.000000E+0	7.708300E+4
1.990000E-2	0.000000E+0	7.747600E+4
1.992000E-2	0.000000E+0	7.676000E+4
1.994000E-2	0.000000E+0	7.628800E+4
1.996000E-2	0.000000E+0	7.681700E+4
1.998000E-2	0.000000E+0	7.733300E+4
