

live time:  62144.060000
real time:  72004.485000
sweeps:  3107203.000000
0.000000E+0	0.000000E+0	0.000000E+0
2.000000E-5	0.000000E+0	8.058500E+4
4.000000E-5	0.000000E+0	8.123100E+4
6.000000E-5	0.000000E+0	8.136300E+4
8.000000E-5	0.000000E+0	8.096100E+4
1.000000E-4	0.000000E+0	8.132200E+4
1.200000E-4	0.000000E+0	8.073900E+4
1.400000E-4	0.000000E+0	8.161000E+4
1.600000E-4	0.000000E+0	8.166200E+4
1.800000E-4	0.000000E+0	8.142800E+4
2.000000E-4	0.000000E+0	8.161900E+4
2.200000E-4	0.000000E+0	8.129400E+4
2.400000E-4	0.000000E+0	8.138900E+4
2.600000E-4	0.000000E+0	8.130100E+4
2.800000E-4	0.000000E+0	8.121400E+4
3.000000E-4	0.000000E+0	8.123600E+4
3.200000E-4	0.000000E+0	8.164000E+4
3.400000E-4	0.000000E+0	8.094400E+4
3.600000E-4	0.000000E+0	8.110300E+4
3.800000E-4	0.000000E+0	8.090000E+4
4.000000E-4	0.000000E+0	8.134200E+4
4.200000E-4	0.000000E+0	8.122200E+4
4.400000E-4	0.000000E+0	8.152800E+4
4.600000E-4	0.000000E+0	8.172900E+4
4.800000E-4	0.000000E+0	8.072300E+4
5.000000E-4	0.000000E+0	8.145100E+4
5.200000E-4	0.000000E+0	8.117900E+4
5.400000E-4	0.000000E+0	8.061600E+4
5.600000E-4	0.000000E+0	8.101200E+4
5.800000E-4	0.000000E+0	8.125500E+4
6.000000E-4	0.000000E+0	8.124000E+4
6.200000E-4	0.000000E+0	8.102700E+4
6.400000E-4	0.000000E+0	8.139100E+4
6.600000E-4	0.000000E+0	8.084600E+4
6.800000E-4	0.000000E+0	8.170900E+4
7.000000E-4	0.000000E+0	8.105000E+4
7.200000E-4	0.000000E+0	8.147500E+4
7.400000E-4	0.000000E+0	8.110100E+4
7.600000E-4	0.000000E+0	8.092700E+4
7.800000E-4	0.000000E+0	8.106600E+4
8.000000E-4	0.000000E+0	8.074800E+4
8.200000E-4	0.000000E+0	8.130700E+4
8.400000E-4	0.000000E+0	8.088800E+4
8.600000E-4	0.000000E+0	8.176100E+4
8.800000E-4	0.000000E+0	8.122600E+4
9.000000E-4	0.000000E+0	8.138100E+4
9.200000E-4	0.000000E+0	8.147500E+4
9.400000E-4	0.000000E+0	8.148200E+4
9.600000E-4	0.000000E+0	8.129000E+4
9.800000E-4	0.000000E+0	8.111200E+4
1.000000E-3	0.000000E+0	8.163300E+4
1.020000E-3	0.000000E+0	8.128900E+4
1.040000E-3	0.000000E+0	8.147700E+4
1.060000E-3	0.000000E+0	8.103900E+4
1.080000E-3	0.000000E+0	8.155700E+4
1.100000E-3	0.000000E+0	8.161800E+4
1.120000E-3	0.000000E+0	8.099600E+4
1.140000E-3	0.000000E+0	8.115600E+4
1.160000E-3	0.000000E+0	8.089500E+4
1.180000E-3	0.000000E+0	8.095700E+4
1.200000E-3	0.000000E+0	8.150400E+4
1.220000E-3	0.000000E+0	8.177500E+4
1.240000E-3	0.000000E+0	8.142200E+4
1.260000E-3	0.000000E+0	8.102500E+4
1.280000E-3	0.000000E+0	8.103400E+4
1.300000E-3	0.000000E+0	8.112300E+4
1.320000E-3	0.000000E+0	8.121000E+4
1.340000E-3	0.000000E+0	8.104500E+4
1.360000E-3	0.000000E+0	8.075900E+4
1.380000E-3	0.000000E+0	8.106200E+4
1.400000E-3	0.000000E+0	8.154300E+4
1.420000E-3	0.000000E+0	8.139100E+4
1.440000E-3	0.000000E+0	8.101500E+4
1.460000E-3	0.000000E+0	8.135800E+4
1.480000E-3	0.000000E+0	8.086800E+4
1.500000E-3	0.000000E+0	8.156600E+4
1.520000E-3	0.000000E+0	8.104700E+4
1.540000E-3	0.000000E+0	8.116000E+4
1.560000E-3	0.000000E+0	8.120800E+4
1.580000E-3	0.000000E+0	8.103700E+4
1.600000E-3	0.000000E+0	8.085300E+4
1.620000E-3	0.000000E+0	8.088600E+4
1.640000E-3	0.000000E+0	8.160000E+4
1.660000E-3	0.000000E+0	8.101000E+4
1.680000E-3	0.000000E+0	8.115900E+4
1.700000E-3	0.000000E+0	8.124900E+4
1.720000E-3	0.000000E+0	8.153800E+4
1.740000E-3	0.000000E+0	8.091100E+4
1.760000E-3	0.000000E+0	8.111800E+4
1.780000E-3	0.000000E+0	8.131700E+4
1.800000E-3	0.000000E+0	8.109600E+4
1.820000E-3	0.000000E+0	8.084600E+4
1.840000E-3	0.000000E+0	8.109900E+4
1.860000E-3	0.000000E+0	8.111100E+4
1.880000E-3	0.000000E+0	8.125400E+4
1.900000E-3	0.000000E+0	8.142000E+4
1.920000E-3	0.000000E+0	8.128300E+4
1.940000E-3	0.000000E+0	8.123400E+4
1.960000E-3	0.000000E+0	8.148000E+4
1.980000E-3	0.000000E+0	8.111800E+4
2.000000E-3	0.000000E+0	8.087600E+4
2.020000E-3	0.000000E+0	8.131800E+4
2.040000E-3	0.000000E+0	8.129400E+4
2.060000E-3	0.000000E+0	8.150100E+4
2.080000E-3	0.000000E+0	8.116000E+4
2.100000E-3	0.000000E+0	8.120500E+4
2.120000E-3	0.000000E+0	8.157600E+4
2.140000E-3	0.000000E+0	8.139200E+4
2.160000E-3	0.000000E+0	8.092300E+4
2.180000E-3	0.000000E+0	8.109800E+4
2.200000E-3	0.000000E+0	8.065700E+4
2.220000E-3	0.000000E+0	8.162200E+4
2.240000E-3	0.000000E+0	8.120200E+4
2.260000E-3	0.000000E+0	8.088900E+4
2.280000E-3	0.000000E+0	8.130700E+4
2.300000E-3	0.000000E+0	8.172200E+4
2.320000E-3	0.000000E+0	8.132200E+4
2.340000E-3	0.000000E+0	8.110100E+4
2.360000E-3	0.000000E+0	8.108900E+4
2.380000E-3	0.000000E+0	8.173200E+4
2.400000E-3	0.000000E+0	8.099500E+4
2.420000E-3	0.000000E+0	8.086200E+4
2.440000E-3	0.000000E+0	8.107000E+4
2.460000E-3	0.000000E+0	8.144800E+4
2.480000E-3	0.000000E+0	8.094100E+4
2.500000E-3	0.000000E+0	8.106600E+4
2.520000E-3	0.000000E+0	8.101600E+4
2.540000E-3	0.000000E+0	8.115000E+4
2.560000E-3	0.000000E+0	8.096700E+4
2.580000E-3	0.000000E+0	8.121900E+4
2.600000E-3	0.000000E+0	8.141100E+4
2.620000E-3	0.000000E+0	8.062400E+4
2.640000E-3	0.000000E+0	8.116100E+4
2.660000E-3	0.000000E+0	8.054800E+4
2.680000E-3	0.000000E+0	8.105500E+4
2.700000E-3	0.000000E+0	8.100200E+4
2.720000E-3	0.000000E+0	8.126800E+4
2.740000E-3	0.000000E+0	8.086000E+4
2.760000E-3	0.000000E+0	8.102800E+4
2.780000E-3	0.000000E+0	8.138600E+4
2.800000E-3	0.000000E+0	8.006900E+4
2.820000E-3	0.000000E+0	8.157400E+4
2.840000E-3	0.000000E+0	8.119600E+4
2.860000E-3	0.000000E+0	8.105600E+4
2.880000E-3	0.000000E+0	8.088100E+4
2.900000E-3	0.000000E+0	8.116800E+4
2.920000E-3	0.000000E+0	8.147100E+4
2.940000E-3	0.000000E+0	8.119600E+4
2.960000E-3	0.000000E+0	8.117100E+4
2.980000E-3	0.000000E+0	8.138200E+4
3.000000E-3	0.000000E+0	8.176200E+4
3.020000E-3	0.000000E+0	8.169600E+4
3.040000E-3	0.000000E+0	8.141500E+4
3.060000E-3	0.000000E+0	8.131700E+4
3.080000E-3	0.000000E+0	8.111500E+4
3.100000E-3	0.000000E+0	8.128000E+4
3.120000E-3	0.000000E+0	8.140000E+4
3.140000E-3	0.000000E+0	8.115200E+4
3.160000E-3	0.000000E+0	8.113800E+4
3.180000E-3	0.000000E+0	8.166400E+4
3.200000E-3	0.000000E+0	8.078600E+4
3.220000E-3	0.000000E+0	8.109700E+4
3.240000E-3	0.000000E+0	8.159800E+4
3.260000E-3	0.000000E+0	8.107500E+4
3.280000E-3	0.000000E+0	8.121400E+4
3.300000E-3	0.000000E+0	8.131600E+4
3.320000E-3	0.000000E+0	8.080600E+4
3.340000E-3	0.000000E+0	8.070900E+4
3.360000E-3	0.000000E+0	8.133600E+4
3.380000E-3	0.000000E+0	8.103400E+4
3.400000E-3	0.000000E+0	8.044700E+4
3.420000E-3	0.000000E+0	8.078500E+4
3.440000E-3	0.000000E+0	8.094600E+4
3.460000E-3	0.000000E+0	8.137300E+4
3.480000E-3	0.000000E+0	8.094500E+4
3.500000E-3	0.000000E+0	8.076900E+4
3.520000E-3	0.000000E+0	8.143400E+4
3.540000E-3	0.000000E+0	8.113100E+4
3.560000E-3	0.000000E+0	8.039100E+4
3.580000E-3	0.000000E+0	8.074800E+4
3.600000E-3	0.000000E+0	8.095300E+4
3.620000E-3	0.000000E+0	8.098200E+4
3.640000E-3	0.000000E+0	8.073000E+4
3.660000E-3	0.000000E+0	8.129600E+4
3.680000E-3	0.000000E+0	8.130400E+4
3.700000E-3	0.000000E+0	8.043200E+4
3.720000E-3	0.000000E+0	8.072600E+4
3.740000E-3	0.000000E+0	8.147900E+4
3.760000E-3	0.000000E+0	8.077200E+4
3.780000E-3	0.000000E+0	8.120600E+4
3.800000E-3	0.000000E+0	8.091200E+4
3.820000E-3	0.000000E+0	8.011900E+4
3.840000E-3	0.000000E+0	8.055000E+4
3.860000E-3	0.000000E+0	7.973200E+4
3.880000E-3	0.000000E+0	8.040000E+4
3.900000E-3	0.000000E+0	8.073200E+4
3.920000E-3	0.000000E+0	8.002200E+4
3.940000E-3	0.000000E+0	8.001200E+4
3.960000E-3	0.000000E+0	7.966100E+4
3.980000E-3	0.000000E+0	7.947200E+4
4.000000E-3	0.000000E+0	7.866800E+4
4.020000E-3	0.000000E+0	7.805200E+4
4.040000E-3	0.000000E+0	7.684400E+4
4.060000E-3	0.000000E+0	7.528700E+4
4.080000E-3	0.000000E+0	7.253600E+4
4.100000E-3	0.000000E+0	6.900600E+4
4.120000E-3	0.000000E+0	6.411700E+4
4.140000E-3	0.000000E+0	5.926900E+4
4.160000E-3	0.000000E+0	5.734900E+4
4.180000E-3	0.000000E+0	5.861400E+4
4.200000E-3	0.000000E+0	6.324800E+4
4.220000E-3	0.000000E+0	6.764500E+4
4.240000E-3	0.000000E+0	7.078800E+4
4.260000E-3	0.000000E+0	7.307200E+4
4.280000E-3	0.000000E+0	7.415400E+4
4.300000E-3	0.000000E+0	7.545600E+4
4.320000E-3	0.000000E+0	7.684600E+4
4.340000E-3	0.000000E+0	7.817400E+4
4.360000E-3	0.000000E+0	7.849900E+4
4.380000E-3	0.000000E+0	7.885400E+4
4.400000E-3	0.000000E+0	7.980000E+4
4.420000E-3	0.000000E+0	7.984300E+4
4.440000E-3	0.000000E+0	7.993700E+4
4.460000E-3	0.000000E+0	8.030800E+4
4.480000E-3	0.000000E+0	8.023200E+4
4.500000E-3	0.000000E+0	8.018000E+4
4.520000E-3	0.000000E+0	8.046400E+4
4.540000E-3	0.000000E+0	7.962700E+4
4.560000E-3	0.000000E+0	8.030700E+4
4.580000E-3	0.000000E+0	8.027700E+4
4.600000E-3	0.000000E+0	8.003300E+4
4.620000E-3	0.000000E+0	7.918500E+4
4.640000E-3	0.000000E+0	7.917800E+4
4.660000E-3	0.000000E+0	7.887900E+4
4.680000E-3	0.000000E+0	7.891400E+4
4.700000E-3	0.000000E+0	7.759300E+4
4.720000E-3	0.000000E+0	7.684300E+4
4.740000E-3	0.000000E+0	7.558500E+4
4.760000E-3	0.000000E+0	7.260300E+4
4.780000E-3	0.000000E+0	6.896800E+4
4.800000E-3	0.000000E+0	6.362100E+4
4.820000E-3	0.000000E+0	5.864300E+4
4.840000E-3	0.000000E+0	5.592400E+4
4.860000E-3	0.000000E+0	5.770800E+4
4.880000E-3	0.000000E+0	6.230200E+4
4.900000E-3	0.000000E+0	6.670200E+4
4.920000E-3	0.000000E+0	7.014400E+4
4.940000E-3	0.000000E+0	7.416300E+4
4.960000E-3	0.000000E+0	7.606200E+4
4.980000E-3	0.000000E+0	7.742700E+4
5.000000E-3	0.000000E+0	7.882100E+4
5.020000E-3	0.000000E+0	7.922700E+4
5.040000E-3	0.000000E+0	7.941300E+4
5.060000E-3	0.000000E+0	7.943900E+4
5.080000E-3	0.000000E+0	8.024000E+4
5.100000E-3	0.000000E+0	8.034000E+4
5.120000E-3	0.000000E+0	8.027500E+4
5.140000E-3	0.000000E+0	8.011500E+4
5.160000E-3	0.000000E+0	7.963000E+4
5.180000E-3	0.000000E+0	7.998900E+4
5.200000E-3	0.000000E+0	8.011400E+4
5.220000E-3	0.000000E+0	8.133800E+4
5.240000E-3	0.000000E+0	8.056200E+4
5.260000E-3	0.000000E+0	8.053600E+4
5.280000E-3	0.000000E+0	8.030200E+4
5.300000E-3	0.000000E+0	7.977500E+4
5.320000E-3	0.000000E+0	8.025600E+4
5.340000E-3	0.000000E+0	7.958400E+4
5.360000E-3	0.000000E+0	7.940300E+4
5.380000E-3	0.000000E+0	7.888700E+4
5.400000E-3	0.000000E+0	7.840800E+4
5.420000E-3	0.000000E+0	7.711500E+4
5.440000E-3	0.000000E+0	7.458700E+4
5.460000E-3	0.000000E+0	7.157400E+4
5.480000E-3	0.000000E+0	6.827700E+4
5.500000E-3	0.000000E+0	6.776000E+4
5.520000E-3	0.000000E+0	7.041100E+4
5.540000E-3	0.000000E+0	7.430800E+4
5.560000E-3	0.000000E+0	7.664600E+4
5.580000E-3	0.000000E+0	7.844400E+4
5.600000E-3	0.000000E+0	7.874200E+4
5.620000E-3	0.000000E+0	7.938700E+4
5.640000E-3	0.000000E+0	8.044000E+4
5.660000E-3	0.000000E+0	7.978000E+4
5.680000E-3	0.000000E+0	8.030800E+4
5.700000E-3	0.000000E+0	8.023000E+4
5.720000E-3	0.000000E+0	8.027400E+4
5.740000E-3	0.000000E+0	7.989500E+4
5.760000E-3	0.000000E+0	8.041900E+4
5.780000E-3	0.000000E+0	8.019900E+4
5.800000E-3	0.000000E+0	7.973400E+4
5.820000E-3	0.000000E+0	8.021600E+4
5.840000E-3	0.000000E+0	7.994700E+4
5.860000E-3	0.000000E+0	7.904200E+4
5.880000E-3	0.000000E+0	7.796200E+4
5.900000E-3	0.000000E+0	7.719600E+4
5.920000E-3	0.000000E+0	7.460900E+4
5.940000E-3	0.000000E+0	7.208400E+4
5.960000E-3	0.000000E+0	6.865900E+4
5.980000E-3	0.000000E+0	6.805800E+4
6.000000E-3	0.000000E+0	7.045700E+4
6.020000E-3	0.000000E+0	7.395600E+4
6.040000E-3	0.000000E+0	7.687000E+4
6.060000E-3	0.000000E+0	7.809500E+4
6.080000E-3	0.000000E+0	7.894000E+4
6.100000E-3	0.000000E+0	7.945600E+4
6.120000E-3	0.000000E+0	8.023800E+4
6.140000E-3	0.000000E+0	8.044900E+4
6.160000E-3	0.000000E+0	8.029300E+4
6.180000E-3	0.000000E+0	7.996700E+4
6.200000E-3	0.000000E+0	8.069000E+4
6.220000E-3	0.000000E+0	8.056400E+4
6.240000E-3	0.000000E+0	8.050200E+4
6.260000E-3	0.000000E+0	7.982100E+4
6.280000E-3	0.000000E+0	8.045300E+4
6.300000E-3	0.000000E+0	8.013500E+4
6.320000E-3	0.000000E+0	7.997400E+4
6.340000E-3	0.000000E+0	8.023700E+4
6.360000E-3	0.000000E+0	8.019900E+4
6.380000E-3	0.000000E+0	7.950500E+4
6.400000E-3	0.000000E+0	7.996800E+4
6.420000E-3	0.000000E+0	7.960600E+4
6.440000E-3	0.000000E+0	7.863600E+4
6.460000E-3	0.000000E+0	7.835100E+4
6.480000E-3	0.000000E+0	7.671300E+4
6.500000E-3	0.000000E+0	7.564800E+4
6.520000E-3	0.000000E+0	7.315700E+4
6.540000E-3	0.000000E+0	7.068100E+4
6.560000E-3	0.000000E+0	6.825300E+4
6.580000E-3	0.000000E+0	6.461800E+4
6.600000E-3	0.000000E+0	6.026100E+4
6.620000E-3	0.000000E+0	5.644700E+4
6.640000E-3	0.000000E+0	5.731800E+4
6.660000E-3	0.000000E+0	6.194000E+4
6.680000E-3	0.000000E+0	6.770700E+4
6.700000E-3	0.000000E+0	7.176500E+4
6.720000E-3	0.000000E+0	7.506600E+4
6.740000E-3	0.000000E+0	7.707300E+4
6.760000E-3	0.000000E+0	7.753500E+4
6.780000E-3	0.000000E+0	7.857800E+4
6.800000E-3	0.000000E+0	7.919700E+4
6.820000E-3	0.000000E+0	7.934600E+4
6.840000E-3	0.000000E+0	7.919400E+4
6.860000E-3	0.000000E+0	7.973400E+4
6.880000E-3	0.000000E+0	7.962000E+4
6.900000E-3	0.000000E+0	7.993800E+4
6.920000E-3	0.000000E+0	7.994300E+4
6.940000E-3	0.000000E+0	8.032900E+4
6.960000E-3	0.000000E+0	8.030000E+4
6.980000E-3	0.000000E+0	7.971500E+4
7.000000E-3	0.000000E+0	8.036500E+4
7.020000E-3	0.000000E+0	7.985200E+4
7.040000E-3	0.000000E+0	7.943000E+4
7.060000E-3	0.000000E+0	7.961500E+4
7.080000E-3	0.000000E+0	7.902300E+4
7.100000E-3	0.000000E+0	7.856300E+4
7.120000E-3	0.000000E+0	7.739700E+4
7.140000E-3	0.000000E+0	7.635500E+4
7.160000E-3	0.000000E+0	7.509100E+4
7.180000E-3	0.000000E+0	7.428800E+4
7.200000E-3	0.000000E+0	7.380500E+4
7.220000E-3	0.000000E+0	7.288100E+4
7.240000E-3	0.000000E+0	7.048400E+4
7.260000E-3	0.000000E+0	6.658800E+4
7.280000E-3	0.000000E+0	6.309300E+4
7.300000E-3	0.000000E+0	5.838000E+4
7.320000E-3	0.000000E+0	5.746700E+4
7.340000E-3	0.000000E+0	5.982200E+4
7.360000E-3	0.000000E+0	6.443700E+4
7.380000E-3	0.000000E+0	6.951900E+4
7.400000E-3	0.000000E+0	7.340100E+4
7.420000E-3	0.000000E+0	7.581100E+4
7.440000E-3	0.000000E+0	7.745400E+4
7.460000E-3	0.000000E+0	7.787700E+4
7.480000E-3	0.000000E+0	7.834900E+4
7.500000E-3	0.000000E+0	7.909300E+4
7.520000E-3	0.000000E+0	7.993300E+4
7.540000E-3	0.000000E+0	8.016400E+4
7.560000E-3	0.000000E+0	7.992600E+4
7.580000E-3	0.000000E+0	8.018500E+4
7.600000E-3	0.000000E+0	8.031800E+4
7.620000E-3	0.000000E+0	8.095800E+4
7.640000E-3	0.000000E+0	8.021800E+4
7.660000E-3	0.000000E+0	8.069100E+4
7.680000E-3	0.000000E+0	8.087000E+4
7.700000E-3	0.000000E+0	8.086200E+4
7.720000E-3	0.000000E+0	8.060400E+4
7.740000E-3	0.000000E+0	8.096200E+4
7.760000E-3	0.000000E+0	8.083700E+4
7.780000E-3	0.000000E+0	8.080400E+4
7.800000E-3	0.000000E+0	8.118200E+4
7.820000E-3	0.000000E+0	8.127000E+4
7.840000E-3	0.000000E+0	8.092000E+4
7.860000E-3	0.000000E+0	8.048100E+4
7.880000E-3	0.000000E+0	8.112600E+4
7.900000E-3	0.000000E+0	8.104900E+4
7.920000E-3	0.000000E+0	8.068400E+4
7.940000E-3	0.000000E+0	8.087400E+4
7.960000E-3	0.000000E+0	8.142100E+4
7.980000E-3	0.000000E+0	8.114200E+4
8.000000E-3	0.000000E+0	8.060200E+4
8.020000E-3	0.000000E+0	8.167600E+4
8.040000E-3	0.000000E+0	8.136100E+4
8.060000E-3	0.000000E+0	8.060600E+4
8.080000E-3	0.000000E+0	8.083200E+4
8.100000E-3	0.000000E+0	8.088200E+4
8.120000E-3	0.000000E+0	8.114800E+4
8.140000E-3	0.000000E+0	8.115300E+4
8.160000E-3	0.000000E+0	8.091600E+4
8.180000E-3	0.000000E+0	8.126500E+4
8.200000E-3	0.000000E+0	8.103700E+4
8.220000E-3	0.000000E+0	8.143700E+4
8.240000E-3	0.000000E+0	8.131900E+4
8.260000E-3	0.000000E+0	8.147100E+4
8.280000E-3	0.000000E+0	8.071300E+4
8.300000E-3	0.000000E+0	8.142500E+4
8.320000E-3	0.000000E+0	8.034900E+4
8.340000E-3	0.000000E+0	8.096500E+4
8.360000E-3	0.000000E+0	8.095100E+4
8.380000E-3	0.000000E+0	8.145700E+4
8.400000E-3	0.000000E+0	8.142500E+4
8.420000E-3	0.000000E+0	8.160200E+4
8.440000E-3	0.000000E+0	8.111000E+4
8.460000E-3	0.000000E+0	8.111000E+4
8.480000E-3	0.000000E+0	8.146800E+4
8.500000E-3	0.000000E+0	8.092100E+4
8.520000E-3	0.000000E+0	8.091000E+4
8.540000E-3	0.000000E+0	8.149100E+4
8.560000E-3	0.000000E+0	8.083500E+4
8.580000E-3	0.000000E+0	8.105800E+4
8.600000E-3	0.000000E+0	8.113200E+4
8.620000E-3	0.000000E+0	8.095400E+4
8.640000E-3	0.000000E+0	8.122800E+4
8.660000E-3	0.000000E+0	8.115400E+4
8.680000E-3	0.000000E+0	8.097600E+4
8.700000E-3	0.000000E+0	8.058800E+4
8.720000E-3	0.000000E+0	8.144400E+4
8.740000E-3	0.000000E+0	8.118300E+4
8.760000E-3	0.000000E+0	8.103500E+4
8.780000E-3	0.000000E+0	8.138700E+4
8.800000E-3	0.000000E+0	8.174600E+4
8.820000E-3	0.000000E+0	8.057200E+4
8.840000E-3	0.000000E+0	8.138900E+4
8.860000E-3	0.000000E+0	8.117500E+4
8.880000E-3	0.000000E+0	8.101800E+4
8.900000E-3	0.000000E+0	8.111200E+4
8.920000E-3	0.000000E+0	8.089100E+4
8.940000E-3	0.000000E+0	8.090900E+4
8.960000E-3	0.000000E+0	8.153100E+4
8.980000E-3	0.000000E+0	8.129000E+4
9.000000E-3	0.000000E+0	8.161600E+4
9.020000E-3	0.000000E+0	8.137500E+4
9.040000E-3	0.000000E+0	8.135000E+4
9.060000E-3	0.000000E+0	8.078700E+4
9.080000E-3	0.000000E+0	8.086300E+4
9.100000E-3	0.000000E+0	8.048000E+4
9.120000E-3	0.000000E+0	8.127800E+4
9.140000E-3	0.000000E+0	8.124400E+4
9.160000E-3	0.000000E+0	8.147100E+4
9.180000E-3	0.000000E+0	8.141300E+4
9.200000E-3	0.000000E+0	8.100400E+4
9.220000E-3	0.000000E+0	8.126500E+4
9.240000E-3	0.000000E+0	8.163700E+4
9.260000E-3	0.000000E+0	8.111300E+4
9.280000E-3	0.000000E+0	8.174700E+4
9.300000E-3	0.000000E+0	8.107600E+4
9.320000E-3	0.000000E+0	8.147200E+4
9.340000E-3	0.000000E+0	8.121200E+4
9.360000E-3	0.000000E+0	8.141100E+4
9.380000E-3	0.000000E+0	8.121600E+4
9.400000E-3	0.000000E+0	8.074000E+4
9.420000E-3	0.000000E+0	8.099000E+4
9.440000E-3	0.000000E+0	8.032400E+4
9.460000E-3	0.000000E+0	8.135500E+4
9.480000E-3	0.000000E+0	8.108400E+4
9.500000E-3	0.000000E+0	8.091200E+4
9.520000E-3	0.000000E+0	8.052600E+4
9.540000E-3	0.000000E+0	8.117400E+4
9.560000E-3	0.000000E+0	8.156500E+4
9.580000E-3	0.000000E+0	8.163500E+4
9.600000E-3	0.000000E+0	8.093900E+4
9.620000E-3	0.000000E+0	8.137500E+4
9.640000E-3	0.000000E+0	8.117800E+4
9.660000E-3	0.000000E+0	8.122500E+4
9.680000E-3	0.000000E+0	8.142800E+4
9.700000E-3	0.000000E+0	8.143600E+4
9.720000E-3	0.000000E+0	8.157200E+4
9.740000E-3	0.000000E+0	8.115900E+4
9.760000E-3	0.000000E+0	8.104000E+4
9.780000E-3	0.000000E+0	8.079300E+4
9.800000E-3	0.000000E+0	8.108000E+4
9.820000E-3	0.000000E+0	8.131500E+4
9.840000E-3	0.000000E+0	8.089500E+4
9.860000E-3	0.000000E+0	8.121800E+4
9.880000E-3	0.000000E+0	8.121800E+4
9.900000E-3	0.000000E+0	8.151300E+4
9.920000E-3	0.000000E+0	8.116100E+4
9.940000E-3	0.000000E+0	8.094300E+4
9.960000E-3	0.000000E+0	8.134600E+4
9.980000E-3	0.000000E+0	8.085900E+4
1.000000E-2	0.000000E+0	8.106500E+4
1.002000E-2	0.000000E+0	8.120700E+4
1.004000E-2	0.000000E+0	8.125400E+4
1.006000E-2	0.000000E+0	8.152400E+4
1.008000E-2	0.000000E+0	8.104200E+4
1.010000E-2	0.000000E+0	8.134400E+4
1.012000E-2	0.000000E+0	8.119600E+4
1.014000E-2	0.000000E+0	8.047000E+4
1.016000E-2	0.000000E+0	8.132100E+4
1.018000E-2	0.000000E+0	8.089300E+4
1.020000E-2	0.000000E+0	8.096700E+4
1.022000E-2	0.000000E+0	8.167600E+4
1.024000E-2	0.000000E+0	8.113400E+4
1.026000E-2	0.000000E+0	8.091400E+4
1.028000E-2	0.000000E+0	8.156900E+4
1.030000E-2	0.000000E+0	8.180000E+4
1.032000E-2	0.000000E+0	8.091100E+4
1.034000E-2	0.000000E+0	8.048400E+4
1.036000E-2	0.000000E+0	8.097500E+4
1.038000E-2	0.000000E+0	8.064300E+4
1.040000E-2	0.000000E+0	8.119400E+4
1.042000E-2	0.000000E+0	8.190600E+4
1.044000E-2	0.000000E+0	8.177300E+4
1.046000E-2	0.000000E+0	8.149400E+4
1.048000E-2	0.000000E+0	8.193400E+4
1.050000E-2	0.000000E+0	8.083400E+4
1.052000E-2	0.000000E+0	8.131100E+4
1.054000E-2	0.000000E+0	8.103200E+4
1.056000E-2	0.000000E+0	8.126800E+4
1.058000E-2	0.000000E+0	8.116600E+4
1.060000E-2	0.000000E+0	8.109000E+4
1.062000E-2	0.000000E+0	8.153400E+4
1.064000E-2	0.000000E+0	8.155400E+4
1.066000E-2	0.000000E+0	8.077200E+4
1.068000E-2	0.000000E+0	8.045600E+4
1.070000E-2	0.000000E+0	8.144900E+4
1.072000E-2	0.000000E+0	8.111400E+4
1.074000E-2	0.000000E+0	8.127600E+4
1.076000E-2	0.000000E+0	8.107300E+4
1.078000E-2	0.000000E+0	8.141400E+4
1.080000E-2	0.000000E+0	8.076700E+4
1.082000E-2	0.000000E+0	8.110000E+4
1.084000E-2	0.000000E+0	8.069100E+4
1.086000E-2	0.000000E+0	8.104900E+4
1.088000E-2	0.000000E+0	8.153900E+4
1.090000E-2	0.000000E+0	8.076000E+4
1.092000E-2	0.000000E+0	8.148600E+4
1.094000E-2	0.000000E+0	8.156800E+4
1.096000E-2	0.000000E+0	8.059600E+4
1.098000E-2	0.000000E+0	8.205300E+4
1.100000E-2	0.000000E+0	8.096200E+4
1.102000E-2	0.000000E+0	8.061900E+4
1.104000E-2	0.000000E+0	8.142600E+4
1.106000E-2	0.000000E+0	8.091400E+4
1.108000E-2	0.000000E+0	8.120300E+4
1.110000E-2	0.000000E+0	8.137500E+4
1.112000E-2	0.000000E+0	8.061200E+4
1.114000E-2	0.000000E+0	8.127000E+4
1.116000E-2	0.000000E+0	8.065500E+4
1.118000E-2	0.000000E+0	8.112700E+4
1.120000E-2	0.000000E+0	8.154800E+4
1.122000E-2	0.000000E+0	8.125300E+4
1.124000E-2	0.000000E+0	8.148000E+4
1.126000E-2	0.000000E+0	8.172700E+4
1.128000E-2	0.000000E+0	8.204500E+4
1.130000E-2	0.000000E+0	8.112800E+4
1.132000E-2	0.000000E+0	8.124400E+4
1.134000E-2	0.000000E+0	8.141000E+4
1.136000E-2	0.000000E+0	8.095900E+4
1.138000E-2	0.000000E+0	8.109500E+4
1.140000E-2	0.000000E+0	8.082900E+4
1.142000E-2	0.000000E+0	8.081100E+4
1.144000E-2	0.000000E+0	8.081200E+4
1.146000E-2	0.000000E+0	8.077900E+4
1.148000E-2	0.000000E+0	8.078100E+4
1.150000E-2	0.000000E+0	8.123600E+4
1.152000E-2	0.000000E+0	8.124800E+4
1.154000E-2	0.000000E+0	8.085100E+4
1.156000E-2	0.000000E+0	8.100800E+4
1.158000E-2	0.000000E+0	8.102100E+4
1.160000E-2	0.000000E+0	8.113000E+4
1.162000E-2	0.000000E+0	8.123100E+4
1.164000E-2	0.000000E+0	8.110100E+4
1.166000E-2	0.000000E+0	8.114500E+4
1.168000E-2	0.000000E+0	8.098900E+4
1.170000E-2	0.000000E+0	8.089200E+4
1.172000E-2	0.000000E+0	8.116000E+4
1.174000E-2	0.000000E+0	8.137000E+4
1.176000E-2	0.000000E+0	8.100000E+4
1.178000E-2	0.000000E+0	8.147900E+4
1.180000E-2	0.000000E+0	8.124100E+4
1.182000E-2	0.000000E+0	8.119300E+4
1.184000E-2	0.000000E+0	8.114100E+4
1.186000E-2	0.000000E+0	8.105200E+4
1.188000E-2	0.000000E+0	8.139200E+4
1.190000E-2	0.000000E+0	8.183100E+4
1.192000E-2	0.000000E+0	8.061700E+4
1.194000E-2	0.000000E+0	8.090100E+4
1.196000E-2	0.000000E+0	8.158600E+4
1.198000E-2	0.000000E+0	8.124900E+4
1.200000E-2	0.000000E+0	8.081400E+4
1.202000E-2	0.000000E+0	8.094600E+4
1.204000E-2	0.000000E+0	8.130600E+4
1.206000E-2	0.000000E+0	8.148300E+4
1.208000E-2	0.000000E+0	8.057100E+4
1.210000E-2	0.000000E+0	8.044700E+4
1.212000E-2	0.000000E+0	8.049800E+4
1.214000E-2	0.000000E+0	8.106300E+4
1.216000E-2	0.000000E+0	8.158200E+4
1.218000E-2	0.000000E+0	8.123000E+4
1.220000E-2	0.000000E+0	8.097700E+4
1.222000E-2	0.000000E+0	8.061200E+4
1.224000E-2	0.000000E+0	8.121600E+4
1.226000E-2	0.000000E+0	8.102900E+4
1.228000E-2	0.000000E+0	8.075000E+4
1.230000E-2	0.000000E+0	8.116000E+4
1.232000E-2	0.000000E+0	8.157000E+4
1.234000E-2	0.000000E+0	8.073100E+4
1.236000E-2	0.000000E+0	8.161400E+4
1.238000E-2	0.000000E+0	8.073900E+4
1.240000E-2	0.000000E+0	8.113700E+4
1.242000E-2	0.000000E+0	8.091300E+4
1.244000E-2	0.000000E+0	8.119700E+4
1.246000E-2	0.000000E+0	8.108300E+4
1.248000E-2	0.000000E+0	8.118100E+4
1.250000E-2	0.000000E+0	8.107200E+4
1.252000E-2	0.000000E+0	8.116000E+4
1.254000E-2	0.000000E+0	8.134300E+4
1.256000E-2	0.000000E+0	8.084900E+4
1.258000E-2	0.000000E+0	8.092100E+4
1.260000E-2	0.000000E+0	8.165200E+4
1.262000E-2	0.000000E+0	8.142900E+4
1.264000E-2	0.000000E+0	8.170700E+4
1.266000E-2	0.000000E+0	8.165400E+4
1.268000E-2	0.000000E+0	8.077500E+4
1.270000E-2	0.000000E+0	8.119500E+4
1.272000E-2	0.000000E+0	8.065100E+4
1.274000E-2	0.000000E+0	8.121400E+4
1.276000E-2	0.000000E+0	8.156600E+4
1.278000E-2	0.000000E+0	8.123300E+4
1.280000E-2	0.000000E+0	8.097000E+4
1.282000E-2	0.000000E+0	8.069900E+4
1.284000E-2	0.000000E+0	8.115100E+4
1.286000E-2	0.000000E+0	8.081400E+4
1.288000E-2	0.000000E+0	8.096600E+4
1.290000E-2	0.000000E+0	8.163900E+4
1.292000E-2	0.000000E+0	8.093800E+4
1.294000E-2	0.000000E+0	8.030700E+4
1.296000E-2	0.000000E+0	8.119400E+4
1.298000E-2	0.000000E+0	8.068200E+4
1.300000E-2	0.000000E+0	8.132900E+4
1.302000E-2	0.000000E+0	8.117800E+4
1.304000E-2	0.000000E+0	8.093800E+4
1.306000E-2	0.000000E+0	8.166000E+4
1.308000E-2	0.000000E+0	8.121000E+4
1.310000E-2	0.000000E+0	8.158800E+4
1.312000E-2	0.000000E+0	8.138400E+4
1.314000E-2	0.000000E+0	8.146500E+4
1.316000E-2	0.000000E+0	8.159400E+4
1.318000E-2	0.000000E+0	8.153600E+4
1.320000E-2	0.000000E+0	8.100700E+4
1.322000E-2	0.000000E+0	8.079700E+4
1.324000E-2	0.000000E+0	8.099800E+4
1.326000E-2	0.000000E+0	8.073000E+4
1.328000E-2	0.000000E+0	8.118500E+4
1.330000E-2	0.000000E+0	8.106900E+4
1.332000E-2	0.000000E+0	8.094900E+4
1.334000E-2	0.000000E+0	8.079600E+4
1.336000E-2	0.000000E+0	8.115000E+4
1.338000E-2	0.000000E+0	8.105500E+4
1.340000E-2	0.000000E+0	8.120200E+4
1.342000E-2	0.000000E+0	8.053100E+4
1.344000E-2	0.000000E+0	8.067900E+4
1.346000E-2	0.000000E+0	8.125100E+4
1.348000E-2	0.000000E+0	8.067100E+4
1.350000E-2	0.000000E+0	8.128500E+4
1.352000E-2	0.000000E+0	8.150300E+4
1.354000E-2	0.000000E+0	8.110400E+4
1.356000E-2	0.000000E+0	8.112500E+4
1.358000E-2	0.000000E+0	8.087600E+4
1.360000E-2	0.000000E+0	8.124300E+4
1.362000E-2	0.000000E+0	8.097000E+4
1.364000E-2	0.000000E+0	8.105900E+4
1.366000E-2	0.000000E+0	8.117000E+4
1.368000E-2	0.000000E+0	8.074400E+4
1.370000E-2	0.000000E+0	8.127700E+4
1.372000E-2	0.000000E+0	8.140900E+4
1.374000E-2	0.000000E+0	8.107700E+4
1.376000E-2	0.000000E+0	8.116100E+4
1.378000E-2	0.000000E+0	8.147200E+4
1.380000E-2	0.000000E+0	8.101100E+4
1.382000E-2	0.000000E+0	8.123300E+4
1.384000E-2	0.000000E+0	8.117300E+4
1.386000E-2	0.000000E+0	8.143200E+4
1.388000E-2	0.000000E+0	8.110700E+4
1.390000E-2	0.000000E+0	8.044400E+4
1.392000E-2	0.000000E+0	8.122100E+4
1.394000E-2	0.000000E+0	8.060800E+4
1.396000E-2	0.000000E+0	8.092700E+4
1.398000E-2	0.000000E+0	8.080600E+4
1.400000E-2	0.000000E+0	8.092600E+4
1.402000E-2	0.000000E+0	8.134400E+4
1.404000E-2	0.000000E+0	8.100700E+4
1.406000E-2	0.000000E+0	8.119000E+4
1.408000E-2	0.000000E+0	8.118900E+4
1.410000E-2	0.000000E+0	8.106700E+4
1.412000E-2	0.000000E+0	8.096000E+4
1.414000E-2	0.000000E+0	8.126700E+4
1.416000E-2	0.000000E+0	8.032500E+4
1.418000E-2	0.000000E+0	8.114600E+4
1.420000E-2	0.000000E+0	8.110400E+4
1.422000E-2	0.000000E+0	8.072500E+4
1.424000E-2	0.000000E+0	8.092300E+4
1.426000E-2	0.000000E+0	8.095700E+4
1.428000E-2	0.000000E+0	8.110100E+4
1.430000E-2	0.000000E+0	8.056900E+4
1.432000E-2	0.000000E+0	8.108100E+4
1.434000E-2	0.000000E+0	8.100600E+4
1.436000E-2	0.000000E+0	8.119000E+4
1.438000E-2	0.000000E+0	8.090100E+4
1.440000E-2	0.000000E+0	8.136700E+4
1.442000E-2	0.000000E+0	8.165100E+4
1.444000E-2	0.000000E+0	8.113300E+4
1.446000E-2	0.000000E+0	8.090600E+4
1.448000E-2	0.000000E+0	8.086900E+4
1.450000E-2	0.000000E+0	8.086000E+4
1.452000E-2	0.000000E+0	8.114800E+4
1.454000E-2	0.000000E+0	8.138500E+4
1.456000E-2	0.000000E+0	8.119500E+4
1.458000E-2	0.000000E+0	8.150700E+4
1.460000E-2	0.000000E+0	8.083300E+4
1.462000E-2	0.000000E+0	8.096900E+4
1.464000E-2	0.000000E+0	8.128700E+4
1.466000E-2	0.000000E+0	8.094800E+4
1.468000E-2	0.000000E+0	8.099000E+4
1.470000E-2	0.000000E+0	8.069300E+4
1.472000E-2	0.000000E+0	8.080500E+4
1.474000E-2	0.000000E+0	8.083400E+4
1.476000E-2	0.000000E+0	8.081200E+4
1.478000E-2	0.000000E+0	8.094000E+4
1.480000E-2	0.000000E+0	8.057300E+4
1.482000E-2	0.000000E+0	8.121300E+4
1.484000E-2	0.000000E+0	8.078600E+4
1.486000E-2	0.000000E+0	8.085900E+4
1.488000E-2	0.000000E+0	8.050200E+4
1.490000E-2	0.000000E+0	8.120200E+4
1.492000E-2	0.000000E+0	8.067800E+4
1.494000E-2	0.000000E+0	8.080600E+4
1.496000E-2	0.000000E+0	8.125200E+4
1.498000E-2	0.000000E+0	8.099800E+4
1.500000E-2	0.000000E+0	8.089700E+4
1.502000E-2	0.000000E+0	8.114200E+4
1.504000E-2	0.000000E+0	8.088800E+4
1.506000E-2	0.000000E+0	8.116800E+4
1.508000E-2	0.000000E+0	8.087000E+4
1.510000E-2	0.000000E+0	8.073500E+4
1.512000E-2	0.000000E+0	8.038500E+4
1.514000E-2	0.000000E+0	8.048900E+4
1.516000E-2	0.000000E+0	8.060800E+4
1.518000E-2	0.000000E+0	8.062900E+4
1.520000E-2	0.000000E+0	8.041000E+4
1.522000E-2	0.000000E+0	8.065200E+4
1.524000E-2	0.000000E+0	8.074800E+4
1.526000E-2	0.000000E+0	8.052600E+4
1.528000E-2	0.000000E+0	8.041200E+4
1.530000E-2	0.000000E+0	8.023600E+4
1.532000E-2	0.000000E+0	8.044700E+4
1.534000E-2	0.000000E+0	7.990300E+4
1.536000E-2	0.000000E+0	8.003100E+4
1.538000E-2	0.000000E+0	7.977500E+4
1.540000E-2	0.000000E+0	7.940600E+4
1.542000E-2	0.000000E+0	7.935400E+4
1.544000E-2	0.000000E+0	7.850700E+4
1.546000E-2	0.000000E+0	7.724500E+4
1.548000E-2	0.000000E+0	7.660900E+4
1.550000E-2	0.000000E+0	7.462800E+4
1.552000E-2	0.000000E+0	7.158500E+4
1.554000E-2	0.000000E+0	6.791800E+4
1.556000E-2	0.000000E+0	6.320300E+4
1.558000E-2	0.000000E+0	5.919800E+4
1.560000E-2	0.000000E+0	5.743300E+4
1.562000E-2	0.000000E+0	5.952900E+4
1.564000E-2	0.000000E+0	6.343700E+4
1.566000E-2	0.000000E+0	6.744700E+4
1.568000E-2	0.000000E+0	7.138500E+4
1.570000E-2	0.000000E+0	7.310400E+4
1.572000E-2	0.000000E+0	7.418100E+4
1.574000E-2	0.000000E+0	7.468400E+4
1.576000E-2	0.000000E+0	7.493900E+4
1.578000E-2	0.000000E+0	7.721300E+4
1.580000E-2	0.000000E+0	7.729500E+4
1.582000E-2	0.000000E+0	7.883600E+4
1.584000E-2	0.000000E+0	7.908000E+4
1.586000E-2	0.000000E+0	7.931900E+4
1.588000E-2	0.000000E+0	7.940500E+4
1.590000E-2	0.000000E+0	7.970100E+4
1.592000E-2	0.000000E+0	7.971000E+4
1.594000E-2	0.000000E+0	8.000300E+4
1.596000E-2	0.000000E+0	7.979300E+4
1.598000E-2	0.000000E+0	7.988300E+4
1.600000E-2	0.000000E+0	7.984500E+4
1.602000E-2	0.000000E+0	7.980600E+4
1.604000E-2	0.000000E+0	7.993200E+4
1.606000E-2	0.000000E+0	7.987900E+4
1.608000E-2	0.000000E+0	8.007600E+4
1.610000E-2	0.000000E+0	7.927200E+4
1.612000E-2	0.000000E+0	7.917300E+4
1.614000E-2	0.000000E+0	7.874300E+4
1.616000E-2	0.000000E+0	7.742900E+4
1.618000E-2	0.000000E+0	7.621600E+4
1.620000E-2	0.000000E+0	7.448000E+4
1.622000E-2	0.000000E+0	7.190400E+4
1.624000E-2	0.000000E+0	6.748900E+4
1.626000E-2	0.000000E+0	6.214000E+4
1.628000E-2	0.000000E+0	5.751200E+4
1.630000E-2	0.000000E+0	5.628000E+4
1.632000E-2	0.000000E+0	5.930700E+4
1.634000E-2	0.000000E+0	6.485500E+4
1.636000E-2	0.000000E+0	6.815100E+4
1.638000E-2	0.000000E+0	7.070000E+4
1.640000E-2	0.000000E+0	7.301800E+4
1.642000E-2	0.000000E+0	7.498800E+4
1.644000E-2	0.000000E+0	7.703800E+4
1.646000E-2	0.000000E+0	7.779200E+4
1.648000E-2	0.000000E+0	7.885100E+4
1.650000E-2	0.000000E+0	7.926400E+4
1.652000E-2	0.000000E+0	7.938400E+4
1.654000E-2	0.000000E+0	7.976700E+4
1.656000E-2	0.000000E+0	7.992300E+4
1.658000E-2	0.000000E+0	8.037800E+4
1.660000E-2	0.000000E+0	7.996300E+4
1.662000E-2	0.000000E+0	7.977600E+4
1.664000E-2	0.000000E+0	8.091800E+4
1.666000E-2	0.000000E+0	8.027400E+4
1.668000E-2	0.000000E+0	8.049500E+4
1.670000E-2	0.000000E+0	8.013100E+4
1.672000E-2	0.000000E+0	8.060200E+4
1.674000E-2	0.000000E+0	8.042400E+4
1.676000E-2	0.000000E+0	8.062200E+4
1.678000E-2	0.000000E+0	8.055900E+4
1.680000E-2	0.000000E+0	7.969300E+4
1.682000E-2	0.000000E+0	7.975000E+4
1.684000E-2	0.000000E+0	7.891000E+4
1.686000E-2	0.000000E+0	7.864600E+4
1.688000E-2	0.000000E+0	7.693800E+4
1.690000E-2	0.000000E+0	7.512900E+4
1.692000E-2	0.000000E+0	7.191400E+4
1.694000E-2	0.000000E+0	6.943800E+4
1.696000E-2	0.000000E+0	6.775300E+4
1.698000E-2	0.000000E+0	6.994400E+4
1.700000E-2	0.000000E+0	7.308500E+4
1.702000E-2	0.000000E+0	7.645500E+4
1.704000E-2	0.000000E+0	7.729600E+4
1.706000E-2	0.000000E+0	7.838700E+4
1.708000E-2	0.000000E+0	7.967300E+4
1.710000E-2	0.000000E+0	7.937600E+4
1.712000E-2	0.000000E+0	7.970200E+4
1.714000E-2	0.000000E+0	8.018500E+4
1.716000E-2	0.000000E+0	7.970500E+4
1.718000E-2	0.000000E+0	8.013100E+4
1.720000E-2	0.000000E+0	7.966800E+4
1.722000E-2	0.000000E+0	7.944300E+4
1.724000E-2	0.000000E+0	8.016300E+4
1.726000E-2	0.000000E+0	7.989200E+4
1.728000E-2	0.000000E+0	7.960700E+4
1.730000E-2	0.000000E+0	7.944800E+4
1.732000E-2	0.000000E+0	7.917700E+4
1.734000E-2	0.000000E+0	7.844900E+4
1.736000E-2	0.000000E+0	7.738000E+4
1.738000E-2	0.000000E+0	7.548700E+4
1.740000E-2	0.000000E+0	7.271700E+4
1.742000E-2	0.000000E+0	6.981000E+4
1.744000E-2	0.000000E+0	6.770500E+4
1.746000E-2	0.000000E+0	6.871600E+4
1.748000E-2	0.000000E+0	7.248900E+4
1.750000E-2	0.000000E+0	7.556100E+4
1.752000E-2	0.000000E+0	7.789300E+4
1.754000E-2	0.000000E+0	7.813800E+4
1.756000E-2	0.000000E+0	8.010900E+4
1.758000E-2	0.000000E+0	8.003100E+4
1.760000E-2	0.000000E+0	7.921500E+4
1.762000E-2	0.000000E+0	7.989700E+4
1.764000E-2	0.000000E+0	8.021200E+4
1.766000E-2	0.000000E+0	8.039100E+4
1.768000E-2	0.000000E+0	8.050100E+4
1.770000E-2	0.000000E+0	8.064400E+4
1.772000E-2	0.000000E+0	8.064800E+4
1.774000E-2	0.000000E+0	8.024700E+4
1.776000E-2	0.000000E+0	8.021500E+4
1.778000E-2	0.000000E+0	8.025900E+4
1.780000E-2	0.000000E+0	8.026700E+4
1.782000E-2	0.000000E+0	8.032300E+4
1.784000E-2	0.000000E+0	8.000100E+4
1.786000E-2	0.000000E+0	7.988200E+4
1.788000E-2	0.000000E+0	7.973700E+4
1.790000E-2	0.000000E+0	7.899400E+4
1.792000E-2	0.000000E+0	7.810400E+4
1.794000E-2	0.000000E+0	7.825300E+4
1.796000E-2	0.000000E+0	7.634700E+4
1.798000E-2	0.000000E+0	7.578500E+4
1.800000E-2	0.000000E+0	7.260600E+4
1.802000E-2	0.000000E+0	6.917600E+4
1.804000E-2	0.000000E+0	6.505200E+4
1.806000E-2	0.000000E+0	6.096000E+4
1.808000E-2	0.000000E+0	5.671100E+4
1.810000E-2	0.000000E+0	5.582100E+4
1.812000E-2	0.000000E+0	5.936800E+4
1.814000E-2	0.000000E+0	6.431800E+4
1.816000E-2	0.000000E+0	6.991000E+4
1.818000E-2	0.000000E+0	7.295500E+4
1.820000E-2	0.000000E+0	7.588900E+4
1.822000E-2	0.000000E+0	7.743600E+4
1.824000E-2	0.000000E+0	7.832200E+4
1.826000E-2	0.000000E+0	7.905700E+4
1.828000E-2	0.000000E+0	7.914100E+4
1.830000E-2	0.000000E+0	7.949100E+4
1.832000E-2	0.000000E+0	7.961900E+4
1.834000E-2	0.000000E+0	7.994200E+4
1.836000E-2	0.000000E+0	7.969000E+4
1.838000E-2	0.000000E+0	7.957000E+4
1.840000E-2	0.000000E+0	7.950300E+4
1.842000E-2	0.000000E+0	7.997500E+4
1.844000E-2	0.000000E+0	7.989700E+4
1.846000E-2	0.000000E+0	7.930900E+4
1.848000E-2	0.000000E+0	7.975200E+4
1.850000E-2	0.000000E+0	7.968000E+4
1.852000E-2	0.000000E+0	7.934800E+4
1.854000E-2	0.000000E+0	7.918900E+4
1.856000E-2	0.000000E+0	7.896400E+4
1.858000E-2	0.000000E+0	7.872200E+4
1.860000E-2	0.000000E+0	7.674300E+4
1.862000E-2	0.000000E+0	7.645800E+4
1.864000E-2	0.000000E+0	7.512100E+4
1.866000E-2	0.000000E+0	7.358100E+4
1.868000E-2	0.000000E+0	7.140100E+4
1.870000E-2	0.000000E+0	7.067000E+4
1.872000E-2	0.000000E+0	6.708800E+4
1.874000E-2	0.000000E+0	6.371900E+4
1.876000E-2	0.000000E+0	5.892200E+4
1.878000E-2	0.000000E+0	5.746400E+4
1.880000E-2	0.000000E+0	5.835400E+4
1.882000E-2	0.000000E+0	6.326100E+4
1.884000E-2	0.000000E+0	6.831700E+4
1.886000E-2	0.000000E+0	7.209500E+4
1.888000E-2	0.000000E+0	7.532500E+4
1.890000E-2	0.000000E+0	7.669800E+4
1.892000E-2	0.000000E+0	7.771800E+4
1.894000E-2	0.000000E+0	7.828400E+4
1.896000E-2	0.000000E+0	7.918700E+4
1.898000E-2	0.000000E+0	7.981100E+4
1.900000E-2	0.000000E+0	7.957000E+4
1.902000E-2	0.000000E+0	7.990000E+4
1.904000E-2	0.000000E+0	8.068800E+4
1.906000E-2	0.000000E+0	8.067000E+4
1.908000E-2	0.000000E+0	8.047000E+4
1.910000E-2	0.000000E+0	8.036600E+4
1.912000E-2	0.000000E+0	8.060800E+4
1.914000E-2	0.000000E+0	8.049000E+4
1.916000E-2	0.000000E+0	8.074700E+4
1.918000E-2	0.000000E+0	8.085300E+4
1.920000E-2	0.000000E+0	8.044600E+4
1.922000E-2	0.000000E+0	8.014300E+4
1.924000E-2	0.000000E+0	8.072300E+4
1.926000E-2	0.000000E+0	8.083600E+4
1.928000E-2	0.000000E+0	8.095600E+4
1.930000E-2	0.000000E+0	8.074500E+4
1.932000E-2	0.000000E+0	8.055600E+4
1.934000E-2	0.000000E+0	8.102600E+4
1.936000E-2	0.000000E+0	8.066300E+4
1.938000E-2	0.000000E+0	8.087400E+4
1.940000E-2	0.000000E+0	8.140000E+4
1.942000E-2	0.000000E+0	8.070300E+4
1.944000E-2	0.000000E+0	8.145800E+4
1.946000E-2	0.000000E+0	8.096600E+4
1.948000E-2	0.000000E+0	8.058800E+4
1.950000E-2	0.000000E+0	8.118900E+4
1.952000E-2	0.000000E+0	8.122200E+4
1.954000E-2	0.000000E+0	8.090100E+4
1.956000E-2	0.000000E+0	8.099100E+4
1.958000E-2	0.000000E+0	8.069900E+4
1.960000E-2	0.000000E+0	8.131100E+4
1.962000E-2	0.000000E+0	8.117400E+4
1.964000E-2	0.000000E+0	8.101400E+4
1.966000E-2	0.000000E+0	8.121700E+4
1.968000E-2	0.000000E+0	8.105500E+4
1.970000E-2	0.000000E+0	8.101300E+4
1.972000E-2	0.000000E+0	8.111000E+4
1.974000E-2	0.000000E+0	8.082300E+4
1.976000E-2	0.000000E+0	8.145100E+4
1.978000E-2	0.000000E+0	8.154400E+4
1.980000E-2	0.000000E+0	8.096200E+4
1.982000E-2	0.000000E+0	8.072600E+4
1.984000E-2	0.000000E+0	8.087600E+4
1.986000E-2	0.000000E+0	8.139900E+4
1.988000E-2	0.000000E+0	8.114500E+4
1.990000E-2	0.000000E+0	8.152700E+4
1.992000E-2	0.000000E+0	8.082700E+4
1.994000E-2	0.000000E+0	8.031200E+4
1.996000E-2	0.000000E+0	8.077600E+4
1.998000E-2	0.000000E+0	8.142600E+4
