

live time:  34181.080000
real time:  39602.798000
sweeps:  1709054.000000
0.000000E+0	0.000000E+0	0.000000E+0
2.000000E-5	0.000000E+0	4.437200E+4
4.000000E-5	0.000000E+0	4.465800E+4
6.000000E-5	0.000000E+0	4.477800E+4
8.000000E-5	0.000000E+0	4.451300E+4
1.000000E-4	0.000000E+0	4.459300E+4
1.200000E-4	0.000000E+0	4.457600E+4
1.400000E-4	0.000000E+0	4.492700E+4
1.600000E-4	0.000000E+0	4.495000E+4
1.800000E-4	0.000000E+0	4.488900E+4
2.000000E-4	0.000000E+0	4.484300E+4
2.200000E-4	0.000000E+0	4.481300E+4
2.400000E-4	0.000000E+0	4.481200E+4
2.600000E-4	0.000000E+0	4.479500E+4
2.800000E-4	0.000000E+0	4.476800E+4
3.000000E-4	0.000000E+0	4.470000E+4
3.200000E-4	0.000000E+0	4.494500E+4
3.400000E-4	0.000000E+0	4.453500E+4
3.600000E-4	0.000000E+0	4.434900E+4
3.800000E-4	0.000000E+0	4.457600E+4
4.000000E-4	0.000000E+0	4.490000E+4
4.200000E-4	0.000000E+0	4.457900E+4
4.400000E-4	0.000000E+0	4.495500E+4
4.600000E-4	0.000000E+0	4.499800E+4
4.800000E-4	0.000000E+0	4.420900E+4
5.000000E-4	0.000000E+0	4.479900E+4
5.200000E-4	0.000000E+0	4.472500E+4
5.400000E-4	0.000000E+0	4.440100E+4
5.600000E-4	0.000000E+0	4.457600E+4
5.800000E-4	0.000000E+0	4.464000E+4
6.000000E-4	0.000000E+0	4.462700E+4
6.200000E-4	0.000000E+0	4.463200E+4
6.400000E-4	0.000000E+0	4.499100E+4
6.600000E-4	0.000000E+0	4.427500E+4
6.800000E-4	0.000000E+0	4.494500E+4
7.000000E-4	0.000000E+0	4.460500E+4
7.200000E-4	0.000000E+0	4.487300E+4
7.400000E-4	0.000000E+0	4.457200E+4
7.600000E-4	0.000000E+0	4.473800E+4
7.800000E-4	0.000000E+0	4.447800E+4
8.000000E-4	0.000000E+0	4.444400E+4
8.200000E-4	0.000000E+0	4.481000E+4
8.400000E-4	0.000000E+0	4.463800E+4
8.600000E-4	0.000000E+0	4.502000E+4
8.800000E-4	0.000000E+0	4.485200E+4
9.000000E-4	0.000000E+0	4.469300E+4
9.200000E-4	0.000000E+0	4.493800E+4
9.400000E-4	0.000000E+0	4.512800E+4
9.600000E-4	0.000000E+0	4.464200E+4
9.800000E-4	0.000000E+0	4.435400E+4
1.000000E-3	0.000000E+0	4.480600E+4
1.020000E-3	0.000000E+0	4.489500E+4
1.040000E-3	0.000000E+0	4.497600E+4
1.060000E-3	0.000000E+0	4.457900E+4
1.080000E-3	0.000000E+0	4.477900E+4
1.100000E-3	0.000000E+0	4.481900E+4
1.120000E-3	0.000000E+0	4.466100E+4
1.140000E-3	0.000000E+0	4.485700E+4
1.160000E-3	0.000000E+0	4.448600E+4
1.180000E-3	0.000000E+0	4.459100E+4
1.200000E-3	0.000000E+0	4.467600E+4
1.220000E-3	0.000000E+0	4.483400E+4
1.240000E-3	0.000000E+0	4.469800E+4
1.260000E-3	0.000000E+0	4.470900E+4
1.280000E-3	0.000000E+0	4.449200E+4
1.300000E-3	0.000000E+0	4.487400E+4
1.320000E-3	0.000000E+0	4.459800E+4
1.340000E-3	0.000000E+0	4.464900E+4
1.360000E-3	0.000000E+0	4.455500E+4
1.380000E-3	0.000000E+0	4.452700E+4
1.400000E-3	0.000000E+0	4.470300E+4
1.420000E-3	0.000000E+0	4.496600E+4
1.440000E-3	0.000000E+0	4.444600E+4
1.460000E-3	0.000000E+0	4.490000E+4
1.480000E-3	0.000000E+0	4.445200E+4
1.500000E-3	0.000000E+0	4.493700E+4
1.520000E-3	0.000000E+0	4.469000E+4
1.540000E-3	0.000000E+0	4.460000E+4
1.560000E-3	0.000000E+0	4.464700E+4
1.580000E-3	0.000000E+0	4.462400E+4
1.600000E-3	0.000000E+0	4.460300E+4
1.620000E-3	0.000000E+0	4.450300E+4
1.640000E-3	0.000000E+0	4.480500E+4
1.660000E-3	0.000000E+0	4.465800E+4
1.680000E-3	0.000000E+0	4.445400E+4
1.700000E-3	0.000000E+0	4.482500E+4
1.720000E-3	0.000000E+0	4.504700E+4
1.740000E-3	0.000000E+0	4.445200E+4
1.760000E-3	0.000000E+0	4.454500E+4
1.780000E-3	0.000000E+0	4.490400E+4
1.800000E-3	0.000000E+0	4.463300E+4
1.820000E-3	0.000000E+0	4.436100E+4
1.840000E-3	0.000000E+0	4.464000E+4
1.860000E-3	0.000000E+0	4.452900E+4
1.880000E-3	0.000000E+0	4.472400E+4
1.900000E-3	0.000000E+0	4.500500E+4
1.920000E-3	0.000000E+0	4.449300E+4
1.940000E-3	0.000000E+0	4.473300E+4
1.960000E-3	0.000000E+0	4.485300E+4
1.980000E-3	0.000000E+0	4.461500E+4
2.000000E-3	0.000000E+0	4.469100E+4
2.020000E-3	0.000000E+0	4.475300E+4
2.040000E-3	0.000000E+0	4.470300E+4
2.060000E-3	0.000000E+0	4.485400E+4
2.080000E-3	0.000000E+0	4.477800E+4
2.100000E-3	0.000000E+0	4.471600E+4
2.120000E-3	0.000000E+0	4.488100E+4
2.140000E-3	0.000000E+0	4.458000E+4
2.160000E-3	0.000000E+0	4.465800E+4
2.180000E-3	0.000000E+0	4.473700E+4
2.200000E-3	0.000000E+0	4.428000E+4
2.220000E-3	0.000000E+0	4.510200E+4
2.240000E-3	0.000000E+0	4.453500E+4
2.260000E-3	0.000000E+0	4.442400E+4
2.280000E-3	0.000000E+0	4.486400E+4
2.300000E-3	0.000000E+0	4.510500E+4
2.320000E-3	0.000000E+0	4.479800E+4
2.340000E-3	0.000000E+0	4.465900E+4
2.360000E-3	0.000000E+0	4.467800E+4
2.380000E-3	0.000000E+0	4.500300E+4
2.400000E-3	0.000000E+0	4.455200E+4
2.420000E-3	0.000000E+0	4.460700E+4
2.440000E-3	0.000000E+0	4.485100E+4
2.460000E-3	0.000000E+0	4.465200E+4
2.480000E-3	0.000000E+0	4.436100E+4
2.500000E-3	0.000000E+0	4.452000E+4
2.520000E-3	0.000000E+0	4.454900E+4
2.540000E-3	0.000000E+0	4.424700E+4
2.560000E-3	0.000000E+0	4.456500E+4
2.580000E-3	0.000000E+0	4.457000E+4
2.600000E-3	0.000000E+0	4.489300E+4
2.620000E-3	0.000000E+0	4.403400E+4
2.640000E-3	0.000000E+0	4.490100E+4
2.660000E-3	0.000000E+0	4.451800E+4
2.680000E-3	0.000000E+0	4.467000E+4
2.700000E-3	0.000000E+0	4.482600E+4
2.720000E-3	0.000000E+0	4.468200E+4
2.740000E-3	0.000000E+0	4.425900E+4
2.760000E-3	0.000000E+0	4.455300E+4
2.780000E-3	0.000000E+0	4.480000E+4
2.800000E-3	0.000000E+0	4.404600E+4
2.820000E-3	0.000000E+0	4.513600E+4
2.840000E-3	0.000000E+0	4.449100E+4
2.860000E-3	0.000000E+0	4.461100E+4
2.880000E-3	0.000000E+0	4.430200E+4
2.900000E-3	0.000000E+0	4.480100E+4
2.920000E-3	0.000000E+0	4.523400E+4
2.940000E-3	0.000000E+0	4.452900E+4
2.960000E-3	0.000000E+0	4.470600E+4
2.980000E-3	0.000000E+0	4.463800E+4
3.000000E-3	0.000000E+0	4.486900E+4
3.020000E-3	0.000000E+0	4.514400E+4
3.040000E-3	0.000000E+0	4.497000E+4
3.060000E-3	0.000000E+0	4.477000E+4
3.080000E-3	0.000000E+0	4.472500E+4
3.100000E-3	0.000000E+0	4.492500E+4
3.120000E-3	0.000000E+0	4.498500E+4
3.140000E-3	0.000000E+0	4.489900E+4
3.160000E-3	0.000000E+0	4.442300E+4
3.180000E-3	0.000000E+0	4.504300E+4
3.200000E-3	0.000000E+0	4.443100E+4
3.220000E-3	0.000000E+0	4.472600E+4
3.240000E-3	0.000000E+0	4.502000E+4
3.260000E-3	0.000000E+0	4.466200E+4
3.280000E-3	0.000000E+0	4.462200E+4
3.300000E-3	0.000000E+0	4.463600E+4
3.320000E-3	0.000000E+0	4.432700E+4
3.340000E-3	0.000000E+0	4.451800E+4
3.360000E-3	0.000000E+0	4.475500E+4
3.380000E-3	0.000000E+0	4.446400E+4
3.400000E-3	0.000000E+0	4.417200E+4
3.420000E-3	0.000000E+0	4.448800E+4
3.440000E-3	0.000000E+0	4.460100E+4
3.460000E-3	0.000000E+0	4.478100E+4
3.480000E-3	0.000000E+0	4.473200E+4
3.500000E-3	0.000000E+0	4.436000E+4
3.520000E-3	0.000000E+0	4.494300E+4
3.540000E-3	0.000000E+0	4.460600E+4
3.560000E-3	0.000000E+0	4.422800E+4
3.580000E-3	0.000000E+0	4.421000E+4
3.600000E-3	0.000000E+0	4.458900E+4
3.620000E-3	0.000000E+0	4.460300E+4
3.640000E-3	0.000000E+0	4.472100E+4
3.660000E-3	0.000000E+0	4.443600E+4
3.680000E-3	0.000000E+0	4.465600E+4
3.700000E-3	0.000000E+0	4.433000E+4
3.720000E-3	0.000000E+0	4.452400E+4
3.740000E-3	0.000000E+0	4.491400E+4
3.760000E-3	0.000000E+0	4.446900E+4
3.780000E-3	0.000000E+0	4.481900E+4
3.800000E-3	0.000000E+0	4.464100E+4
3.820000E-3	0.000000E+0	4.402000E+4
3.840000E-3	0.000000E+0	4.456600E+4
3.860000E-3	0.000000E+0	4.384100E+4
3.880000E-3	0.000000E+0	4.429400E+4
3.900000E-3	0.000000E+0	4.429700E+4
3.920000E-3	0.000000E+0	4.406900E+4
3.940000E-3	0.000000E+0	4.401200E+4
3.960000E-3	0.000000E+0	4.364300E+4
3.980000E-3	0.000000E+0	4.353100E+4
4.000000E-3	0.000000E+0	4.317700E+4
4.020000E-3	0.000000E+0	4.269100E+4
4.040000E-3	0.000000E+0	4.223000E+4
4.060000E-3	0.000000E+0	4.154700E+4
4.080000E-3	0.000000E+0	4.004500E+4
4.100000E-3	0.000000E+0	3.791200E+4
4.120000E-3	0.000000E+0	3.524300E+4
4.140000E-3	0.000000E+0	3.269900E+4
4.160000E-3	0.000000E+0	3.172400E+4
4.180000E-3	0.000000E+0	3.230000E+4
4.200000E-3	0.000000E+0	3.479700E+4
4.220000E-3	0.000000E+0	3.729800E+4
4.240000E-3	0.000000E+0	3.904300E+4
4.260000E-3	0.000000E+0	4.023000E+4
4.280000E-3	0.000000E+0	4.059100E+4
4.300000E-3	0.000000E+0	4.155500E+4
4.320000E-3	0.000000E+0	4.255200E+4
4.340000E-3	0.000000E+0	4.296600E+4
4.360000E-3	0.000000E+0	4.323100E+4
4.380000E-3	0.000000E+0	4.320600E+4
4.400000E-3	0.000000E+0	4.403000E+4
4.420000E-3	0.000000E+0	4.395200E+4
4.440000E-3	0.000000E+0	4.388000E+4
4.460000E-3	0.000000E+0	4.433400E+4
4.480000E-3	0.000000E+0	4.425600E+4
4.500000E-3	0.000000E+0	4.430600E+4
4.520000E-3	0.000000E+0	4.417000E+4
4.540000E-3	0.000000E+0	4.393400E+4
4.560000E-3	0.000000E+0	4.389800E+4
4.580000E-3	0.000000E+0	4.416500E+4
4.600000E-3	0.000000E+0	4.395100E+4
4.620000E-3	0.000000E+0	4.353900E+4
4.640000E-3	0.000000E+0	4.375300E+4
4.660000E-3	0.000000E+0	4.345100E+4
4.680000E-3	0.000000E+0	4.322700E+4
4.700000E-3	0.000000E+0	4.297500E+4
4.720000E-3	0.000000E+0	4.225600E+4
4.740000E-3	0.000000E+0	4.148800E+4
4.760000E-3	0.000000E+0	3.968400E+4
4.780000E-3	0.000000E+0	3.805100E+4
4.800000E-3	0.000000E+0	3.503800E+4
4.820000E-3	0.000000E+0	3.215900E+4
4.840000E-3	0.000000E+0	3.087600E+4
4.860000E-3	0.000000E+0	3.185700E+4
4.880000E-3	0.000000E+0	3.430500E+4
4.900000E-3	0.000000E+0	3.666600E+4
4.920000E-3	0.000000E+0	3.865500E+4
4.940000E-3	0.000000E+0	4.073300E+4
4.960000E-3	0.000000E+0	4.192600E+4
4.980000E-3	0.000000E+0	4.261200E+4
5.000000E-3	0.000000E+0	4.361400E+4
5.020000E-3	0.000000E+0	4.343200E+4
5.040000E-3	0.000000E+0	4.380700E+4
5.060000E-3	0.000000E+0	4.366400E+4
5.080000E-3	0.000000E+0	4.431200E+4
5.100000E-3	0.000000E+0	4.446200E+4
5.120000E-3	0.000000E+0	4.413400E+4
5.140000E-3	0.000000E+0	4.393700E+4
5.160000E-3	0.000000E+0	4.370300E+4
5.180000E-3	0.000000E+0	4.440200E+4
5.200000E-3	0.000000E+0	4.410300E+4
5.220000E-3	0.000000E+0	4.460000E+4
5.240000E-3	0.000000E+0	4.418800E+4
5.260000E-3	0.000000E+0	4.410200E+4
5.280000E-3	0.000000E+0	4.420500E+4
5.300000E-3	0.000000E+0	4.373400E+4
5.320000E-3	0.000000E+0	4.392300E+4
5.340000E-3	0.000000E+0	4.401700E+4
5.360000E-3	0.000000E+0	4.356000E+4
5.380000E-3	0.000000E+0	4.343800E+4
5.400000E-3	0.000000E+0	4.310200E+4
5.420000E-3	0.000000E+0	4.230700E+4
5.440000E-3	0.000000E+0	4.087700E+4
5.460000E-3	0.000000E+0	3.926600E+4
5.480000E-3	0.000000E+0	3.747800E+4
5.500000E-3	0.000000E+0	3.746100E+4
5.520000E-3	0.000000E+0	3.880400E+4
5.540000E-3	0.000000E+0	4.093900E+4
5.560000E-3	0.000000E+0	4.246900E+4
5.580000E-3	0.000000E+0	4.319700E+4
5.600000E-3	0.000000E+0	4.338500E+4
5.620000E-3	0.000000E+0	4.363300E+4
5.640000E-3	0.000000E+0	4.425800E+4
5.660000E-3	0.000000E+0	4.390400E+4
5.680000E-3	0.000000E+0	4.428500E+4
5.700000E-3	0.000000E+0	4.387900E+4
5.720000E-3	0.000000E+0	4.426900E+4
5.740000E-3	0.000000E+0	4.404900E+4
5.760000E-3	0.000000E+0	4.431100E+4
5.780000E-3	0.000000E+0	4.401100E+4
5.800000E-3	0.000000E+0	4.393700E+4
5.820000E-3	0.000000E+0	4.421800E+4
5.840000E-3	0.000000E+0	4.394100E+4
5.860000E-3	0.000000E+0	4.344400E+4
5.880000E-3	0.000000E+0	4.269700E+4
5.900000E-3	0.000000E+0	4.233200E+4
5.920000E-3	0.000000E+0	4.073200E+4
5.940000E-3	0.000000E+0	3.971900E+4
5.960000E-3	0.000000E+0	3.778400E+4
5.980000E-3	0.000000E+0	3.762900E+4
6.000000E-3	0.000000E+0	3.901200E+4
6.020000E-3	0.000000E+0	4.081900E+4
6.040000E-3	0.000000E+0	4.225400E+4
6.060000E-3	0.000000E+0	4.306800E+4
6.080000E-3	0.000000E+0	4.360400E+4
6.100000E-3	0.000000E+0	4.388200E+4
6.120000E-3	0.000000E+0	4.417000E+4
6.140000E-3	0.000000E+0	4.430100E+4
6.160000E-3	0.000000E+0	4.390500E+4
6.180000E-3	0.000000E+0	4.420900E+4
6.200000E-3	0.000000E+0	4.437400E+4
6.220000E-3	0.000000E+0	4.413300E+4
6.240000E-3	0.000000E+0	4.430800E+4
6.260000E-3	0.000000E+0	4.384500E+4
6.280000E-3	0.000000E+0	4.426000E+4
6.300000E-3	0.000000E+0	4.415400E+4
6.320000E-3	0.000000E+0	4.397700E+4
6.340000E-3	0.000000E+0	4.407200E+4
6.360000E-3	0.000000E+0	4.437700E+4
6.380000E-3	0.000000E+0	4.341100E+4
6.400000E-3	0.000000E+0	4.413400E+4
6.420000E-3	0.000000E+0	4.371100E+4
6.440000E-3	0.000000E+0	4.339300E+4
6.460000E-3	0.000000E+0	4.301500E+4
6.480000E-3	0.000000E+0	4.220400E+4
6.500000E-3	0.000000E+0	4.122300E+4
6.520000E-3	0.000000E+0	4.003400E+4
6.540000E-3	0.000000E+0	3.880100E+4
6.560000E-3	0.000000E+0	3.748100E+4
6.580000E-3	0.000000E+0	3.539200E+4
6.600000E-3	0.000000E+0	3.294300E+4
6.620000E-3	0.000000E+0	3.121800E+4
6.640000E-3	0.000000E+0	3.202700E+4
6.660000E-3	0.000000E+0	3.443700E+4
6.680000E-3	0.000000E+0	3.768300E+4
6.700000E-3	0.000000E+0	3.953900E+4
6.720000E-3	0.000000E+0	4.160300E+4
6.740000E-3	0.000000E+0	4.224300E+4
6.760000E-3	0.000000E+0	4.274900E+4
6.780000E-3	0.000000E+0	4.322600E+4
6.800000E-3	0.000000E+0	4.338600E+4
6.820000E-3	0.000000E+0	4.372200E+4
6.840000E-3	0.000000E+0	4.356300E+4
6.860000E-3	0.000000E+0	4.385900E+4
6.880000E-3	0.000000E+0	4.360400E+4
6.900000E-3	0.000000E+0	4.377200E+4
6.920000E-3	0.000000E+0	4.399400E+4
6.940000E-3	0.000000E+0	4.417500E+4
6.960000E-3	0.000000E+0	4.425900E+4
6.980000E-3	0.000000E+0	4.401200E+4
7.000000E-3	0.000000E+0	4.405900E+4
7.020000E-3	0.000000E+0	4.383400E+4
7.040000E-3	0.000000E+0	4.386000E+4
7.060000E-3	0.000000E+0	4.407600E+4
7.080000E-3	0.000000E+0	4.347800E+4
7.100000E-3	0.000000E+0	4.322000E+4
7.120000E-3	0.000000E+0	4.248200E+4
7.140000E-3	0.000000E+0	4.179700E+4
7.160000E-3	0.000000E+0	4.098300E+4
7.180000E-3	0.000000E+0	4.067500E+4
7.200000E-3	0.000000E+0	4.042400E+4
7.220000E-3	0.000000E+0	3.985000E+4
7.240000E-3	0.000000E+0	3.848400E+4
7.260000E-3	0.000000E+0	3.632300E+4
7.280000E-3	0.000000E+0	3.445600E+4
7.300000E-3	0.000000E+0	3.198900E+4
7.320000E-3	0.000000E+0	3.151400E+4
7.340000E-3	0.000000E+0	3.324000E+4
7.360000E-3	0.000000E+0	3.584900E+4
7.380000E-3	0.000000E+0	3.835300E+4
7.400000E-3	0.000000E+0	4.033700E+4
7.420000E-3	0.000000E+0	4.187400E+4
7.440000E-3	0.000000E+0	4.269800E+4
7.460000E-3	0.000000E+0	4.269400E+4
7.480000E-3	0.000000E+0	4.314500E+4
7.500000E-3	0.000000E+0	4.350200E+4
7.520000E-3	0.000000E+0	4.400400E+4
7.540000E-3	0.000000E+0	4.418700E+4
7.560000E-3	0.000000E+0	4.407300E+4
7.580000E-3	0.000000E+0	4.402900E+4
7.600000E-3	0.000000E+0	4.404600E+4
7.620000E-3	0.000000E+0	4.456700E+4
7.640000E-3	0.000000E+0	4.407000E+4
7.660000E-3	0.000000E+0	4.442800E+4
7.680000E-3	0.000000E+0	4.461700E+4
7.700000E-3	0.000000E+0	4.447900E+4
7.720000E-3	0.000000E+0	4.436900E+4
7.740000E-3	0.000000E+0	4.461200E+4
7.760000E-3	0.000000E+0	4.434400E+4
7.780000E-3	0.000000E+0	4.443500E+4
7.800000E-3	0.000000E+0	4.472100E+4
7.820000E-3	0.000000E+0	4.481500E+4
7.840000E-3	0.000000E+0	4.445500E+4
7.860000E-3	0.000000E+0	4.428100E+4
7.880000E-3	0.000000E+0	4.473100E+4
7.900000E-3	0.000000E+0	4.470900E+4
7.920000E-3	0.000000E+0	4.433000E+4
7.940000E-3	0.000000E+0	4.436200E+4
7.960000E-3	0.000000E+0	4.468700E+4
7.980000E-3	0.000000E+0	4.464000E+4
8.000000E-3	0.000000E+0	4.449300E+4
8.020000E-3	0.000000E+0	4.508500E+4
8.040000E-3	0.000000E+0	4.472700E+4
8.060000E-3	0.000000E+0	4.438500E+4
8.080000E-3	0.000000E+0	4.421800E+4
8.100000E-3	0.000000E+0	4.458800E+4
8.120000E-3	0.000000E+0	4.447600E+4
8.140000E-3	0.000000E+0	4.465200E+4
8.160000E-3	0.000000E+0	4.457700E+4
8.180000E-3	0.000000E+0	4.465400E+4
8.200000E-3	0.000000E+0	4.462900E+4
8.220000E-3	0.000000E+0	4.498700E+4
8.240000E-3	0.000000E+0	4.465400E+4
8.260000E-3	0.000000E+0	4.452100E+4
8.280000E-3	0.000000E+0	4.430600E+4
8.300000E-3	0.000000E+0	4.495700E+4
8.320000E-3	0.000000E+0	4.423900E+4
8.340000E-3	0.000000E+0	4.455100E+4
8.360000E-3	0.000000E+0	4.444500E+4
8.380000E-3	0.000000E+0	4.477600E+4
8.400000E-3	0.000000E+0	4.494000E+4
8.420000E-3	0.000000E+0	4.515600E+4
8.440000E-3	0.000000E+0	4.480500E+4
8.460000E-3	0.000000E+0	4.455000E+4
8.480000E-3	0.000000E+0	4.466700E+4
8.500000E-3	0.000000E+0	4.442300E+4
8.520000E-3	0.000000E+0	4.450600E+4
8.540000E-3	0.000000E+0	4.501700E+4
8.560000E-3	0.000000E+0	4.467200E+4
8.580000E-3	0.000000E+0	4.457800E+4
8.600000E-3	0.000000E+0	4.445500E+4
8.620000E-3	0.000000E+0	4.455600E+4
8.640000E-3	0.000000E+0	4.481100E+4
8.660000E-3	0.000000E+0	4.454700E+4
8.680000E-3	0.000000E+0	4.462400E+4
8.700000E-3	0.000000E+0	4.450900E+4
8.720000E-3	0.000000E+0	4.491800E+4
8.740000E-3	0.000000E+0	4.477900E+4
8.760000E-3	0.000000E+0	4.450200E+4
8.780000E-3	0.000000E+0	4.486400E+4
8.800000E-3	0.000000E+0	4.501200E+4
8.820000E-3	0.000000E+0	4.432500E+4
8.840000E-3	0.000000E+0	4.500700E+4
8.860000E-3	0.000000E+0	4.498600E+4
8.880000E-3	0.000000E+0	4.457900E+4
8.900000E-3	0.000000E+0	4.469400E+4
8.920000E-3	0.000000E+0	4.455400E+4
8.940000E-3	0.000000E+0	4.437700E+4
8.960000E-3	0.000000E+0	4.486500E+4
8.980000E-3	0.000000E+0	4.491200E+4
9.000000E-3	0.000000E+0	4.510800E+4
9.020000E-3	0.000000E+0	4.488800E+4
9.040000E-3	0.000000E+0	4.493200E+4
9.060000E-3	0.000000E+0	4.422400E+4
9.080000E-3	0.000000E+0	4.444600E+4
9.100000E-3	0.000000E+0	4.405700E+4
9.120000E-3	0.000000E+0	4.488000E+4
9.140000E-3	0.000000E+0	4.462700E+4
9.160000E-3	0.000000E+0	4.485900E+4
9.180000E-3	0.000000E+0	4.488200E+4
9.200000E-3	0.000000E+0	4.465400E+4
9.220000E-3	0.000000E+0	4.456600E+4
9.240000E-3	0.000000E+0	4.489100E+4
9.260000E-3	0.000000E+0	4.449000E+4
9.280000E-3	0.000000E+0	4.494800E+4
9.300000E-3	0.000000E+0	4.468400E+4
9.320000E-3	0.000000E+0	4.494400E+4
9.340000E-3	0.000000E+0	4.463400E+4
9.360000E-3	0.000000E+0	4.481700E+4
9.380000E-3	0.000000E+0	4.484500E+4
9.400000E-3	0.000000E+0	4.459600E+4
9.420000E-3	0.000000E+0	4.461900E+4
9.440000E-3	0.000000E+0	4.431200E+4
9.460000E-3	0.000000E+0	4.472200E+4
9.480000E-3	0.000000E+0	4.454200E+4
9.500000E-3	0.000000E+0	4.445200E+4
9.520000E-3	0.000000E+0	4.404600E+4
9.540000E-3	0.000000E+0	4.454100E+4
9.560000E-3	0.000000E+0	4.485200E+4
9.580000E-3	0.000000E+0	4.512000E+4
9.600000E-3	0.000000E+0	4.467100E+4
9.620000E-3	0.000000E+0	4.472600E+4
9.640000E-3	0.000000E+0	4.471900E+4
9.660000E-3	0.000000E+0	4.465800E+4
9.680000E-3	0.000000E+0	4.480700E+4
9.700000E-3	0.000000E+0	4.458900E+4
9.720000E-3	0.000000E+0	4.485800E+4
9.740000E-3	0.000000E+0	4.447700E+4
9.760000E-3	0.000000E+0	4.459500E+4
9.780000E-3	0.000000E+0	4.429800E+4
9.800000E-3	0.000000E+0	4.468000E+4
9.820000E-3	0.000000E+0	4.489000E+4
9.840000E-3	0.000000E+0	4.463600E+4
9.860000E-3	0.000000E+0	4.461100E+4
9.880000E-3	0.000000E+0	4.486000E+4
9.900000E-3	0.000000E+0	4.497400E+4
9.920000E-3	0.000000E+0	4.465700E+4
9.940000E-3	0.000000E+0	4.444000E+4
9.960000E-3	0.000000E+0	4.496200E+4
9.980000E-3	0.000000E+0	4.440000E+4
1.000000E-2	0.000000E+0	4.470200E+4
1.002000E-2	0.000000E+0	4.475500E+4
1.004000E-2	0.000000E+0	4.469500E+4
1.006000E-2	0.000000E+0	4.497000E+4
1.008000E-2	0.000000E+0	4.471100E+4
1.010000E-2	0.000000E+0	4.477000E+4
1.012000E-2	0.000000E+0	4.456300E+4
1.014000E-2	0.000000E+0	4.416800E+4
1.016000E-2	0.000000E+0	4.494300E+4
1.018000E-2	0.000000E+0	4.436800E+4
1.020000E-2	0.000000E+0	4.450900E+4
1.022000E-2	0.000000E+0	4.477000E+4
1.024000E-2	0.000000E+0	4.448000E+4
1.026000E-2	0.000000E+0	4.442400E+4
1.028000E-2	0.000000E+0	4.485900E+4
1.030000E-2	0.000000E+0	4.503700E+4
1.032000E-2	0.000000E+0	4.454900E+4
1.034000E-2	0.000000E+0	4.421300E+4
1.036000E-2	0.000000E+0	4.467800E+4
1.038000E-2	0.000000E+0	4.434400E+4
1.040000E-2	0.000000E+0	4.492200E+4
1.042000E-2	0.000000E+0	4.466000E+4
1.044000E-2	0.000000E+0	4.500200E+4
1.046000E-2	0.000000E+0	4.489000E+4
1.048000E-2	0.000000E+0	4.485800E+4
1.050000E-2	0.000000E+0	4.445100E+4
1.052000E-2	0.000000E+0	4.484200E+4
1.054000E-2	0.000000E+0	4.451400E+4
1.056000E-2	0.000000E+0	4.494200E+4
1.058000E-2	0.000000E+0	4.439600E+4
1.060000E-2	0.000000E+0	4.455200E+4
1.062000E-2	0.000000E+0	4.501000E+4
1.064000E-2	0.000000E+0	4.521400E+4
1.066000E-2	0.000000E+0	4.443400E+4
1.068000E-2	0.000000E+0	4.407800E+4
1.070000E-2	0.000000E+0	4.476100E+4
1.072000E-2	0.000000E+0	4.458000E+4
1.074000E-2	0.000000E+0	4.471800E+4
1.076000E-2	0.000000E+0	4.470600E+4
1.078000E-2	0.000000E+0	4.481500E+4
1.080000E-2	0.000000E+0	4.455500E+4
1.082000E-2	0.000000E+0	4.453200E+4
1.084000E-2	0.000000E+0	4.450600E+4
1.086000E-2	0.000000E+0	4.445900E+4
1.088000E-2	0.000000E+0	4.487800E+4
1.090000E-2	0.000000E+0	4.457700E+4
1.092000E-2	0.000000E+0	4.453700E+4
1.094000E-2	0.000000E+0	4.487700E+4
1.096000E-2	0.000000E+0	4.430500E+4
1.098000E-2	0.000000E+0	4.506300E+4
1.100000E-2	0.000000E+0	4.454300E+4
1.102000E-2	0.000000E+0	4.425700E+4
1.104000E-2	0.000000E+0	4.488800E+4
1.106000E-2	0.000000E+0	4.471400E+4
1.108000E-2	0.000000E+0	4.478200E+4
1.110000E-2	0.000000E+0	4.476100E+4
1.112000E-2	0.000000E+0	4.445900E+4
1.114000E-2	0.000000E+0	4.462200E+4
1.116000E-2	0.000000E+0	4.427300E+4
1.118000E-2	0.000000E+0	4.493600E+4
1.120000E-2	0.000000E+0	4.474800E+4
1.122000E-2	0.000000E+0	4.485100E+4
1.124000E-2	0.000000E+0	4.484600E+4
1.126000E-2	0.000000E+0	4.513400E+4
1.128000E-2	0.000000E+0	4.521800E+4
1.130000E-2	0.000000E+0	4.459700E+4
1.132000E-2	0.000000E+0	4.463800E+4
1.134000E-2	0.000000E+0	4.486900E+4
1.136000E-2	0.000000E+0	4.448100E+4
1.138000E-2	0.000000E+0	4.465700E+4
1.140000E-2	0.000000E+0	4.442700E+4
1.142000E-2	0.000000E+0	4.437100E+4
1.144000E-2	0.000000E+0	4.428900E+4
1.146000E-2	0.000000E+0	4.425300E+4
1.148000E-2	0.000000E+0	4.432900E+4
1.150000E-2	0.000000E+0	4.460300E+4
1.152000E-2	0.000000E+0	4.479000E+4
1.154000E-2	0.000000E+0	4.440200E+4
1.156000E-2	0.000000E+0	4.448500E+4
1.158000E-2	0.000000E+0	4.466800E+4
1.160000E-2	0.000000E+0	4.479700E+4
1.162000E-2	0.000000E+0	4.459900E+4
1.164000E-2	0.000000E+0	4.464100E+4
1.166000E-2	0.000000E+0	4.448100E+4
1.168000E-2	0.000000E+0	4.449700E+4
1.170000E-2	0.000000E+0	4.467800E+4
1.172000E-2	0.000000E+0	4.447800E+4
1.174000E-2	0.000000E+0	4.462800E+4
1.176000E-2	0.000000E+0	4.441600E+4
1.178000E-2	0.000000E+0	4.469900E+4
1.180000E-2	0.000000E+0	4.474900E+4
1.182000E-2	0.000000E+0	4.475500E+4
1.184000E-2	0.000000E+0	4.447100E+4
1.186000E-2	0.000000E+0	4.454200E+4
1.188000E-2	0.000000E+0	4.456900E+4
1.190000E-2	0.000000E+0	4.507600E+4
1.192000E-2	0.000000E+0	4.440000E+4
1.194000E-2	0.000000E+0	4.443700E+4
1.196000E-2	0.000000E+0	4.504000E+4
1.198000E-2	0.000000E+0	4.472800E+4
1.200000E-2	0.000000E+0	4.427000E+4
1.202000E-2	0.000000E+0	4.452000E+4
1.204000E-2	0.000000E+0	4.468700E+4
1.206000E-2	0.000000E+0	4.472700E+4
1.208000E-2	0.000000E+0	4.442400E+4
1.210000E-2	0.000000E+0	4.408300E+4
1.212000E-2	0.000000E+0	4.445700E+4
1.214000E-2	0.000000E+0	4.460400E+4
1.216000E-2	0.000000E+0	4.511500E+4
1.218000E-2	0.000000E+0	4.485200E+4
1.220000E-2	0.000000E+0	4.448900E+4
1.222000E-2	0.000000E+0	4.421500E+4
1.224000E-2	0.000000E+0	4.457500E+4
1.226000E-2	0.000000E+0	4.449900E+4
1.228000E-2	0.000000E+0	4.422000E+4
1.230000E-2	0.000000E+0	4.451100E+4
1.232000E-2	0.000000E+0	4.476200E+4
1.234000E-2	0.000000E+0	4.443100E+4
1.236000E-2	0.000000E+0	4.494600E+4
1.238000E-2	0.000000E+0	4.435100E+4
1.240000E-2	0.000000E+0	4.462200E+4
1.242000E-2	0.000000E+0	4.452600E+4
1.244000E-2	0.000000E+0	4.455500E+4
1.246000E-2	0.000000E+0	4.433100E+4
1.248000E-2	0.000000E+0	4.467200E+4
1.250000E-2	0.000000E+0	4.448500E+4
1.252000E-2	0.000000E+0	4.476100E+4
1.254000E-2	0.000000E+0	4.469300E+4
1.256000E-2	0.000000E+0	4.453900E+4
1.258000E-2	0.000000E+0	4.482100E+4
1.260000E-2	0.000000E+0	4.494300E+4
1.262000E-2	0.000000E+0	4.487700E+4
1.264000E-2	0.000000E+0	4.487100E+4
1.266000E-2	0.000000E+0	4.494000E+4
1.268000E-2	0.000000E+0	4.459000E+4
1.270000E-2	0.000000E+0	4.475400E+4
1.272000E-2	0.000000E+0	4.435400E+4
1.274000E-2	0.000000E+0	4.482800E+4
1.276000E-2	0.000000E+0	4.492400E+4
1.278000E-2	0.000000E+0	4.480500E+4
1.280000E-2	0.000000E+0	4.455000E+4
1.282000E-2	0.000000E+0	4.427700E+4
1.284000E-2	0.000000E+0	4.479700E+4
1.286000E-2	0.000000E+0	4.442500E+4
1.288000E-2	0.000000E+0	4.462800E+4
1.290000E-2	0.000000E+0	4.475000E+4
1.292000E-2	0.000000E+0	4.442200E+4
1.294000E-2	0.000000E+0	4.426600E+4
1.296000E-2	0.000000E+0	4.468800E+4
1.298000E-2	0.000000E+0	4.438100E+4
1.300000E-2	0.000000E+0	4.473400E+4
1.302000E-2	0.000000E+0	4.482200E+4
1.304000E-2	0.000000E+0	4.476400E+4
1.306000E-2	0.000000E+0	4.493800E+4
1.308000E-2	0.000000E+0	4.482900E+4
1.310000E-2	0.000000E+0	4.491100E+4
1.312000E-2	0.000000E+0	4.489700E+4
1.314000E-2	0.000000E+0	4.461600E+4
1.316000E-2	0.000000E+0	4.511500E+4
1.318000E-2	0.000000E+0	4.498600E+4
1.320000E-2	0.000000E+0	4.451400E+4
1.322000E-2	0.000000E+0	4.441800E+4
1.324000E-2	0.000000E+0	4.458400E+4
1.326000E-2	0.000000E+0	4.443400E+4
1.328000E-2	0.000000E+0	4.479200E+4
1.330000E-2	0.000000E+0	4.460100E+4
1.332000E-2	0.000000E+0	4.460400E+4
1.334000E-2	0.000000E+0	4.431600E+4
1.336000E-2	0.000000E+0	4.463900E+4
1.338000E-2	0.000000E+0	4.438200E+4
1.340000E-2	0.000000E+0	4.469600E+4
1.342000E-2	0.000000E+0	4.440700E+4
1.344000E-2	0.000000E+0	4.470700E+4
1.346000E-2	0.000000E+0	4.468900E+4
1.348000E-2	0.000000E+0	4.424800E+4
1.350000E-2	0.000000E+0	4.483400E+4
1.352000E-2	0.000000E+0	4.513200E+4
1.354000E-2	0.000000E+0	4.462300E+4
1.356000E-2	0.000000E+0	4.455500E+4
1.358000E-2	0.000000E+0	4.435300E+4
1.360000E-2	0.000000E+0	4.474700E+4
1.362000E-2	0.000000E+0	4.457700E+4
1.364000E-2	0.000000E+0	4.461500E+4
1.366000E-2	0.000000E+0	4.476800E+4
1.368000E-2	0.000000E+0	4.475800E+4
1.370000E-2	0.000000E+0	4.472100E+4
1.372000E-2	0.000000E+0	4.474700E+4
1.374000E-2	0.000000E+0	4.461400E+4
1.376000E-2	0.000000E+0	4.470600E+4
1.378000E-2	0.000000E+0	4.488100E+4
1.380000E-2	0.000000E+0	4.438400E+4
1.382000E-2	0.000000E+0	4.469400E+4
1.384000E-2	0.000000E+0	4.476600E+4
1.386000E-2	0.000000E+0	4.475900E+4
1.388000E-2	0.000000E+0	4.474700E+4
1.390000E-2	0.000000E+0	4.419900E+4
1.392000E-2	0.000000E+0	4.464300E+4
1.394000E-2	0.000000E+0	4.431700E+4
1.396000E-2	0.000000E+0	4.448100E+4
1.398000E-2	0.000000E+0	4.440800E+4
1.400000E-2	0.000000E+0	4.428600E+4
1.402000E-2	0.000000E+0	4.467400E+4
1.404000E-2	0.000000E+0	4.448100E+4
1.406000E-2	0.000000E+0	4.455500E+4
1.408000E-2	0.000000E+0	4.474200E+4
1.410000E-2	0.000000E+0	4.472600E+4
1.412000E-2	0.000000E+0	4.454000E+4
1.414000E-2	0.000000E+0	4.459600E+4
1.416000E-2	0.000000E+0	4.421900E+4
1.418000E-2	0.000000E+0	4.471700E+4
1.420000E-2	0.000000E+0	4.454700E+4
1.422000E-2	0.000000E+0	4.444700E+4
1.424000E-2	0.000000E+0	4.449700E+4
1.426000E-2	0.000000E+0	4.465800E+4
1.428000E-2	0.000000E+0	4.476800E+4
1.430000E-2	0.000000E+0	4.465000E+4
1.432000E-2	0.000000E+0	4.463600E+4
1.434000E-2	0.000000E+0	4.477300E+4
1.436000E-2	0.000000E+0	4.472300E+4
1.438000E-2	0.000000E+0	4.446800E+4
1.440000E-2	0.000000E+0	4.479700E+4
1.442000E-2	0.000000E+0	4.467100E+4
1.444000E-2	0.000000E+0	4.436800E+4
1.446000E-2	0.000000E+0	4.452200E+4
1.448000E-2	0.000000E+0	4.490400E+4
1.450000E-2	0.000000E+0	4.470700E+4
1.452000E-2	0.000000E+0	4.456000E+4
1.454000E-2	0.000000E+0	4.496800E+4
1.456000E-2	0.000000E+0	4.466800E+4
1.458000E-2	0.000000E+0	4.477400E+4
1.460000E-2	0.000000E+0	4.446200E+4
1.462000E-2	0.000000E+0	4.436800E+4
1.464000E-2	0.000000E+0	4.469200E+4
1.466000E-2	0.000000E+0	4.448900E+4
1.468000E-2	0.000000E+0	4.461000E+4
1.470000E-2	0.000000E+0	4.442100E+4
1.472000E-2	0.000000E+0	4.467900E+4
1.474000E-2	0.000000E+0	4.461700E+4
1.476000E-2	0.000000E+0	4.439400E+4
1.478000E-2	0.000000E+0	4.460500E+4
1.480000E-2	0.000000E+0	4.435000E+4
1.482000E-2	0.000000E+0	4.489100E+4
1.484000E-2	0.000000E+0	4.456000E+4
1.486000E-2	0.000000E+0	4.463100E+4
1.488000E-2	0.000000E+0	4.411900E+4
1.490000E-2	0.000000E+0	4.487500E+4
1.492000E-2	0.000000E+0	4.412400E+4
1.494000E-2	0.000000E+0	4.425500E+4
1.496000E-2	0.000000E+0	4.448000E+4
1.498000E-2	0.000000E+0	4.475200E+4
1.500000E-2	0.000000E+0	4.437100E+4
1.502000E-2	0.000000E+0	4.444900E+4
1.504000E-2	0.000000E+0	4.449100E+4
1.506000E-2	0.000000E+0	4.470300E+4
1.508000E-2	0.000000E+0	4.455000E+4
1.510000E-2	0.000000E+0	4.435300E+4
1.512000E-2	0.000000E+0	4.430900E+4
1.514000E-2	0.000000E+0	4.448400E+4
1.516000E-2	0.000000E+0	4.447000E+4
1.518000E-2	0.000000E+0	4.409700E+4
1.520000E-2	0.000000E+0	4.413800E+4
1.522000E-2	0.000000E+0	4.447800E+4
1.524000E-2	0.000000E+0	4.425100E+4
1.526000E-2	0.000000E+0	4.431500E+4
1.528000E-2	0.000000E+0	4.428800E+4
1.530000E-2	0.000000E+0	4.420300E+4
1.532000E-2	0.000000E+0	4.419100E+4
1.534000E-2	0.000000E+0	4.373900E+4
1.536000E-2	0.000000E+0	4.397900E+4
1.538000E-2	0.000000E+0	4.402200E+4
1.540000E-2	0.000000E+0	4.369000E+4
1.542000E-2	0.000000E+0	4.365700E+4
1.544000E-2	0.000000E+0	4.336500E+4
1.546000E-2	0.000000E+0	4.260800E+4
1.548000E-2	0.000000E+0	4.216400E+4
1.550000E-2	0.000000E+0	4.096700E+4
1.552000E-2	0.000000E+0	3.971200E+4
1.554000E-2	0.000000E+0	3.720900E+4
1.556000E-2	0.000000E+0	3.471300E+4
1.558000E-2	0.000000E+0	3.278100E+4
1.560000E-2	0.000000E+0	3.183200E+4
1.562000E-2	0.000000E+0	3.288400E+4
1.564000E-2	0.000000E+0	3.496600E+4
1.566000E-2	0.000000E+0	3.714300E+4
1.568000E-2	0.000000E+0	3.908400E+4
1.570000E-2	0.000000E+0	4.023200E+4
1.572000E-2	0.000000E+0	4.077100E+4
1.574000E-2	0.000000E+0	4.119800E+4
1.576000E-2	0.000000E+0	4.139500E+4
1.578000E-2	0.000000E+0	4.261900E+4
1.580000E-2	0.000000E+0	4.237700E+4
1.582000E-2	0.000000E+0	4.341100E+4
1.584000E-2	0.000000E+0	4.356600E+4
1.586000E-2	0.000000E+0	4.371000E+4
1.588000E-2	0.000000E+0	4.328600E+4
1.590000E-2	0.000000E+0	4.377700E+4
1.592000E-2	0.000000E+0	4.379800E+4
1.594000E-2	0.000000E+0	4.419400E+4
1.596000E-2	0.000000E+0	4.383300E+4
1.598000E-2	0.000000E+0	4.403100E+4
1.600000E-2	0.000000E+0	4.407700E+4
1.602000E-2	0.000000E+0	4.385500E+4
1.604000E-2	0.000000E+0	4.397700E+4
1.606000E-2	0.000000E+0	4.407600E+4
1.608000E-2	0.000000E+0	4.415900E+4
1.610000E-2	0.000000E+0	4.366800E+4
1.612000E-2	0.000000E+0	4.380100E+4
1.614000E-2	0.000000E+0	4.327100E+4
1.616000E-2	0.000000E+0	4.232000E+4
1.618000E-2	0.000000E+0	4.191100E+4
1.620000E-2	0.000000E+0	4.096700E+4
1.622000E-2	0.000000E+0	3.951400E+4
1.624000E-2	0.000000E+0	3.708800E+4
1.626000E-2	0.000000E+0	3.432300E+4
1.628000E-2	0.000000E+0	3.162200E+4
1.630000E-2	0.000000E+0	3.123700E+4
1.632000E-2	0.000000E+0	3.262000E+4
1.634000E-2	0.000000E+0	3.553100E+4
1.636000E-2	0.000000E+0	3.733800E+4
1.638000E-2	0.000000E+0	3.874000E+4
1.640000E-2	0.000000E+0	4.024300E+4
1.642000E-2	0.000000E+0	4.121500E+4
1.644000E-2	0.000000E+0	4.241700E+4
1.646000E-2	0.000000E+0	4.279600E+4
1.648000E-2	0.000000E+0	4.316000E+4
1.650000E-2	0.000000E+0	4.359300E+4
1.652000E-2	0.000000E+0	4.381100E+4
1.654000E-2	0.000000E+0	4.372000E+4
1.656000E-2	0.000000E+0	4.399900E+4
1.658000E-2	0.000000E+0	4.409600E+4
1.660000E-2	0.000000E+0	4.405700E+4
1.662000E-2	0.000000E+0	4.399400E+4
1.664000E-2	0.000000E+0	4.462200E+4
1.666000E-2	0.000000E+0	4.391100E+4
1.668000E-2	0.000000E+0	4.423700E+4
1.670000E-2	0.000000E+0	4.414200E+4
1.672000E-2	0.000000E+0	4.441300E+4
1.674000E-2	0.000000E+0	4.421100E+4
1.676000E-2	0.000000E+0	4.416700E+4
1.678000E-2	0.000000E+0	4.434500E+4
1.680000E-2	0.000000E+0	4.388400E+4
1.682000E-2	0.000000E+0	4.366600E+4
1.684000E-2	0.000000E+0	4.328300E+4
1.686000E-2	0.000000E+0	4.327500E+4
1.688000E-2	0.000000E+0	4.243000E+4
1.690000E-2	0.000000E+0	4.134300E+4
1.692000E-2	0.000000E+0	3.962100E+4
1.694000E-2	0.000000E+0	3.845000E+4
1.696000E-2	0.000000E+0	3.744000E+4
1.698000E-2	0.000000E+0	3.846200E+4
1.700000E-2	0.000000E+0	3.982300E+4
1.702000E-2	0.000000E+0	4.194500E+4
1.704000E-2	0.000000E+0	4.242600E+4
1.706000E-2	0.000000E+0	4.314400E+4
1.708000E-2	0.000000E+0	4.396500E+4
1.710000E-2	0.000000E+0	4.349500E+4
1.712000E-2	0.000000E+0	4.390100E+4
1.714000E-2	0.000000E+0	4.410000E+4
1.716000E-2	0.000000E+0	4.357200E+4
1.718000E-2	0.000000E+0	4.417400E+4
1.720000E-2	0.000000E+0	4.397500E+4
1.722000E-2	0.000000E+0	4.384200E+4
1.724000E-2	0.000000E+0	4.413500E+4
1.726000E-2	0.000000E+0	4.400100E+4
1.728000E-2	0.000000E+0	4.355400E+4
1.730000E-2	0.000000E+0	4.379400E+4
1.732000E-2	0.000000E+0	4.380500E+4
1.734000E-2	0.000000E+0	4.306700E+4
1.736000E-2	0.000000E+0	4.283400E+4
1.738000E-2	0.000000E+0	4.142300E+4
1.740000E-2	0.000000E+0	4.002400E+4
1.742000E-2	0.000000E+0	3.848200E+4
1.744000E-2	0.000000E+0	3.745200E+4
1.746000E-2	0.000000E+0	3.792300E+4
1.748000E-2	0.000000E+0	3.984800E+4
1.750000E-2	0.000000E+0	4.144500E+4
1.752000E-2	0.000000E+0	4.291600E+4
1.754000E-2	0.000000E+0	4.293100E+4
1.756000E-2	0.000000E+0	4.409600E+4
1.758000E-2	0.000000E+0	4.421800E+4
1.760000E-2	0.000000E+0	4.362000E+4
1.762000E-2	0.000000E+0	4.379500E+4
1.764000E-2	0.000000E+0	4.404600E+4
1.766000E-2	0.000000E+0	4.425600E+4
1.768000E-2	0.000000E+0	4.413000E+4
1.770000E-2	0.000000E+0	4.452100E+4
1.772000E-2	0.000000E+0	4.433600E+4
1.774000E-2	0.000000E+0	4.419400E+4
1.776000E-2	0.000000E+0	4.423500E+4
1.778000E-2	0.000000E+0	4.405400E+4
1.780000E-2	0.000000E+0	4.426900E+4
1.782000E-2	0.000000E+0	4.434500E+4
1.784000E-2	0.000000E+0	4.408700E+4
1.786000E-2	0.000000E+0	4.406600E+4
1.788000E-2	0.000000E+0	4.391600E+4
1.790000E-2	0.000000E+0	4.307900E+4
1.792000E-2	0.000000E+0	4.309800E+4
1.794000E-2	0.000000E+0	4.322600E+4
1.796000E-2	0.000000E+0	4.191200E+4
1.798000E-2	0.000000E+0	4.173700E+4
1.800000E-2	0.000000E+0	3.973500E+4
1.802000E-2	0.000000E+0	3.808300E+4
1.804000E-2	0.000000E+0	3.566700E+4
1.806000E-2	0.000000E+0	3.322300E+4
1.808000E-2	0.000000E+0	3.103000E+4
1.810000E-2	0.000000E+0	3.075400E+4
1.812000E-2	0.000000E+0	3.286300E+4
1.814000E-2	0.000000E+0	3.535400E+4
1.816000E-2	0.000000E+0	3.861100E+4
1.818000E-2	0.000000E+0	4.014900E+4
1.820000E-2	0.000000E+0	4.144200E+4
1.822000E-2	0.000000E+0	4.244500E+4
1.824000E-2	0.000000E+0	4.302000E+4
1.826000E-2	0.000000E+0	4.344100E+4
1.828000E-2	0.000000E+0	4.343600E+4
1.830000E-2	0.000000E+0	4.381700E+4
1.832000E-2	0.000000E+0	4.391100E+4
1.834000E-2	0.000000E+0	4.398300E+4
1.836000E-2	0.000000E+0	4.367900E+4
1.838000E-2	0.000000E+0	4.355700E+4
1.840000E-2	0.000000E+0	4.351200E+4
1.842000E-2	0.000000E+0	4.382200E+4
1.844000E-2	0.000000E+0	4.409600E+4
1.846000E-2	0.000000E+0	4.388900E+4
1.848000E-2	0.000000E+0	4.380600E+4
1.850000E-2	0.000000E+0	4.392000E+4
1.852000E-2	0.000000E+0	4.342200E+4
1.854000E-2	0.000000E+0	4.354600E+4
1.856000E-2	0.000000E+0	4.322100E+4
1.858000E-2	0.000000E+0	4.342400E+4
1.860000E-2	0.000000E+0	4.221800E+4
1.862000E-2	0.000000E+0	4.168100E+4
1.864000E-2	0.000000E+0	4.119900E+4
1.866000E-2	0.000000E+0	4.038100E+4
1.868000E-2	0.000000E+0	3.910000E+4
1.870000E-2	0.000000E+0	3.876600E+4
1.872000E-2	0.000000E+0	3.704100E+4
1.874000E-2	0.000000E+0	3.490900E+4
1.876000E-2	0.000000E+0	3.232100E+4
1.878000E-2	0.000000E+0	3.160700E+4
1.880000E-2	0.000000E+0	3.211200E+4
1.882000E-2	0.000000E+0	3.500600E+4
1.884000E-2	0.000000E+0	3.767600E+4
1.886000E-2	0.000000E+0	3.971900E+4
1.888000E-2	0.000000E+0	4.140600E+4
1.890000E-2	0.000000E+0	4.203700E+4
1.892000E-2	0.000000E+0	4.272800E+4
1.894000E-2	0.000000E+0	4.344100E+4
1.896000E-2	0.000000E+0	4.353000E+4
1.898000E-2	0.000000E+0	4.370200E+4
1.900000E-2	0.000000E+0	4.368900E+4
1.902000E-2	0.000000E+0	4.396400E+4
1.904000E-2	0.000000E+0	4.448800E+4
1.906000E-2	0.000000E+0	4.418000E+4
1.908000E-2	0.000000E+0	4.418700E+4
1.910000E-2	0.000000E+0	4.423700E+4
1.912000E-2	0.000000E+0	4.434300E+4
1.914000E-2	0.000000E+0	4.442500E+4
1.916000E-2	0.000000E+0	4.431200E+4
1.918000E-2	0.000000E+0	4.444000E+4
1.920000E-2	0.000000E+0	4.414900E+4
1.922000E-2	0.000000E+0	4.428900E+4
1.924000E-2	0.000000E+0	4.436500E+4
1.926000E-2	0.000000E+0	4.425900E+4
1.928000E-2	0.000000E+0	4.444100E+4
1.930000E-2	0.000000E+0	4.434100E+4
1.932000E-2	0.000000E+0	4.425400E+4
1.934000E-2	0.000000E+0	4.464900E+4
1.936000E-2	0.000000E+0	4.435200E+4
1.938000E-2	0.000000E+0	4.445100E+4
1.940000E-2	0.000000E+0	4.478300E+4
1.942000E-2	0.000000E+0	4.433500E+4
1.944000E-2	0.000000E+0	4.499900E+4
1.946000E-2	0.000000E+0	4.441100E+4
1.948000E-2	0.000000E+0	4.420600E+4
1.950000E-2	0.000000E+0	4.453300E+4
1.952000E-2	0.000000E+0	4.464000E+4
1.954000E-2	0.000000E+0	4.456800E+4
1.956000E-2	0.000000E+0	4.448000E+4
1.958000E-2	0.000000E+0	4.425900E+4
1.960000E-2	0.000000E+0	4.478000E+4
1.962000E-2	0.000000E+0	4.474900E+4
1.964000E-2	0.000000E+0	4.453100E+4
1.966000E-2	0.000000E+0	4.477700E+4
1.968000E-2	0.000000E+0	4.477000E+4
1.970000E-2	0.000000E+0	4.461900E+4
1.972000E-2	0.000000E+0	4.445700E+4
1.974000E-2	0.000000E+0	4.439600E+4
1.976000E-2	0.000000E+0	4.447300E+4
1.978000E-2	0.000000E+0	4.484900E+4
1.980000E-2	0.000000E+0	4.450800E+4
1.982000E-2	0.000000E+0	4.456400E+4
1.984000E-2	0.000000E+0	4.473000E+4
1.986000E-2	0.000000E+0	4.493100E+4
1.988000E-2	0.000000E+0	4.468500E+4
1.990000E-2	0.000000E+0	4.492200E+4
1.992000E-2	0.000000E+0	4.432800E+4
1.994000E-2	0.000000E+0	4.419400E+4
1.996000E-2	0.000000E+0	4.422600E+4
1.998000E-2	0.000000E+0	4.462800E+4
