

live time:  65253.000000
real time:  75606.561000
sweeps:  3262650.000000
0.000000E+0	0.000000E+0	0.000000E+0
2.000000E-5	0.000000E+0	8.468100E+4
4.000000E-5	0.000000E+0	8.530600E+4
6.000000E-5	0.000000E+0	8.545900E+4
8.000000E-5	0.000000E+0	8.514600E+4
1.000000E-4	0.000000E+0	8.532100E+4
1.200000E-4	0.000000E+0	8.478800E+4
1.400000E-4	0.000000E+0	8.559000E+4
1.600000E-4	0.000000E+0	8.568100E+4
1.800000E-4	0.000000E+0	8.547400E+4
2.000000E-4	0.000000E+0	8.572000E+4
2.200000E-4	0.000000E+0	8.529800E+4
2.400000E-4	0.000000E+0	8.544000E+4
2.600000E-4	0.000000E+0	8.536900E+4
2.800000E-4	0.000000E+0	8.527900E+4
3.000000E-4	0.000000E+0	8.530000E+4
3.200000E-4	0.000000E+0	8.554600E+4
3.400000E-4	0.000000E+0	8.506200E+4
3.600000E-4	0.000000E+0	8.526200E+4
3.800000E-4	0.000000E+0	8.500500E+4
4.000000E-4	0.000000E+0	8.536800E+4
4.200000E-4	0.000000E+0	8.533500E+4
4.400000E-4	0.000000E+0	8.566600E+4
4.600000E-4	0.000000E+0	8.579000E+4
4.800000E-4	0.000000E+0	8.477100E+4
5.000000E-4	0.000000E+0	8.545700E+4
5.200000E-4	0.000000E+0	8.517200E+4
5.400000E-4	0.000000E+0	8.471900E+4
5.600000E-4	0.000000E+0	8.508900E+4
5.800000E-4	0.000000E+0	8.539900E+4
6.000000E-4	0.000000E+0	8.531900E+4
6.200000E-4	0.000000E+0	8.504400E+4
6.400000E-4	0.000000E+0	8.553800E+4
6.600000E-4	0.000000E+0	8.490400E+4
6.800000E-4	0.000000E+0	8.585400E+4
7.000000E-4	0.000000E+0	8.504100E+4
7.200000E-4	0.000000E+0	8.562700E+4
7.400000E-4	0.000000E+0	8.521800E+4
7.600000E-4	0.000000E+0	8.499900E+4
7.800000E-4	0.000000E+0	8.515700E+4
8.000000E-4	0.000000E+0	8.486500E+4
8.200000E-4	0.000000E+0	8.534100E+4
8.400000E-4	0.000000E+0	8.490900E+4
8.600000E-4	0.000000E+0	8.589800E+4
8.800000E-4	0.000000E+0	8.529200E+4
9.000000E-4	0.000000E+0	8.538200E+4
9.200000E-4	0.000000E+0	8.552000E+4
9.400000E-4	0.000000E+0	8.561300E+4
9.600000E-4	0.000000E+0	8.523400E+4
9.800000E-4	0.000000E+0	8.532900E+4
1.000000E-3	0.000000E+0	8.580600E+4
1.020000E-3	0.000000E+0	8.535900E+4
1.040000E-3	0.000000E+0	8.554200E+4
1.060000E-3	0.000000E+0	8.510100E+4
1.080000E-3	0.000000E+0	8.561200E+4
1.100000E-3	0.000000E+0	8.561700E+4
1.120000E-3	0.000000E+0	8.506300E+4
1.140000E-3	0.000000E+0	8.507000E+4
1.160000E-3	0.000000E+0	8.487900E+4
1.180000E-3	0.000000E+0	8.511600E+4
1.200000E-3	0.000000E+0	8.558800E+4
1.220000E-3	0.000000E+0	8.583900E+4
1.240000E-3	0.000000E+0	8.547400E+4
1.260000E-3	0.000000E+0	8.502200E+4
1.280000E-3	0.000000E+0	8.516600E+4
1.300000E-3	0.000000E+0	8.516400E+4
1.320000E-3	0.000000E+0	8.521200E+4
1.340000E-3	0.000000E+0	8.520800E+4
1.360000E-3	0.000000E+0	8.474000E+4
1.380000E-3	0.000000E+0	8.509600E+4
1.400000E-3	0.000000E+0	8.539000E+4
1.420000E-3	0.000000E+0	8.544000E+4
1.440000E-3	0.000000E+0	8.511500E+4
1.460000E-3	0.000000E+0	8.542300E+4
1.480000E-3	0.000000E+0	8.491600E+4
1.500000E-3	0.000000E+0	8.572000E+4
1.520000E-3	0.000000E+0	8.505400E+4
1.540000E-3	0.000000E+0	8.524300E+4
1.560000E-3	0.000000E+0	8.531900E+4
1.580000E-3	0.000000E+0	8.513800E+4
1.600000E-3	0.000000E+0	8.491900E+4
1.620000E-3	0.000000E+0	8.505800E+4
1.640000E-3	0.000000E+0	8.561800E+4
1.660000E-3	0.000000E+0	8.504600E+4
1.680000E-3	0.000000E+0	8.510100E+4
1.700000E-3	0.000000E+0	8.534800E+4
1.720000E-3	0.000000E+0	8.567600E+4
1.740000E-3	0.000000E+0	8.497000E+4
1.760000E-3	0.000000E+0	8.509500E+4
1.780000E-3	0.000000E+0	8.537300E+4
1.800000E-3	0.000000E+0	8.513900E+4
1.820000E-3	0.000000E+0	8.480800E+4
1.840000E-3	0.000000E+0	8.517900E+4
1.860000E-3	0.000000E+0	8.511900E+4
1.880000E-3	0.000000E+0	8.522900E+4
1.900000E-3	0.000000E+0	8.540600E+4
1.920000E-3	0.000000E+0	8.537100E+4
1.940000E-3	0.000000E+0	8.539400E+4
1.960000E-3	0.000000E+0	8.535400E+4
1.980000E-3	0.000000E+0	8.513300E+4
2.000000E-3	0.000000E+0	8.487500E+4
2.020000E-3	0.000000E+0	8.543100E+4
2.040000E-3	0.000000E+0	8.531000E+4
2.060000E-3	0.000000E+0	8.563900E+4
2.080000E-3	0.000000E+0	8.520600E+4
2.100000E-3	0.000000E+0	8.535600E+4
2.120000E-3	0.000000E+0	8.561600E+4
2.140000E-3	0.000000E+0	8.550100E+4
2.160000E-3	0.000000E+0	8.489700E+4
2.180000E-3	0.000000E+0	8.522800E+4
2.200000E-3	0.000000E+0	8.470700E+4
2.220000E-3	0.000000E+0	8.571300E+4
2.240000E-3	0.000000E+0	8.511300E+4
2.260000E-3	0.000000E+0	8.488000E+4
2.280000E-3	0.000000E+0	8.552900E+4
2.300000E-3	0.000000E+0	8.580500E+4
2.320000E-3	0.000000E+0	8.531600E+4
2.340000E-3	0.000000E+0	8.509200E+4
2.360000E-3	0.000000E+0	8.507100E+4
2.380000E-3	0.000000E+0	8.571500E+4
2.400000E-3	0.000000E+0	8.486900E+4
2.420000E-3	0.000000E+0	8.490300E+4
2.440000E-3	0.000000E+0	8.513300E+4
2.460000E-3	0.000000E+0	8.546100E+4
2.480000E-3	0.000000E+0	8.510600E+4
2.500000E-3	0.000000E+0	8.520300E+4
2.520000E-3	0.000000E+0	8.508900E+4
2.540000E-3	0.000000E+0	8.514800E+4
2.560000E-3	0.000000E+0	8.495100E+4
2.580000E-3	0.000000E+0	8.535800E+4
2.600000E-3	0.000000E+0	8.543500E+4
2.620000E-3	0.000000E+0	8.468400E+4
2.640000E-3	0.000000E+0	8.511600E+4
2.660000E-3	0.000000E+0	8.474500E+4
2.680000E-3	0.000000E+0	8.508700E+4
2.700000E-3	0.000000E+0	8.513400E+4
2.720000E-3	0.000000E+0	8.548700E+4
2.740000E-3	0.000000E+0	8.487800E+4
2.760000E-3	0.000000E+0	8.518200E+4
2.780000E-3	0.000000E+0	8.541100E+4
2.800000E-3	0.000000E+0	8.426000E+4
2.820000E-3	0.000000E+0	8.569300E+4
2.840000E-3	0.000000E+0	8.520300E+4
2.860000E-3	0.000000E+0	8.511600E+4
2.880000E-3	0.000000E+0	8.493800E+4
2.900000E-3	0.000000E+0	8.518800E+4
2.920000E-3	0.000000E+0	8.544600E+4
2.940000E-3	0.000000E+0	8.519400E+4
2.960000E-3	0.000000E+0	8.516300E+4
2.980000E-3	0.000000E+0	8.543600E+4
3.000000E-3	0.000000E+0	8.586800E+4
3.020000E-3	0.000000E+0	8.573600E+4
3.040000E-3	0.000000E+0	8.540500E+4
3.060000E-3	0.000000E+0	8.530600E+4
3.080000E-3	0.000000E+0	8.513900E+4
3.100000E-3	0.000000E+0	8.539400E+4
3.120000E-3	0.000000E+0	8.546100E+4
3.140000E-3	0.000000E+0	8.522400E+4
3.160000E-3	0.000000E+0	8.516200E+4
3.180000E-3	0.000000E+0	8.576800E+4
3.200000E-3	0.000000E+0	8.487100E+4
3.220000E-3	0.000000E+0	8.511200E+4
3.240000E-3	0.000000E+0	8.572600E+4
3.260000E-3	0.000000E+0	8.510200E+4
3.280000E-3	0.000000E+0	8.525800E+4
3.300000E-3	0.000000E+0	8.527500E+4
3.320000E-3	0.000000E+0	8.487100E+4
3.340000E-3	0.000000E+0	8.480900E+4
3.360000E-3	0.000000E+0	8.543200E+4
3.380000E-3	0.000000E+0	8.508000E+4
3.400000E-3	0.000000E+0	8.451300E+4
3.420000E-3	0.000000E+0	8.480800E+4
3.440000E-3	0.000000E+0	8.497300E+4
3.460000E-3	0.000000E+0	8.543900E+4
3.480000E-3	0.000000E+0	8.500800E+4
3.500000E-3	0.000000E+0	8.483000E+4
3.520000E-3	0.000000E+0	8.542400E+4
3.540000E-3	0.000000E+0	8.512500E+4
3.560000E-3	0.000000E+0	8.440400E+4
3.580000E-3	0.000000E+0	8.481000E+4
3.600000E-3	0.000000E+0	8.497600E+4
3.620000E-3	0.000000E+0	8.502200E+4
3.640000E-3	0.000000E+0	8.466000E+4
3.660000E-3	0.000000E+0	8.526700E+4
3.680000E-3	0.000000E+0	8.533000E+4
3.700000E-3	0.000000E+0	8.448900E+4
3.720000E-3	0.000000E+0	8.469000E+4
3.740000E-3	0.000000E+0	8.562600E+4
3.760000E-3	0.000000E+0	8.482500E+4
3.780000E-3	0.000000E+0	8.526900E+4
3.800000E-3	0.000000E+0	8.499100E+4
3.820000E-3	0.000000E+0	8.415400E+4
3.840000E-3	0.000000E+0	8.461800E+4
3.860000E-3	0.000000E+0	8.380400E+4
3.880000E-3	0.000000E+0	8.442300E+4
3.900000E-3	0.000000E+0	8.469900E+4
3.920000E-3	0.000000E+0	8.403600E+4
3.940000E-3	0.000000E+0	8.395900E+4
3.960000E-3	0.000000E+0	8.357800E+4
3.980000E-3	0.000000E+0	8.336800E+4
4.000000E-3	0.000000E+0	8.266000E+4
4.020000E-3	0.000000E+0	8.197800E+4
4.040000E-3	0.000000E+0	8.068300E+4
4.060000E-3	0.000000E+0	7.899800E+4
4.080000E-3	0.000000E+0	7.626200E+4
4.100000E-3	0.000000E+0	7.248200E+4
4.120000E-3	0.000000E+0	6.749300E+4
4.140000E-3	0.000000E+0	6.225100E+4
4.160000E-3	0.000000E+0	6.027100E+4
4.180000E-3	0.000000E+0	6.152100E+4
4.200000E-3	0.000000E+0	6.643500E+4
4.220000E-3	0.000000E+0	7.089400E+4
4.240000E-3	0.000000E+0	7.425900E+4
4.260000E-3	0.000000E+0	7.670000E+4
4.280000E-3	0.000000E+0	7.772800E+4
4.300000E-3	0.000000E+0	7.908800E+4
4.320000E-3	0.000000E+0	8.067000E+4
4.340000E-3	0.000000E+0	8.200700E+4
4.360000E-3	0.000000E+0	8.241300E+4
4.380000E-3	0.000000E+0	8.275500E+4
4.400000E-3	0.000000E+0	8.369100E+4
4.420000E-3	0.000000E+0	8.385300E+4
4.440000E-3	0.000000E+0	8.388100E+4
4.460000E-3	0.000000E+0	8.426700E+4
4.480000E-3	0.000000E+0	8.423000E+4
4.500000E-3	0.000000E+0	8.403900E+4
4.520000E-3	0.000000E+0	8.436600E+4
4.540000E-3	0.000000E+0	8.363000E+4
4.560000E-3	0.000000E+0	8.437000E+4
4.580000E-3	0.000000E+0	8.433800E+4
4.600000E-3	0.000000E+0	8.404900E+4
4.620000E-3	0.000000E+0	8.312200E+4
4.640000E-3	0.000000E+0	8.302900E+4
4.660000E-3	0.000000E+0	8.282800E+4
4.680000E-3	0.000000E+0	8.283400E+4
4.700000E-3	0.000000E+0	8.153800E+4
4.720000E-3	0.000000E+0	8.067500E+4
4.740000E-3	0.000000E+0	7.930800E+4
4.760000E-3	0.000000E+0	7.625800E+4
4.780000E-3	0.000000E+0	7.241100E+4
4.800000E-3	0.000000E+0	6.691000E+4
4.820000E-3	0.000000E+0	6.170800E+4
4.840000E-3	0.000000E+0	5.868200E+4
4.860000E-3	0.000000E+0	6.049700E+4
4.880000E-3	0.000000E+0	6.534300E+4
4.900000E-3	0.000000E+0	7.002200E+4
4.920000E-3	0.000000E+0	7.356400E+4
4.940000E-3	0.000000E+0	7.793300E+4
4.960000E-3	0.000000E+0	7.982000E+4
4.980000E-3	0.000000E+0	8.131500E+4
5.000000E-3	0.000000E+0	8.273600E+4
5.020000E-3	0.000000E+0	8.319100E+4
5.040000E-3	0.000000E+0	8.342200E+4
5.060000E-3	0.000000E+0	8.337300E+4
5.080000E-3	0.000000E+0	8.414100E+4
5.100000E-3	0.000000E+0	8.439300E+4
5.120000E-3	0.000000E+0	8.431300E+4
5.140000E-3	0.000000E+0	8.415000E+4
5.160000E-3	0.000000E+0	8.361400E+4
5.180000E-3	0.000000E+0	8.393700E+4
5.200000E-3	0.000000E+0	8.410000E+4
5.220000E-3	0.000000E+0	8.532000E+4
5.240000E-3	0.000000E+0	8.461300E+4
5.260000E-3	0.000000E+0	8.467800E+4
5.280000E-3	0.000000E+0	8.436600E+4
5.300000E-3	0.000000E+0	8.381800E+4
5.320000E-3	0.000000E+0	8.418900E+4
5.340000E-3	0.000000E+0	8.355100E+4
5.360000E-3	0.000000E+0	8.329100E+4
5.380000E-3	0.000000E+0	8.286600E+4
5.400000E-3	0.000000E+0	8.235200E+4
5.420000E-3	0.000000E+0	8.092800E+4
5.440000E-3	0.000000E+0	7.843600E+4
5.460000E-3	0.000000E+0	7.524800E+4
5.480000E-3	0.000000E+0	7.170900E+4
5.500000E-3	0.000000E+0	7.112600E+4
5.520000E-3	0.000000E+0	7.386300E+4
5.540000E-3	0.000000E+0	7.791100E+4
5.560000E-3	0.000000E+0	8.046300E+4
5.580000E-3	0.000000E+0	8.243300E+4
5.600000E-3	0.000000E+0	8.270400E+4
5.620000E-3	0.000000E+0	8.333100E+4
5.640000E-3	0.000000E+0	8.441800E+4
5.660000E-3	0.000000E+0	8.374900E+4
5.680000E-3	0.000000E+0	8.431700E+4
5.700000E-3	0.000000E+0	8.422500E+4
5.720000E-3	0.000000E+0	8.431600E+4
5.740000E-3	0.000000E+0	8.390300E+4
5.760000E-3	0.000000E+0	8.444100E+4
5.780000E-3	0.000000E+0	8.419500E+4
5.800000E-3	0.000000E+0	8.376500E+4
5.820000E-3	0.000000E+0	8.432400E+4
5.840000E-3	0.000000E+0	8.389200E+4
5.860000E-3	0.000000E+0	8.298400E+4
5.880000E-3	0.000000E+0	8.182900E+4
5.900000E-3	0.000000E+0	8.105300E+4
5.920000E-3	0.000000E+0	7.839700E+4
5.940000E-3	0.000000E+0	7.575900E+4
5.960000E-3	0.000000E+0	7.203600E+4
5.980000E-3	0.000000E+0	7.159600E+4
6.000000E-3	0.000000E+0	7.387700E+4
6.020000E-3	0.000000E+0	7.754100E+4
6.040000E-3	0.000000E+0	8.064900E+4
6.060000E-3	0.000000E+0	8.202400E+4
6.080000E-3	0.000000E+0	8.283300E+4
6.100000E-3	0.000000E+0	8.333200E+4
6.120000E-3	0.000000E+0	8.426300E+4
6.140000E-3	0.000000E+0	8.443600E+4
6.160000E-3	0.000000E+0	8.435900E+4
6.180000E-3	0.000000E+0	8.402100E+4
6.200000E-3	0.000000E+0	8.472200E+4
6.220000E-3	0.000000E+0	8.456300E+4
6.240000E-3	0.000000E+0	8.457400E+4
6.260000E-3	0.000000E+0	8.380700E+4
6.280000E-3	0.000000E+0	8.455200E+4
6.300000E-3	0.000000E+0	8.423700E+4
6.320000E-3	0.000000E+0	8.410700E+4
6.340000E-3	0.000000E+0	8.430300E+4
6.360000E-3	0.000000E+0	8.420400E+4
6.380000E-3	0.000000E+0	8.351800E+4
6.400000E-3	0.000000E+0	8.398500E+4
6.420000E-3	0.000000E+0	8.351700E+4
6.440000E-3	0.000000E+0	8.259900E+4
6.460000E-3	0.000000E+0	8.217500E+4
6.480000E-3	0.000000E+0	8.064800E+4
6.500000E-3	0.000000E+0	7.946700E+4
6.520000E-3	0.000000E+0	7.698100E+4
6.540000E-3	0.000000E+0	7.430600E+4
6.560000E-3	0.000000E+0	7.173500E+4
6.580000E-3	0.000000E+0	6.791800E+4
6.600000E-3	0.000000E+0	6.346500E+4
6.620000E-3	0.000000E+0	5.946200E+4
6.640000E-3	0.000000E+0	6.009900E+4
6.660000E-3	0.000000E+0	6.489400E+4
6.680000E-3	0.000000E+0	7.093900E+4
6.700000E-3	0.000000E+0	7.518100E+4
6.720000E-3	0.000000E+0	7.883300E+4
6.740000E-3	0.000000E+0	8.083200E+4
6.760000E-3	0.000000E+0	8.140900E+4
6.780000E-3	0.000000E+0	8.241000E+4
6.800000E-3	0.000000E+0	8.317100E+4
6.820000E-3	0.000000E+0	8.340100E+4
6.840000E-3	0.000000E+0	8.315800E+4
6.860000E-3	0.000000E+0	8.368200E+4
6.880000E-3	0.000000E+0	8.348900E+4
6.900000E-3	0.000000E+0	8.396600E+4
6.920000E-3	0.000000E+0	8.395100E+4
6.940000E-3	0.000000E+0	8.426100E+4
6.960000E-3	0.000000E+0	8.427800E+4
6.980000E-3	0.000000E+0	8.374000E+4
7.000000E-3	0.000000E+0	8.438400E+4
7.020000E-3	0.000000E+0	8.380700E+4
7.040000E-3	0.000000E+0	8.333600E+4
7.060000E-3	0.000000E+0	8.350500E+4
7.080000E-3	0.000000E+0	8.302900E+4
7.100000E-3	0.000000E+0	8.253300E+4
7.120000E-3	0.000000E+0	8.128400E+4
7.140000E-3	0.000000E+0	8.016100E+4
7.160000E-3	0.000000E+0	7.881400E+4
7.180000E-3	0.000000E+0	7.804900E+4
7.200000E-3	0.000000E+0	7.753000E+4
7.220000E-3	0.000000E+0	7.650500E+4
7.240000E-3	0.000000E+0	7.411300E+4
7.260000E-3	0.000000E+0	7.002200E+4
7.280000E-3	0.000000E+0	6.626700E+4
7.300000E-3	0.000000E+0	6.137200E+4
7.320000E-3	0.000000E+0	6.033200E+4
7.340000E-3	0.000000E+0	6.274600E+4
7.360000E-3	0.000000E+0	6.749800E+4
7.380000E-3	0.000000E+0	7.275000E+4
7.400000E-3	0.000000E+0	7.691100E+4
7.420000E-3	0.000000E+0	7.947200E+4
7.440000E-3	0.000000E+0	8.131400E+4
7.460000E-3	0.000000E+0	8.175600E+4
7.480000E-3	0.000000E+0	8.210800E+4
7.500000E-3	0.000000E+0	8.307100E+4
7.520000E-3	0.000000E+0	8.388300E+4
7.540000E-3	0.000000E+0	8.416500E+4
7.560000E-3	0.000000E+0	8.387500E+4
7.580000E-3	0.000000E+0	8.424200E+4
7.600000E-3	0.000000E+0	8.429900E+4
7.620000E-3	0.000000E+0	8.496600E+4
7.640000E-3	0.000000E+0	8.421500E+4
7.660000E-3	0.000000E+0	8.469000E+4
7.680000E-3	0.000000E+0	8.487800E+4
7.700000E-3	0.000000E+0	8.492900E+4
7.720000E-3	0.000000E+0	8.466900E+4
7.740000E-3	0.000000E+0	8.498300E+4
7.760000E-3	0.000000E+0	8.474100E+4
7.780000E-3	0.000000E+0	8.479500E+4
7.800000E-3	0.000000E+0	8.516800E+4
7.820000E-3	0.000000E+0	8.521900E+4
7.840000E-3	0.000000E+0	8.505300E+4
7.860000E-3	0.000000E+0	8.458400E+4
7.880000E-3	0.000000E+0	8.515800E+4
7.900000E-3	0.000000E+0	8.510100E+4
7.920000E-3	0.000000E+0	8.478900E+4
7.940000E-3	0.000000E+0	8.489000E+4
7.960000E-3	0.000000E+0	8.558100E+4
7.980000E-3	0.000000E+0	8.515300E+4
8.000000E-3	0.000000E+0	8.457200E+4
8.020000E-3	0.000000E+0	8.580900E+4
8.040000E-3	0.000000E+0	8.538700E+4
8.060000E-3	0.000000E+0	8.466000E+4
8.080000E-3	0.000000E+0	8.482000E+4
8.100000E-3	0.000000E+0	8.501700E+4
8.120000E-3	0.000000E+0	8.514500E+4
8.140000E-3	0.000000E+0	8.521900E+4
8.160000E-3	0.000000E+0	8.489800E+4
8.180000E-3	0.000000E+0	8.537300E+4
8.200000E-3	0.000000E+0	8.512600E+4
8.220000E-3	0.000000E+0	8.547800E+4
8.240000E-3	0.000000E+0	8.536300E+4
8.260000E-3	0.000000E+0	8.548300E+4
8.280000E-3	0.000000E+0	8.478000E+4
8.300000E-3	0.000000E+0	8.539900E+4
8.320000E-3	0.000000E+0	8.437000E+4
8.340000E-3	0.000000E+0	8.501300E+4
8.360000E-3	0.000000E+0	8.501700E+4
8.380000E-3	0.000000E+0	8.544200E+4
8.400000E-3	0.000000E+0	8.550400E+4
8.420000E-3	0.000000E+0	8.559800E+4
8.440000E-3	0.000000E+0	8.514900E+4
8.460000E-3	0.000000E+0	8.520800E+4
8.480000E-3	0.000000E+0	8.552800E+4
8.500000E-3	0.000000E+0	8.498500E+4
8.520000E-3	0.000000E+0	8.494900E+4
8.540000E-3	0.000000E+0	8.568600E+4
8.560000E-3	0.000000E+0	8.497100E+4
8.580000E-3	0.000000E+0	8.512200E+4
8.600000E-3	0.000000E+0	8.522600E+4
8.620000E-3	0.000000E+0	8.491000E+4
8.640000E-3	0.000000E+0	8.536700E+4
8.660000E-3	0.000000E+0	8.524000E+4
8.680000E-3	0.000000E+0	8.501800E+4
8.700000E-3	0.000000E+0	8.475400E+4
8.720000E-3	0.000000E+0	8.546300E+4
8.740000E-3	0.000000E+0	8.523000E+4
8.760000E-3	0.000000E+0	8.506800E+4
8.780000E-3	0.000000E+0	8.544000E+4
8.800000E-3	0.000000E+0	8.579900E+4
8.820000E-3	0.000000E+0	8.463200E+4
8.840000E-3	0.000000E+0	8.545900E+4
8.860000E-3	0.000000E+0	8.526600E+4
8.880000E-3	0.000000E+0	8.516400E+4
8.900000E-3	0.000000E+0	8.520700E+4
8.920000E-3	0.000000E+0	8.503100E+4
8.940000E-3	0.000000E+0	8.491000E+4
8.960000E-3	0.000000E+0	8.559400E+4
8.980000E-3	0.000000E+0	8.543100E+4
9.000000E-3	0.000000E+0	8.572100E+4
9.020000E-3	0.000000E+0	8.539700E+4
9.040000E-3	0.000000E+0	8.524800E+4
9.060000E-3	0.000000E+0	8.485400E+4
9.080000E-3	0.000000E+0	8.493300E+4
9.100000E-3	0.000000E+0	8.453100E+4
9.120000E-3	0.000000E+0	8.526900E+4
9.140000E-3	0.000000E+0	8.534200E+4
9.160000E-3	0.000000E+0	8.561000E+4
9.180000E-3	0.000000E+0	8.540400E+4
9.200000E-3	0.000000E+0	8.500300E+4
9.220000E-3	0.000000E+0	8.525800E+4
9.240000E-3	0.000000E+0	8.571000E+4
9.260000E-3	0.000000E+0	8.516500E+4
9.280000E-3	0.000000E+0	8.583800E+4
9.300000E-3	0.000000E+0	8.497600E+4
9.320000E-3	0.000000E+0	8.552500E+4
9.340000E-3	0.000000E+0	8.535300E+4
9.360000E-3	0.000000E+0	8.553600E+4
9.380000E-3	0.000000E+0	8.525000E+4
9.400000E-3	0.000000E+0	8.466300E+4
9.420000E-3	0.000000E+0	8.503700E+4
9.440000E-3	0.000000E+0	8.449200E+4
9.460000E-3	0.000000E+0	8.543200E+4
9.480000E-3	0.000000E+0	8.512100E+4
9.500000E-3	0.000000E+0	8.495400E+4
9.520000E-3	0.000000E+0	8.468500E+4
9.540000E-3	0.000000E+0	8.535800E+4
9.560000E-3	0.000000E+0	8.565500E+4
9.580000E-3	0.000000E+0	8.558900E+4
9.600000E-3	0.000000E+0	8.506400E+4
9.620000E-3	0.000000E+0	8.548200E+4
9.640000E-3	0.000000E+0	8.524800E+4
9.660000E-3	0.000000E+0	8.526000E+4
9.680000E-3	0.000000E+0	8.550800E+4
9.700000E-3	0.000000E+0	8.541600E+4
9.720000E-3	0.000000E+0	8.558600E+4
9.740000E-3	0.000000E+0	8.514900E+4
9.760000E-3	0.000000E+0	8.517900E+4
9.780000E-3	0.000000E+0	8.468600E+4
9.800000E-3	0.000000E+0	8.519500E+4
9.820000E-3	0.000000E+0	8.537300E+4
9.840000E-3	0.000000E+0	8.502200E+4
9.860000E-3	0.000000E+0	8.529900E+4
9.880000E-3	0.000000E+0	8.519700E+4
9.900000E-3	0.000000E+0	8.556700E+4
9.920000E-3	0.000000E+0	8.515500E+4
9.940000E-3	0.000000E+0	8.502300E+4
9.960000E-3	0.000000E+0	8.541700E+4
9.980000E-3	0.000000E+0	8.488800E+4
1.000000E-2	0.000000E+0	8.502400E+4
1.002000E-2	0.000000E+0	8.525800E+4
1.004000E-2	0.000000E+0	8.523700E+4
1.006000E-2	0.000000E+0	8.554300E+4
1.008000E-2	0.000000E+0	8.517700E+4
1.010000E-2	0.000000E+0	8.532900E+4
1.012000E-2	0.000000E+0	8.524600E+4
1.014000E-2	0.000000E+0	8.456300E+4
1.016000E-2	0.000000E+0	8.539500E+4
1.018000E-2	0.000000E+0	8.496400E+4
1.020000E-2	0.000000E+0	8.505300E+4
1.022000E-2	0.000000E+0	8.577100E+4
1.024000E-2	0.000000E+0	8.521300E+4
1.026000E-2	0.000000E+0	8.483200E+4
1.028000E-2	0.000000E+0	8.567500E+4
1.030000E-2	0.000000E+0	8.586700E+4
1.032000E-2	0.000000E+0	8.498300E+4
1.034000E-2	0.000000E+0	8.450500E+4
1.036000E-2	0.000000E+0	8.502900E+4
1.038000E-2	0.000000E+0	8.470000E+4
1.040000E-2	0.000000E+0	8.530800E+4
1.042000E-2	0.000000E+0	8.581000E+4
1.044000E-2	0.000000E+0	8.582500E+4
1.046000E-2	0.000000E+0	8.554000E+4
1.048000E-2	0.000000E+0	8.610700E+4
1.050000E-2	0.000000E+0	8.485900E+4
1.052000E-2	0.000000E+0	8.528800E+4
1.054000E-2	0.000000E+0	8.502000E+4
1.056000E-2	0.000000E+0	8.532300E+4
1.058000E-2	0.000000E+0	8.515600E+4
1.060000E-2	0.000000E+0	8.510400E+4
1.062000E-2	0.000000E+0	8.566800E+4
1.064000E-2	0.000000E+0	8.577900E+4
1.066000E-2	0.000000E+0	8.494300E+4
1.068000E-2	0.000000E+0	8.445600E+4
1.070000E-2	0.000000E+0	8.547700E+4
1.072000E-2	0.000000E+0	8.514000E+4
1.074000E-2	0.000000E+0	8.532400E+4
1.076000E-2	0.000000E+0	8.524800E+4
1.078000E-2	0.000000E+0	8.546200E+4
1.080000E-2	0.000000E+0	8.486100E+4
1.082000E-2	0.000000E+0	8.517200E+4
1.084000E-2	0.000000E+0	8.488000E+4
1.086000E-2	0.000000E+0	8.513900E+4
1.088000E-2	0.000000E+0	8.555500E+4
1.090000E-2	0.000000E+0	8.488800E+4
1.092000E-2	0.000000E+0	8.565000E+4
1.094000E-2	0.000000E+0	8.557000E+4
1.096000E-2	0.000000E+0	8.461100E+4
1.098000E-2	0.000000E+0	8.610000E+4
1.100000E-2	0.000000E+0	8.501900E+4
1.102000E-2	0.000000E+0	8.458900E+4
1.104000E-2	0.000000E+0	8.552400E+4
1.106000E-2	0.000000E+0	8.507000E+4
1.108000E-2	0.000000E+0	8.527600E+4
1.110000E-2	0.000000E+0	8.542500E+4
1.112000E-2	0.000000E+0	8.468400E+4
1.114000E-2	0.000000E+0	8.525600E+4
1.116000E-2	0.000000E+0	8.474300E+4
1.118000E-2	0.000000E+0	8.523000E+4
1.120000E-2	0.000000E+0	8.554900E+4
1.122000E-2	0.000000E+0	8.531500E+4
1.124000E-2	0.000000E+0	8.550100E+4
1.126000E-2	0.000000E+0	8.584400E+4
1.128000E-2	0.000000E+0	8.614400E+4
1.130000E-2	0.000000E+0	8.521800E+4
1.132000E-2	0.000000E+0	8.522400E+4
1.134000E-2	0.000000E+0	8.546500E+4
1.136000E-2	0.000000E+0	8.497600E+4
1.138000E-2	0.000000E+0	8.509900E+4
1.140000E-2	0.000000E+0	8.498900E+4
1.142000E-2	0.000000E+0	8.488700E+4
1.144000E-2	0.000000E+0	8.485000E+4
1.146000E-2	0.000000E+0	8.478100E+4
1.148000E-2	0.000000E+0	8.480000E+4
1.150000E-2	0.000000E+0	8.522100E+4
1.152000E-2	0.000000E+0	8.533100E+4
1.154000E-2	0.000000E+0	8.481400E+4
1.156000E-2	0.000000E+0	8.512400E+4
1.158000E-2	0.000000E+0	8.507300E+4
1.160000E-2	0.000000E+0	8.530300E+4
1.162000E-2	0.000000E+0	8.532800E+4
1.164000E-2	0.000000E+0	8.512700E+4
1.166000E-2	0.000000E+0	8.516300E+4
1.168000E-2	0.000000E+0	8.500600E+4
1.170000E-2	0.000000E+0	8.510000E+4
1.172000E-2	0.000000E+0	8.520500E+4
1.174000E-2	0.000000E+0	8.554900E+4
1.176000E-2	0.000000E+0	8.510500E+4
1.178000E-2	0.000000E+0	8.551300E+4
1.180000E-2	0.000000E+0	8.527500E+4
1.182000E-2	0.000000E+0	8.528200E+4
1.184000E-2	0.000000E+0	8.512100E+4
1.186000E-2	0.000000E+0	8.519000E+4
1.188000E-2	0.000000E+0	8.543000E+4
1.190000E-2	0.000000E+0	8.582800E+4
1.192000E-2	0.000000E+0	8.465100E+4
1.194000E-2	0.000000E+0	8.501900E+4
1.196000E-2	0.000000E+0	8.566000E+4
1.198000E-2	0.000000E+0	8.527800E+4
1.200000E-2	0.000000E+0	8.491200E+4
1.202000E-2	0.000000E+0	8.502900E+4
1.204000E-2	0.000000E+0	8.533800E+4
1.206000E-2	0.000000E+0	8.549300E+4
1.208000E-2	0.000000E+0	8.468800E+4
1.210000E-2	0.000000E+0	8.446600E+4
1.212000E-2	0.000000E+0	8.444500E+4
1.214000E-2	0.000000E+0	8.512400E+4
1.216000E-2	0.000000E+0	8.566900E+4
1.218000E-2	0.000000E+0	8.524500E+4
1.220000E-2	0.000000E+0	8.507600E+4
1.222000E-2	0.000000E+0	8.455600E+4
1.224000E-2	0.000000E+0	8.528600E+4
1.226000E-2	0.000000E+0	8.502800E+4
1.228000E-2	0.000000E+0	8.486800E+4
1.230000E-2	0.000000E+0	8.509700E+4
1.232000E-2	0.000000E+0	8.565100E+4
1.234000E-2	0.000000E+0	8.475700E+4
1.236000E-2	0.000000E+0	8.572300E+4
1.238000E-2	0.000000E+0	8.484600E+4
1.240000E-2	0.000000E+0	8.524000E+4
1.242000E-2	0.000000E+0	8.497000E+4
1.244000E-2	0.000000E+0	8.529700E+4
1.246000E-2	0.000000E+0	8.510200E+4
1.248000E-2	0.000000E+0	8.522700E+4
1.250000E-2	0.000000E+0	8.515600E+4
1.252000E-2	0.000000E+0	8.514100E+4
1.254000E-2	0.000000E+0	8.546400E+4
1.256000E-2	0.000000E+0	8.476500E+4
1.258000E-2	0.000000E+0	8.504100E+4
1.260000E-2	0.000000E+0	8.568900E+4
1.262000E-2	0.000000E+0	8.557600E+4
1.264000E-2	0.000000E+0	8.565400E+4
1.266000E-2	0.000000E+0	8.573500E+4
1.268000E-2	0.000000E+0	8.492300E+4
1.270000E-2	0.000000E+0	8.533500E+4
1.272000E-2	0.000000E+0	8.461200E+4
1.274000E-2	0.000000E+0	8.523900E+4
1.276000E-2	0.000000E+0	8.565200E+4
1.278000E-2	0.000000E+0	8.526400E+4
1.280000E-2	0.000000E+0	8.508400E+4
1.282000E-2	0.000000E+0	8.473500E+4
1.284000E-2	0.000000E+0	8.525600E+4
1.286000E-2	0.000000E+0	8.505700E+4
1.288000E-2	0.000000E+0	8.503900E+4
1.290000E-2	0.000000E+0	8.570600E+4
1.292000E-2	0.000000E+0	8.498600E+4
1.294000E-2	0.000000E+0	8.427100E+4
1.296000E-2	0.000000E+0	8.527100E+4
1.298000E-2	0.000000E+0	8.470200E+4
1.300000E-2	0.000000E+0	8.531500E+4
1.302000E-2	0.000000E+0	8.516800E+4
1.304000E-2	0.000000E+0	8.506800E+4
1.306000E-2	0.000000E+0	8.568700E+4
1.308000E-2	0.000000E+0	8.531500E+4
1.310000E-2	0.000000E+0	8.559200E+4
1.312000E-2	0.000000E+0	8.543200E+4
1.314000E-2	0.000000E+0	8.551100E+4
1.316000E-2	0.000000E+0	8.552400E+4
1.318000E-2	0.000000E+0	8.562100E+4
1.320000E-2	0.000000E+0	8.499000E+4
1.322000E-2	0.000000E+0	8.489500E+4
1.324000E-2	0.000000E+0	8.501800E+4
1.326000E-2	0.000000E+0	8.474900E+4
1.328000E-2	0.000000E+0	8.523300E+4
1.330000E-2	0.000000E+0	8.519500E+4
1.332000E-2	0.000000E+0	8.492200E+4
1.334000E-2	0.000000E+0	8.483700E+4
1.336000E-2	0.000000E+0	8.520400E+4
1.338000E-2	0.000000E+0	8.509400E+4
1.340000E-2	0.000000E+0	8.523600E+4
1.342000E-2	0.000000E+0	8.464100E+4
1.344000E-2	0.000000E+0	8.465500E+4
1.346000E-2	0.000000E+0	8.529500E+4
1.348000E-2	0.000000E+0	8.475100E+4
1.350000E-2	0.000000E+0	8.532400E+4
1.352000E-2	0.000000E+0	8.561800E+4
1.354000E-2	0.000000E+0	8.525300E+4
1.356000E-2	0.000000E+0	8.516100E+4
1.358000E-2	0.000000E+0	8.481000E+4
1.360000E-2	0.000000E+0	8.532300E+4
1.362000E-2	0.000000E+0	8.488700E+4
1.364000E-2	0.000000E+0	8.510500E+4
1.366000E-2	0.000000E+0	8.521200E+4
1.368000E-2	0.000000E+0	8.487600E+4
1.370000E-2	0.000000E+0	8.540700E+4
1.372000E-2	0.000000E+0	8.536400E+4
1.374000E-2	0.000000E+0	8.509100E+4
1.376000E-2	0.000000E+0	8.513700E+4
1.378000E-2	0.000000E+0	8.556200E+4
1.380000E-2	0.000000E+0	8.507700E+4
1.382000E-2	0.000000E+0	8.535100E+4
1.384000E-2	0.000000E+0	8.529900E+4
1.386000E-2	0.000000E+0	8.547800E+4
1.388000E-2	0.000000E+0	8.514600E+4
1.390000E-2	0.000000E+0	8.439200E+4
1.392000E-2	0.000000E+0	8.530900E+4
1.394000E-2	0.000000E+0	8.460000E+4
1.396000E-2	0.000000E+0	8.498500E+4
1.398000E-2	0.000000E+0	8.493700E+4
1.400000E-2	0.000000E+0	8.495500E+4
1.402000E-2	0.000000E+0	8.537300E+4
1.404000E-2	0.000000E+0	8.519100E+4
1.406000E-2	0.000000E+0	8.523300E+4
1.408000E-2	0.000000E+0	8.520700E+4
1.410000E-2	0.000000E+0	8.520600E+4
1.412000E-2	0.000000E+0	8.492300E+4
1.414000E-2	0.000000E+0	8.530600E+4
1.416000E-2	0.000000E+0	8.442000E+4
1.418000E-2	0.000000E+0	8.524100E+4
1.420000E-2	0.000000E+0	8.516200E+4
1.422000E-2	0.000000E+0	8.477500E+4
1.424000E-2	0.000000E+0	8.503800E+4
1.426000E-2	0.000000E+0	8.494600E+4
1.428000E-2	0.000000E+0	8.519700E+4
1.430000E-2	0.000000E+0	8.467400E+4
1.432000E-2	0.000000E+0	8.511500E+4
1.434000E-2	0.000000E+0	8.497900E+4
1.436000E-2	0.000000E+0	8.521000E+4
1.438000E-2	0.000000E+0	8.496300E+4
1.440000E-2	0.000000E+0	8.531900E+4
1.442000E-2	0.000000E+0	8.565600E+4
1.444000E-2	0.000000E+0	8.516300E+4
1.446000E-2	0.000000E+0	8.489000E+4
1.448000E-2	0.000000E+0	8.490600E+4
1.450000E-2	0.000000E+0	8.498000E+4
1.452000E-2	0.000000E+0	8.517300E+4
1.454000E-2	0.000000E+0	8.547500E+4
1.456000E-2	0.000000E+0	8.530600E+4
1.458000E-2	0.000000E+0	8.560700E+4
1.460000E-2	0.000000E+0	8.485700E+4
1.462000E-2	0.000000E+0	8.507400E+4
1.464000E-2	0.000000E+0	8.534000E+4
1.466000E-2	0.000000E+0	8.498800E+4
1.468000E-2	0.000000E+0	8.501200E+4
1.470000E-2	0.000000E+0	8.473400E+4
1.472000E-2	0.000000E+0	8.480300E+4
1.474000E-2	0.000000E+0	8.485000E+4
1.476000E-2	0.000000E+0	8.487800E+4
1.478000E-2	0.000000E+0	8.507600E+4
1.480000E-2	0.000000E+0	8.466100E+4
1.482000E-2	0.000000E+0	8.517000E+4
1.484000E-2	0.000000E+0	8.478500E+4
1.486000E-2	0.000000E+0	8.492700E+4
1.488000E-2	0.000000E+0	8.449800E+4
1.490000E-2	0.000000E+0	8.526400E+4
1.492000E-2	0.000000E+0	8.476600E+4
1.494000E-2	0.000000E+0	8.492600E+4
1.496000E-2	0.000000E+0	8.524100E+4
1.498000E-2	0.000000E+0	8.500500E+4
1.500000E-2	0.000000E+0	8.480400E+4
1.502000E-2	0.000000E+0	8.509700E+4
1.504000E-2	0.000000E+0	8.481700E+4
1.506000E-2	0.000000E+0	8.500900E+4
1.508000E-2	0.000000E+0	8.487300E+4
1.510000E-2	0.000000E+0	8.484700E+4
1.512000E-2	0.000000E+0	8.440800E+4
1.514000E-2	0.000000E+0	8.452300E+4
1.516000E-2	0.000000E+0	8.460800E+4
1.518000E-2	0.000000E+0	8.463700E+4
1.520000E-2	0.000000E+0	8.440700E+4
1.522000E-2	0.000000E+0	8.472400E+4
1.524000E-2	0.000000E+0	8.471500E+4
1.526000E-2	0.000000E+0	8.452500E+4
1.528000E-2	0.000000E+0	8.437600E+4
1.530000E-2	0.000000E+0	8.432400E+4
1.532000E-2	0.000000E+0	8.440900E+4
1.534000E-2	0.000000E+0	8.388900E+4
1.536000E-2	0.000000E+0	8.391300E+4
1.538000E-2	0.000000E+0	8.376700E+4
1.540000E-2	0.000000E+0	8.343900E+4
1.542000E-2	0.000000E+0	8.328500E+4
1.544000E-2	0.000000E+0	8.236900E+4
1.546000E-2	0.000000E+0	8.117800E+4
1.548000E-2	0.000000E+0	8.046900E+4
1.550000E-2	0.000000E+0	7.831900E+4
1.552000E-2	0.000000E+0	7.508600E+4
1.554000E-2	0.000000E+0	7.124600E+4
1.556000E-2	0.000000E+0	6.640500E+4
1.558000E-2	0.000000E+0	6.216700E+4
1.560000E-2	0.000000E+0	6.033700E+4
1.562000E-2	0.000000E+0	6.248000E+4
1.564000E-2	0.000000E+0	6.651300E+4
1.566000E-2	0.000000E+0	7.080800E+4
1.568000E-2	0.000000E+0	7.492600E+4
1.570000E-2	0.000000E+0	7.682200E+4
1.572000E-2	0.000000E+0	7.779400E+4
1.574000E-2	0.000000E+0	7.823000E+4
1.576000E-2	0.000000E+0	7.869700E+4
1.578000E-2	0.000000E+0	8.101500E+4
1.580000E-2	0.000000E+0	8.120300E+4
1.582000E-2	0.000000E+0	8.269800E+4
1.584000E-2	0.000000E+0	8.299100E+4
1.586000E-2	0.000000E+0	8.332100E+4
1.588000E-2	0.000000E+0	8.332800E+4
1.590000E-2	0.000000E+0	8.369200E+4
1.592000E-2	0.000000E+0	8.365400E+4
1.594000E-2	0.000000E+0	8.399200E+4
1.596000E-2	0.000000E+0	8.376400E+4
1.598000E-2	0.000000E+0	8.375300E+4
1.600000E-2	0.000000E+0	8.375600E+4
1.602000E-2	0.000000E+0	8.373300E+4
1.604000E-2	0.000000E+0	8.392500E+4
1.606000E-2	0.000000E+0	8.390400E+4
1.608000E-2	0.000000E+0	8.406000E+4
1.610000E-2	0.000000E+0	8.321200E+4
1.612000E-2	0.000000E+0	8.305600E+4
1.614000E-2	0.000000E+0	8.265200E+4
1.616000E-2	0.000000E+0	8.140000E+4
1.618000E-2	0.000000E+0	8.012900E+4
1.620000E-2	0.000000E+0	7.812300E+4
1.622000E-2	0.000000E+0	7.544200E+4
1.624000E-2	0.000000E+0	7.083700E+4
1.626000E-2	0.000000E+0	6.542300E+4
1.628000E-2	0.000000E+0	6.038800E+4
1.630000E-2	0.000000E+0	5.901300E+4
1.632000E-2	0.000000E+0	6.229300E+4
1.634000E-2	0.000000E+0	6.807000E+4
1.636000E-2	0.000000E+0	7.162800E+4
1.638000E-2	0.000000E+0	7.423000E+4
1.640000E-2	0.000000E+0	7.661200E+4
1.642000E-2	0.000000E+0	7.868600E+4
1.644000E-2	0.000000E+0	8.088600E+4
1.646000E-2	0.000000E+0	8.159500E+4
1.648000E-2	0.000000E+0	8.278700E+4
1.650000E-2	0.000000E+0	8.326000E+4
1.652000E-2	0.000000E+0	8.340800E+4
1.654000E-2	0.000000E+0	8.376300E+4
1.656000E-2	0.000000E+0	8.388700E+4
1.658000E-2	0.000000E+0	8.441500E+4
1.660000E-2	0.000000E+0	8.401900E+4
1.662000E-2	0.000000E+0	8.382200E+4
1.664000E-2	0.000000E+0	8.495800E+4
1.666000E-2	0.000000E+0	8.421200E+4
1.668000E-2	0.000000E+0	8.441900E+4
1.670000E-2	0.000000E+0	8.408800E+4
1.672000E-2	0.000000E+0	8.464000E+4
1.674000E-2	0.000000E+0	8.443800E+4
1.676000E-2	0.000000E+0	8.460100E+4
1.678000E-2	0.000000E+0	8.451200E+4
1.680000E-2	0.000000E+0	8.362200E+4
1.682000E-2	0.000000E+0	8.370500E+4
1.684000E-2	0.000000E+0	8.294000E+4
1.686000E-2	0.000000E+0	8.260200E+4
1.688000E-2	0.000000E+0	8.090100E+4
1.690000E-2	0.000000E+0	7.885700E+4
1.692000E-2	0.000000E+0	7.562800E+4
1.694000E-2	0.000000E+0	7.289600E+4
1.696000E-2	0.000000E+0	7.111100E+4
1.698000E-2	0.000000E+0	7.334400E+4
1.700000E-2	0.000000E+0	7.659600E+4
1.702000E-2	0.000000E+0	8.014400E+4
1.704000E-2	0.000000E+0	8.120100E+4
1.706000E-2	0.000000E+0	8.237000E+4
1.708000E-2	0.000000E+0	8.356700E+4
1.710000E-2	0.000000E+0	8.341200E+4
1.712000E-2	0.000000E+0	8.374700E+4
1.714000E-2	0.000000E+0	8.414000E+4
1.716000E-2	0.000000E+0	8.374100E+4
1.718000E-2	0.000000E+0	8.411200E+4
1.720000E-2	0.000000E+0	8.358900E+4
1.722000E-2	0.000000E+0	8.343900E+4
1.724000E-2	0.000000E+0	8.415500E+4
1.726000E-2	0.000000E+0	8.391200E+4
1.728000E-2	0.000000E+0	8.367900E+4
1.730000E-2	0.000000E+0	8.340600E+4
1.732000E-2	0.000000E+0	8.313100E+4
1.734000E-2	0.000000E+0	8.237100E+4
1.736000E-2	0.000000E+0	8.135300E+4
1.738000E-2	0.000000E+0	7.937400E+4
1.740000E-2	0.000000E+0	7.640900E+4
1.742000E-2	0.000000E+0	7.326300E+4
1.744000E-2	0.000000E+0	7.119500E+4
1.746000E-2	0.000000E+0	7.212400E+4
1.748000E-2	0.000000E+0	7.608300E+4
1.750000E-2	0.000000E+0	7.931000E+4
1.752000E-2	0.000000E+0	8.178000E+4
1.754000E-2	0.000000E+0	8.198800E+4
1.756000E-2	0.000000E+0	8.410800E+4
1.758000E-2	0.000000E+0	8.406900E+4
1.760000E-2	0.000000E+0	8.312900E+4
1.762000E-2	0.000000E+0	8.382500E+4
1.764000E-2	0.000000E+0	8.430600E+4
1.766000E-2	0.000000E+0	8.432500E+4
1.768000E-2	0.000000E+0	8.461500E+4
1.770000E-2	0.000000E+0	8.474100E+4
1.772000E-2	0.000000E+0	8.466400E+4
1.774000E-2	0.000000E+0	8.426000E+4
1.776000E-2	0.000000E+0	8.419200E+4
1.778000E-2	0.000000E+0	8.424400E+4
1.780000E-2	0.000000E+0	8.432200E+4
1.782000E-2	0.000000E+0	8.423400E+4
1.784000E-2	0.000000E+0	8.403300E+4
1.786000E-2	0.000000E+0	8.394700E+4
1.788000E-2	0.000000E+0	8.360500E+4
1.790000E-2	0.000000E+0	8.297100E+4
1.792000E-2	0.000000E+0	8.214400E+4
1.794000E-2	0.000000E+0	8.225300E+4
1.796000E-2	0.000000E+0	8.014900E+4
1.798000E-2	0.000000E+0	7.947100E+4
1.800000E-2	0.000000E+0	7.626500E+4
1.802000E-2	0.000000E+0	7.282800E+4
1.804000E-2	0.000000E+0	6.833800E+4
1.806000E-2	0.000000E+0	6.404600E+4
1.808000E-2	0.000000E+0	5.969400E+4
1.810000E-2	0.000000E+0	5.871600E+4
1.812000E-2	0.000000E+0	6.222900E+4
1.814000E-2	0.000000E+0	6.736900E+4
1.816000E-2	0.000000E+0	7.328900E+4
1.818000E-2	0.000000E+0	7.657000E+4
1.820000E-2	0.000000E+0	7.966500E+4
1.822000E-2	0.000000E+0	8.122500E+4
1.824000E-2	0.000000E+0	8.208200E+4
1.826000E-2	0.000000E+0	8.285700E+4
1.828000E-2	0.000000E+0	8.313000E+4
1.830000E-2	0.000000E+0	8.336300E+4
1.832000E-2	0.000000E+0	8.358200E+4
1.834000E-2	0.000000E+0	8.382400E+4
1.836000E-2	0.000000E+0	8.362800E+4
1.838000E-2	0.000000E+0	8.355700E+4
1.840000E-2	0.000000E+0	8.358800E+4
1.842000E-2	0.000000E+0	8.382900E+4
1.844000E-2	0.000000E+0	8.386500E+4
1.846000E-2	0.000000E+0	8.333400E+4
1.848000E-2	0.000000E+0	8.377400E+4
1.850000E-2	0.000000E+0	8.365200E+4
1.852000E-2	0.000000E+0	8.332500E+4
1.854000E-2	0.000000E+0	8.334300E+4
1.856000E-2	0.000000E+0	8.289400E+4
1.858000E-2	0.000000E+0	8.264400E+4
1.860000E-2	0.000000E+0	8.068000E+4
1.862000E-2	0.000000E+0	8.031300E+4
1.864000E-2	0.000000E+0	7.894300E+4
1.866000E-2	0.000000E+0	7.718600E+4
1.868000E-2	0.000000E+0	7.507700E+4
1.870000E-2	0.000000E+0	7.424600E+4
1.872000E-2	0.000000E+0	7.047700E+4
1.874000E-2	0.000000E+0	6.708000E+4
1.876000E-2	0.000000E+0	6.205000E+4
1.878000E-2	0.000000E+0	6.032000E+4
1.880000E-2	0.000000E+0	6.129900E+4
1.882000E-2	0.000000E+0	6.635000E+4
1.884000E-2	0.000000E+0	7.156700E+4
1.886000E-2	0.000000E+0	7.563900E+4
1.888000E-2	0.000000E+0	7.901300E+4
1.890000E-2	0.000000E+0	8.049600E+4
1.892000E-2	0.000000E+0	8.158900E+4
1.894000E-2	0.000000E+0	8.218500E+4
1.896000E-2	0.000000E+0	8.303800E+4
1.898000E-2	0.000000E+0	8.374300E+4
1.900000E-2	0.000000E+0	8.353900E+4
1.902000E-2	0.000000E+0	8.384700E+4
1.904000E-2	0.000000E+0	8.475900E+4
1.906000E-2	0.000000E+0	8.459100E+4
1.908000E-2	0.000000E+0	8.449700E+4
1.910000E-2	0.000000E+0	8.447200E+4
1.912000E-2	0.000000E+0	8.449000E+4
1.914000E-2	0.000000E+0	8.451200E+4
1.916000E-2	0.000000E+0	8.473500E+4
1.918000E-2	0.000000E+0	8.493100E+4
1.920000E-2	0.000000E+0	8.436700E+4
1.922000E-2	0.000000E+0	8.423300E+4
1.924000E-2	0.000000E+0	8.482800E+4
1.926000E-2	0.000000E+0	8.486100E+4
1.928000E-2	0.000000E+0	8.496800E+4
1.930000E-2	0.000000E+0	8.476100E+4
1.932000E-2	0.000000E+0	8.451700E+4
1.934000E-2	0.000000E+0	8.507500E+4
1.936000E-2	0.000000E+0	8.479400E+4
1.938000E-2	0.000000E+0	8.493500E+4
1.940000E-2	0.000000E+0	8.544200E+4
1.942000E-2	0.000000E+0	8.472600E+4
1.944000E-2	0.000000E+0	8.542700E+4
1.946000E-2	0.000000E+0	8.498900E+4
1.948000E-2	0.000000E+0	8.457700E+4
1.950000E-2	0.000000E+0	8.531000E+4
1.952000E-2	0.000000E+0	8.524900E+4
1.954000E-2	0.000000E+0	8.505900E+4
1.956000E-2	0.000000E+0	8.501100E+4
1.958000E-2	0.000000E+0	8.488400E+4
1.960000E-2	0.000000E+0	8.536900E+4
1.962000E-2	0.000000E+0	8.524200E+4
1.964000E-2	0.000000E+0	8.503500E+4
1.966000E-2	0.000000E+0	8.531200E+4
1.968000E-2	0.000000E+0	8.509800E+4
1.970000E-2	0.000000E+0	8.499600E+4
1.972000E-2	0.000000E+0	8.513400E+4
1.974000E-2	0.000000E+0	8.483800E+4
1.976000E-2	0.000000E+0	8.553100E+4
1.978000E-2	0.000000E+0	8.558200E+4
1.980000E-2	0.000000E+0	8.501900E+4
1.982000E-2	0.000000E+0	8.475200E+4
1.984000E-2	0.000000E+0	8.496400E+4
1.986000E-2	0.000000E+0	8.548300E+4
1.988000E-2	0.000000E+0	8.504600E+4
1.990000E-2	0.000000E+0	8.554700E+4
1.992000E-2	0.000000E+0	8.482400E+4
1.994000E-2	0.000000E+0	8.441900E+4
1.996000E-2	0.000000E+0	8.482900E+4
1.998000E-2	0.000000E+0	8.542600E+4
