

live time:  18653.460000
real time:  21609.826000
sweeps:  932673.000000
0.000000E+0	0.000000E+0	0.000000E+0
2.000000E-5	0.000000E+0	2.412200E+4
4.000000E-5	0.000000E+0	2.445200E+4
6.000000E-5	0.000000E+0	2.436800E+4
8.000000E-5	0.000000E+0	2.443600E+4
1.000000E-4	0.000000E+0	2.445400E+4
1.200000E-4	0.000000E+0	2.439000E+4
1.400000E-4	0.000000E+0	2.446100E+4
1.600000E-4	0.000000E+0	2.460400E+4
1.800000E-4	0.000000E+0	2.454300E+4
2.000000E-4	0.000000E+0	2.454600E+4
2.200000E-4	0.000000E+0	2.449700E+4
2.400000E-4	0.000000E+0	2.453100E+4
2.600000E-4	0.000000E+0	2.440000E+4
2.800000E-4	0.000000E+0	2.453100E+4
3.000000E-4	0.000000E+0	2.440400E+4
3.200000E-4	0.000000E+0	2.443300E+4
3.400000E-4	0.000000E+0	2.423100E+4
3.600000E-4	0.000000E+0	2.407600E+4
3.800000E-4	0.000000E+0	2.451800E+4
4.000000E-4	0.000000E+0	2.461400E+4
4.200000E-4	0.000000E+0	2.451200E+4
4.400000E-4	0.000000E+0	2.446600E+4
4.600000E-4	0.000000E+0	2.449000E+4
4.800000E-4	0.000000E+0	2.411700E+4
5.000000E-4	0.000000E+0	2.445100E+4
5.200000E-4	0.000000E+0	2.438200E+4
5.400000E-4	0.000000E+0	2.428700E+4
5.600000E-4	0.000000E+0	2.438500E+4
5.800000E-4	0.000000E+0	2.472800E+4
6.000000E-4	0.000000E+0	2.426400E+4
6.200000E-4	0.000000E+0	2.422000E+4
6.400000E-4	0.000000E+0	2.461800E+4
6.600000E-4	0.000000E+0	2.402600E+4
6.800000E-4	0.000000E+0	2.459800E+4
7.000000E-4	0.000000E+0	2.419000E+4
7.200000E-4	0.000000E+0	2.438500E+4
7.400000E-4	0.000000E+0	2.437200E+4
7.600000E-4	0.000000E+0	2.445700E+4
7.800000E-4	0.000000E+0	2.399200E+4
8.000000E-4	0.000000E+0	2.421600E+4
8.200000E-4	0.000000E+0	2.453400E+4
8.400000E-4	0.000000E+0	2.437800E+4
8.600000E-4	0.000000E+0	2.452200E+4
8.800000E-4	0.000000E+0	2.461600E+4
9.000000E-4	0.000000E+0	2.450600E+4
9.200000E-4	0.000000E+0	2.447000E+4
9.400000E-4	0.000000E+0	2.456500E+4
9.600000E-4	0.000000E+0	2.430500E+4
9.800000E-4	0.000000E+0	2.423300E+4
1.000000E-3	0.000000E+0	2.453700E+4
1.020000E-3	0.000000E+0	2.442100E+4
1.040000E-3	0.000000E+0	2.466000E+4
1.060000E-3	0.000000E+0	2.444800E+4
1.080000E-3	0.000000E+0	2.445500E+4
1.100000E-3	0.000000E+0	2.425200E+4
1.120000E-3	0.000000E+0	2.420400E+4
1.140000E-3	0.000000E+0	2.439600E+4
1.160000E-3	0.000000E+0	2.429300E+4
1.180000E-3	0.000000E+0	2.444500E+4
1.200000E-3	0.000000E+0	2.438900E+4
1.220000E-3	0.000000E+0	2.433800E+4
1.240000E-3	0.000000E+0	2.452800E+4
1.260000E-3	0.000000E+0	2.445500E+4
1.280000E-3	0.000000E+0	2.442000E+4
1.300000E-3	0.000000E+0	2.461800E+4
1.320000E-3	0.000000E+0	2.415800E+4
1.340000E-3	0.000000E+0	2.445900E+4
1.360000E-3	0.000000E+0	2.438700E+4
1.380000E-3	0.000000E+0	2.411600E+4
1.400000E-3	0.000000E+0	2.438100E+4
1.420000E-3	0.000000E+0	2.435400E+4
1.440000E-3	0.000000E+0	2.425700E+4
1.460000E-3	0.000000E+0	2.462800E+4
1.480000E-3	0.000000E+0	2.446500E+4
1.500000E-3	0.000000E+0	2.461300E+4
1.520000E-3	0.000000E+0	2.432700E+4
1.540000E-3	0.000000E+0	2.438300E+4
1.560000E-3	0.000000E+0	2.434300E+4
1.580000E-3	0.000000E+0	2.430500E+4
1.600000E-3	0.000000E+0	2.453800E+4
1.620000E-3	0.000000E+0	2.423800E+4
1.640000E-3	0.000000E+0	2.451400E+4
1.660000E-3	0.000000E+0	2.432100E+4
1.680000E-3	0.000000E+0	2.418900E+4
1.700000E-3	0.000000E+0	2.440100E+4
1.720000E-3	0.000000E+0	2.466800E+4
1.740000E-3	0.000000E+0	2.418800E+4
1.760000E-3	0.000000E+0	2.433900E+4
1.780000E-3	0.000000E+0	2.461200E+4
1.800000E-3	0.000000E+0	2.442000E+4
1.820000E-3	0.000000E+0	2.425800E+4
1.840000E-3	0.000000E+0	2.422000E+4
1.860000E-3	0.000000E+0	2.420400E+4
1.880000E-3	0.000000E+0	2.438400E+4
1.900000E-3	0.000000E+0	2.473000E+4
1.920000E-3	0.000000E+0	2.434600E+4
1.940000E-3	0.000000E+0	2.428600E+4
1.960000E-3	0.000000E+0	2.430200E+4
1.980000E-3	0.000000E+0	2.441700E+4
2.000000E-3	0.000000E+0	2.422800E+4
2.020000E-3	0.000000E+0	2.442600E+4
2.040000E-3	0.000000E+0	2.414000E+4
2.060000E-3	0.000000E+0	2.451300E+4
2.080000E-3	0.000000E+0	2.457900E+4
2.100000E-3	0.000000E+0	2.421500E+4
2.120000E-3	0.000000E+0	2.443500E+4
2.140000E-3	0.000000E+0	2.446000E+4
2.160000E-3	0.000000E+0	2.431100E+4
2.180000E-3	0.000000E+0	2.454600E+4
2.200000E-3	0.000000E+0	2.427600E+4
2.220000E-3	0.000000E+0	2.476600E+4
2.240000E-3	0.000000E+0	2.424200E+4
2.260000E-3	0.000000E+0	2.419200E+4
2.280000E-3	0.000000E+0	2.428900E+4
2.300000E-3	0.000000E+0	2.473000E+4
2.320000E-3	0.000000E+0	2.437900E+4
2.340000E-3	0.000000E+0	2.436300E+4
2.360000E-3	0.000000E+0	2.424500E+4
2.380000E-3	0.000000E+0	2.451500E+4
2.400000E-3	0.000000E+0	2.427500E+4
2.420000E-3	0.000000E+0	2.412700E+4
2.440000E-3	0.000000E+0	2.431800E+4
2.460000E-3	0.000000E+0	2.431200E+4
2.480000E-3	0.000000E+0	2.428100E+4
2.500000E-3	0.000000E+0	2.428100E+4
2.520000E-3	0.000000E+0	2.415200E+4
2.540000E-3	0.000000E+0	2.420900E+4
2.560000E-3	0.000000E+0	2.443100E+4
2.580000E-3	0.000000E+0	2.414900E+4
2.600000E-3	0.000000E+0	2.435600E+4
2.620000E-3	0.000000E+0	2.415200E+4
2.640000E-3	0.000000E+0	2.447700E+4
2.660000E-3	0.000000E+0	2.433200E+4
2.680000E-3	0.000000E+0	2.456000E+4
2.700000E-3	0.000000E+0	2.431000E+4
2.720000E-3	0.000000E+0	2.415900E+4
2.740000E-3	0.000000E+0	2.419900E+4
2.760000E-3	0.000000E+0	2.431400E+4
2.780000E-3	0.000000E+0	2.438800E+4
2.800000E-3	0.000000E+0	2.391200E+4
2.820000E-3	0.000000E+0	2.450500E+4
2.840000E-3	0.000000E+0	2.419200E+4
2.860000E-3	0.000000E+0	2.454400E+4
2.880000E-3	0.000000E+0	2.415100E+4
2.900000E-3	0.000000E+0	2.464800E+4
2.920000E-3	0.000000E+0	2.480200E+4
2.940000E-3	0.000000E+0	2.436000E+4
2.960000E-3	0.000000E+0	2.440800E+4
2.980000E-3	0.000000E+0	2.442400E+4
3.000000E-3	0.000000E+0	2.429400E+4
3.020000E-3	0.000000E+0	2.461200E+4
3.040000E-3	0.000000E+0	2.466800E+4
3.060000E-3	0.000000E+0	2.457000E+4
3.080000E-3	0.000000E+0	2.440100E+4
3.100000E-3	0.000000E+0	2.445000E+4
3.120000E-3	0.000000E+0	2.457300E+4
3.140000E-3	0.000000E+0	2.464000E+4
3.160000E-3	0.000000E+0	2.421400E+4
3.180000E-3	0.000000E+0	2.459600E+4
3.200000E-3	0.000000E+0	2.426700E+4
3.220000E-3	0.000000E+0	2.439400E+4
3.240000E-3	0.000000E+0	2.466600E+4
3.260000E-3	0.000000E+0	2.426400E+4
3.280000E-3	0.000000E+0	2.415500E+4
3.300000E-3	0.000000E+0	2.449600E+4
3.320000E-3	0.000000E+0	2.400100E+4
3.340000E-3	0.000000E+0	2.428600E+4
3.360000E-3	0.000000E+0	2.458900E+4
3.380000E-3	0.000000E+0	2.428800E+4
3.400000E-3	0.000000E+0	2.404100E+4
3.420000E-3	0.000000E+0	2.432200E+4
3.440000E-3	0.000000E+0	2.437000E+4
3.460000E-3	0.000000E+0	2.452700E+4
3.480000E-3	0.000000E+0	2.428400E+4
3.500000E-3	0.000000E+0	2.414900E+4
3.520000E-3	0.000000E+0	2.450000E+4
3.540000E-3	0.000000E+0	2.427000E+4
3.560000E-3	0.000000E+0	2.431500E+4
3.580000E-3	0.000000E+0	2.409300E+4
3.600000E-3	0.000000E+0	2.435600E+4
3.620000E-3	0.000000E+0	2.437100E+4
3.640000E-3	0.000000E+0	2.434100E+4
3.660000E-3	0.000000E+0	2.413500E+4
3.680000E-3	0.000000E+0	2.431500E+4
3.700000E-3	0.000000E+0	2.427000E+4
3.720000E-3	0.000000E+0	2.440800E+4
3.740000E-3	0.000000E+0	2.455900E+4
3.760000E-3	0.000000E+0	2.438400E+4
3.780000E-3	0.000000E+0	2.449400E+4
3.800000E-3	0.000000E+0	2.416600E+4
3.820000E-3	0.000000E+0	2.394200E+4
3.840000E-3	0.000000E+0	2.428400E+4
3.860000E-3	0.000000E+0	2.383000E+4
3.880000E-3	0.000000E+0	2.420200E+4
3.900000E-3	0.000000E+0	2.420300E+4
3.920000E-3	0.000000E+0	2.397500E+4
3.940000E-3	0.000000E+0	2.389500E+4
3.960000E-3	0.000000E+0	2.379400E+4
3.980000E-3	0.000000E+0	2.380700E+4
4.000000E-3	0.000000E+0	2.364700E+4
4.020000E-3	0.000000E+0	2.339900E+4
4.040000E-3	0.000000E+0	2.298200E+4
4.060000E-3	0.000000E+0	2.274800E+4
4.080000E-3	0.000000E+0	2.186800E+4
4.100000E-3	0.000000E+0	2.061100E+4
4.120000E-3	0.000000E+0	1.940400E+4
4.140000E-3	0.000000E+0	1.762100E+4
4.160000E-3	0.000000E+0	1.728800E+4
4.180000E-3	0.000000E+0	1.751400E+4
4.200000E-3	0.000000E+0	1.913100E+4
4.220000E-3	0.000000E+0	2.043200E+4
4.240000E-3	0.000000E+0	2.120400E+4
4.260000E-3	0.000000E+0	2.178800E+4
4.280000E-3	0.000000E+0	2.216000E+4
4.300000E-3	0.000000E+0	2.256200E+4
4.320000E-3	0.000000E+0	2.317800E+4
4.340000E-3	0.000000E+0	2.326900E+4
4.360000E-3	0.000000E+0	2.346900E+4
4.380000E-3	0.000000E+0	2.371600E+4
4.400000E-3	0.000000E+0	2.407300E+4
4.420000E-3	0.000000E+0	2.408200E+4
4.440000E-3	0.000000E+0	2.400700E+4
4.460000E-3	0.000000E+0	2.418300E+4
4.480000E-3	0.000000E+0	2.420400E+4
4.500000E-3	0.000000E+0	2.416700E+4
4.520000E-3	0.000000E+0	2.432300E+4
4.540000E-3	0.000000E+0	2.396300E+4
4.560000E-3	0.000000E+0	2.384000E+4
4.580000E-3	0.000000E+0	2.406000E+4
4.600000E-3	0.000000E+0	2.401500E+4
4.620000E-3	0.000000E+0	2.369900E+4
4.640000E-3	0.000000E+0	2.400200E+4
4.660000E-3	0.000000E+0	2.354500E+4
4.680000E-3	0.000000E+0	2.370000E+4
4.700000E-3	0.000000E+0	2.337900E+4
4.720000E-3	0.000000E+0	2.301600E+4
4.740000E-3	0.000000E+0	2.279700E+4
4.760000E-3	0.000000E+0	2.144700E+4
4.780000E-3	0.000000E+0	2.089600E+4
4.800000E-3	0.000000E+0	1.903600E+4
4.820000E-3	0.000000E+0	1.758400E+4
4.840000E-3	0.000000E+0	1.673600E+4
4.860000E-3	0.000000E+0	1.732600E+4
4.880000E-3	0.000000E+0	1.862800E+4
4.900000E-3	0.000000E+0	2.013100E+4
4.920000E-3	0.000000E+0	2.107000E+4
4.940000E-3	0.000000E+0	2.224200E+4
4.960000E-3	0.000000E+0	2.306800E+4
4.980000E-3	0.000000E+0	2.331100E+4
5.000000E-3	0.000000E+0	2.367000E+4
5.020000E-3	0.000000E+0	2.400200E+4
5.040000E-3	0.000000E+0	2.391600E+4
5.060000E-3	0.000000E+0	2.383000E+4
5.080000E-3	0.000000E+0	2.403200E+4
5.100000E-3	0.000000E+0	2.437700E+4
5.120000E-3	0.000000E+0	2.402700E+4
5.140000E-3	0.000000E+0	2.417400E+4
5.160000E-3	0.000000E+0	2.363600E+4
5.180000E-3	0.000000E+0	2.409700E+4
5.200000E-3	0.000000E+0	2.405900E+4
5.220000E-3	0.000000E+0	2.445900E+4
5.240000E-3	0.000000E+0	2.422500E+4
5.260000E-3	0.000000E+0	2.425800E+4
5.280000E-3	0.000000E+0	2.418000E+4
5.300000E-3	0.000000E+0	2.382800E+4
5.320000E-3	0.000000E+0	2.399000E+4
5.340000E-3	0.000000E+0	2.386300E+4
5.360000E-3	0.000000E+0	2.377000E+4
5.380000E-3	0.000000E+0	2.356600E+4
5.400000E-3	0.000000E+0	2.350300E+4
5.420000E-3	0.000000E+0	2.305000E+4
5.440000E-3	0.000000E+0	2.224800E+4
5.460000E-3	0.000000E+0	2.128200E+4
5.480000E-3	0.000000E+0	2.019300E+4
5.500000E-3	0.000000E+0	2.037400E+4
5.520000E-3	0.000000E+0	2.128800E+4
5.540000E-3	0.000000E+0	2.238800E+4
5.560000E-3	0.000000E+0	2.323700E+4
5.580000E-3	0.000000E+0	2.380700E+4
5.600000E-3	0.000000E+0	2.391000E+4
5.620000E-3	0.000000E+0	2.382800E+4
5.640000E-3	0.000000E+0	2.406000E+4
5.660000E-3	0.000000E+0	2.402100E+4
5.680000E-3	0.000000E+0	2.412500E+4
5.700000E-3	0.000000E+0	2.417800E+4
5.720000E-3	0.000000E+0	2.426800E+4
5.740000E-3	0.000000E+0	2.406800E+4
5.760000E-3	0.000000E+0	2.412400E+4
5.780000E-3	0.000000E+0	2.395700E+4
5.800000E-3	0.000000E+0	2.403200E+4
5.820000E-3	0.000000E+0	2.410000E+4
5.840000E-3	0.000000E+0	2.404500E+4
5.860000E-3	0.000000E+0	2.363300E+4
5.880000E-3	0.000000E+0	2.313500E+4
5.900000E-3	0.000000E+0	2.299700E+4
5.920000E-3	0.000000E+0	2.209800E+4
5.940000E-3	0.000000E+0	2.153100E+4
5.960000E-3	0.000000E+0	2.066600E+4
5.980000E-3	0.000000E+0	2.066100E+4
6.000000E-3	0.000000E+0	2.157200E+4
6.020000E-3	0.000000E+0	2.240000E+4
6.040000E-3	0.000000E+0	2.312000E+4
6.060000E-3	0.000000E+0	2.350500E+4
6.080000E-3	0.000000E+0	2.405200E+4
6.100000E-3	0.000000E+0	2.373400E+4
6.120000E-3	0.000000E+0	2.404400E+4
6.140000E-3	0.000000E+0	2.412400E+4
6.160000E-3	0.000000E+0	2.403300E+4
6.180000E-3	0.000000E+0	2.418700E+4
6.200000E-3	0.000000E+0	2.419200E+4
6.220000E-3	0.000000E+0	2.417400E+4
6.240000E-3	0.000000E+0	2.406200E+4
6.260000E-3	0.000000E+0	2.397600E+4
6.280000E-3	0.000000E+0	2.401500E+4
6.300000E-3	0.000000E+0	2.387600E+4
6.320000E-3	0.000000E+0	2.399400E+4
6.340000E-3	0.000000E+0	2.396400E+4
6.360000E-3	0.000000E+0	2.426200E+4
6.380000E-3	0.000000E+0	2.363000E+4
6.400000E-3	0.000000E+0	2.397800E+4
6.420000E-3	0.000000E+0	2.385600E+4
6.440000E-3	0.000000E+0	2.362400E+4
6.460000E-3	0.000000E+0	2.334600E+4
6.480000E-3	0.000000E+0	2.308900E+4
6.500000E-3	0.000000E+0	2.242200E+4
6.520000E-3	0.000000E+0	2.183200E+4
6.540000E-3	0.000000E+0	2.111600E+4
6.560000E-3	0.000000E+0	2.032200E+4
6.580000E-3	0.000000E+0	1.924200E+4
6.600000E-3	0.000000E+0	1.774500E+4
6.620000E-3	0.000000E+0	1.682000E+4
6.640000E-3	0.000000E+0	1.739700E+4
6.660000E-3	0.000000E+0	1.896200E+4
6.680000E-3	0.000000E+0	2.094100E+4
6.700000E-3	0.000000E+0	2.182200E+4
6.720000E-3	0.000000E+0	2.271900E+4
6.740000E-3	0.000000E+0	2.314900E+4
6.760000E-3	0.000000E+0	2.344100E+4
6.780000E-3	0.000000E+0	2.350300E+4
6.800000E-3	0.000000E+0	2.378300E+4
6.820000E-3	0.000000E+0	2.379300E+4
6.840000E-3	0.000000E+0	2.398900E+4
6.860000E-3	0.000000E+0	2.394800E+4
6.880000E-3	0.000000E+0	2.379100E+4
6.900000E-3	0.000000E+0	2.399200E+4
6.920000E-3	0.000000E+0	2.405900E+4
6.940000E-3	0.000000E+0	2.408600E+4
6.960000E-3	0.000000E+0	2.427600E+4
6.980000E-3	0.000000E+0	2.393000E+4
7.000000E-3	0.000000E+0	2.414400E+4
7.020000E-3	0.000000E+0	2.388100E+4
7.040000E-3	0.000000E+0	2.382700E+4
7.060000E-3	0.000000E+0	2.395600E+4
7.080000E-3	0.000000E+0	2.353700E+4
7.100000E-3	0.000000E+0	2.356200E+4
7.120000E-3	0.000000E+0	2.317500E+4
7.140000E-3	0.000000E+0	2.261800E+4
7.160000E-3	0.000000E+0	2.241500E+4
7.180000E-3	0.000000E+0	2.203500E+4
7.200000E-3	0.000000E+0	2.206400E+4
7.220000E-3	0.000000E+0	2.167400E+4
7.240000E-3	0.000000E+0	2.069000E+4
7.260000E-3	0.000000E+0	1.964000E+4
7.280000E-3	0.000000E+0	1.846200E+4
7.300000E-3	0.000000E+0	1.716000E+4
7.320000E-3	0.000000E+0	1.719800E+4
7.340000E-3	0.000000E+0	1.840600E+4
7.360000E-3	0.000000E+0	1.982000E+4
7.380000E-3	0.000000E+0	2.136800E+4
7.400000E-3	0.000000E+0	2.228400E+4
7.420000E-3	0.000000E+0	2.305500E+4
7.440000E-3	0.000000E+0	2.346200E+4
7.460000E-3	0.000000E+0	2.340000E+4
7.480000E-3	0.000000E+0	2.351300E+4
7.500000E-3	0.000000E+0	2.398800E+4
7.520000E-3	0.000000E+0	2.392800E+4
7.540000E-3	0.000000E+0	2.405900E+4
7.560000E-3	0.000000E+0	2.397000E+4
7.580000E-3	0.000000E+0	2.428100E+4
7.600000E-3	0.000000E+0	2.402900E+4
7.620000E-3	0.000000E+0	2.439000E+4
7.640000E-3	0.000000E+0	2.397200E+4
7.660000E-3	0.000000E+0	2.421600E+4
7.680000E-3	0.000000E+0	2.441900E+4
7.700000E-3	0.000000E+0	2.419200E+4
7.720000E-3	0.000000E+0	2.411100E+4
7.740000E-3	0.000000E+0	2.418600E+4
7.760000E-3	0.000000E+0	2.397500E+4
7.780000E-3	0.000000E+0	2.422600E+4
7.800000E-3	0.000000E+0	2.450100E+4
7.820000E-3	0.000000E+0	2.441900E+4
7.840000E-3	0.000000E+0	2.429900E+4
7.860000E-3	0.000000E+0	2.406400E+4
7.880000E-3	0.000000E+0	2.426700E+4
7.900000E-3	0.000000E+0	2.435900E+4
7.920000E-3	0.000000E+0	2.420000E+4
7.940000E-3	0.000000E+0	2.417800E+4
7.960000E-3	0.000000E+0	2.434100E+4
7.980000E-3	0.000000E+0	2.426500E+4
8.000000E-3	0.000000E+0	2.428100E+4
8.020000E-3	0.000000E+0	2.445900E+4
8.040000E-3	0.000000E+0	2.428400E+4
8.060000E-3	0.000000E+0	2.429600E+4
8.080000E-3	0.000000E+0	2.402000E+4
8.100000E-3	0.000000E+0	2.430800E+4
8.120000E-3	0.000000E+0	2.429000E+4
8.140000E-3	0.000000E+0	2.436900E+4
8.160000E-3	0.000000E+0	2.428300E+4
8.180000E-3	0.000000E+0	2.432200E+4
8.200000E-3	0.000000E+0	2.432800E+4
8.220000E-3	0.000000E+0	2.462700E+4
8.240000E-3	0.000000E+0	2.439100E+4
8.260000E-3	0.000000E+0	2.442600E+4
8.280000E-3	0.000000E+0	2.425600E+4
8.300000E-3	0.000000E+0	2.456100E+4
8.320000E-3	0.000000E+0	2.411100E+4
8.340000E-3	0.000000E+0	2.434500E+4
8.360000E-3	0.000000E+0	2.419000E+4
8.380000E-3	0.000000E+0	2.421300E+4
8.400000E-3	0.000000E+0	2.455100E+4
8.420000E-3	0.000000E+0	2.472000E+4
8.440000E-3	0.000000E+0	2.422400E+4
8.460000E-3	0.000000E+0	2.442600E+4
8.480000E-3	0.000000E+0	2.429900E+4
8.500000E-3	0.000000E+0	2.418400E+4
8.520000E-3	0.000000E+0	2.430800E+4
8.540000E-3	0.000000E+0	2.459600E+4
8.560000E-3	0.000000E+0	2.458800E+4
8.580000E-3	0.000000E+0	2.446300E+4
8.600000E-3	0.000000E+0	2.419600E+4
8.620000E-3	0.000000E+0	2.425800E+4
8.640000E-3	0.000000E+0	2.447400E+4
8.660000E-3	0.000000E+0	2.443100E+4
8.680000E-3	0.000000E+0	2.434800E+4
8.700000E-3	0.000000E+0	2.422300E+4
8.720000E-3	0.000000E+0	2.431900E+4
8.740000E-3	0.000000E+0	2.439700E+4
8.760000E-3	0.000000E+0	2.438300E+4
8.780000E-3	0.000000E+0	2.457100E+4
8.800000E-3	0.000000E+0	2.442800E+4
8.820000E-3	0.000000E+0	2.420100E+4
8.840000E-3	0.000000E+0	2.444000E+4
8.860000E-3	0.000000E+0	2.456800E+4
8.880000E-3	0.000000E+0	2.438500E+4
8.900000E-3	0.000000E+0	2.437000E+4
8.920000E-3	0.000000E+0	2.437800E+4
8.940000E-3	0.000000E+0	2.419300E+4
8.960000E-3	0.000000E+0	2.461400E+4
8.980000E-3	0.000000E+0	2.456000E+4
9.000000E-3	0.000000E+0	2.465400E+4
9.020000E-3	0.000000E+0	2.453900E+4
9.040000E-3	0.000000E+0	2.456500E+4
9.060000E-3	0.000000E+0	2.402200E+4
9.080000E-3	0.000000E+0	2.420300E+4
9.100000E-3	0.000000E+0	2.406200E+4
9.120000E-3	0.000000E+0	2.444300E+4
9.140000E-3	0.000000E+0	2.422800E+4
9.160000E-3	0.000000E+0	2.443100E+4
9.180000E-3	0.000000E+0	2.430700E+4
9.200000E-3	0.000000E+0	2.440500E+4
9.220000E-3	0.000000E+0	2.447900E+4
9.240000E-3	0.000000E+0	2.435600E+4
9.260000E-3	0.000000E+0	2.411700E+4
9.280000E-3	0.000000E+0	2.467900E+4
9.300000E-3	0.000000E+0	2.429300E+4
9.320000E-3	0.000000E+0	2.454200E+4
9.340000E-3	0.000000E+0	2.441700E+4
9.360000E-3	0.000000E+0	2.426600E+4
9.380000E-3	0.000000E+0	2.467000E+4
9.400000E-3	0.000000E+0	2.434900E+4
9.420000E-3	0.000000E+0	2.436400E+4
9.440000E-3	0.000000E+0	2.414100E+4
9.460000E-3	0.000000E+0	2.431100E+4
9.480000E-3	0.000000E+0	2.438300E+4
9.500000E-3	0.000000E+0	2.432200E+4
9.520000E-3	0.000000E+0	2.421300E+4
9.540000E-3	0.000000E+0	2.423500E+4
9.560000E-3	0.000000E+0	2.442100E+4
9.580000E-3	0.000000E+0	2.470400E+4
9.600000E-3	0.000000E+0	2.447100E+4
9.620000E-3	0.000000E+0	2.434000E+4
9.640000E-3	0.000000E+0	2.430200E+4
9.660000E-3	0.000000E+0	2.429700E+4
9.680000E-3	0.000000E+0	2.456600E+4
9.700000E-3	0.000000E+0	2.444800E+4
9.720000E-3	0.000000E+0	2.458100E+4
9.740000E-3	0.000000E+0	2.400500E+4
9.760000E-3	0.000000E+0	2.428000E+4
9.780000E-3	0.000000E+0	2.384700E+4
9.800000E-3	0.000000E+0	2.439900E+4
9.820000E-3	0.000000E+0	2.460000E+4
9.840000E-3	0.000000E+0	2.425100E+4
9.860000E-3	0.000000E+0	2.448500E+4
9.880000E-3	0.000000E+0	2.475800E+4
9.900000E-3	0.000000E+0	2.464400E+4
9.920000E-3	0.000000E+0	2.451300E+4
9.940000E-3	0.000000E+0	2.428900E+4
9.960000E-3	0.000000E+0	2.472800E+4
9.980000E-3	0.000000E+0	2.416000E+4
1.000000E-2	0.000000E+0	2.452100E+4
1.002000E-2	0.000000E+0	2.446200E+4
1.004000E-2	0.000000E+0	2.436200E+4
1.006000E-2	0.000000E+0	2.455500E+4
1.008000E-2	0.000000E+0	2.439100E+4
1.010000E-2	0.000000E+0	2.445500E+4
1.012000E-2	0.000000E+0	2.432200E+4
1.014000E-2	0.000000E+0	2.416400E+4
1.016000E-2	0.000000E+0	2.456200E+4
1.018000E-2	0.000000E+0	2.435700E+4
1.020000E-2	0.000000E+0	2.429300E+4
1.022000E-2	0.000000E+0	2.461200E+4
1.024000E-2	0.000000E+0	2.430500E+4
1.026000E-2	0.000000E+0	2.433900E+4
1.028000E-2	0.000000E+0	2.440500E+4
1.030000E-2	0.000000E+0	2.448600E+4
1.032000E-2	0.000000E+0	2.434900E+4
1.034000E-2	0.000000E+0	2.414400E+4
1.036000E-2	0.000000E+0	2.452600E+4
1.038000E-2	0.000000E+0	2.420300E+4
1.040000E-2	0.000000E+0	2.452600E+4
1.042000E-2	0.000000E+0	2.428000E+4
1.044000E-2	0.000000E+0	2.456000E+4
1.046000E-2	0.000000E+0	2.466700E+4
1.048000E-2	0.000000E+0	2.438800E+4
1.050000E-2	0.000000E+0	2.439000E+4
1.052000E-2	0.000000E+0	2.451400E+4
1.054000E-2	0.000000E+0	2.440100E+4
1.056000E-2	0.000000E+0	2.462700E+4
1.058000E-2	0.000000E+0	2.429200E+4
1.060000E-2	0.000000E+0	2.420900E+4
1.062000E-2	0.000000E+0	2.461700E+4
1.064000E-2	0.000000E+0	2.468000E+4
1.066000E-2	0.000000E+0	2.426900E+4
1.068000E-2	0.000000E+0	2.410800E+4
1.070000E-2	0.000000E+0	2.439100E+4
1.072000E-2	0.000000E+0	2.443800E+4
1.074000E-2	0.000000E+0	2.441100E+4
1.076000E-2	0.000000E+0	2.430000E+4
1.078000E-2	0.000000E+0	2.428900E+4
1.080000E-2	0.000000E+0	2.428300E+4
1.082000E-2	0.000000E+0	2.452000E+4
1.084000E-2	0.000000E+0	2.428500E+4
1.086000E-2	0.000000E+0	2.414200E+4
1.088000E-2	0.000000E+0	2.439200E+4
1.090000E-2	0.000000E+0	2.426300E+4
1.092000E-2	0.000000E+0	2.439600E+4
1.094000E-2	0.000000E+0	2.442400E+4
1.096000E-2	0.000000E+0	2.400900E+4
1.098000E-2	0.000000E+0	2.466200E+4
1.100000E-2	0.000000E+0	2.429900E+4
1.102000E-2	0.000000E+0	2.418800E+4
1.104000E-2	0.000000E+0	2.431000E+4
1.106000E-2	0.000000E+0	2.442600E+4
1.108000E-2	0.000000E+0	2.460900E+4
1.110000E-2	0.000000E+0	2.443600E+4
1.112000E-2	0.000000E+0	2.424900E+4
1.114000E-2	0.000000E+0	2.434400E+4
1.116000E-2	0.000000E+0	2.406600E+4
1.118000E-2	0.000000E+0	2.456900E+4
1.120000E-2	0.000000E+0	2.443500E+4
1.122000E-2	0.000000E+0	2.427600E+4
1.124000E-2	0.000000E+0	2.444900E+4
1.126000E-2	0.000000E+0	2.459300E+4
1.128000E-2	0.000000E+0	2.469600E+4
1.130000E-2	0.000000E+0	2.431800E+4
1.132000E-2	0.000000E+0	2.432800E+4
1.134000E-2	0.000000E+0	2.454600E+4
1.136000E-2	0.000000E+0	2.426400E+4
1.138000E-2	0.000000E+0	2.437400E+4
1.140000E-2	0.000000E+0	2.419300E+4
1.142000E-2	0.000000E+0	2.423300E+4
1.144000E-2	0.000000E+0	2.426300E+4
1.146000E-2	0.000000E+0	2.425500E+4
1.148000E-2	0.000000E+0	2.403600E+4
1.150000E-2	0.000000E+0	2.427300E+4
1.152000E-2	0.000000E+0	2.459500E+4
1.154000E-2	0.000000E+0	2.430800E+4
1.156000E-2	0.000000E+0	2.435100E+4
1.158000E-2	0.000000E+0	2.430900E+4
1.160000E-2	0.000000E+0	2.448500E+4
1.162000E-2	0.000000E+0	2.428400E+4
1.164000E-2	0.000000E+0	2.437400E+4
1.166000E-2	0.000000E+0	2.417800E+4
1.168000E-2	0.000000E+0	2.439400E+4
1.170000E-2	0.000000E+0	2.435200E+4
1.172000E-2	0.000000E+0	2.423900E+4
1.174000E-2	0.000000E+0	2.434100E+4
1.176000E-2	0.000000E+0	2.443900E+4
1.178000E-2	0.000000E+0	2.422000E+4
1.180000E-2	0.000000E+0	2.442900E+4
1.182000E-2	0.000000E+0	2.464900E+4
1.184000E-2	0.000000E+0	2.439200E+4
1.186000E-2	0.000000E+0	2.433700E+4
1.188000E-2	0.000000E+0	2.429700E+4
1.190000E-2	0.000000E+0	2.470800E+4
1.192000E-2	0.000000E+0	2.431900E+4
1.194000E-2	0.000000E+0	2.428400E+4
1.196000E-2	0.000000E+0	2.452300E+4
1.198000E-2	0.000000E+0	2.428400E+4
1.200000E-2	0.000000E+0	2.415700E+4
1.202000E-2	0.000000E+0	2.435600E+4
1.204000E-2	0.000000E+0	2.456000E+4
1.206000E-2	0.000000E+0	2.450600E+4
1.208000E-2	0.000000E+0	2.441100E+4
1.210000E-2	0.000000E+0	2.409400E+4
1.212000E-2	0.000000E+0	2.420600E+4
1.214000E-2	0.000000E+0	2.425900E+4
1.216000E-2	0.000000E+0	2.460700E+4
1.218000E-2	0.000000E+0	2.442700E+4
1.220000E-2	0.000000E+0	2.441500E+4
1.222000E-2	0.000000E+0	2.404900E+4
1.224000E-2	0.000000E+0	2.438600E+4
1.226000E-2	0.000000E+0	2.416200E+4
1.228000E-2	0.000000E+0	2.402900E+4
1.230000E-2	0.000000E+0	2.430600E+4
1.232000E-2	0.000000E+0	2.420600E+4
1.234000E-2	0.000000E+0	2.441900E+4
1.236000E-2	0.000000E+0	2.448000E+4
1.238000E-2	0.000000E+0	2.428500E+4
1.240000E-2	0.000000E+0	2.426400E+4
1.242000E-2	0.000000E+0	2.418500E+4
1.244000E-2	0.000000E+0	2.441000E+4
1.246000E-2	0.000000E+0	2.429900E+4
1.248000E-2	0.000000E+0	2.440800E+4
1.250000E-2	0.000000E+0	2.423900E+4
1.252000E-2	0.000000E+0	2.443100E+4
1.254000E-2	0.000000E+0	2.447400E+4
1.256000E-2	0.000000E+0	2.412700E+4
1.258000E-2	0.000000E+0	2.453700E+4
1.260000E-2	0.000000E+0	2.456500E+4
1.262000E-2	0.000000E+0	2.435900E+4
1.264000E-2	0.000000E+0	2.466300E+4
1.266000E-2	0.000000E+0	2.453500E+4
1.268000E-2	0.000000E+0	2.436700E+4
1.270000E-2	0.000000E+0	2.448900E+4
1.272000E-2	0.000000E+0	2.425700E+4
1.274000E-2	0.000000E+0	2.438900E+4
1.276000E-2	0.000000E+0	2.448400E+4
1.278000E-2	0.000000E+0	2.448800E+4
1.280000E-2	0.000000E+0	2.431100E+4
1.282000E-2	0.000000E+0	2.430700E+4
1.284000E-2	0.000000E+0	2.450200E+4
1.286000E-2	0.000000E+0	2.419700E+4
1.288000E-2	0.000000E+0	2.452300E+4
1.290000E-2	0.000000E+0	2.444500E+4
1.292000E-2	0.000000E+0	2.421100E+4
1.294000E-2	0.000000E+0	2.410800E+4
1.296000E-2	0.000000E+0	2.455700E+4
1.298000E-2	0.000000E+0	2.407200E+4
1.300000E-2	0.000000E+0	2.442200E+4
1.302000E-2	0.000000E+0	2.456800E+4
1.304000E-2	0.000000E+0	2.460700E+4
1.306000E-2	0.000000E+0	2.457600E+4
1.308000E-2	0.000000E+0	2.449200E+4
1.310000E-2	0.000000E+0	2.454600E+4
1.312000E-2	0.000000E+0	2.449700E+4
1.314000E-2	0.000000E+0	2.425400E+4
1.316000E-2	0.000000E+0	2.460400E+4
1.318000E-2	0.000000E+0	2.459600E+4
1.320000E-2	0.000000E+0	2.456500E+4
1.322000E-2	0.000000E+0	2.406400E+4
1.324000E-2	0.000000E+0	2.433200E+4
1.326000E-2	0.000000E+0	2.413400E+4
1.328000E-2	0.000000E+0	2.450600E+4
1.330000E-2	0.000000E+0	2.435100E+4
1.332000E-2	0.000000E+0	2.435300E+4
1.334000E-2	0.000000E+0	2.416600E+4
1.336000E-2	0.000000E+0	2.421900E+4
1.338000E-2	0.000000E+0	2.438100E+4
1.340000E-2	0.000000E+0	2.441700E+4
1.342000E-2	0.000000E+0	2.426800E+4
1.344000E-2	0.000000E+0	2.435800E+4
1.346000E-2	0.000000E+0	2.443900E+4
1.348000E-2	0.000000E+0	2.414900E+4
1.350000E-2	0.000000E+0	2.445100E+4
1.352000E-2	0.000000E+0	2.469400E+4
1.354000E-2	0.000000E+0	2.438400E+4
1.356000E-2	0.000000E+0	2.438700E+4
1.358000E-2	0.000000E+0	2.422900E+4
1.360000E-2	0.000000E+0	2.458900E+4
1.362000E-2	0.000000E+0	2.436400E+4
1.364000E-2	0.000000E+0	2.449600E+4
1.366000E-2	0.000000E+0	2.446000E+4
1.368000E-2	0.000000E+0	2.453900E+4
1.370000E-2	0.000000E+0	2.436900E+4
1.372000E-2	0.000000E+0	2.447100E+4
1.374000E-2	0.000000E+0	2.439400E+4
1.376000E-2	0.000000E+0	2.438000E+4
1.378000E-2	0.000000E+0	2.468300E+4
1.380000E-2	0.000000E+0	2.423700E+4
1.382000E-2	0.000000E+0	2.449100E+4
1.384000E-2	0.000000E+0	2.434500E+4
1.386000E-2	0.000000E+0	2.449700E+4
1.388000E-2	0.000000E+0	2.436700E+4
1.390000E-2	0.000000E+0	2.421600E+4
1.392000E-2	0.000000E+0	2.427700E+4
1.394000E-2	0.000000E+0	2.416200E+4
1.396000E-2	0.000000E+0	2.422100E+4
1.398000E-2	0.000000E+0	2.431900E+4
1.400000E-2	0.000000E+0	2.413500E+4
1.402000E-2	0.000000E+0	2.430800E+4
1.404000E-2	0.000000E+0	2.445600E+4
1.406000E-2	0.000000E+0	2.434300E+4
1.408000E-2	0.000000E+0	2.440700E+4
1.410000E-2	0.000000E+0	2.440000E+4
1.412000E-2	0.000000E+0	2.424100E+4
1.414000E-2	0.000000E+0	2.435600E+4
1.416000E-2	0.000000E+0	2.414200E+4
1.418000E-2	0.000000E+0	2.439000E+4
1.420000E-2	0.000000E+0	2.434500E+4
1.422000E-2	0.000000E+0	2.413000E+4
1.424000E-2	0.000000E+0	2.422200E+4
1.426000E-2	0.000000E+0	2.433400E+4
1.428000E-2	0.000000E+0	2.443900E+4
1.430000E-2	0.000000E+0	2.432800E+4
1.432000E-2	0.000000E+0	2.429600E+4
1.434000E-2	0.000000E+0	2.443200E+4
1.436000E-2	0.000000E+0	2.454100E+4
1.438000E-2	0.000000E+0	2.432600E+4
1.440000E-2	0.000000E+0	2.446500E+4
1.442000E-2	0.000000E+0	2.441300E+4
1.444000E-2	0.000000E+0	2.423200E+4
1.446000E-2	0.000000E+0	2.408600E+4
1.448000E-2	0.000000E+0	2.466300E+4
1.450000E-2	0.000000E+0	2.446800E+4
1.452000E-2	0.000000E+0	2.446400E+4
1.454000E-2	0.000000E+0	2.446000E+4
1.456000E-2	0.000000E+0	2.424200E+4
1.458000E-2	0.000000E+0	2.435500E+4
1.460000E-2	0.000000E+0	2.424400E+4
1.462000E-2	0.000000E+0	2.424400E+4
1.464000E-2	0.000000E+0	2.446200E+4
1.466000E-2	0.000000E+0	2.432400E+4
1.468000E-2	0.000000E+0	2.420100E+4
1.470000E-2	0.000000E+0	2.413900E+4
1.472000E-2	0.000000E+0	2.432500E+4
1.474000E-2	0.000000E+0	2.425800E+4
1.476000E-2	0.000000E+0	2.427900E+4
1.478000E-2	0.000000E+0	2.423300E+4
1.480000E-2	0.000000E+0	2.428000E+4
1.482000E-2	0.000000E+0	2.427400E+4
1.484000E-2	0.000000E+0	2.434300E+4
1.486000E-2	0.000000E+0	2.442600E+4
1.488000E-2	0.000000E+0	2.411700E+4
1.490000E-2	0.000000E+0	2.467100E+4
1.492000E-2	0.000000E+0	2.427800E+4
1.494000E-2	0.000000E+0	2.411400E+4
1.496000E-2	0.000000E+0	2.420600E+4
1.498000E-2	0.000000E+0	2.439700E+4
1.500000E-2	0.000000E+0	2.419600E+4
1.502000E-2	0.000000E+0	2.434000E+4
1.504000E-2	0.000000E+0	2.425100E+4
1.506000E-2	0.000000E+0	2.439300E+4
1.508000E-2	0.000000E+0	2.429800E+4
1.510000E-2	0.000000E+0	2.421300E+4
1.512000E-2	0.000000E+0	2.394700E+4
1.514000E-2	0.000000E+0	2.428900E+4
1.516000E-2	0.000000E+0	2.423400E+4
1.518000E-2	0.000000E+0	2.396100E+4
1.520000E-2	0.000000E+0	2.407100E+4
1.522000E-2	0.000000E+0	2.423300E+4
1.524000E-2	0.000000E+0	2.405000E+4
1.526000E-2	0.000000E+0	2.426900E+4
1.528000E-2	0.000000E+0	2.413900E+4
1.530000E-2	0.000000E+0	2.398500E+4
1.532000E-2	0.000000E+0	2.422100E+4
1.534000E-2	0.000000E+0	2.380800E+4
1.536000E-2	0.000000E+0	2.404600E+4
1.538000E-2	0.000000E+0	2.404700E+4
1.540000E-2	0.000000E+0	2.375300E+4
1.542000E-2	0.000000E+0	2.388400E+4
1.544000E-2	0.000000E+0	2.362500E+4
1.546000E-2	0.000000E+0	2.316700E+4
1.548000E-2	0.000000E+0	2.313500E+4
1.550000E-2	0.000000E+0	2.250500E+4
1.552000E-2	0.000000E+0	2.185800E+4
1.554000E-2	0.000000E+0	2.029600E+4
1.556000E-2	0.000000E+0	1.905300E+4
1.558000E-2	0.000000E+0	1.775600E+4
1.560000E-2	0.000000E+0	1.719200E+4
1.562000E-2	0.000000E+0	1.789000E+4
1.564000E-2	0.000000E+0	1.895800E+4
1.566000E-2	0.000000E+0	2.031200E+4
1.568000E-2	0.000000E+0	2.134000E+4
1.570000E-2	0.000000E+0	2.199700E+4
1.572000E-2	0.000000E+0	2.216600E+4
1.574000E-2	0.000000E+0	2.241500E+4
1.576000E-2	0.000000E+0	2.271200E+4
1.578000E-2	0.000000E+0	2.315400E+4
1.580000E-2	0.000000E+0	2.329400E+4
1.582000E-2	0.000000E+0	2.377100E+4
1.584000E-2	0.000000E+0	2.362900E+4
1.586000E-2	0.000000E+0	2.382100E+4
1.588000E-2	0.000000E+0	2.358200E+4
1.590000E-2	0.000000E+0	2.384100E+4
1.592000E-2	0.000000E+0	2.403900E+4
1.594000E-2	0.000000E+0	2.418300E+4
1.596000E-2	0.000000E+0	2.404000E+4
1.598000E-2	0.000000E+0	2.397000E+4
1.600000E-2	0.000000E+0	2.402200E+4
1.602000E-2	0.000000E+0	2.397100E+4
1.604000E-2	0.000000E+0	2.393100E+4
1.606000E-2	0.000000E+0	2.427100E+4
1.608000E-2	0.000000E+0	2.411200E+4
1.610000E-2	0.000000E+0	2.374400E+4
1.612000E-2	0.000000E+0	2.374700E+4
1.614000E-2	0.000000E+0	2.358100E+4
1.616000E-2	0.000000E+0	2.312300E+4
1.618000E-2	0.000000E+0	2.304800E+4
1.620000E-2	0.000000E+0	2.237000E+4
1.622000E-2	0.000000E+0	2.154500E+4
1.624000E-2	0.000000E+0	2.027900E+4
1.626000E-2	0.000000E+0	1.874300E+4
1.628000E-2	0.000000E+0	1.717600E+4
1.630000E-2	0.000000E+0	1.706900E+4
1.632000E-2	0.000000E+0	1.775500E+4
1.634000E-2	0.000000E+0	1.940300E+4
1.636000E-2	0.000000E+0	2.037700E+4
1.638000E-2	0.000000E+0	2.113000E+4
1.640000E-2	0.000000E+0	2.193300E+4
1.642000E-2	0.000000E+0	2.234400E+4
1.644000E-2	0.000000E+0	2.308400E+4
1.646000E-2	0.000000E+0	2.331900E+4
1.648000E-2	0.000000E+0	2.336900E+4
1.650000E-2	0.000000E+0	2.371000E+4
1.652000E-2	0.000000E+0	2.422600E+4
1.654000E-2	0.000000E+0	2.387700E+4
1.656000E-2	0.000000E+0	2.424100E+4
1.658000E-2	0.000000E+0	2.414100E+4
1.660000E-2	0.000000E+0	2.374000E+4
1.662000E-2	0.000000E+0	2.410500E+4
1.664000E-2	0.000000E+0	2.444400E+4
1.666000E-2	0.000000E+0	2.395800E+4
1.668000E-2	0.000000E+0	2.421900E+4
1.670000E-2	0.000000E+0	2.407500E+4
1.672000E-2	0.000000E+0	2.425000E+4
1.674000E-2	0.000000E+0	2.416600E+4
1.676000E-2	0.000000E+0	2.411100E+4
1.678000E-2	0.000000E+0	2.408200E+4
1.680000E-2	0.000000E+0	2.367500E+4
1.682000E-2	0.000000E+0	2.387300E+4
1.684000E-2	0.000000E+0	2.374600E+4
1.686000E-2	0.000000E+0	2.357900E+4
1.688000E-2	0.000000E+0	2.304400E+4
1.690000E-2	0.000000E+0	2.266700E+4
1.692000E-2	0.000000E+0	2.151800E+4
1.694000E-2	0.000000E+0	2.093100E+4
1.696000E-2	0.000000E+0	2.042900E+4
1.698000E-2	0.000000E+0	2.092300E+4
1.700000E-2	0.000000E+0	2.188500E+4
1.702000E-2	0.000000E+0	2.294800E+4
1.704000E-2	0.000000E+0	2.334800E+4
1.706000E-2	0.000000E+0	2.364600E+4
1.708000E-2	0.000000E+0	2.406500E+4
1.710000E-2	0.000000E+0	2.363500E+4
1.712000E-2	0.000000E+0	2.394400E+4
1.714000E-2	0.000000E+0	2.420400E+4
1.716000E-2	0.000000E+0	2.399700E+4
1.718000E-2	0.000000E+0	2.404300E+4
1.720000E-2	0.000000E+0	2.411300E+4
1.722000E-2	0.000000E+0	2.385900E+4
1.724000E-2	0.000000E+0	2.410500E+4
1.726000E-2	0.000000E+0	2.404600E+4
1.728000E-2	0.000000E+0	2.383200E+4
1.730000E-2	0.000000E+0	2.376000E+4
1.732000E-2	0.000000E+0	2.387700E+4
1.734000E-2	0.000000E+0	2.347000E+4
1.736000E-2	0.000000E+0	2.336000E+4
1.738000E-2	0.000000E+0	2.273300E+4
1.740000E-2	0.000000E+0	2.185000E+4
1.742000E-2	0.000000E+0	2.100600E+4
1.744000E-2	0.000000E+0	2.029000E+4
1.746000E-2	0.000000E+0	2.066000E+4
1.748000E-2	0.000000E+0	2.187900E+4
1.750000E-2	0.000000E+0	2.270400E+4
1.752000E-2	0.000000E+0	2.365100E+4
1.754000E-2	0.000000E+0	2.338600E+4
1.756000E-2	0.000000E+0	2.400100E+4
1.758000E-2	0.000000E+0	2.409900E+4
1.760000E-2	0.000000E+0	2.385100E+4
1.762000E-2	0.000000E+0	2.384900E+4
1.764000E-2	0.000000E+0	2.412000E+4
1.766000E-2	0.000000E+0	2.393400E+4
1.768000E-2	0.000000E+0	2.396100E+4
1.770000E-2	0.000000E+0	2.453500E+4
1.772000E-2	0.000000E+0	2.423800E+4
1.774000E-2	0.000000E+0	2.415400E+4
1.776000E-2	0.000000E+0	2.414600E+4
1.778000E-2	0.000000E+0	2.406800E+4
1.780000E-2	0.000000E+0	2.420700E+4
1.782000E-2	0.000000E+0	2.423500E+4
1.784000E-2	0.000000E+0	2.411200E+4
1.786000E-2	0.000000E+0	2.383300E+4
1.788000E-2	0.000000E+0	2.398900E+4
1.790000E-2	0.000000E+0	2.345600E+4
1.792000E-2	0.000000E+0	2.360000E+4
1.794000E-2	0.000000E+0	2.365600E+4
1.796000E-2	0.000000E+0	2.301100E+4
1.798000E-2	0.000000E+0	2.265500E+4
1.800000E-2	0.000000E+0	2.148200E+4
1.802000E-2	0.000000E+0	2.065000E+4
1.804000E-2	0.000000E+0	1.935500E+4
1.806000E-2	0.000000E+0	1.794000E+4
1.808000E-2	0.000000E+0	1.691300E+4
1.810000E-2	0.000000E+0	1.670600E+4
1.812000E-2	0.000000E+0	1.793900E+4
1.814000E-2	0.000000E+0	1.948200E+4
1.816000E-2	0.000000E+0	2.131400E+4
1.818000E-2	0.000000E+0	2.201700E+4
1.820000E-2	0.000000E+0	2.302200E+4
1.822000E-2	0.000000E+0	2.332400E+4
1.824000E-2	0.000000E+0	2.367600E+4
1.826000E-2	0.000000E+0	2.383300E+4
1.828000E-2	0.000000E+0	2.383200E+4
1.830000E-2	0.000000E+0	2.400800E+4
1.832000E-2	0.000000E+0	2.399300E+4
1.834000E-2	0.000000E+0	2.410400E+4
1.836000E-2	0.000000E+0	2.387600E+4
1.838000E-2	0.000000E+0	2.390500E+4
1.840000E-2	0.000000E+0	2.350100E+4
1.842000E-2	0.000000E+0	2.380000E+4
1.844000E-2	0.000000E+0	2.417100E+4
1.846000E-2	0.000000E+0	2.393900E+4
1.848000E-2	0.000000E+0	2.382500E+4
1.850000E-2	0.000000E+0	2.406600E+4
1.852000E-2	0.000000E+0	2.373400E+4
1.854000E-2	0.000000E+0	2.383600E+4
1.856000E-2	0.000000E+0	2.352900E+4
1.858000E-2	0.000000E+0	2.389700E+4
1.860000E-2	0.000000E+0	2.301700E+4
1.862000E-2	0.000000E+0	2.276900E+4
1.864000E-2	0.000000E+0	2.232600E+4
1.866000E-2	0.000000E+0	2.189500E+4
1.868000E-2	0.000000E+0	2.136200E+4
1.870000E-2	0.000000E+0	2.105100E+4
1.872000E-2	0.000000E+0	1.990000E+4
1.874000E-2	0.000000E+0	1.892000E+4
1.876000E-2	0.000000E+0	1.746800E+4
1.878000E-2	0.000000E+0	1.702800E+4
1.880000E-2	0.000000E+0	1.758400E+4
1.882000E-2	0.000000E+0	1.938500E+4
1.884000E-2	0.000000E+0	2.067000E+4
1.886000E-2	0.000000E+0	2.179100E+4
1.888000E-2	0.000000E+0	2.257500E+4
1.890000E-2	0.000000E+0	2.314000E+4
1.892000E-2	0.000000E+0	2.354100E+4
1.894000E-2	0.000000E+0	2.382300E+4
1.896000E-2	0.000000E+0	2.377600E+4
1.898000E-2	0.000000E+0	2.370000E+4
1.900000E-2	0.000000E+0	2.388200E+4
1.902000E-2	0.000000E+0	2.412600E+4
1.904000E-2	0.000000E+0	2.440400E+4
1.906000E-2	0.000000E+0	2.402300E+4
1.908000E-2	0.000000E+0	2.406600E+4
1.910000E-2	0.000000E+0	2.415000E+4
1.912000E-2	0.000000E+0	2.403700E+4
1.914000E-2	0.000000E+0	2.431900E+4
1.916000E-2	0.000000E+0	2.405100E+4
1.918000E-2	0.000000E+0	2.424700E+4
1.920000E-2	0.000000E+0	2.403100E+4
1.922000E-2	0.000000E+0	2.408700E+4
1.924000E-2	0.000000E+0	2.403600E+4
1.926000E-2	0.000000E+0	2.422400E+4
1.928000E-2	0.000000E+0	2.429200E+4
1.930000E-2	0.000000E+0	2.431000E+4
1.932000E-2	0.000000E+0	2.427000E+4
1.934000E-2	0.000000E+0	2.433100E+4
1.936000E-2	0.000000E+0	2.422700E+4
1.938000E-2	0.000000E+0	2.419500E+4
1.940000E-2	0.000000E+0	2.458200E+4
1.942000E-2	0.000000E+0	2.409300E+4
1.944000E-2	0.000000E+0	2.462300E+4
1.946000E-2	0.000000E+0	2.419000E+4
1.948000E-2	0.000000E+0	2.426300E+4
1.950000E-2	0.000000E+0	2.421000E+4
1.952000E-2	0.000000E+0	2.450200E+4
1.954000E-2	0.000000E+0	2.442700E+4
1.956000E-2	0.000000E+0	2.439900E+4
1.958000E-2	0.000000E+0	2.421000E+4
1.960000E-2	0.000000E+0	2.456900E+4
1.962000E-2	0.000000E+0	2.430300E+4
1.964000E-2	0.000000E+0	2.435200E+4
1.966000E-2	0.000000E+0	2.452100E+4
1.968000E-2	0.000000E+0	2.448500E+4
1.970000E-2	0.000000E+0	2.429100E+4
1.972000E-2	0.000000E+0	2.435500E+4
1.974000E-2	0.000000E+0	2.411700E+4
1.976000E-2	0.000000E+0	2.439600E+4
1.978000E-2	0.000000E+0	2.451800E+4
1.980000E-2	0.000000E+0	2.419700E+4
1.982000E-2	0.000000E+0	2.432900E+4
1.984000E-2	0.000000E+0	2.430500E+4
1.986000E-2	0.000000E+0	2.463600E+4
1.988000E-2	0.000000E+0	2.434800E+4
1.990000E-2	0.000000E+0	2.448100E+4
1.992000E-2	0.000000E+0	2.416600E+4
1.994000E-2	0.000000E+0	2.419800E+4
1.996000E-2	0.000000E+0	2.415400E+4
1.998000E-2	0.000000E+0	2.427300E+4
