Data run ended at:  Thursday, April 15, 2021	1:35:47 AM
Total number of sweeps:  11209717	live time (sec):  224194.340000	real time (sec):  259208.184000


time (sec)	counts
0.000000E+0	0.000000E+0
2.000000E-5	8.370300E+4
4.000000E-5	8.355300E+4
6.000000E-5	8.417900E+4
8.000000E-5	8.376800E+4
1.000000E-4	8.417500E+4
1.200000E-4	8.335100E+4
1.400000E-4	8.353700E+4
1.600000E-4	8.401700E+4
1.800000E-4	8.274400E+4
2.000000E-4	8.401800E+4
2.200000E-4	8.436100E+4
2.400000E-4	8.345400E+4
2.600000E-4	8.338600E+4
2.800000E-4	8.389000E+4
3.000000E-4	8.377300E+4
3.200000E-4	8.372000E+4
3.400000E-4	8.349000E+4
3.600000E-4	8.418200E+4
3.800000E-4	8.333400E+4
4.000000E-4	8.373000E+4
4.200000E-4	8.368400E+4
4.400000E-4	8.303000E+4
4.600000E-4	8.361900E+4
4.800000E-4	8.418400E+4
5.000000E-4	8.346200E+4
5.200000E-4	8.379300E+4
5.400000E-4	8.328700E+4
5.600000E-4	8.416700E+4
5.800000E-4	8.336700E+4
6.000000E-4	8.333300E+4
6.200000E-4	8.366900E+4
6.400000E-4	8.357500E+4
6.600000E-4	8.379900E+4
6.800000E-4	8.371300E+4
7.000000E-4	8.370600E+4
7.200000E-4	8.339900E+4
7.400000E-4	8.355200E+4
7.600000E-4	8.354400E+4
7.800000E-4	8.341500E+4
8.000000E-4	8.377600E+4
8.200000E-4	8.356000E+4
8.400000E-4	8.351700E+4
8.600000E-4	8.357500E+4
8.800000E-4	8.373700E+4
9.000000E-4	8.359100E+4
9.200000E-4	8.394000E+4
9.400000E-4	8.392200E+4
9.600000E-4	8.308300E+4
9.800000E-4	8.355500E+4
1.000000E-3	8.327000E+4
1.020000E-3	8.354700E+4
1.040000E-3	8.365400E+4
1.060000E-3	8.396200E+4
1.080000E-3	8.382400E+4
1.100000E-3	8.450200E+4
1.120000E-3	8.323400E+4
1.140000E-3	8.354900E+4
1.160000E-3	8.328600E+4
1.180000E-3	8.397400E+4
1.200000E-3	8.330400E+4
1.220000E-3	8.349100E+4
1.240000E-3	8.366200E+4
1.260000E-3	8.298000E+4
1.280000E-3	8.335100E+4
1.300000E-3	8.348000E+4
1.320000E-3	8.374400E+4
1.340000E-3	8.368800E+4
1.360000E-3	8.350600E+4
1.380000E-3	8.333800E+4
1.400000E-3	8.399600E+4
1.420000E-3	8.376700E+4
1.440000E-3	8.361900E+4
1.460000E-3	8.389300E+4
1.480000E-3	8.357500E+4
1.500000E-3	8.391100E+4
1.520000E-3	8.385700E+4
1.540000E-3	8.334000E+4
1.560000E-3	8.353200E+4
1.580000E-3	8.375200E+4
1.600000E-3	8.361600E+4
1.620000E-3	8.378300E+4
1.640000E-3	8.360800E+4
1.660000E-3	8.362300E+4
1.680000E-3	8.369900E+4
1.700000E-3	8.392700E+4
1.720000E-3	8.353500E+4
1.740000E-3	8.347300E+4
1.760000E-3	8.406100E+4
1.780000E-3	8.376600E+4
1.800000E-3	8.367000E+4
1.820000E-3	8.407300E+4
1.840000E-3	8.363900E+4
1.860000E-3	8.364300E+4
1.880000E-3	8.334500E+4
1.900000E-3	8.423300E+4
1.920000E-3	8.370200E+4
1.940000E-3	8.330500E+4
1.960000E-3	8.334100E+4
1.980000E-3	8.331800E+4
2.000000E-3	8.356900E+4
2.020000E-3	8.381900E+4
2.040000E-3	8.351800E+4
2.060000E-3	8.409700E+4
2.080000E-3	8.337400E+4
2.100000E-3	8.380100E+4
2.120000E-3	8.378200E+4
2.140000E-3	8.356300E+4
2.160000E-3	8.382200E+4
2.180000E-3	8.400200E+4
2.200000E-3	8.387000E+4
2.220000E-3	8.384400E+4
2.240000E-3	8.348500E+4
2.260000E-3	8.406200E+4
2.280000E-3	8.362500E+4
2.300000E-3	8.363700E+4
2.320000E-3	8.331600E+4
2.340000E-3	8.389900E+4
2.360000E-3	8.366600E+4
2.380000E-3	8.361900E+4
2.400000E-3	8.350000E+4
2.420000E-3	8.357300E+4
2.440000E-3	8.397500E+4
2.460000E-3	8.354700E+4
2.480000E-3	8.435800E+4
2.500000E-3	8.412000E+4
2.520000E-3	8.348500E+4
2.540000E-3	8.397900E+4
2.560000E-3	8.404900E+4
2.580000E-3	8.337400E+4
2.600000E-3	8.365600E+4
2.620000E-3	8.310800E+4
2.640000E-3	8.347300E+4
2.660000E-3	8.383600E+4
2.680000E-3	8.360600E+4
2.700000E-3	8.361200E+4
2.720000E-3	8.328100E+4
2.740000E-3	8.371200E+4
2.760000E-3	8.332400E+4
2.780000E-3	8.362500E+4
2.800000E-3	8.379500E+4
2.820000E-3	8.425800E+4
2.840000E-3	8.344000E+4
2.860000E-3	8.342600E+4
2.880000E-3	8.432800E+4
2.900000E-3	8.341400E+4
2.920000E-3	8.356200E+4
2.940000E-3	8.401700E+4
2.960000E-3	8.384400E+4
2.980000E-3	8.358500E+4
3.000000E-3	8.361900E+4
3.020000E-3	8.401100E+4
3.040000E-3	8.430100E+4
3.060000E-3	8.377800E+4
3.080000E-3	8.345500E+4
3.100000E-3	8.374400E+4
3.120000E-3	8.384800E+4
3.140000E-3	8.371700E+4
3.160000E-3	8.401000E+4
3.180000E-3	8.393100E+4
3.200000E-3	8.339900E+4
3.220000E-3	8.404100E+4
3.240000E-3	8.382800E+4
3.260000E-3	8.325000E+4
3.280000E-3	8.417000E+4
3.300000E-3	8.386700E+4
3.320000E-3	8.385700E+4
3.340000E-3	8.345100E+4
3.360000E-3	8.366900E+4
3.380000E-3	8.354800E+4
3.400000E-3	8.410100E+4
3.420000E-3	8.357300E+4
3.440000E-3	8.339100E+4
3.460000E-3	8.372400E+4
3.480000E-3	8.393600E+4
3.500000E-3	8.341900E+4
3.520000E-3	8.391800E+4
3.540000E-3	8.414200E+4
3.560000E-3	8.369100E+4
3.580000E-3	8.346600E+4
3.600000E-3	8.323600E+4
3.620000E-3	8.340600E+4
3.640000E-3	8.404000E+4
3.660000E-3	8.335700E+4
3.680000E-3	8.342200E+4
3.700000E-3	8.367500E+4
3.720000E-3	8.320200E+4
3.740000E-3	8.390900E+4
3.760000E-3	8.378600E+4
3.780000E-3	8.380400E+4
3.800000E-3	8.362900E+4
3.820000E-3	8.349400E+4
3.840000E-3	8.350900E+4
3.860000E-3	8.388200E+4
3.880000E-3	8.368600E+4
3.900000E-3	8.361800E+4
3.920000E-3	8.409500E+4
3.940000E-3	8.362900E+4
3.960000E-3	8.320900E+4
3.980000E-3	8.318400E+4
4.000000E-3	8.343200E+4
4.020000E-3	8.350300E+4
4.040000E-3	8.353900E+4
4.060000E-3	8.384500E+4
4.080000E-3	8.360000E+4
4.100000E-3	8.352600E+4
4.120000E-3	8.375700E+4
4.140000E-3	8.370000E+4
4.160000E-3	8.343200E+4
4.180000E-3	8.343800E+4
4.200000E-3	8.359000E+4
4.220000E-3	8.372500E+4
4.240000E-3	8.387500E+4
4.260000E-3	8.351000E+4
4.280000E-3	8.374000E+4
4.300000E-3	8.369200E+4
4.320000E-3	8.357600E+4
4.340000E-3	8.407800E+4
4.360000E-3	8.355800E+4
4.380000E-3	8.299400E+4
4.400000E-3	8.373300E+4
4.420000E-3	8.366600E+4
4.440000E-3	8.373800E+4
4.460000E-3	8.358800E+4
4.480000E-3	8.303300E+4
4.500000E-3	8.331200E+4
4.520000E-3	8.358500E+4
4.540000E-3	8.391700E+4
4.560000E-3	8.335000E+4
4.580000E-3	8.396200E+4
4.600000E-3	8.332400E+4
4.620000E-3	8.286000E+4
4.640000E-3	8.328200E+4
4.660000E-3	8.317000E+4
4.680000E-3	8.291500E+4
4.700000E-3	8.266600E+4
4.720000E-3	8.250600E+4
4.740000E-3	8.253700E+4
4.760000E-3	8.221800E+4
4.780000E-3	8.178900E+4
4.800000E-3	8.142600E+4
4.820000E-3	8.115500E+4
4.840000E-3	7.991300E+4
4.860000E-3	7.894600E+4
4.880000E-3	7.639500E+4
4.900000E-3	7.352600E+4
4.920000E-3	7.005300E+4
4.940000E-3	6.600300E+4
4.960000E-3	6.575300E+4
4.980000E-3	6.918400E+4
5.000000E-3	7.331700E+4
5.020000E-3	7.681100E+4
5.040000E-3	7.780300E+4
5.060000E-3	8.010600E+4
5.080000E-3	8.068100E+4
5.100000E-3	8.102900E+4
5.120000E-3	8.200200E+4
5.140000E-3	8.212200E+4
5.160000E-3	8.191100E+4
5.180000E-3	8.260000E+4
5.200000E-3	8.240900E+4
5.220000E-3	8.272600E+4
5.240000E-3	8.319500E+4
5.260000E-3	8.280600E+4
5.280000E-3	8.258100E+4
5.300000E-3	8.273200E+4
5.320000E-3	8.242200E+4
5.340000E-3	8.264600E+4
5.360000E-3	8.277000E+4
5.380000E-3	8.248100E+4
5.400000E-3	8.218500E+4
5.420000E-3	8.110000E+4
5.440000E-3	8.199800E+4
5.460000E-3	8.102200E+4
5.480000E-3	8.072100E+4
5.500000E-3	8.029200E+4
5.520000E-3	7.975600E+4
5.540000E-3	7.909600E+4
5.560000E-3	7.898100E+4
5.580000E-3	7.909200E+4
5.600000E-3	7.894600E+4
5.620000E-3	7.849000E+4
5.640000E-3	7.714900E+4
5.660000E-3	7.633700E+4
5.680000E-3	7.342600E+4
5.700000E-3	7.096400E+4
5.720000E-3	6.713500E+4
5.740000E-3	6.451700E+4
5.760000E-3	6.505600E+4
5.780000E-3	6.860700E+4
5.800000E-3	7.310600E+4
5.820000E-3	7.588100E+4
5.840000E-3	7.816500E+4
5.860000E-3	7.995700E+4
5.880000E-3	8.058700E+4
5.900000E-3	8.137600E+4
5.920000E-3	8.208100E+4
5.940000E-3	8.208700E+4
5.960000E-3	8.232300E+4
5.980000E-3	8.248500E+4
6.000000E-3	8.291400E+4
6.020000E-3	8.263300E+4
6.040000E-3	8.296500E+4
6.060000E-3	8.333900E+4
6.080000E-3	8.304400E+4
6.100000E-3	8.346500E+4
6.120000E-3	8.333600E+4
6.140000E-3	8.325200E+4
6.160000E-3	8.363200E+4
6.180000E-3	8.377300E+4
6.200000E-3	8.323500E+4
6.220000E-3	8.330100E+4
6.240000E-3	8.390700E+4
6.260000E-3	8.330700E+4
6.280000E-3	8.327700E+4
6.300000E-3	8.366800E+4
6.320000E-3	8.377000E+4
6.340000E-3	8.360400E+4
6.360000E-3	8.335900E+4
6.380000E-3	8.353800E+4
6.400000E-3	8.371200E+4
6.420000E-3	8.377900E+4
6.440000E-3	8.299500E+4
6.460000E-3	8.359600E+4
6.480000E-3	8.321500E+4
6.500000E-3	8.348800E+4
6.520000E-3	8.314500E+4
6.540000E-3	8.371200E+4
6.560000E-3	8.361000E+4
6.580000E-3	8.336300E+4
6.600000E-3	8.350000E+4
6.620000E-3	8.407400E+4
6.640000E-3	8.329600E+4
6.660000E-3	8.321300E+4
6.680000E-3	8.341500E+4
6.700000E-3	8.367600E+4
6.720000E-3	8.291400E+4
6.740000E-3	8.340300E+4
6.760000E-3	8.363000E+4
6.780000E-3	8.389700E+4
6.800000E-3	8.319400E+4
6.820000E-3	8.341600E+4
6.840000E-3	8.338700E+4
6.860000E-3	8.375700E+4
6.880000E-3	8.351800E+4
6.900000E-3	8.385500E+4
6.920000E-3	8.349900E+4
6.940000E-3	8.367200E+4
6.960000E-3	8.362200E+4
6.980000E-3	8.389500E+4
7.000000E-3	8.373000E+4
7.020000E-3	8.359200E+4
7.040000E-3	8.334500E+4
7.060000E-3	8.349700E+4
7.080000E-3	8.351300E+4
7.100000E-3	8.346600E+4
7.120000E-3	8.402000E+4
7.140000E-3	8.364400E+4
7.160000E-3	8.364200E+4
7.180000E-3	8.330600E+4
7.200000E-3	8.387900E+4
7.220000E-3	8.376200E+4
7.240000E-3	8.374700E+4
7.260000E-3	8.369700E+4
7.280000E-3	8.420700E+4
7.300000E-3	8.354500E+4
7.320000E-3	8.397700E+4
7.340000E-3	8.380800E+4
7.360000E-3	8.356700E+4
7.380000E-3	8.350700E+4
7.400000E-3	8.323400E+4
7.420000E-3	8.374700E+4
7.440000E-3	8.395200E+4
7.460000E-3	8.437200E+4
7.480000E-3	8.362300E+4
7.500000E-3	8.317200E+4
7.520000E-3	8.323200E+4
7.540000E-3	8.365400E+4
7.560000E-3	8.322600E+4
7.580000E-3	8.369200E+4
7.600000E-3	8.329700E+4
7.620000E-3	8.369500E+4
7.640000E-3	8.390000E+4
7.660000E-3	8.353500E+4
7.680000E-3	8.386100E+4
7.700000E-3	8.355400E+4
7.720000E-3	8.390900E+4
7.740000E-3	8.339400E+4
7.760000E-3	8.326500E+4
7.780000E-3	8.372600E+4
7.800000E-3	8.362900E+4
7.820000E-3	8.368900E+4
7.840000E-3	8.371900E+4
7.860000E-3	8.376200E+4
7.880000E-3	8.358400E+4
7.900000E-3	8.382500E+4
7.920000E-3	8.392200E+4
7.940000E-3	8.317100E+4
7.960000E-3	8.370100E+4
7.980000E-3	8.437000E+4
8.000000E-3	8.371700E+4
8.020000E-3	8.303500E+4
8.040000E-3	8.366500E+4
8.060000E-3	8.343600E+4
8.080000E-3	8.353100E+4
8.100000E-3	8.347600E+4
8.120000E-3	8.329200E+4
8.140000E-3	8.408700E+4
8.160000E-3	8.422200E+4
8.180000E-3	8.393900E+4
8.200000E-3	8.375600E+4
8.220000E-3	8.378800E+4
8.240000E-3	8.356600E+4
8.260000E-3	8.327800E+4
8.280000E-3	8.389400E+4
8.300000E-3	8.364500E+4
8.320000E-3	8.337900E+4
8.340000E-3	8.353400E+4
8.360000E-3	8.316500E+4
8.380000E-3	8.359400E+4
8.400000E-3	8.421700E+4
8.420000E-3	8.357800E+4
8.440000E-3	8.297900E+4
8.460000E-3	8.322200E+4
8.480000E-3	8.418400E+4
8.500000E-3	8.364500E+4
8.520000E-3	8.413000E+4
8.540000E-3	8.374700E+4
8.560000E-3	8.373000E+4
8.580000E-3	8.383100E+4
8.600000E-3	8.386600E+4
8.620000E-3	8.427300E+4
8.640000E-3	8.392300E+4
8.660000E-3	8.447900E+4
8.680000E-3	8.350700E+4
8.700000E-3	8.352500E+4
8.720000E-3	8.352100E+4
8.740000E-3	8.383700E+4
8.760000E-3	8.391600E+4
8.780000E-3	8.400900E+4
8.800000E-3	8.373800E+4
8.820000E-3	8.358500E+4
8.840000E-3	8.385100E+4
8.860000E-3	8.347700E+4
8.880000E-3	8.391000E+4
8.900000E-3	8.326100E+4
8.920000E-3	8.292500E+4
8.940000E-3	8.340600E+4
8.960000E-3	8.352800E+4
8.980000E-3	8.358100E+4
9.000000E-3	8.360600E+4
9.020000E-3	8.377400E+4
9.040000E-3	8.338000E+4
9.060000E-3	8.333300E+4
9.080000E-3	8.343700E+4
9.100000E-3	8.436400E+4
9.120000E-3	8.402500E+4
9.140000E-3	8.326700E+4
9.160000E-3	8.371500E+4
9.180000E-3	8.360800E+4
9.200000E-3	8.367100E+4
9.220000E-3	8.349400E+4
9.240000E-3	8.352200E+4
9.260000E-3	8.389800E+4
9.280000E-3	8.419800E+4
9.300000E-3	8.362700E+4
9.320000E-3	8.315900E+4
9.340000E-3	8.352000E+4
9.360000E-3	8.340400E+4
9.380000E-3	8.413300E+4
9.400000E-3	8.324600E+4
9.420000E-3	8.383400E+4
9.440000E-3	8.377000E+4
9.460000E-3	8.344100E+4
9.480000E-3	8.382600E+4
9.500000E-3	8.370500E+4
9.520000E-3	8.325600E+4
9.540000E-3	8.406100E+4
9.560000E-3	8.349400E+4
9.580000E-3	8.397100E+4
9.600000E-3	8.320100E+4
9.620000E-3	8.413400E+4
9.640000E-3	8.380300E+4
9.660000E-3	8.386600E+4
9.680000E-3	8.350400E+4
9.700000E-3	8.337400E+4
9.720000E-3	8.412900E+4
9.740000E-3	8.367000E+4
9.760000E-3	8.378100E+4
9.780000E-3	8.381700E+4
9.800000E-3	8.360200E+4
9.820000E-3	8.394700E+4
9.840000E-3	8.378300E+4
9.860000E-3	8.350900E+4
9.880000E-3	8.323200E+4
9.900000E-3	8.371700E+4
9.920000E-3	8.323600E+4
9.940000E-3	8.360200E+4
9.960000E-3	8.414600E+4
9.980000E-3	8.393800E+4
1.000000E-2	8.371100E+4
1.002000E-2	8.359900E+4
1.004000E-2	8.409200E+4
1.006000E-2	8.375500E+4
1.008000E-2	8.391500E+4
1.010000E-2	8.330900E+4
1.012000E-2	8.345000E+4
1.014000E-2	8.406500E+4
1.016000E-2	8.353900E+4
1.018000E-2	8.325900E+4
1.020000E-2	8.365900E+4
1.022000E-2	8.382100E+4
1.024000E-2	8.413800E+4
1.026000E-2	8.382000E+4
1.028000E-2	8.349700E+4
1.030000E-2	8.373000E+4
1.032000E-2	8.366700E+4
1.034000E-2	8.334400E+4
1.036000E-2	8.331900E+4
1.038000E-2	8.401700E+4
1.040000E-2	8.378400E+4
1.042000E-2	8.412800E+4
1.044000E-2	8.351500E+4
1.046000E-2	8.360300E+4
1.048000E-2	8.338800E+4
1.050000E-2	8.332300E+4
1.052000E-2	8.343800E+4
1.054000E-2	8.378300E+4
1.056000E-2	8.411300E+4
1.058000E-2	8.375000E+4
1.060000E-2	8.354200E+4
1.062000E-2	8.402200E+4
1.064000E-2	8.347800E+4
1.066000E-2	8.359300E+4
1.068000E-2	8.348100E+4
1.070000E-2	8.352700E+4
1.072000E-2	8.408700E+4
1.074000E-2	8.390500E+4
1.076000E-2	8.272200E+4
1.078000E-2	8.366000E+4
1.080000E-2	8.328400E+4
1.082000E-2	8.380300E+4
1.084000E-2	8.388800E+4
1.086000E-2	8.324000E+4
1.088000E-2	8.351200E+4
1.090000E-2	8.425100E+4
1.092000E-2	8.366700E+4
1.094000E-2	8.313700E+4
1.096000E-2	8.367600E+4
1.098000E-2	8.353400E+4
1.100000E-2	8.366000E+4
1.102000E-2	8.290000E+4
1.104000E-2	8.370600E+4
1.106000E-2	8.335100E+4
1.108000E-2	8.343000E+4
1.110000E-2	8.379100E+4
1.112000E-2	8.355700E+4
1.114000E-2	8.375400E+4
1.116000E-2	8.407500E+4
1.118000E-2	8.412700E+4
1.120000E-2	8.297600E+4
1.122000E-2	8.425300E+4
1.124000E-2	8.353300E+4
1.126000E-2	8.381500E+4
1.128000E-2	8.336800E+4
1.130000E-2	8.400100E+4
1.132000E-2	8.368700E+4
1.134000E-2	8.378500E+4
1.136000E-2	8.385700E+4
1.138000E-2	8.347800E+4
1.140000E-2	8.345300E+4
1.142000E-2	8.372300E+4
1.144000E-2	8.331900E+4
1.146000E-2	8.361300E+4
1.148000E-2	8.317700E+4
1.150000E-2	8.364200E+4
1.152000E-2	8.389800E+4
1.154000E-2	8.290600E+4
1.156000E-2	8.331400E+4
1.158000E-2	8.352000E+4
1.160000E-2	8.368600E+4
1.162000E-2	8.394900E+4
1.164000E-2	8.403500E+4
1.166000E-2	8.369900E+4
1.168000E-2	8.330400E+4
1.170000E-2	8.339600E+4
1.172000E-2	8.303400E+4
1.174000E-2	8.363000E+4
1.176000E-2	8.329000E+4
1.178000E-2	8.358100E+4
1.180000E-2	8.333200E+4
1.182000E-2	8.429300E+4
1.184000E-2	8.332600E+4
1.186000E-2	8.356500E+4
1.188000E-2	8.359100E+4
1.190000E-2	8.301200E+4
1.192000E-2	8.401500E+4
1.194000E-2	8.380100E+4
1.196000E-2	8.349500E+4
1.198000E-2	8.349600E+4
1.200000E-2	8.315300E+4
1.202000E-2	8.338900E+4
1.204000E-2	8.401100E+4
1.206000E-2	8.327000E+4
1.208000E-2	8.392900E+4
1.210000E-2	8.381500E+4
1.212000E-2	8.423600E+4
1.214000E-2	8.378300E+4
1.216000E-2	8.409200E+4
1.218000E-2	8.362400E+4
1.220000E-2	8.353900E+4
1.222000E-2	8.313900E+4
1.224000E-2	8.366500E+4
1.226000E-2	8.339600E+4
1.228000E-2	8.383700E+4
1.230000E-2	8.366400E+4
1.232000E-2	8.409100E+4
1.234000E-2	8.327700E+4
1.236000E-2	8.324600E+4
1.238000E-2	8.318800E+4
1.240000E-2	8.386400E+4
1.242000E-2	8.340500E+4
1.244000E-2	8.352800E+4
1.246000E-2	8.342200E+4
1.248000E-2	8.347500E+4
1.250000E-2	8.335400E+4
1.252000E-2	8.356600E+4
1.254000E-2	8.342100E+4
1.256000E-2	8.392200E+4
1.258000E-2	8.377500E+4
1.260000E-2	8.425900E+4
1.262000E-2	8.344100E+4
1.264000E-2	8.378800E+4
1.266000E-2	8.382600E+4
1.268000E-2	8.367100E+4
1.270000E-2	8.342000E+4
1.272000E-2	8.338700E+4
1.274000E-2	8.365900E+4
1.276000E-2	8.323900E+4
1.278000E-2	8.438500E+4
1.280000E-2	8.355600E+4
1.282000E-2	8.405900E+4
1.284000E-2	8.353500E+4
1.286000E-2	8.381200E+4
1.288000E-2	8.389500E+4
1.290000E-2	8.333500E+4
1.292000E-2	8.382000E+4
1.294000E-2	8.353500E+4
1.296000E-2	8.382600E+4
1.298000E-2	8.276800E+4
1.300000E-2	8.349600E+4
1.302000E-2	8.386000E+4
1.304000E-2	8.409800E+4
1.306000E-2	8.320200E+4
1.308000E-2	8.337200E+4
1.310000E-2	8.386500E+4
1.312000E-2	8.328300E+4
1.314000E-2	8.365500E+4
1.316000E-2	8.402800E+4
1.318000E-2	8.347500E+4
1.320000E-2	8.353800E+4
1.322000E-2	8.360300E+4
1.324000E-2	8.287400E+4
1.326000E-2	8.389100E+4
1.328000E-2	8.372100E+4
1.330000E-2	8.362000E+4
1.332000E-2	8.341900E+4
1.334000E-2	8.335600E+4
1.336000E-2	8.396800E+4
1.338000E-2	8.389800E+4
1.340000E-2	8.353100E+4
1.342000E-2	8.332100E+4
1.344000E-2	8.338200E+4
1.346000E-2	8.385400E+4
1.348000E-2	8.351400E+4
1.350000E-2	8.328300E+4
1.352000E-2	8.387500E+4
1.354000E-2	8.377700E+4
1.356000E-2	8.358600E+4
1.358000E-2	8.375300E+4
1.360000E-2	8.342300E+4
1.362000E-2	8.333600E+4
1.364000E-2	8.319200E+4
1.366000E-2	8.361900E+4
1.368000E-2	8.382400E+4
1.370000E-2	8.342700E+4
1.372000E-2	8.367100E+4
1.374000E-2	8.345800E+4
1.376000E-2	8.359400E+4
1.378000E-2	8.386400E+4
1.380000E-2	8.347600E+4
1.382000E-2	8.395500E+4
1.384000E-2	8.336500E+4
1.386000E-2	8.334200E+4
1.388000E-2	8.345800E+4
1.390000E-2	8.311900E+4
1.392000E-2	8.360800E+4
1.394000E-2	8.337500E+4
1.396000E-2	8.339300E+4
1.398000E-2	8.385900E+4
1.400000E-2	8.360100E+4
1.402000E-2	8.367400E+4
1.404000E-2	8.342900E+4
1.406000E-2	8.353300E+4
1.408000E-2	8.375400E+4
1.410000E-2	8.358900E+4
1.412000E-2	8.388600E+4
1.414000E-2	8.347300E+4
1.416000E-2	8.407000E+4
1.418000E-2	8.306100E+4
1.420000E-2	8.323100E+4
1.422000E-2	8.391100E+4
1.424000E-2	8.345000E+4
1.426000E-2	8.351200E+4
1.428000E-2	8.385600E+4
1.430000E-2	8.357400E+4
1.432000E-2	8.356100E+4
1.434000E-2	8.325400E+4
1.436000E-2	8.387200E+4
1.438000E-2	8.343200E+4
1.440000E-2	8.364400E+4
1.442000E-2	8.329500E+4
1.444000E-2	8.338500E+4
1.446000E-2	8.332700E+4
1.448000E-2	8.383000E+4
1.450000E-2	8.341600E+4
1.452000E-2	8.346900E+4
1.454000E-2	8.327000E+4
1.456000E-2	8.362700E+4
1.458000E-2	8.347700E+4
1.460000E-2	8.341800E+4
1.462000E-2	8.420700E+4
1.464000E-2	8.311100E+4
1.466000E-2	8.369200E+4
1.468000E-2	8.322200E+4
1.470000E-2	8.329200E+4
1.472000E-2	8.290500E+4
1.474000E-2	8.355200E+4
1.476000E-2	8.376900E+4
1.478000E-2	8.342300E+4
1.480000E-2	8.322000E+4
1.482000E-2	8.351700E+4
1.484000E-2	8.354600E+4
1.486000E-2	8.356200E+4
1.488000E-2	8.318200E+4
1.490000E-2	8.330000E+4
1.492000E-2	8.313900E+4
1.494000E-2	8.330000E+4
1.496000E-2	8.409100E+4
1.498000E-2	8.408800E+4
1.500000E-2	8.325100E+4
1.502000E-2	8.330600E+4
1.504000E-2	8.324100E+4
1.506000E-2	8.353400E+4
1.508000E-2	8.275000E+4
1.510000E-2	8.309300E+4
1.512000E-2	8.382100E+4
1.514000E-2	8.306500E+4
1.516000E-2	8.346600E+4
1.518000E-2	8.299800E+4
1.520000E-2	8.357000E+4
1.522000E-2	8.294100E+4
1.524000E-2	8.337100E+4
1.526000E-2	8.358000E+4
1.528000E-2	8.287700E+4
1.530000E-2	8.376700E+4
1.532000E-2	8.293100E+4
1.534000E-2	8.336800E+4
1.536000E-2	8.380800E+4
1.538000E-2	8.370900E+4
1.540000E-2	8.337700E+4
1.542000E-2	8.348300E+4
1.544000E-2	8.330700E+4
1.546000E-2	8.337000E+4
1.548000E-2	8.297000E+4
1.550000E-2	8.367400E+4
1.552000E-2	8.368300E+4
1.554000E-2	8.401700E+4
1.556000E-2	8.391800E+4
1.558000E-2	8.429600E+4
1.560000E-2	8.384500E+4
1.562000E-2	8.385800E+4
1.564000E-2	8.352000E+4
1.566000E-2	8.379700E+4
1.568000E-2	8.326700E+4
1.570000E-2	8.344500E+4
1.572000E-2	8.364700E+4
1.574000E-2	8.356400E+4
1.576000E-2	8.333100E+4
1.578000E-2	8.356600E+4
1.580000E-2	8.386500E+4
1.582000E-2	8.336200E+4
1.584000E-2	8.359400E+4
1.586000E-2	8.351300E+4
1.588000E-2	8.327600E+4
1.590000E-2	8.356400E+4
1.592000E-2	8.358000E+4
1.594000E-2	8.403000E+4
1.596000E-2	8.366800E+4
1.598000E-2	8.367500E+4
1.600000E-2	8.276100E+4
1.602000E-2	8.363600E+4
1.604000E-2	8.386700E+4
1.606000E-2	8.359100E+4
1.608000E-2	8.363600E+4
1.610000E-2	8.343600E+4
1.612000E-2	8.426400E+4
1.614000E-2	8.328900E+4
1.616000E-2	8.350400E+4
1.618000E-2	8.349900E+4
1.620000E-2	8.325200E+4
1.622000E-2	8.369900E+4
1.624000E-2	8.363500E+4
1.626000E-2	8.352600E+4
1.628000E-2	8.342400E+4
1.630000E-2	8.302300E+4
1.632000E-2	8.321300E+4
1.634000E-2	8.286100E+4
1.636000E-2	8.298200E+4
1.638000E-2	8.354400E+4
1.640000E-2	8.379200E+4
1.642000E-2	8.323700E+4
1.644000E-2	8.321600E+4
1.646000E-2	8.357000E+4
1.648000E-2	8.322600E+4
1.650000E-2	8.342400E+4
1.652000E-2	8.364100E+4
1.654000E-2	8.356600E+4
1.656000E-2	8.344800E+4
1.658000E-2	8.296700E+4
1.660000E-2	8.321200E+4
1.662000E-2	8.305300E+4
1.664000E-2	8.362800E+4
1.666000E-2	8.365000E+4
1.668000E-2	8.268700E+4
1.670000E-2	8.335100E+4
1.672000E-2	8.336400E+4
1.674000E-2	8.295100E+4
1.676000E-2	8.355600E+4
1.678000E-2	8.291200E+4
1.680000E-2	8.354100E+4
1.682000E-2	8.276900E+4
1.684000E-2	8.286700E+4
1.686000E-2	8.335300E+4
1.688000E-2	8.304100E+4
1.690000E-2	8.332300E+4
1.692000E-2	8.266100E+4
1.694000E-2	8.188300E+4
1.696000E-2	8.235800E+4
1.698000E-2	8.154400E+4
1.700000E-2	8.136100E+4
1.702000E-2	8.090800E+4
1.704000E-2	7.988000E+4
1.706000E-2	7.797900E+4
1.708000E-2	7.593800E+4
1.710000E-2	7.380600E+4
1.712000E-2	7.000000E+4
1.714000E-2	6.577000E+4
1.716000E-2	6.437100E+4
1.718000E-2	6.567200E+4
1.720000E-2	6.907500E+4
1.722000E-2	7.298400E+4
1.724000E-2	7.549500E+4
1.726000E-2	7.760500E+4
1.728000E-2	7.829500E+4
1.730000E-2	7.836600E+4
1.732000E-2	7.868700E+4
1.734000E-2	7.897500E+4
1.736000E-2	7.914600E+4
1.738000E-2	7.923400E+4
1.740000E-2	7.973900E+4
1.742000E-2	8.020800E+4
1.744000E-2	8.084100E+4
1.746000E-2	8.115700E+4
1.748000E-2	8.153100E+4
1.750000E-2	8.151500E+4
1.752000E-2	8.169100E+4
1.754000E-2	8.215800E+4
1.756000E-2	8.229900E+4
1.758000E-2	8.247500E+4
1.760000E-2	8.268800E+4
1.762000E-2	8.283300E+4
1.764000E-2	8.241700E+4
1.766000E-2	8.245600E+4
1.768000E-2	8.293900E+4
1.770000E-2	8.189600E+4
1.772000E-2	8.308000E+4
1.774000E-2	8.219300E+4
1.776000E-2	8.191600E+4
1.778000E-2	8.130000E+4
1.780000E-2	8.143500E+4
1.782000E-2	8.077400E+4
1.784000E-2	7.967000E+4
1.786000E-2	7.874500E+4
1.788000E-2	7.710200E+4
1.790000E-2	7.494100E+4
1.792000E-2	7.098300E+4
1.794000E-2	6.766100E+4
1.796000E-2	6.585700E+4
1.798000E-2	6.785100E+4
1.800000E-2	7.147100E+4
1.802000E-2	7.508700E+4
1.804000E-2	7.768000E+4
1.806000E-2	7.928600E+4
1.808000E-2	8.063700E+4
1.810000E-2	8.055800E+4
1.812000E-2	8.199200E+4
1.814000E-2	8.224900E+4
1.816000E-2	8.220400E+4
1.818000E-2	8.226700E+4
1.820000E-2	8.292200E+4
1.822000E-2	8.272700E+4
1.824000E-2	8.271200E+4
1.826000E-2	8.339800E+4
1.828000E-2	8.304500E+4
1.830000E-2	8.292300E+4
1.832000E-2	8.306100E+4
1.834000E-2	8.323400E+4
1.836000E-2	8.263900E+4
1.838000E-2	8.306700E+4
1.840000E-2	8.330700E+4
1.842000E-2	8.327700E+4
1.844000E-2	8.279200E+4
1.846000E-2	8.294200E+4
1.848000E-2	8.324500E+4
1.850000E-2	8.293100E+4
1.852000E-2	8.303500E+4
1.854000E-2	8.366700E+4
1.856000E-2	8.351900E+4
1.858000E-2	8.327200E+4
1.860000E-2	8.354200E+4
1.862000E-2	8.310300E+4
1.864000E-2	8.299000E+4
1.866000E-2	8.326300E+4
1.868000E-2	8.381700E+4
1.870000E-2	8.366100E+4
1.872000E-2	8.371100E+4
1.874000E-2	8.355100E+4
1.876000E-2	8.363100E+4
1.878000E-2	8.405500E+4
1.880000E-2	8.382300E+4
1.882000E-2	8.349800E+4
1.884000E-2	8.346100E+4
1.886000E-2	8.325200E+4
1.888000E-2	8.316800E+4
1.890000E-2	8.337000E+4
1.892000E-2	8.387600E+4
1.894000E-2	8.335400E+4
1.896000E-2	8.315900E+4
1.898000E-2	8.306400E+4
1.900000E-2	8.302200E+4
1.902000E-2	8.377100E+4
1.904000E-2	8.370700E+4
1.906000E-2	8.316200E+4
1.908000E-2	8.366100E+4
1.910000E-2	8.328100E+4
1.912000E-2	8.317100E+4
1.914000E-2	8.372200E+4
1.916000E-2	8.322100E+4
1.918000E-2	8.292100E+4
1.920000E-2	8.352100E+4
1.922000E-2	8.321400E+4
1.924000E-2	8.362900E+4
1.926000E-2	8.378300E+4
1.928000E-2	8.315300E+4
1.930000E-2	8.373900E+4
1.932000E-2	8.335600E+4
1.934000E-2	8.362500E+4
1.936000E-2	8.319100E+4
1.938000E-2	8.358100E+4
1.940000E-2	8.364400E+4
1.942000E-2	8.354300E+4
1.944000E-2	8.366400E+4
1.946000E-2	8.321400E+4
1.948000E-2	8.351300E+4
1.950000E-2	8.346000E+4
1.952000E-2	8.364600E+4
1.954000E-2	8.381200E+4
1.956000E-2	8.344200E+4
1.958000E-2	8.354500E+4
1.960000E-2	8.367900E+4
1.962000E-2	8.319800E+4
1.964000E-2	8.359700E+4
1.966000E-2	8.341200E+4
1.968000E-2	8.314500E+4
1.970000E-2	8.306300E+4
1.972000E-2	8.370900E+4
1.974000E-2	8.375700E+4
1.976000E-2	8.366900E+4
1.978000E-2	8.303200E+4
1.980000E-2	8.302100E+4
1.982000E-2	8.356100E+4
1.984000E-2	8.348300E+4
1.986000E-2	8.367600E+4
1.988000E-2	8.344600E+4
1.990000E-2	8.378400E+4
1.992000E-2	8.351300E+4
1.994000E-2	8.396400E+4
1.996000E-2	8.345300E+4
1.998000E-2	8.331800E+4
