

live time:  158791.400000
real time:  183604.604000
sweeps:  7939570.000000
0.000000E+0	0.000000E+0	0.000000E+0
2.000000E-5	0.000000E+0	5.922400E+4
4.000000E-5	0.000000E+0	5.922100E+4
6.000000E-5	0.000000E+0	5.972400E+4
8.000000E-5	0.000000E+0	5.937500E+4
1.000000E-4	0.000000E+0	5.958600E+4
1.200000E-4	0.000000E+0	5.888700E+4
1.400000E-4	0.000000E+0	5.902500E+4
1.600000E-4	0.000000E+0	5.973300E+4
1.800000E-4	0.000000E+0	5.849500E+4
2.000000E-4	0.000000E+0	5.992000E+4
2.200000E-4	0.000000E+0	5.987800E+4
2.400000E-4	0.000000E+0	5.908300E+4
2.600000E-4	0.000000E+0	5.920900E+4
2.800000E-4	0.000000E+0	5.938700E+4
3.000000E-4	0.000000E+0	5.947700E+4
3.200000E-4	0.000000E+0	5.930200E+4
3.400000E-4	0.000000E+0	5.921100E+4
3.600000E-4	0.000000E+0	5.963600E+4
3.800000E-4	0.000000E+0	5.918000E+4
4.000000E-4	0.000000E+0	5.938200E+4
4.200000E-4	0.000000E+0	5.932300E+4
4.400000E-4	0.000000E+0	5.875100E+4
4.600000E-4	0.000000E+0	5.931900E+4
4.800000E-4	0.000000E+0	5.954600E+4
5.000000E-4	0.000000E+0	5.924200E+4
5.200000E-4	0.000000E+0	5.931700E+4
5.400000E-4	0.000000E+0	5.892700E+4
5.600000E-4	0.000000E+0	5.969300E+4
5.800000E-4	0.000000E+0	5.896800E+4
6.000000E-4	0.000000E+0	5.935400E+4
6.200000E-4	0.000000E+0	5.930900E+4
6.400000E-4	0.000000E+0	5.935500E+4
6.600000E-4	0.000000E+0	5.943300E+4
6.800000E-4	0.000000E+0	5.935000E+4
7.000000E-4	0.000000E+0	5.935700E+4
7.200000E-4	0.000000E+0	5.918100E+4
7.400000E-4	0.000000E+0	5.935300E+4
7.600000E-4	0.000000E+0	5.951800E+4
7.800000E-4	0.000000E+0	5.887300E+4
8.000000E-4	0.000000E+0	5.940700E+4
8.200000E-4	0.000000E+0	5.900000E+4
8.400000E-4	0.000000E+0	5.942300E+4
8.600000E-4	0.000000E+0	5.937000E+4
8.800000E-4	0.000000E+0	5.942800E+4
9.000000E-4	0.000000E+0	5.931300E+4
9.200000E-4	0.000000E+0	5.944100E+4
9.400000E-4	0.000000E+0	5.977700E+4
9.600000E-4	0.000000E+0	5.890600E+4
9.800000E-4	0.000000E+0	5.926200E+4
1.000000E-3	0.000000E+0	5.908800E+4
1.020000E-3	0.000000E+0	5.930200E+4
1.040000E-3	0.000000E+0	5.949600E+4
1.060000E-3	0.000000E+0	5.953400E+4
1.080000E-3	0.000000E+0	5.953400E+4
1.100000E-3	0.000000E+0	6.006500E+4
1.120000E-3	0.000000E+0	5.902400E+4
1.140000E-3	0.000000E+0	5.918300E+4
1.160000E-3	0.000000E+0	5.891000E+4
1.180000E-3	0.000000E+0	5.966100E+4
1.200000E-3	0.000000E+0	5.896200E+4
1.220000E-3	0.000000E+0	5.910200E+4
1.240000E-3	0.000000E+0	5.926200E+4
1.260000E-3	0.000000E+0	5.897800E+4
1.280000E-3	0.000000E+0	5.900600E+4
1.300000E-3	0.000000E+0	5.920700E+4
1.320000E-3	0.000000E+0	5.918500E+4
1.340000E-3	0.000000E+0	5.924900E+4
1.360000E-3	0.000000E+0	5.918200E+4
1.380000E-3	0.000000E+0	5.882900E+4
1.400000E-3	0.000000E+0	5.963500E+4
1.420000E-3	0.000000E+0	5.956700E+4
1.440000E-3	0.000000E+0	5.917500E+4
1.460000E-3	0.000000E+0	5.940300E+4
1.480000E-3	0.000000E+0	5.907100E+4
1.500000E-3	0.000000E+0	5.946300E+4
1.520000E-3	0.000000E+0	5.963000E+4
1.540000E-3	0.000000E+0	5.893900E+4
1.560000E-3	0.000000E+0	5.912500E+4
1.580000E-3	0.000000E+0	5.937500E+4
1.600000E-3	0.000000E+0	5.929300E+4
1.620000E-3	0.000000E+0	5.926700E+4
1.640000E-3	0.000000E+0	5.923500E+4
1.660000E-3	0.000000E+0	5.905300E+4
1.680000E-3	0.000000E+0	5.923200E+4
1.700000E-3	0.000000E+0	5.956100E+4
1.720000E-3	0.000000E+0	5.912500E+4
1.740000E-3	0.000000E+0	5.916200E+4
1.760000E-3	0.000000E+0	5.957100E+4
1.780000E-3	0.000000E+0	5.929700E+4
1.800000E-3	0.000000E+0	5.911400E+4
1.820000E-3	0.000000E+0	5.977200E+4
1.840000E-3	0.000000E+0	5.951900E+4
1.860000E-3	0.000000E+0	5.920000E+4
1.880000E-3	0.000000E+0	5.911800E+4
1.900000E-3	0.000000E+0	5.951800E+4
1.920000E-3	0.000000E+0	5.946500E+4
1.940000E-3	0.000000E+0	5.929200E+4
1.960000E-3	0.000000E+0	5.893800E+4
1.980000E-3	0.000000E+0	5.888800E+4
2.000000E-3	0.000000E+0	5.911000E+4
2.020000E-3	0.000000E+0	5.958800E+4
2.040000E-3	0.000000E+0	5.919400E+4
2.060000E-3	0.000000E+0	5.969200E+4
2.080000E-3	0.000000E+0	5.900100E+4
2.100000E-3	0.000000E+0	5.927900E+4
2.120000E-3	0.000000E+0	5.937900E+4
2.140000E-3	0.000000E+0	5.906800E+4
2.160000E-3	0.000000E+0	5.950400E+4
2.180000E-3	0.000000E+0	5.941800E+4
2.200000E-3	0.000000E+0	5.938600E+4
2.220000E-3	0.000000E+0	5.940900E+4
2.240000E-3	0.000000E+0	5.883100E+4
2.260000E-3	0.000000E+0	5.954400E+4
2.280000E-3	0.000000E+0	5.912600E+4
2.300000E-3	0.000000E+0	5.928800E+4
2.320000E-3	0.000000E+0	5.905400E+4
2.340000E-3	0.000000E+0	5.940800E+4
2.360000E-3	0.000000E+0	5.946900E+4
2.380000E-3	0.000000E+0	5.918200E+4
2.400000E-3	0.000000E+0	5.907600E+4
2.420000E-3	0.000000E+0	5.930600E+4
2.440000E-3	0.000000E+0	5.936900E+4
2.460000E-3	0.000000E+0	5.934300E+4
2.480000E-3	0.000000E+0	5.976200E+4
2.500000E-3	0.000000E+0	5.951700E+4
2.520000E-3	0.000000E+0	5.918900E+4
2.540000E-3	0.000000E+0	5.948800E+4
2.560000E-3	0.000000E+0	5.960000E+4
2.580000E-3	0.000000E+0	5.894500E+4
2.600000E-3	0.000000E+0	5.948600E+4
2.620000E-3	0.000000E+0	5.902200E+4
2.640000E-3	0.000000E+0	5.925900E+4
2.660000E-3	0.000000E+0	5.929500E+4
2.680000E-3	0.000000E+0	5.929200E+4
2.700000E-3	0.000000E+0	5.921600E+4
2.720000E-3	0.000000E+0	5.930300E+4
2.740000E-3	0.000000E+0	5.938300E+4
2.760000E-3	0.000000E+0	5.925200E+4
2.780000E-3	0.000000E+0	5.957100E+4
2.800000E-3	0.000000E+0	5.962900E+4
2.820000E-3	0.000000E+0	5.986900E+4
2.840000E-3	0.000000E+0	5.909900E+4
2.860000E-3	0.000000E+0	5.906400E+4
2.880000E-3	0.000000E+0	5.951400E+4
2.900000E-3	0.000000E+0	5.920300E+4
2.920000E-3	0.000000E+0	5.921100E+4
2.940000E-3	0.000000E+0	5.956100E+4
2.960000E-3	0.000000E+0	5.972400E+4
2.980000E-3	0.000000E+0	5.928900E+4
3.000000E-3	0.000000E+0	5.921500E+4
3.020000E-3	0.000000E+0	5.969600E+4
3.040000E-3	0.000000E+0	5.987700E+4
3.060000E-3	0.000000E+0	5.931300E+4
3.080000E-3	0.000000E+0	5.922200E+4
3.100000E-3	0.000000E+0	5.917800E+4
3.120000E-3	0.000000E+0	5.949000E+4
3.140000E-3	0.000000E+0	5.936600E+4
3.160000E-3	0.000000E+0	5.952900E+4
3.180000E-3	0.000000E+0	5.970600E+4
3.200000E-3	0.000000E+0	5.900600E+4
3.220000E-3	0.000000E+0	5.961900E+4
3.240000E-3	0.000000E+0	5.960400E+4
3.260000E-3	0.000000E+0	5.905900E+4
3.280000E-3	0.000000E+0	5.976800E+4
3.300000E-3	0.000000E+0	5.942200E+4
3.320000E-3	0.000000E+0	5.920800E+4
3.340000E-3	0.000000E+0	5.897700E+4
3.360000E-3	0.000000E+0	5.923600E+4
3.380000E-3	0.000000E+0	5.932400E+4
3.400000E-3	0.000000E+0	5.964800E+4
3.420000E-3	0.000000E+0	5.916200E+4
3.440000E-3	0.000000E+0	5.917200E+4
3.460000E-3	0.000000E+0	5.932200E+4
3.480000E-3	0.000000E+0	5.947000E+4
3.500000E-3	0.000000E+0	5.889600E+4
3.520000E-3	0.000000E+0	5.962100E+4
3.540000E-3	0.000000E+0	5.942300E+4
3.560000E-3	0.000000E+0	5.960700E+4
3.580000E-3	0.000000E+0	5.913500E+4
3.600000E-3	0.000000E+0	5.923200E+4
3.620000E-3	0.000000E+0	5.914700E+4
3.640000E-3	0.000000E+0	5.971000E+4
3.660000E-3	0.000000E+0	5.904500E+4
3.680000E-3	0.000000E+0	5.902000E+4
3.700000E-3	0.000000E+0	5.914800E+4
3.720000E-3	0.000000E+0	5.902400E+4
3.740000E-3	0.000000E+0	5.940000E+4
3.760000E-3	0.000000E+0	5.948800E+4
3.780000E-3	0.000000E+0	5.938500E+4
3.800000E-3	0.000000E+0	5.955400E+4
3.820000E-3	0.000000E+0	5.950800E+4
3.840000E-3	0.000000E+0	5.944600E+4
3.860000E-3	0.000000E+0	5.959200E+4
3.880000E-3	0.000000E+0	5.949300E+4
3.900000E-3	0.000000E+0	5.933200E+4
3.920000E-3	0.000000E+0	5.971500E+4
3.940000E-3	0.000000E+0	5.911600E+4
3.960000E-3	0.000000E+0	5.875800E+4
3.980000E-3	0.000000E+0	5.913000E+4
4.000000E-3	0.000000E+0	5.907600E+4
4.020000E-3	0.000000E+0	5.917700E+4
4.040000E-3	0.000000E+0	5.911500E+4
4.060000E-3	0.000000E+0	5.945400E+4
4.080000E-3	0.000000E+0	5.936400E+4
4.100000E-3	0.000000E+0	5.904400E+4
4.120000E-3	0.000000E+0	5.933700E+4
4.140000E-3	0.000000E+0	5.936000E+4
4.160000E-3	0.000000E+0	5.905600E+4
4.180000E-3	0.000000E+0	5.913700E+4
4.200000E-3	0.000000E+0	5.933800E+4
4.220000E-3	0.000000E+0	5.943700E+4
4.240000E-3	0.000000E+0	5.924900E+4
4.260000E-3	0.000000E+0	5.903000E+4
4.280000E-3	0.000000E+0	5.954400E+4
4.300000E-3	0.000000E+0	5.962000E+4
4.320000E-3	0.000000E+0	5.933500E+4
4.340000E-3	0.000000E+0	5.984500E+4
4.360000E-3	0.000000E+0	5.927700E+4
4.380000E-3	0.000000E+0	5.886000E+4
4.400000E-3	0.000000E+0	5.944100E+4
4.420000E-3	0.000000E+0	5.923000E+4
4.440000E-3	0.000000E+0	5.930500E+4
4.460000E-3	0.000000E+0	5.950100E+4
4.480000E-3	0.000000E+0	5.872100E+4
4.500000E-3	0.000000E+0	5.920200E+4
4.520000E-3	0.000000E+0	5.912500E+4
4.540000E-3	0.000000E+0	5.963700E+4
4.560000E-3	0.000000E+0	5.912300E+4
4.580000E-3	0.000000E+0	5.946500E+4
4.600000E-3	0.000000E+0	5.909600E+4
4.620000E-3	0.000000E+0	5.860800E+4
4.640000E-3	0.000000E+0	5.924100E+4
4.660000E-3	0.000000E+0	5.886600E+4
4.680000E-3	0.000000E+0	5.880100E+4
4.700000E-3	0.000000E+0	5.865700E+4
4.720000E-3	0.000000E+0	5.833900E+4
4.740000E-3	0.000000E+0	5.845900E+4
4.760000E-3	0.000000E+0	5.826200E+4
4.780000E-3	0.000000E+0	5.772800E+4
4.800000E-3	0.000000E+0	5.783300E+4
4.820000E-3	0.000000E+0	5.762700E+4
4.840000E-3	0.000000E+0	5.663500E+4
4.860000E-3	0.000000E+0	5.599000E+4
4.880000E-3	0.000000E+0	5.431700E+4
4.900000E-3	0.000000E+0	5.201400E+4
4.920000E-3	0.000000E+0	4.991900E+4
4.940000E-3	0.000000E+0	4.706500E+4
4.960000E-3	0.000000E+0	4.680100E+4
4.980000E-3	0.000000E+0	4.881700E+4
5.000000E-3	0.000000E+0	5.176600E+4
5.020000E-3	0.000000E+0	5.424100E+4
5.040000E-3	0.000000E+0	5.522200E+4
5.060000E-3	0.000000E+0	5.687000E+4
5.080000E-3	0.000000E+0	5.731100E+4
5.100000E-3	0.000000E+0	5.736700E+4
5.120000E-3	0.000000E+0	5.824500E+4
5.140000E-3	0.000000E+0	5.824200E+4
5.160000E-3	0.000000E+0	5.790000E+4
5.180000E-3	0.000000E+0	5.840800E+4
5.200000E-3	0.000000E+0	5.822500E+4
5.220000E-3	0.000000E+0	5.857300E+4
5.240000E-3	0.000000E+0	5.887100E+4
5.260000E-3	0.000000E+0	5.842100E+4
5.280000E-3	0.000000E+0	5.840000E+4
5.300000E-3	0.000000E+0	5.845900E+4
5.320000E-3	0.000000E+0	5.831800E+4
5.340000E-3	0.000000E+0	5.849600E+4
5.360000E-3	0.000000E+0	5.887400E+4
5.380000E-3	0.000000E+0	5.856300E+4
5.400000E-3	0.000000E+0	5.834700E+4
5.420000E-3	0.000000E+0	5.753000E+4
5.440000E-3	0.000000E+0	5.840100E+4
5.460000E-3	0.000000E+0	5.738500E+4
5.480000E-3	0.000000E+0	5.702600E+4
5.500000E-3	0.000000E+0	5.702300E+4
5.520000E-3	0.000000E+0	5.658100E+4
5.540000E-3	0.000000E+0	5.602200E+4
5.560000E-3	0.000000E+0	5.605000E+4
5.580000E-3	0.000000E+0	5.619500E+4
5.600000E-3	0.000000E+0	5.589100E+4
5.620000E-3	0.000000E+0	5.558000E+4
5.640000E-3	0.000000E+0	5.460600E+4
5.660000E-3	0.000000E+0	5.414600E+4
5.680000E-3	0.000000E+0	5.198300E+4
5.700000E-3	0.000000E+0	5.017800E+4
5.720000E-3	0.000000E+0	4.800300E+4
5.740000E-3	0.000000E+0	4.577300E+4
5.760000E-3	0.000000E+0	4.619400E+4
5.780000E-3	0.000000E+0	4.818500E+4
5.800000E-3	0.000000E+0	5.143200E+4
5.820000E-3	0.000000E+0	5.357800E+4
5.840000E-3	0.000000E+0	5.521300E+4
5.860000E-3	0.000000E+0	5.656100E+4
5.880000E-3	0.000000E+0	5.696100E+4
5.900000E-3	0.000000E+0	5.767600E+4
5.920000E-3	0.000000E+0	5.816000E+4
5.940000E-3	0.000000E+0	5.803800E+4
5.960000E-3	0.000000E+0	5.837600E+4
5.980000E-3	0.000000E+0	5.852900E+4
6.000000E-3	0.000000E+0	5.867700E+4
6.020000E-3	0.000000E+0	5.849700E+4
6.040000E-3	0.000000E+0	5.880400E+4
6.060000E-3	0.000000E+0	5.905600E+4
6.080000E-3	0.000000E+0	5.906700E+4
6.100000E-3	0.000000E+0	5.908600E+4
6.120000E-3	0.000000E+0	5.907100E+4
6.140000E-3	0.000000E+0	5.893200E+4
6.160000E-3	0.000000E+0	5.924400E+4
6.180000E-3	0.000000E+0	5.948000E+4
6.200000E-3	0.000000E+0	5.905000E+4
6.220000E-3	0.000000E+0	5.891800E+4
6.240000E-3	0.000000E+0	5.932800E+4
6.260000E-3	0.000000E+0	5.897900E+4
6.280000E-3	0.000000E+0	5.893700E+4
6.300000E-3	0.000000E+0	5.924100E+4
6.320000E-3	0.000000E+0	5.929800E+4
6.340000E-3	0.000000E+0	5.918000E+4
6.360000E-3	0.000000E+0	5.924100E+4
6.380000E-3	0.000000E+0	5.929500E+4
6.400000E-3	0.000000E+0	5.952100E+4
6.420000E-3	0.000000E+0	5.941500E+4
6.440000E-3	0.000000E+0	5.896000E+4
6.460000E-3	0.000000E+0	5.919200E+4
6.480000E-3	0.000000E+0	5.876300E+4
6.500000E-3	0.000000E+0	5.916200E+4
6.520000E-3	0.000000E+0	5.877400E+4
6.540000E-3	0.000000E+0	5.923900E+4
6.560000E-3	0.000000E+0	5.915000E+4
6.580000E-3	0.000000E+0	5.899500E+4
6.600000E-3	0.000000E+0	5.889300E+4
6.620000E-3	0.000000E+0	5.960700E+4
6.640000E-3	0.000000E+0	5.904000E+4
6.660000E-3	0.000000E+0	5.905500E+4
6.680000E-3	0.000000E+0	5.911400E+4
6.700000E-3	0.000000E+0	5.934600E+4
6.720000E-3	0.000000E+0	5.872100E+4
6.740000E-3	0.000000E+0	5.891900E+4
6.760000E-3	0.000000E+0	5.929200E+4
6.780000E-3	0.000000E+0	5.932900E+4
6.800000E-3	0.000000E+0	5.911500E+4
6.820000E-3	0.000000E+0	5.898800E+4
6.840000E-3	0.000000E+0	5.893000E+4
6.860000E-3	0.000000E+0	5.923800E+4
6.880000E-3	0.000000E+0	5.927700E+4
6.900000E-3	0.000000E+0	5.947400E+4
6.920000E-3	0.000000E+0	5.921600E+4
6.940000E-3	0.000000E+0	5.937200E+4
6.960000E-3	0.000000E+0	5.935900E+4
6.980000E-3	0.000000E+0	5.953200E+4
7.000000E-3	0.000000E+0	5.927000E+4
7.020000E-3	0.000000E+0	5.918500E+4
7.040000E-3	0.000000E+0	5.910600E+4
7.060000E-3	0.000000E+0	5.915800E+4
7.080000E-3	0.000000E+0	5.922600E+4
7.100000E-3	0.000000E+0	5.931700E+4
7.120000E-3	0.000000E+0	5.951600E+4
7.140000E-3	0.000000E+0	5.918100E+4
7.160000E-3	0.000000E+0	5.935400E+4
7.180000E-3	0.000000E+0	5.912000E+4
7.200000E-3	0.000000E+0	5.969200E+4
7.220000E-3	0.000000E+0	5.938600E+4
7.240000E-3	0.000000E+0	5.932600E+4
7.260000E-3	0.000000E+0	5.945900E+4
7.280000E-3	0.000000E+0	5.968200E+4
7.300000E-3	0.000000E+0	5.921200E+4
7.320000E-3	0.000000E+0	5.945200E+4
7.340000E-3	0.000000E+0	5.972100E+4
7.360000E-3	0.000000E+0	5.932500E+4
7.380000E-3	0.000000E+0	5.904400E+4
7.400000E-3	0.000000E+0	5.912500E+4
7.420000E-3	0.000000E+0	5.942400E+4
7.440000E-3	0.000000E+0	5.964100E+4
7.460000E-3	0.000000E+0	5.992600E+4
7.480000E-3	0.000000E+0	5.915500E+4
7.500000E-3	0.000000E+0	5.909400E+4
7.520000E-3	0.000000E+0	5.909300E+4
7.540000E-3	0.000000E+0	5.934500E+4
7.560000E-3	0.000000E+0	5.910100E+4
7.580000E-3	0.000000E+0	5.944600E+4
7.600000E-3	0.000000E+0	5.913600E+4
7.620000E-3	0.000000E+0	5.950700E+4
7.640000E-3	0.000000E+0	5.943800E+4
7.660000E-3	0.000000E+0	5.905500E+4
7.680000E-3	0.000000E+0	5.946800E+4
7.700000E-3	0.000000E+0	5.918900E+4
7.720000E-3	0.000000E+0	5.948500E+4
7.740000E-3	0.000000E+0	5.922800E+4
7.760000E-3	0.000000E+0	5.900100E+4
7.780000E-3	0.000000E+0	5.924300E+4
7.800000E-3	0.000000E+0	5.948700E+4
7.820000E-3	0.000000E+0	5.954300E+4
7.840000E-3	0.000000E+0	5.931400E+4
7.860000E-3	0.000000E+0	5.937900E+4
7.880000E-3	0.000000E+0	5.957600E+4
7.900000E-3	0.000000E+0	5.926200E+4
7.920000E-3	0.000000E+0	5.942700E+4
7.940000E-3	0.000000E+0	5.891300E+4
7.960000E-3	0.000000E+0	5.932000E+4
7.980000E-3	0.000000E+0	5.965300E+4
8.000000E-3	0.000000E+0	5.952600E+4
8.020000E-3	0.000000E+0	5.867700E+4
8.040000E-3	0.000000E+0	5.919800E+4
8.060000E-3	0.000000E+0	5.876700E+4
8.080000E-3	0.000000E+0	5.932000E+4
8.100000E-3	0.000000E+0	5.917800E+4
8.120000E-3	0.000000E+0	5.873600E+4
8.140000E-3	0.000000E+0	5.961800E+4
8.160000E-3	0.000000E+0	5.983800E+4
8.180000E-3	0.000000E+0	5.944900E+4
8.200000E-3	0.000000E+0	5.943700E+4
8.220000E-3	0.000000E+0	5.930000E+4
8.240000E-3	0.000000E+0	5.950400E+4
8.260000E-3	0.000000E+0	5.914200E+4
8.280000E-3	0.000000E+0	5.943600E+4
8.300000E-3	0.000000E+0	5.928200E+4
8.320000E-3	0.000000E+0	5.915300E+4
8.340000E-3	0.000000E+0	5.920200E+4
8.360000E-3	0.000000E+0	5.905400E+4
8.380000E-3	0.000000E+0	5.911800E+4
8.400000E-3	0.000000E+0	5.969000E+4
8.420000E-3	0.000000E+0	5.927300E+4
8.440000E-3	0.000000E+0	5.882000E+4
8.460000E-3	0.000000E+0	5.890600E+4
8.480000E-3	0.000000E+0	5.978100E+4
8.500000E-3	0.000000E+0	5.920100E+4
8.520000E-3	0.000000E+0	5.955900E+4
8.540000E-3	0.000000E+0	5.936100E+4
8.560000E-3	0.000000E+0	5.942800E+4
8.580000E-3	0.000000E+0	5.950100E+4
8.600000E-3	0.000000E+0	5.949600E+4
8.620000E-3	0.000000E+0	5.990900E+4
8.640000E-3	0.000000E+0	5.951500E+4
8.660000E-3	0.000000E+0	5.992600E+4
8.680000E-3	0.000000E+0	5.925200E+4
8.700000E-3	0.000000E+0	5.917100E+4
8.720000E-3	0.000000E+0	5.915400E+4
8.740000E-3	0.000000E+0	5.930300E+4
8.760000E-3	0.000000E+0	5.969300E+4
8.780000E-3	0.000000E+0	5.949800E+4
8.800000E-3	0.000000E+0	5.945900E+4
8.820000E-3	0.000000E+0	5.920800E+4
8.840000E-3	0.000000E+0	5.941000E+4
8.860000E-3	0.000000E+0	5.916900E+4
8.880000E-3	0.000000E+0	5.963800E+4
8.900000E-3	0.000000E+0	5.924300E+4
8.920000E-3	0.000000E+0	5.880800E+4
8.940000E-3	0.000000E+0	5.932200E+4
8.960000E-3	0.000000E+0	5.933100E+4
8.980000E-3	0.000000E+0	5.910000E+4
9.000000E-3	0.000000E+0	5.938300E+4
9.020000E-3	0.000000E+0	5.929100E+4
9.040000E-3	0.000000E+0	5.902900E+4
9.060000E-3	0.000000E+0	5.901000E+4
9.080000E-3	0.000000E+0	5.923600E+4
9.100000E-3	0.000000E+0	5.973200E+4
9.120000E-3	0.000000E+0	5.978900E+4
9.140000E-3	0.000000E+0	5.907700E+4
9.160000E-3	0.000000E+0	5.937800E+4
9.180000E-3	0.000000E+0	5.957200E+4
9.200000E-3	0.000000E+0	5.941500E+4
9.220000E-3	0.000000E+0	5.916300E+4
9.240000E-3	0.000000E+0	5.924500E+4
9.260000E-3	0.000000E+0	5.967900E+4
9.280000E-3	0.000000E+0	5.960400E+4
9.300000E-3	0.000000E+0	5.898000E+4
9.320000E-3	0.000000E+0	5.888200E+4
9.340000E-3	0.000000E+0	5.950200E+4
9.360000E-3	0.000000E+0	5.935500E+4
9.380000E-3	0.000000E+0	5.939700E+4
9.400000E-3	0.000000E+0	5.887300E+4
9.420000E-3	0.000000E+0	5.929900E+4
9.440000E-3	0.000000E+0	5.937200E+4
9.460000E-3	0.000000E+0	5.892900E+4
9.480000E-3	0.000000E+0	5.954300E+4
9.500000E-3	0.000000E+0	5.954200E+4
9.520000E-3	0.000000E+0	5.894400E+4
9.540000E-3	0.000000E+0	5.968500E+4
9.560000E-3	0.000000E+0	5.910500E+4
9.580000E-3	0.000000E+0	5.944800E+4
9.600000E-3	0.000000E+0	5.914700E+4
9.620000E-3	0.000000E+0	5.970000E+4
9.640000E-3	0.000000E+0	5.950500E+4
9.660000E-3	0.000000E+0	5.929300E+4
9.680000E-3	0.000000E+0	5.939700E+4
9.700000E-3	0.000000E+0	5.904900E+4
9.720000E-3	0.000000E+0	5.968700E+4
9.740000E-3	0.000000E+0	5.922600E+4
9.760000E-3	0.000000E+0	5.917500E+4
9.780000E-3	0.000000E+0	5.946400E+4
9.800000E-3	0.000000E+0	5.905700E+4
9.820000E-3	0.000000E+0	5.964900E+4
9.840000E-3	0.000000E+0	5.958900E+4
9.860000E-3	0.000000E+0	5.912100E+4
9.880000E-3	0.000000E+0	5.889000E+4
9.900000E-3	0.000000E+0	5.947500E+4
9.920000E-3	0.000000E+0	5.878500E+4
9.940000E-3	0.000000E+0	5.950200E+4
9.960000E-3	0.000000E+0	5.974400E+4
9.980000E-3	0.000000E+0	5.998800E+4
1.000000E-2	0.000000E+0	5.938600E+4
1.002000E-2	0.000000E+0	5.941700E+4
1.004000E-2	0.000000E+0	5.957600E+4
1.006000E-2	0.000000E+0	5.939000E+4
1.008000E-2	0.000000E+0	5.963700E+4
1.010000E-2	0.000000E+0	5.875000E+4
1.012000E-2	0.000000E+0	5.909700E+4
1.014000E-2	0.000000E+0	5.949300E+4
1.016000E-2	0.000000E+0	5.936800E+4
1.018000E-2	0.000000E+0	5.899300E+4
1.020000E-2	0.000000E+0	5.922200E+4
1.022000E-2	0.000000E+0	5.933400E+4
1.024000E-2	0.000000E+0	5.959300E+4
1.026000E-2	0.000000E+0	5.911300E+4
1.028000E-2	0.000000E+0	5.918700E+4
1.030000E-2	0.000000E+0	5.961400E+4
1.032000E-2	0.000000E+0	5.918700E+4
1.034000E-2	0.000000E+0	5.907700E+4
1.036000E-2	0.000000E+0	5.893700E+4
1.038000E-2	0.000000E+0	5.959300E+4
1.040000E-2	0.000000E+0	5.935500E+4
1.042000E-2	0.000000E+0	5.963300E+4
1.044000E-2	0.000000E+0	5.932900E+4
1.046000E-2	0.000000E+0	5.943500E+4
1.048000E-2	0.000000E+0	5.916300E+4
1.050000E-2	0.000000E+0	5.903300E+4
1.052000E-2	0.000000E+0	5.909200E+4
1.054000E-2	0.000000E+0	5.931600E+4
1.056000E-2	0.000000E+0	5.969000E+4
1.058000E-2	0.000000E+0	5.953300E+4
1.060000E-2	0.000000E+0	5.939300E+4
1.062000E-2	0.000000E+0	5.961600E+4
1.064000E-2	0.000000E+0	5.908100E+4
1.066000E-2	0.000000E+0	5.924800E+4
1.068000E-2	0.000000E+0	5.911500E+4
1.070000E-2	0.000000E+0	5.929700E+4
1.072000E-2	0.000000E+0	5.951900E+4
1.074000E-2	0.000000E+0	5.956100E+4
1.076000E-2	0.000000E+0	5.844000E+4
1.078000E-2	0.000000E+0	5.925800E+4
1.080000E-2	0.000000E+0	5.890200E+4
1.082000E-2	0.000000E+0	5.923000E+4
1.084000E-2	0.000000E+0	5.960400E+4
1.086000E-2	0.000000E+0	5.914600E+4
1.088000E-2	0.000000E+0	5.900400E+4
1.090000E-2	0.000000E+0	5.971600E+4
1.092000E-2	0.000000E+0	5.928400E+4
1.094000E-2	0.000000E+0	5.886200E+4
1.096000E-2	0.000000E+0	5.908800E+4
1.098000E-2	0.000000E+0	5.930700E+4
1.100000E-2	0.000000E+0	5.913500E+4
1.102000E-2	0.000000E+0	5.897000E+4
1.104000E-2	0.000000E+0	5.927400E+4
1.106000E-2	0.000000E+0	5.903900E+4
1.108000E-2	0.000000E+0	5.900000E+4
1.110000E-2	0.000000E+0	5.928800E+4
1.112000E-2	0.000000E+0	5.931100E+4
1.114000E-2	0.000000E+0	5.945300E+4
1.116000E-2	0.000000E+0	5.977100E+4
1.118000E-2	0.000000E+0	5.970500E+4
1.120000E-2	0.000000E+0	5.895800E+4
1.122000E-2	0.000000E+0	5.966500E+4
1.124000E-2	0.000000E+0	5.925500E+4
1.126000E-2	0.000000E+0	5.941000E+4
1.128000E-2	0.000000E+0	5.915100E+4
1.130000E-2	0.000000E+0	5.953800E+4
1.132000E-2	0.000000E+0	5.937100E+4
1.134000E-2	0.000000E+0	5.923700E+4
1.136000E-2	0.000000E+0	5.965800E+4
1.138000E-2	0.000000E+0	5.923300E+4
1.140000E-2	0.000000E+0	5.916100E+4
1.142000E-2	0.000000E+0	5.936900E+4
1.144000E-2	0.000000E+0	5.885400E+4
1.146000E-2	0.000000E+0	5.910900E+4
1.148000E-2	0.000000E+0	5.899100E+4
1.150000E-2	0.000000E+0	5.917900E+4
1.152000E-2	0.000000E+0	5.945300E+4
1.154000E-2	0.000000E+0	5.865000E+4
1.156000E-2	0.000000E+0	5.903200E+4
1.158000E-2	0.000000E+0	5.908700E+4
1.160000E-2	0.000000E+0	5.955400E+4
1.162000E-2	0.000000E+0	5.947800E+4
1.164000E-2	0.000000E+0	5.956200E+4
1.166000E-2	0.000000E+0	5.924900E+4
1.168000E-2	0.000000E+0	5.907800E+4
1.170000E-2	0.000000E+0	5.927200E+4
1.172000E-2	0.000000E+0	5.894800E+4
1.174000E-2	0.000000E+0	5.932900E+4
1.176000E-2	0.000000E+0	5.898500E+4
1.178000E-2	0.000000E+0	5.930100E+4
1.180000E-2	0.000000E+0	5.922100E+4
1.182000E-2	0.000000E+0	5.976800E+4
1.184000E-2	0.000000E+0	5.882900E+4
1.186000E-2	0.000000E+0	5.945800E+4
1.188000E-2	0.000000E+0	5.904400E+4
1.190000E-2	0.000000E+0	5.854300E+4
1.192000E-2	0.000000E+0	5.976400E+4
1.194000E-2	0.000000E+0	5.943500E+4
1.196000E-2	0.000000E+0	5.905900E+4
1.198000E-2	0.000000E+0	5.919300E+4
1.200000E-2	0.000000E+0	5.905200E+4
1.202000E-2	0.000000E+0	5.918700E+4
1.204000E-2	0.000000E+0	5.960300E+4
1.206000E-2	0.000000E+0	5.889800E+4
1.208000E-2	0.000000E+0	5.941100E+4
1.210000E-2	0.000000E+0	5.955800E+4
1.212000E-2	0.000000E+0	5.976800E+4
1.214000E-2	0.000000E+0	5.940500E+4
1.216000E-2	0.000000E+0	5.981000E+4
1.218000E-2	0.000000E+0	5.941700E+4
1.220000E-2	0.000000E+0	5.942900E+4
1.222000E-2	0.000000E+0	5.887500E+4
1.224000E-2	0.000000E+0	5.938700E+4
1.226000E-2	0.000000E+0	5.916100E+4
1.228000E-2	0.000000E+0	5.969300E+4
1.230000E-2	0.000000E+0	5.917000E+4
1.232000E-2	0.000000E+0	5.965800E+4
1.234000E-2	0.000000E+0	5.884900E+4
1.236000E-2	0.000000E+0	5.895700E+4
1.238000E-2	0.000000E+0	5.914700E+4
1.240000E-2	0.000000E+0	5.951500E+4
1.242000E-2	0.000000E+0	5.907200E+4
1.244000E-2	0.000000E+0	5.915100E+4
1.246000E-2	0.000000E+0	5.885200E+4
1.248000E-2	0.000000E+0	5.915700E+4
1.250000E-2	0.000000E+0	5.892500E+4
1.252000E-2	0.000000E+0	5.905400E+4
1.254000E-2	0.000000E+0	5.931700E+4
1.256000E-2	0.000000E+0	5.932900E+4
1.258000E-2	0.000000E+0	5.934200E+4
1.260000E-2	0.000000E+0	5.957800E+4
1.262000E-2	0.000000E+0	5.900700E+4
1.264000E-2	0.000000E+0	5.941400E+4
1.266000E-2	0.000000E+0	5.928400E+4
1.268000E-2	0.000000E+0	5.932000E+4
1.270000E-2	0.000000E+0	5.912800E+4
1.272000E-2	0.000000E+0	5.909900E+4
1.274000E-2	0.000000E+0	5.928000E+4
1.276000E-2	0.000000E+0	5.895900E+4
1.278000E-2	0.000000E+0	5.986000E+4
1.280000E-2	0.000000E+0	5.934000E+4
1.282000E-2	0.000000E+0	5.965800E+4
1.284000E-2	0.000000E+0	5.928600E+4
1.286000E-2	0.000000E+0	5.939300E+4
1.288000E-2	0.000000E+0	5.943500E+4
1.290000E-2	0.000000E+0	5.890700E+4
1.292000E-2	0.000000E+0	5.948700E+4
1.294000E-2	0.000000E+0	5.901600E+4
1.296000E-2	0.000000E+0	5.949800E+4
1.298000E-2	0.000000E+0	5.880600E+4
1.300000E-2	0.000000E+0	5.930600E+4
1.302000E-2	0.000000E+0	5.918000E+4
1.304000E-2	0.000000E+0	5.978000E+4
1.306000E-2	0.000000E+0	5.902200E+4
1.308000E-2	0.000000E+0	5.913100E+4
1.310000E-2	0.000000E+0	5.953000E+4
1.312000E-2	0.000000E+0	5.891900E+4
1.314000E-2	0.000000E+0	5.927900E+4
1.316000E-2	0.000000E+0	5.969000E+4
1.318000E-2	0.000000E+0	5.907000E+4
1.320000E-2	0.000000E+0	5.918700E+4
1.322000E-2	0.000000E+0	5.916700E+4
1.324000E-2	0.000000E+0	5.884900E+4
1.326000E-2	0.000000E+0	5.956100E+4
1.328000E-2	0.000000E+0	5.929400E+4
1.330000E-2	0.000000E+0	5.939800E+4
1.332000E-2	0.000000E+0	5.927000E+4
1.334000E-2	0.000000E+0	5.918700E+4
1.336000E-2	0.000000E+0	5.969900E+4
1.338000E-2	0.000000E+0	5.927100E+4
1.340000E-2	0.000000E+0	5.920200E+4
1.342000E-2	0.000000E+0	5.912500E+4
1.344000E-2	0.000000E+0	5.924800E+4
1.346000E-2	0.000000E+0	5.923300E+4
1.348000E-2	0.000000E+0	5.917500E+4
1.350000E-2	0.000000E+0	5.932100E+4
1.352000E-2	0.000000E+0	5.927000E+4
1.354000E-2	0.000000E+0	5.932300E+4
1.356000E-2	0.000000E+0	5.927600E+4
1.358000E-2	0.000000E+0	5.946000E+4
1.360000E-2	0.000000E+0	5.921700E+4
1.362000E-2	0.000000E+0	5.899200E+4
1.364000E-2	0.000000E+0	5.903200E+4
1.366000E-2	0.000000E+0	5.901600E+4
1.368000E-2	0.000000E+0	5.955400E+4
1.370000E-2	0.000000E+0	5.906400E+4
1.372000E-2	0.000000E+0	5.932700E+4
1.374000E-2	0.000000E+0	5.923400E+4
1.376000E-2	0.000000E+0	5.929200E+4
1.378000E-2	0.000000E+0	5.940800E+4
1.380000E-2	0.000000E+0	5.946800E+4
1.382000E-2	0.000000E+0	5.951100E+4
1.384000E-2	0.000000E+0	5.915800E+4
1.386000E-2	0.000000E+0	5.887400E+4
1.388000E-2	0.000000E+0	5.906100E+4
1.390000E-2	0.000000E+0	5.914200E+4
1.392000E-2	0.000000E+0	5.907400E+4
1.394000E-2	0.000000E+0	5.899000E+4
1.396000E-2	0.000000E+0	5.912200E+4
1.398000E-2	0.000000E+0	5.936100E+4
1.400000E-2	0.000000E+0	5.933600E+4
1.402000E-2	0.000000E+0	5.937500E+4
1.404000E-2	0.000000E+0	5.920300E+4
1.406000E-2	0.000000E+0	5.910300E+4
1.408000E-2	0.000000E+0	5.946300E+4
1.410000E-2	0.000000E+0	5.928200E+4
1.412000E-2	0.000000E+0	5.961500E+4
1.414000E-2	0.000000E+0	5.931400E+4
1.416000E-2	0.000000E+0	5.945800E+4
1.418000E-2	0.000000E+0	5.901700E+4
1.420000E-2	0.000000E+0	5.896100E+4
1.422000E-2	0.000000E+0	5.962200E+4
1.424000E-2	0.000000E+0	5.906000E+4
1.426000E-2	0.000000E+0	5.941800E+4
1.428000E-2	0.000000E+0	5.939200E+4
1.430000E-2	0.000000E+0	5.913400E+4
1.432000E-2	0.000000E+0	5.937500E+4
1.434000E-2	0.000000E+0	5.911500E+4
1.436000E-2	0.000000E+0	5.950500E+4
1.438000E-2	0.000000E+0	5.915900E+4
1.440000E-2	0.000000E+0	5.924600E+4
1.442000E-2	0.000000E+0	5.920100E+4
1.444000E-2	0.000000E+0	5.909900E+4
1.446000E-2	0.000000E+0	5.889500E+4
1.448000E-2	0.000000E+0	5.942200E+4
1.450000E-2	0.000000E+0	5.912800E+4
1.452000E-2	0.000000E+0	5.919900E+4
1.454000E-2	0.000000E+0	5.899300E+4
1.456000E-2	0.000000E+0	5.933100E+4
1.458000E-2	0.000000E+0	5.892500E+4
1.460000E-2	0.000000E+0	5.911500E+4
1.462000E-2	0.000000E+0	5.983000E+4
1.464000E-2	0.000000E+0	5.896500E+4
1.466000E-2	0.000000E+0	5.933800E+4
1.468000E-2	0.000000E+0	5.881900E+4
1.470000E-2	0.000000E+0	5.914400E+4
1.472000E-2	0.000000E+0	5.884600E+4
1.474000E-2	0.000000E+0	5.919200E+4
1.476000E-2	0.000000E+0	5.923300E+4
1.478000E-2	0.000000E+0	5.910700E+4
1.480000E-2	0.000000E+0	5.907700E+4
1.482000E-2	0.000000E+0	5.917100E+4
1.484000E-2	0.000000E+0	5.894500E+4
1.486000E-2	0.000000E+0	5.922800E+4
1.488000E-2	0.000000E+0	5.909400E+4
1.490000E-2	0.000000E+0	5.891900E+4
1.492000E-2	0.000000E+0	5.874400E+4
1.494000E-2	0.000000E+0	5.914600E+4
1.496000E-2	0.000000E+0	5.953200E+4
1.498000E-2	0.000000E+0	5.947100E+4
1.500000E-2	0.000000E+0	5.894800E+4
1.502000E-2	0.000000E+0	5.900600E+4
1.504000E-2	0.000000E+0	5.904300E+4
1.506000E-2	0.000000E+0	5.915700E+4
1.508000E-2	0.000000E+0	5.860000E+4
1.510000E-2	0.000000E+0	5.889600E+4
1.512000E-2	0.000000E+0	5.948300E+4
1.514000E-2	0.000000E+0	5.901000E+4
1.516000E-2	0.000000E+0	5.914600E+4
1.518000E-2	0.000000E+0	5.873000E+4
1.520000E-2	0.000000E+0	5.909300E+4
1.522000E-2	0.000000E+0	5.896100E+4
1.524000E-2	0.000000E+0	5.919800E+4
1.526000E-2	0.000000E+0	5.903500E+4
1.528000E-2	0.000000E+0	5.901300E+4
1.530000E-2	0.000000E+0	5.950900E+4
1.532000E-2	0.000000E+0	5.875000E+4
1.534000E-2	0.000000E+0	5.921700E+4
1.536000E-2	0.000000E+0	5.941200E+4
1.538000E-2	0.000000E+0	5.925600E+4
1.540000E-2	0.000000E+0	5.891300E+4
1.542000E-2	0.000000E+0	5.905600E+4
1.544000E-2	0.000000E+0	5.896200E+4
1.546000E-2	0.000000E+0	5.904500E+4
1.548000E-2	0.000000E+0	5.896400E+4
1.550000E-2	0.000000E+0	5.921100E+4
1.552000E-2	0.000000E+0	5.959300E+4
1.554000E-2	0.000000E+0	5.955200E+4
1.556000E-2	0.000000E+0	5.967700E+4
1.558000E-2	0.000000E+0	5.990500E+4
1.560000E-2	0.000000E+0	5.960500E+4
1.562000E-2	0.000000E+0	5.935700E+4
1.564000E-2	0.000000E+0	5.942200E+4
1.566000E-2	0.000000E+0	5.947200E+4
1.568000E-2	0.000000E+0	5.903000E+4
1.570000E-2	0.000000E+0	5.912300E+4
1.572000E-2	0.000000E+0	5.936000E+4
1.574000E-2	0.000000E+0	5.918700E+4
1.576000E-2	0.000000E+0	5.930900E+4
1.578000E-2	0.000000E+0	5.923100E+4
1.580000E-2	0.000000E+0	5.948400E+4
1.582000E-2	0.000000E+0	5.905200E+4
1.584000E-2	0.000000E+0	5.935000E+4
1.586000E-2	0.000000E+0	5.937400E+4
1.588000E-2	0.000000E+0	5.890400E+4
1.590000E-2	0.000000E+0	5.923200E+4
1.592000E-2	0.000000E+0	5.937100E+4
1.594000E-2	0.000000E+0	5.959400E+4
1.596000E-2	0.000000E+0	5.942600E+4
1.598000E-2	0.000000E+0	5.916800E+4
1.600000E-2	0.000000E+0	5.850200E+4
1.602000E-2	0.000000E+0	5.928800E+4
1.604000E-2	0.000000E+0	5.938900E+4
1.606000E-2	0.000000E+0	5.909600E+4
1.608000E-2	0.000000E+0	5.922100E+4
1.610000E-2	0.000000E+0	5.905200E+4
1.612000E-2	0.000000E+0	5.981300E+4
1.614000E-2	0.000000E+0	5.902900E+4
1.616000E-2	0.000000E+0	5.908300E+4
1.618000E-2	0.000000E+0	5.897900E+4
1.620000E-2	0.000000E+0	5.903200E+4
1.622000E-2	0.000000E+0	5.922000E+4
1.624000E-2	0.000000E+0	5.915300E+4
1.626000E-2	0.000000E+0	5.917900E+4
1.628000E-2	0.000000E+0	5.895500E+4
1.630000E-2	0.000000E+0	5.895400E+4
1.632000E-2	0.000000E+0	5.882600E+4
1.634000E-2	0.000000E+0	5.872800E+4
1.636000E-2	0.000000E+0	5.862100E+4
1.638000E-2	0.000000E+0	5.916100E+4
1.640000E-2	0.000000E+0	5.957900E+4
1.642000E-2	0.000000E+0	5.900200E+4
1.644000E-2	0.000000E+0	5.900500E+4
1.646000E-2	0.000000E+0	5.932000E+4
1.648000E-2	0.000000E+0	5.888700E+4
1.650000E-2	0.000000E+0	5.907200E+4
1.652000E-2	0.000000E+0	5.941800E+4
1.654000E-2	0.000000E+0	5.931300E+4
1.656000E-2	0.000000E+0	5.924600E+4
1.658000E-2	0.000000E+0	5.855900E+4
1.660000E-2	0.000000E+0	5.891600E+4
1.662000E-2	0.000000E+0	5.901000E+4
1.664000E-2	0.000000E+0	5.943100E+4
1.666000E-2	0.000000E+0	5.948200E+4
1.668000E-2	0.000000E+0	5.862200E+4
1.670000E-2	0.000000E+0	5.920000E+4
1.672000E-2	0.000000E+0	5.926000E+4
1.674000E-2	0.000000E+0	5.894000E+4
1.676000E-2	0.000000E+0	5.925100E+4
1.678000E-2	0.000000E+0	5.853500E+4
1.680000E-2	0.000000E+0	5.902500E+4
1.682000E-2	0.000000E+0	5.874300E+4
1.684000E-2	0.000000E+0	5.879800E+4
1.686000E-2	0.000000E+0	5.923100E+4
1.688000E-2	0.000000E+0	5.902300E+4
1.690000E-2	0.000000E+0	5.902100E+4
1.692000E-2	0.000000E+0	5.847800E+4
1.694000E-2	0.000000E+0	5.801100E+4
1.696000E-2	0.000000E+0	5.857000E+4
1.698000E-2	0.000000E+0	5.762900E+4
1.700000E-2	0.000000E+0	5.769400E+4
1.702000E-2	0.000000E+0	5.763600E+4
1.704000E-2	0.000000E+0	5.668900E+4
1.706000E-2	0.000000E+0	5.524000E+4
1.708000E-2	0.000000E+0	5.419100E+4
1.710000E-2	0.000000E+0	5.255200E+4
1.712000E-2	0.000000E+0	4.993200E+4
1.714000E-2	0.000000E+0	4.707000E+4
1.716000E-2	0.000000E+0	4.582300E+4
1.718000E-2	0.000000E+0	4.626100E+4
1.720000E-2	0.000000E+0	4.863500E+4
1.722000E-2	0.000000E+0	5.155200E+4
1.724000E-2	0.000000E+0	5.312800E+4
1.726000E-2	0.000000E+0	5.487700E+4
1.728000E-2	0.000000E+0	5.555600E+4
1.730000E-2	0.000000E+0	5.533700E+4
1.732000E-2	0.000000E+0	5.574400E+4
1.734000E-2	0.000000E+0	5.583400E+4
1.736000E-2	0.000000E+0	5.586400E+4
1.738000E-2	0.000000E+0	5.582300E+4
1.740000E-2	0.000000E+0	5.639200E+4
1.742000E-2	0.000000E+0	5.655300E+4
1.744000E-2	0.000000E+0	5.726900E+4
1.746000E-2	0.000000E+0	5.764800E+4
1.748000E-2	0.000000E+0	5.761300E+4
1.750000E-2	0.000000E+0	5.763500E+4
1.752000E-2	0.000000E+0	5.775800E+4
1.754000E-2	0.000000E+0	5.792000E+4
1.756000E-2	0.000000E+0	5.824100E+4
1.758000E-2	0.000000E+0	5.844400E+4
1.760000E-2	0.000000E+0	5.854000E+4
1.762000E-2	0.000000E+0	5.862700E+4
1.764000E-2	0.000000E+0	5.824900E+4
1.766000E-2	0.000000E+0	5.861200E+4
1.768000E-2	0.000000E+0	5.881000E+4
1.770000E-2	0.000000E+0	5.783300E+4
1.772000E-2	0.000000E+0	5.880600E+4
1.774000E-2	0.000000E+0	5.815800E+4
1.776000E-2	0.000000E+0	5.821100E+4
1.778000E-2	0.000000E+0	5.764600E+4
1.780000E-2	0.000000E+0	5.796400E+4
1.782000E-2	0.000000E+0	5.753100E+4
1.784000E-2	0.000000E+0	5.661800E+4
1.786000E-2	0.000000E+0	5.596600E+4
1.788000E-2	0.000000E+0	5.501800E+4
1.790000E-2	0.000000E+0	5.333600E+4
1.792000E-2	0.000000E+0	5.075800E+4
1.794000E-2	0.000000E+0	4.839600E+4
1.796000E-2	0.000000E+0	4.676700E+4
1.798000E-2	0.000000E+0	4.775200E+4
1.800000E-2	0.000000E+0	5.007400E+4
1.802000E-2	0.000000E+0	5.245900E+4
1.804000E-2	0.000000E+0	5.467300E+4
1.806000E-2	0.000000E+0	5.626700E+4
1.808000E-2	0.000000E+0	5.701300E+4
1.810000E-2	0.000000E+0	5.702200E+4
1.812000E-2	0.000000E+0	5.813200E+4
1.814000E-2	0.000000E+0	5.814200E+4
1.816000E-2	0.000000E+0	5.821600E+4
1.818000E-2	0.000000E+0	5.836800E+4
1.820000E-2	0.000000E+0	5.879800E+4
1.822000E-2	0.000000E+0	5.885100E+4
1.824000E-2	0.000000E+0	5.839400E+4
1.826000E-2	0.000000E+0	5.927200E+4
1.828000E-2	0.000000E+0	5.874300E+4
1.830000E-2	0.000000E+0	5.852500E+4
1.832000E-2	0.000000E+0	5.884900E+4
1.834000E-2	0.000000E+0	5.901200E+4
1.836000E-2	0.000000E+0	5.867400E+4
1.838000E-2	0.000000E+0	5.876500E+4
1.840000E-2	0.000000E+0	5.907300E+4
1.842000E-2	0.000000E+0	5.907700E+4
1.844000E-2	0.000000E+0	5.857000E+4
1.846000E-2	0.000000E+0	5.858500E+4
1.848000E-2	0.000000E+0	5.881100E+4
1.850000E-2	0.000000E+0	5.848600E+4
1.852000E-2	0.000000E+0	5.873900E+4
1.854000E-2	0.000000E+0	5.924600E+4
1.856000E-2	0.000000E+0	5.893700E+4
1.858000E-2	0.000000E+0	5.909500E+4
1.860000E-2	0.000000E+0	5.920500E+4
1.862000E-2	0.000000E+0	5.863800E+4
1.864000E-2	0.000000E+0	5.891900E+4
1.866000E-2	0.000000E+0	5.899400E+4
1.868000E-2	0.000000E+0	5.928600E+4
1.870000E-2	0.000000E+0	5.939700E+4
1.872000E-2	0.000000E+0	5.917300E+4
1.874000E-2	0.000000E+0	5.904900E+4
1.876000E-2	0.000000E+0	5.913800E+4
1.878000E-2	0.000000E+0	5.949600E+4
1.880000E-2	0.000000E+0	5.922500E+4
1.882000E-2	0.000000E+0	5.951200E+4
1.884000E-2	0.000000E+0	5.912800E+4
1.886000E-2	0.000000E+0	5.887500E+4
1.888000E-2	0.000000E+0	5.905400E+4
1.890000E-2	0.000000E+0	5.884000E+4
1.892000E-2	0.000000E+0	5.937900E+4
1.894000E-2	0.000000E+0	5.925700E+4
1.896000E-2	0.000000E+0	5.909900E+4
1.898000E-2	0.000000E+0	5.888300E+4
1.900000E-2	0.000000E+0	5.892400E+4
1.902000E-2	0.000000E+0	5.947400E+4
1.904000E-2	0.000000E+0	5.941600E+4
1.906000E-2	0.000000E+0	5.892700E+4
1.908000E-2	0.000000E+0	5.927300E+4
1.910000E-2	0.000000E+0	5.909600E+4
1.912000E-2	0.000000E+0	5.895000E+4
1.914000E-2	0.000000E+0	5.917600E+4
1.916000E-2	0.000000E+0	5.908400E+4
1.918000E-2	0.000000E+0	5.873000E+4
1.920000E-2	0.000000E+0	5.927300E+4
1.922000E-2	0.000000E+0	5.889500E+4
1.924000E-2	0.000000E+0	5.936300E+4
1.926000E-2	0.000000E+0	5.931700E+4
1.928000E-2	0.000000E+0	5.892300E+4
1.930000E-2	0.000000E+0	5.939000E+4
1.932000E-2	0.000000E+0	5.896200E+4
1.934000E-2	0.000000E+0	5.921700E+4
1.936000E-2	0.000000E+0	5.922900E+4
1.938000E-2	0.000000E+0	5.925900E+4
1.940000E-2	0.000000E+0	5.933600E+4
1.942000E-2	0.000000E+0	5.931800E+4
1.944000E-2	0.000000E+0	5.915200E+4
1.946000E-2	0.000000E+0	5.897400E+4
1.948000E-2	0.000000E+0	5.921200E+4
1.950000E-2	0.000000E+0	5.911800E+4
1.952000E-2	0.000000E+0	5.940900E+4
1.954000E-2	0.000000E+0	5.952900E+4
1.956000E-2	0.000000E+0	5.917400E+4
1.958000E-2	0.000000E+0	5.890000E+4
1.960000E-2	0.000000E+0	5.934700E+4
1.962000E-2	0.000000E+0	5.891400E+4
1.964000E-2	0.000000E+0	5.947200E+4
1.966000E-2	0.000000E+0	5.898300E+4
1.968000E-2	0.000000E+0	5.895400E+4
1.970000E-2	0.000000E+0	5.880900E+4
1.972000E-2	0.000000E+0	5.907600E+4
1.974000E-2	0.000000E+0	5.909100E+4
1.976000E-2	0.000000E+0	5.933700E+4
1.978000E-2	0.000000E+0	5.880800E+4
1.980000E-2	0.000000E+0	5.888400E+4
1.982000E-2	0.000000E+0	5.941400E+4
1.984000E-2	0.000000E+0	5.924700E+4
1.986000E-2	0.000000E+0	5.927800E+4
1.988000E-2	0.000000E+0	5.928200E+4
1.990000E-2	0.000000E+0	5.949700E+4
1.992000E-2	0.000000E+0	5.911400E+4
1.994000E-2	0.000000E+0	5.960100E+4
1.996000E-2	0.000000E+0	5.913000E+4
1.998000E-2	0.000000E+0	5.903800E+4
