

live time:  161552.180000
real time:  187200.416000
sweeps:  8077609.000000
0.000000E+0	0.000000E+0	0.000000E+0
2.000000E-5	0.000000E+0	8.068500E+4
4.000000E-5	0.000000E+0	8.081200E+4
6.000000E-5	0.000000E+0	8.099000E+4
8.000000E-5	0.000000E+0	8.126700E+4
1.000000E-4	0.000000E+0	8.068800E+4
1.200000E-4	0.000000E+0	8.080200E+4
1.400000E-4	0.000000E+0	8.138300E+4
1.600000E-4	0.000000E+0	8.146600E+4
1.800000E-4	0.000000E+0	8.119700E+4
2.000000E-4	0.000000E+0	8.117400E+4
2.200000E-4	0.000000E+0	8.139900E+4
2.400000E-4	0.000000E+0	8.114700E+4
2.600000E-4	0.000000E+0	8.137000E+4
2.800000E-4	0.000000E+0	8.112700E+4
3.000000E-4	0.000000E+0	8.120400E+4
3.200000E-4	0.000000E+0	8.095300E+4
3.400000E-4	0.000000E+0	8.122300E+4
3.600000E-4	0.000000E+0	8.097200E+4
3.800000E-4	0.000000E+0	8.130300E+4
4.000000E-4	0.000000E+0	8.159100E+4
4.200000E-4	0.000000E+0	8.115200E+4
4.400000E-4	0.000000E+0	8.076500E+4
4.600000E-4	0.000000E+0	8.097800E+4
4.800000E-4	0.000000E+0	8.143200E+4
5.000000E-4	0.000000E+0	8.108800E+4
5.200000E-4	0.000000E+0	8.112100E+4
5.400000E-4	0.000000E+0	8.130800E+4
5.600000E-4	0.000000E+0	8.155400E+4
5.800000E-4	0.000000E+0	8.092700E+4
6.000000E-4	0.000000E+0	8.089500E+4
6.200000E-4	0.000000E+0	8.098300E+4
6.400000E-4	0.000000E+0	8.077600E+4
6.600000E-4	0.000000E+0	8.105900E+4
6.800000E-4	0.000000E+0	8.083300E+4
7.000000E-4	0.000000E+0	8.124900E+4
7.200000E-4	0.000000E+0	8.126600E+4
7.400000E-4	0.000000E+0	8.108300E+4
7.600000E-4	0.000000E+0	8.097500E+4
7.800000E-4	0.000000E+0	8.104600E+4
8.000000E-4	0.000000E+0	8.121400E+4
8.200000E-4	0.000000E+0	8.081800E+4
8.400000E-4	0.000000E+0	8.101400E+4
8.600000E-4	0.000000E+0	8.117700E+4
8.800000E-4	0.000000E+0	8.133700E+4
9.000000E-4	0.000000E+0	8.045400E+4
9.200000E-4	0.000000E+0	8.104100E+4
9.400000E-4	0.000000E+0	8.150300E+4
9.600000E-4	0.000000E+0	8.099300E+4
9.800000E-4	0.000000E+0	8.117100E+4
1.000000E-3	0.000000E+0	8.096900E+4
1.020000E-3	0.000000E+0	8.115000E+4
1.040000E-3	0.000000E+0	8.145000E+4
1.060000E-3	0.000000E+0	8.106800E+4
1.080000E-3	0.000000E+0	8.079700E+4
1.100000E-3	0.000000E+0	8.105300E+4
1.120000E-3	0.000000E+0	8.102100E+4
1.140000E-3	0.000000E+0	8.136500E+4
1.160000E-3	0.000000E+0	8.102000E+4
1.180000E-3	0.000000E+0	8.107300E+4
1.200000E-3	0.000000E+0	8.137400E+4
1.220000E-3	0.000000E+0	8.076100E+4
1.240000E-3	0.000000E+0	8.106000E+4
1.260000E-3	0.000000E+0	8.081500E+4
1.280000E-3	0.000000E+0	8.119400E+4
1.300000E-3	0.000000E+0	8.116200E+4
1.320000E-3	0.000000E+0	8.102000E+4
1.340000E-3	0.000000E+0	8.154200E+4
1.360000E-3	0.000000E+0	8.109200E+4
1.380000E-3	0.000000E+0	8.146400E+4
1.400000E-3	0.000000E+0	8.127800E+4
1.420000E-3	0.000000E+0	8.096700E+4
1.440000E-3	0.000000E+0	8.148400E+4
1.460000E-3	0.000000E+0	8.130100E+4
1.480000E-3	0.000000E+0	8.075600E+4
1.500000E-3	0.000000E+0	8.030300E+4
1.520000E-3	0.000000E+0	8.093400E+4
1.540000E-3	0.000000E+0	8.134600E+4
1.560000E-3	0.000000E+0	8.096400E+4
1.580000E-3	0.000000E+0	8.112200E+4
1.600000E-3	0.000000E+0	8.156000E+4
1.620000E-3	0.000000E+0	8.170700E+4
1.640000E-3	0.000000E+0	8.126800E+4
1.660000E-3	0.000000E+0	8.116300E+4
1.680000E-3	0.000000E+0	8.133200E+4
1.700000E-3	0.000000E+0	8.103200E+4
1.720000E-3	0.000000E+0	8.083600E+4
1.740000E-3	0.000000E+0	8.119500E+4
1.760000E-3	0.000000E+0	8.140300E+4
1.780000E-3	0.000000E+0	8.144500E+4
1.800000E-3	0.000000E+0	8.101000E+4
1.820000E-3	0.000000E+0	8.134300E+4
1.840000E-3	0.000000E+0	8.131600E+4
1.860000E-3	0.000000E+0	8.122200E+4
1.880000E-3	0.000000E+0	8.116500E+4
1.900000E-3	0.000000E+0	8.109900E+4
1.920000E-3	0.000000E+0	8.112300E+4
1.940000E-3	0.000000E+0	8.121000E+4
1.960000E-3	0.000000E+0	8.094300E+4
1.980000E-3	0.000000E+0	8.144000E+4
2.000000E-3	0.000000E+0	8.108500E+4
2.020000E-3	0.000000E+0	8.148300E+4
2.040000E-3	0.000000E+0	8.125500E+4
2.060000E-3	0.000000E+0	8.186300E+4
2.080000E-3	0.000000E+0	8.054600E+4
2.100000E-3	0.000000E+0	8.089400E+4
2.120000E-3	0.000000E+0	8.126600E+4
2.140000E-3	0.000000E+0	8.084500E+4
2.160000E-3	0.000000E+0	8.123800E+4
2.180000E-3	0.000000E+0	8.126300E+4
2.200000E-3	0.000000E+0	8.072800E+4
2.220000E-3	0.000000E+0	8.056200E+4
2.240000E-3	0.000000E+0	8.116000E+4
2.260000E-3	0.000000E+0	8.106800E+4
2.280000E-3	0.000000E+0	8.137300E+4
2.300000E-3	0.000000E+0	8.140800E+4
2.320000E-3	0.000000E+0	8.080200E+4
2.340000E-3	0.000000E+0	8.067400E+4
2.360000E-3	0.000000E+0	8.100700E+4
2.380000E-3	0.000000E+0	8.069800E+4
2.400000E-3	0.000000E+0	8.138200E+4
2.420000E-3	0.000000E+0	8.120700E+4
2.440000E-3	0.000000E+0	8.075300E+4
2.460000E-3	0.000000E+0	8.105000E+4
2.480000E-3	0.000000E+0	8.065200E+4
2.500000E-3	0.000000E+0	8.129100E+4
2.520000E-3	0.000000E+0	8.135600E+4
2.540000E-3	0.000000E+0	8.134300E+4
2.560000E-3	0.000000E+0	8.086400E+4
2.580000E-3	0.000000E+0	8.132800E+4
2.600000E-3	0.000000E+0	8.145000E+4
2.620000E-3	0.000000E+0	8.075500E+4
2.640000E-3	0.000000E+0	8.125800E+4
2.660000E-3	0.000000E+0	8.089300E+4
2.680000E-3	0.000000E+0	8.150100E+4
2.700000E-3	0.000000E+0	8.123800E+4
2.720000E-3	0.000000E+0	8.053200E+4
2.740000E-3	0.000000E+0	8.102600E+4
2.760000E-3	0.000000E+0	8.134800E+4
2.780000E-3	0.000000E+0	8.094300E+4
2.800000E-3	0.000000E+0	8.087800E+4
2.820000E-3	0.000000E+0	8.073600E+4
2.840000E-3	0.000000E+0	8.138900E+4
2.860000E-3	0.000000E+0	8.126400E+4
2.880000E-3	0.000000E+0	8.135200E+4
2.900000E-3	0.000000E+0	8.075400E+4
2.920000E-3	0.000000E+0	8.133700E+4
2.940000E-3	0.000000E+0	8.098800E+4
2.960000E-3	0.000000E+0	8.117500E+4
2.980000E-3	0.000000E+0	8.095900E+4
3.000000E-3	0.000000E+0	8.086200E+4
3.020000E-3	0.000000E+0	8.129900E+4
3.040000E-3	0.000000E+0	8.108900E+4
3.060000E-3	0.000000E+0	8.136800E+4
3.080000E-3	0.000000E+0	8.081000E+4
3.100000E-3	0.000000E+0	8.138500E+4
3.120000E-3	0.000000E+0	8.107700E+4
3.140000E-3	0.000000E+0	8.092100E+4
3.160000E-3	0.000000E+0	8.105200E+4
3.180000E-3	0.000000E+0	8.135400E+4
3.200000E-3	0.000000E+0	8.106400E+4
3.220000E-3	0.000000E+0	8.061100E+4
3.240000E-3	0.000000E+0	8.102500E+4
3.260000E-3	0.000000E+0	8.115600E+4
3.280000E-3	0.000000E+0	8.113400E+4
3.300000E-3	0.000000E+0	8.147500E+4
3.320000E-3	0.000000E+0	8.132500E+4
3.340000E-3	0.000000E+0	8.090400E+4
3.360000E-3	0.000000E+0	8.113600E+4
3.380000E-3	0.000000E+0	8.088500E+4
3.400000E-3	0.000000E+0	8.120600E+4
3.420000E-3	0.000000E+0	8.106200E+4
3.440000E-3	0.000000E+0	8.062600E+4
3.460000E-3	0.000000E+0	8.150800E+4
3.480000E-3	0.000000E+0	8.129500E+4
3.500000E-3	0.000000E+0	8.150000E+4
3.520000E-3	0.000000E+0	8.114900E+4
3.540000E-3	0.000000E+0	8.177600E+4
3.560000E-3	0.000000E+0	8.089800E+4
3.580000E-3	0.000000E+0	8.111900E+4
3.600000E-3	0.000000E+0	8.020700E+4
3.620000E-3	0.000000E+0	8.122600E+4
3.640000E-3	0.000000E+0	8.124300E+4
3.660000E-3	0.000000E+0	8.116300E+4
3.680000E-3	0.000000E+0	8.136200E+4
3.700000E-3	0.000000E+0	8.117500E+4
3.720000E-3	0.000000E+0	8.070700E+4
3.740000E-3	0.000000E+0	8.093600E+4
3.760000E-3	0.000000E+0	8.109900E+4
3.780000E-3	0.000000E+0	8.104000E+4
3.800000E-3	0.000000E+0	8.062000E+4
3.820000E-3	0.000000E+0	8.092700E+4
3.840000E-3	0.000000E+0	8.142600E+4
3.860000E-3	0.000000E+0	8.136700E+4
3.880000E-3	0.000000E+0	8.070800E+4
3.900000E-3	0.000000E+0	8.083600E+4
3.920000E-3	0.000000E+0	8.099200E+4
3.940000E-3	0.000000E+0	8.100500E+4
3.960000E-3	0.000000E+0	8.138200E+4
3.980000E-3	0.000000E+0	8.100900E+4
4.000000E-3	0.000000E+0	8.107200E+4
4.020000E-3	0.000000E+0	8.118000E+4
4.040000E-3	0.000000E+0	8.096000E+4
4.060000E-3	0.000000E+0	8.070900E+4
4.080000E-3	0.000000E+0	8.106100E+4
4.100000E-3	0.000000E+0	8.089000E+4
4.120000E-3	0.000000E+0	8.096000E+4
4.140000E-3	0.000000E+0	8.122700E+4
4.160000E-3	0.000000E+0	8.039800E+4
4.180000E-3	0.000000E+0	8.117000E+4
4.200000E-3	0.000000E+0	8.065800E+4
4.220000E-3	0.000000E+0	8.121400E+4
4.240000E-3	0.000000E+0	8.085200E+4
4.260000E-3	0.000000E+0	8.071400E+4
4.280000E-3	0.000000E+0	8.158200E+4
4.300000E-3	0.000000E+0	8.073600E+4
4.320000E-3	0.000000E+0	8.149200E+4
4.340000E-3	0.000000E+0	8.127000E+4
4.360000E-3	0.000000E+0	8.135200E+4
4.380000E-3	0.000000E+0	8.080300E+4
4.400000E-3	0.000000E+0	8.188700E+4
4.420000E-3	0.000000E+0	8.110500E+4
4.440000E-3	0.000000E+0	8.093500E+4
4.460000E-3	0.000000E+0	8.111000E+4
4.480000E-3	0.000000E+0	8.095100E+4
4.500000E-3	0.000000E+0	8.076700E+4
4.520000E-3	0.000000E+0	8.132000E+4
4.540000E-3	0.000000E+0	8.134000E+4
4.560000E-3	0.000000E+0	8.136800E+4
4.580000E-3	0.000000E+0	8.138400E+4
4.600000E-3	0.000000E+0	8.142600E+4
4.620000E-3	0.000000E+0	8.085000E+4
4.640000E-3	0.000000E+0	8.128700E+4
4.660000E-3	0.000000E+0	8.101000E+4
4.680000E-3	0.000000E+0	8.102600E+4
4.700000E-3	0.000000E+0	8.095800E+4
4.720000E-3	0.000000E+0	8.118200E+4
4.740000E-3	0.000000E+0	8.098200E+4
4.760000E-3	0.000000E+0	8.084800E+4
4.780000E-3	0.000000E+0	8.074100E+4
4.800000E-3	0.000000E+0	8.153400E+4
4.820000E-3	0.000000E+0	8.096400E+4
4.840000E-3	0.000000E+0	8.116100E+4
4.860000E-3	0.000000E+0	8.139500E+4
4.880000E-3	0.000000E+0	8.118600E+4
4.900000E-3	0.000000E+0	8.136800E+4
4.920000E-3	0.000000E+0	8.094900E+4
4.940000E-3	0.000000E+0	8.185300E+4
4.960000E-3	0.000000E+0	8.112000E+4
4.980000E-3	0.000000E+0	8.064500E+4
5.000000E-3	0.000000E+0	8.030400E+4
5.020000E-3	0.000000E+0	8.097500E+4
5.040000E-3	0.000000E+0	8.113500E+4
5.060000E-3	0.000000E+0	8.158300E+4
5.080000E-3	0.000000E+0	8.125700E+4
5.100000E-3	0.000000E+0	8.116800E+4
5.120000E-3	0.000000E+0	8.141900E+4
5.140000E-3	0.000000E+0	8.110400E+4
5.160000E-3	0.000000E+0	8.134100E+4
5.180000E-3	0.000000E+0	8.088400E+4
5.200000E-3	0.000000E+0	8.082300E+4
5.220000E-3	0.000000E+0	8.096800E+4
5.240000E-3	0.000000E+0	8.073400E+4
5.260000E-3	0.000000E+0	8.126200E+4
5.280000E-3	0.000000E+0	8.045200E+4
5.300000E-3	0.000000E+0	8.040500E+4
5.320000E-3	0.000000E+0	8.057100E+4
5.340000E-3	0.000000E+0	8.048400E+4
5.360000E-3	0.000000E+0	8.069200E+4
5.380000E-3	0.000000E+0	8.056900E+4
5.400000E-3	0.000000E+0	8.071000E+4
5.420000E-3	0.000000E+0	8.058700E+4
5.440000E-3	0.000000E+0	8.018800E+4
5.460000E-3	0.000000E+0	8.078400E+4
5.480000E-3	0.000000E+0	7.988500E+4
5.500000E-3	0.000000E+0	8.006400E+4
5.520000E-3	0.000000E+0	8.043500E+4
5.540000E-3	0.000000E+0	8.011500E+4
5.560000E-3	0.000000E+0	8.013400E+4
5.580000E-3	0.000000E+0	7.993300E+4
5.600000E-3	0.000000E+0	8.017800E+4
5.620000E-3	0.000000E+0	7.898700E+4
5.640000E-3	0.000000E+0	7.872400E+4
5.660000E-3	0.000000E+0	7.801400E+4
5.680000E-3	0.000000E+0	7.626100E+4
5.700000E-3	0.000000E+0	7.562400E+4
5.720000E-3	0.000000E+0	7.297300E+4
5.740000E-3	0.000000E+0	6.965800E+4
5.760000E-3	0.000000E+0	6.502500E+4
5.780000E-3	0.000000E+0	5.930600E+4
5.800000E-3	0.000000E+0	5.354600E+4
5.820000E-3	0.000000E+0	4.970800E+4
5.840000E-3	0.000000E+0	4.857200E+4
5.860000E-3	0.000000E+0	4.997600E+4
5.880000E-3	0.000000E+0	5.417400E+4
5.900000E-3	0.000000E+0	6.040900E+4
5.920000E-3	0.000000E+0	6.581900E+4
5.940000E-3	0.000000E+0	7.121800E+4
5.960000E-3	0.000000E+0	7.389200E+4
5.980000E-3	0.000000E+0	7.623200E+4
6.000000E-3	0.000000E+0	7.794000E+4
6.020000E-3	0.000000E+0	7.830500E+4
6.040000E-3	0.000000E+0	7.899000E+4
6.060000E-3	0.000000E+0	7.940100E+4
6.080000E-3	0.000000E+0	7.971400E+4
6.100000E-3	0.000000E+0	7.973500E+4
6.120000E-3	0.000000E+0	7.999200E+4
6.140000E-3	0.000000E+0	8.027700E+4
6.160000E-3	0.000000E+0	7.970000E+4
6.180000E-3	0.000000E+0	8.032800E+4
6.200000E-3	0.000000E+0	8.057200E+4
6.220000E-3	0.000000E+0	8.008400E+4
6.240000E-3	0.000000E+0	8.069300E+4
6.260000E-3	0.000000E+0	8.046100E+4
6.280000E-3	0.000000E+0	8.067500E+4
6.300000E-3	0.000000E+0	8.083500E+4
6.320000E-3	0.000000E+0	8.041700E+4
6.340000E-3	0.000000E+0	8.102700E+4
6.360000E-3	0.000000E+0	8.101200E+4
6.380000E-3	0.000000E+0	8.099300E+4
6.400000E-3	0.000000E+0	8.089700E+4
6.420000E-3	0.000000E+0	8.132000E+4
6.440000E-3	0.000000E+0	8.039200E+4
6.460000E-3	0.000000E+0	8.075800E+4
6.480000E-3	0.000000E+0	8.114600E+4
6.500000E-3	0.000000E+0	8.074800E+4
6.520000E-3	0.000000E+0	8.101300E+4
6.540000E-3	0.000000E+0	8.116500E+4
6.560000E-3	0.000000E+0	8.098000E+4
6.580000E-3	0.000000E+0	8.107000E+4
6.600000E-3	0.000000E+0	8.091600E+4
6.620000E-3	0.000000E+0	8.091600E+4
6.640000E-3	0.000000E+0	8.137000E+4
6.660000E-3	0.000000E+0	8.109800E+4
6.680000E-3	0.000000E+0	8.068600E+4
6.700000E-3	0.000000E+0	8.064600E+4
6.720000E-3	0.000000E+0	8.094000E+4
6.740000E-3	0.000000E+0	8.092600E+4
6.760000E-3	0.000000E+0	8.077900E+4
6.780000E-3	0.000000E+0	8.117300E+4
6.800000E-3	0.000000E+0	8.084200E+4
6.820000E-3	0.000000E+0	8.097900E+4
6.840000E-3	0.000000E+0	8.090900E+4
6.860000E-3	0.000000E+0	8.156900E+4
6.880000E-3	0.000000E+0	8.086100E+4
6.900000E-3	0.000000E+0	8.097900E+4
6.920000E-3	0.000000E+0	8.126700E+4
6.940000E-3	0.000000E+0	8.116400E+4
6.960000E-3	0.000000E+0	8.018900E+4
6.980000E-3	0.000000E+0	8.098600E+4
7.000000E-3	0.000000E+0	8.114700E+4
7.020000E-3	0.000000E+0	8.118200E+4
7.040000E-3	0.000000E+0	8.096700E+4
7.060000E-3	0.000000E+0	8.119800E+4
7.080000E-3	0.000000E+0	8.150500E+4
7.100000E-3	0.000000E+0	8.070100E+4
7.120000E-3	0.000000E+0	8.104200E+4
7.140000E-3	0.000000E+0	8.133300E+4
7.160000E-3	0.000000E+0	8.130200E+4
7.180000E-3	0.000000E+0	8.155800E+4
7.200000E-3	0.000000E+0	8.084000E+4
7.220000E-3	0.000000E+0	8.151300E+4
7.240000E-3	0.000000E+0	8.121800E+4
7.260000E-3	0.000000E+0	8.147400E+4
7.280000E-3	0.000000E+0	8.120100E+4
7.300000E-3	0.000000E+0	8.111400E+4
7.320000E-3	0.000000E+0	8.086600E+4
7.340000E-3	0.000000E+0	8.134700E+4
7.360000E-3	0.000000E+0	8.111200E+4
7.380000E-3	0.000000E+0	8.108500E+4
7.400000E-3	0.000000E+0	8.106300E+4
7.420000E-3	0.000000E+0	8.112200E+4
7.440000E-3	0.000000E+0	8.138600E+4
7.460000E-3	0.000000E+0	8.057800E+4
7.480000E-3	0.000000E+0	8.103100E+4
7.500000E-3	0.000000E+0	8.050500E+4
7.520000E-3	0.000000E+0	8.124500E+4
7.540000E-3	0.000000E+0	8.120100E+4
7.560000E-3	0.000000E+0	8.153800E+4
7.580000E-3	0.000000E+0	8.101700E+4
7.600000E-3	0.000000E+0	8.088300E+4
7.620000E-3	0.000000E+0	8.145600E+4
7.640000E-3	0.000000E+0	8.095000E+4
7.660000E-3	0.000000E+0	8.140000E+4
7.680000E-3	0.000000E+0	8.160100E+4
7.700000E-3	0.000000E+0	8.136400E+4
7.720000E-3	0.000000E+0	8.084500E+4
7.740000E-3	0.000000E+0	8.098000E+4
7.760000E-3	0.000000E+0	8.142700E+4
7.780000E-3	0.000000E+0	8.096200E+4
7.800000E-3	0.000000E+0	8.122900E+4
7.820000E-3	0.000000E+0	8.113500E+4
7.840000E-3	0.000000E+0	8.094600E+4
7.860000E-3	0.000000E+0	8.110200E+4
7.880000E-3	0.000000E+0	8.120700E+4
7.900000E-3	0.000000E+0	8.154900E+4
7.920000E-3	0.000000E+0	8.103900E+4
7.940000E-3	0.000000E+0	8.117700E+4
7.960000E-3	0.000000E+0	8.123700E+4
7.980000E-3	0.000000E+0	8.080700E+4
8.000000E-3	0.000000E+0	8.071400E+4
8.020000E-3	0.000000E+0	8.101600E+4
8.040000E-3	0.000000E+0	8.047700E+4
8.060000E-3	0.000000E+0	8.114000E+4
8.080000E-3	0.000000E+0	8.184200E+4
8.100000E-3	0.000000E+0	8.082600E+4
8.120000E-3	0.000000E+0	8.093900E+4
8.140000E-3	0.000000E+0	8.127300E+4
8.160000E-3	0.000000E+0	8.097800E+4
8.180000E-3	0.000000E+0	8.081500E+4
8.200000E-3	0.000000E+0	8.109400E+4
8.220000E-3	0.000000E+0	8.083600E+4
8.240000E-3	0.000000E+0	8.136100E+4
8.260000E-3	0.000000E+0	8.062400E+4
8.280000E-3	0.000000E+0	8.141000E+4
8.300000E-3	0.000000E+0	8.144500E+4
8.320000E-3	0.000000E+0	8.100900E+4
8.340000E-3	0.000000E+0	8.132600E+4
8.360000E-3	0.000000E+0	8.085000E+4
8.380000E-3	0.000000E+0	8.156300E+4
8.400000E-3	0.000000E+0	8.102900E+4
8.420000E-3	0.000000E+0	8.102000E+4
8.440000E-3	0.000000E+0	8.157200E+4
8.460000E-3	0.000000E+0	8.126300E+4
8.480000E-3	0.000000E+0	8.117100E+4
8.500000E-3	0.000000E+0	8.136200E+4
8.520000E-3	0.000000E+0	8.113300E+4
8.540000E-3	0.000000E+0	8.131300E+4
8.560000E-3	0.000000E+0	8.141100E+4
8.580000E-3	0.000000E+0	8.093600E+4
8.600000E-3	0.000000E+0	8.133100E+4
8.620000E-3	0.000000E+0	8.122400E+4
8.640000E-3	0.000000E+0	8.120900E+4
8.660000E-3	0.000000E+0	8.082400E+4
8.680000E-3	0.000000E+0	8.131700E+4
8.700000E-3	0.000000E+0	8.122200E+4
8.720000E-3	0.000000E+0	8.090900E+4
8.740000E-3	0.000000E+0	8.120900E+4
8.760000E-3	0.000000E+0	8.171400E+4
8.780000E-3	0.000000E+0	8.076500E+4
8.800000E-3	0.000000E+0	8.111700E+4
8.820000E-3	0.000000E+0	8.109700E+4
8.840000E-3	0.000000E+0	8.097300E+4
8.860000E-3	0.000000E+0	8.108800E+4
8.880000E-3	0.000000E+0	8.106000E+4
8.900000E-3	0.000000E+0	8.175600E+4
8.920000E-3	0.000000E+0	8.096800E+4
8.940000E-3	0.000000E+0	8.098400E+4
8.960000E-3	0.000000E+0	8.088300E+4
8.980000E-3	0.000000E+0	8.070800E+4
9.000000E-3	0.000000E+0	8.099800E+4
9.020000E-3	0.000000E+0	8.101500E+4
9.040000E-3	0.000000E+0	8.138800E+4
9.060000E-3	0.000000E+0	8.095200E+4
9.080000E-3	0.000000E+0	8.122600E+4
9.100000E-3	0.000000E+0	8.076900E+4
9.120000E-3	0.000000E+0	8.143200E+4
9.140000E-3	0.000000E+0	8.129100E+4
9.160000E-3	0.000000E+0	8.049900E+4
9.180000E-3	0.000000E+0	8.095100E+4
9.200000E-3	0.000000E+0	8.111000E+4
9.220000E-3	0.000000E+0	8.107600E+4
9.240000E-3	0.000000E+0	8.102900E+4
9.260000E-3	0.000000E+0	8.118800E+4
9.280000E-3	0.000000E+0	8.096900E+4
9.300000E-3	0.000000E+0	8.111600E+4
9.320000E-3	0.000000E+0	8.058800E+4
9.340000E-3	0.000000E+0	8.115400E+4
9.360000E-3	0.000000E+0	8.129600E+4
9.380000E-3	0.000000E+0	8.151100E+4
9.400000E-3	0.000000E+0	8.112300E+4
9.420000E-3	0.000000E+0	8.101100E+4
9.440000E-3	0.000000E+0	8.109100E+4
9.460000E-3	0.000000E+0	8.128400E+4
9.480000E-3	0.000000E+0	8.096900E+4
9.500000E-3	0.000000E+0	8.147900E+4
9.520000E-3	0.000000E+0	8.115000E+4
9.540000E-3	0.000000E+0	8.076000E+4
9.560000E-3	0.000000E+0	8.138500E+4
9.580000E-3	0.000000E+0	8.134000E+4
9.600000E-3	0.000000E+0	8.091700E+4
9.620000E-3	0.000000E+0	8.118000E+4
9.640000E-3	0.000000E+0	8.132600E+4
9.660000E-3	0.000000E+0	8.125900E+4
9.680000E-3	0.000000E+0	8.074300E+4
9.700000E-3	0.000000E+0	8.096700E+4
9.720000E-3	0.000000E+0	8.108600E+4
9.740000E-3	0.000000E+0	8.153100E+4
9.760000E-3	0.000000E+0	8.061800E+4
9.780000E-3	0.000000E+0	8.101100E+4
9.800000E-3	0.000000E+0	8.123900E+4
9.820000E-3	0.000000E+0	8.085000E+4
9.840000E-3	0.000000E+0	8.133900E+4
9.860000E-3	0.000000E+0	8.151000E+4
9.880000E-3	0.000000E+0	8.155300E+4
9.900000E-3	0.000000E+0	8.119500E+4
9.920000E-3	0.000000E+0	8.162600E+4
9.940000E-3	0.000000E+0	8.072500E+4
9.960000E-3	0.000000E+0	8.084200E+4
9.980000E-3	0.000000E+0	8.100700E+4
1.000000E-2	0.000000E+0	8.103800E+4
1.002000E-2	0.000000E+0	8.083200E+4
1.004000E-2	0.000000E+0	8.108400E+4
1.006000E-2	0.000000E+0	8.098000E+4
1.008000E-2	0.000000E+0	8.126700E+4
1.010000E-2	0.000000E+0	8.132700E+4
1.012000E-2	0.000000E+0	8.125500E+4
1.014000E-2	0.000000E+0	8.172700E+4
1.016000E-2	0.000000E+0	8.159100E+4
1.018000E-2	0.000000E+0	8.153400E+4
1.020000E-2	0.000000E+0	8.182900E+4
1.022000E-2	0.000000E+0	8.130900E+4
1.024000E-2	0.000000E+0	8.126400E+4
1.026000E-2	0.000000E+0	8.087000E+4
1.028000E-2	0.000000E+0	8.125600E+4
1.030000E-2	0.000000E+0	8.106500E+4
1.032000E-2	0.000000E+0	8.115800E+4
1.034000E-2	0.000000E+0	8.121900E+4
1.036000E-2	0.000000E+0	8.102300E+4
1.038000E-2	0.000000E+0	8.142000E+4
1.040000E-2	0.000000E+0	8.135800E+4
1.042000E-2	0.000000E+0	8.104800E+4
1.044000E-2	0.000000E+0	8.154700E+4
1.046000E-2	0.000000E+0	8.104700E+4
1.048000E-2	0.000000E+0	8.137500E+4
1.050000E-2	0.000000E+0	8.091500E+4
1.052000E-2	0.000000E+0	8.128400E+4
1.054000E-2	0.000000E+0	8.130500E+4
1.056000E-2	0.000000E+0	8.143500E+4
1.058000E-2	0.000000E+0	8.102700E+4
1.060000E-2	0.000000E+0	8.039800E+4
1.062000E-2	0.000000E+0	8.075900E+4
1.064000E-2	0.000000E+0	8.122000E+4
1.066000E-2	0.000000E+0	8.119100E+4
1.068000E-2	0.000000E+0	8.088000E+4
1.070000E-2	0.000000E+0	8.088200E+4
1.072000E-2	0.000000E+0	8.093800E+4
1.074000E-2	0.000000E+0	8.106400E+4
1.076000E-2	0.000000E+0	8.117600E+4
1.078000E-2	0.000000E+0	8.092200E+4
1.080000E-2	0.000000E+0	8.091300E+4
1.082000E-2	0.000000E+0	8.084900E+4
1.084000E-2	0.000000E+0	8.091600E+4
1.086000E-2	0.000000E+0	8.097600E+4
1.088000E-2	0.000000E+0	8.123000E+4
1.090000E-2	0.000000E+0	8.141100E+4
1.092000E-2	0.000000E+0	8.109200E+4
1.094000E-2	0.000000E+0	8.117800E+4
1.096000E-2	0.000000E+0	8.136900E+4
1.098000E-2	0.000000E+0	8.097100E+4
1.100000E-2	0.000000E+0	8.130900E+4
1.102000E-2	0.000000E+0	8.071800E+4
1.104000E-2	0.000000E+0	8.138300E+4
1.106000E-2	0.000000E+0	8.066600E+4
1.108000E-2	0.000000E+0	8.157400E+4
1.110000E-2	0.000000E+0	8.113900E+4
1.112000E-2	0.000000E+0	8.088400E+4
1.114000E-2	0.000000E+0	8.089500E+4
1.116000E-2	0.000000E+0	8.099600E+4
1.118000E-2	0.000000E+0	8.106000E+4
1.120000E-2	0.000000E+0	8.045100E+4
1.122000E-2	0.000000E+0	8.070800E+4
1.124000E-2	0.000000E+0	8.166800E+4
1.126000E-2	0.000000E+0	8.146600E+4
1.128000E-2	0.000000E+0	8.163600E+4
1.130000E-2	0.000000E+0	8.058700E+4
1.132000E-2	0.000000E+0	8.149500E+4
1.134000E-2	0.000000E+0	8.131300E+4
1.136000E-2	0.000000E+0	8.100100E+4
1.138000E-2	0.000000E+0	8.079600E+4
1.140000E-2	0.000000E+0	8.100800E+4
1.142000E-2	0.000000E+0	8.120700E+4
1.144000E-2	0.000000E+0	8.129500E+4
1.146000E-2	0.000000E+0	8.127600E+4
1.148000E-2	0.000000E+0	8.091800E+4
1.150000E-2	0.000000E+0	8.116400E+4
1.152000E-2	0.000000E+0	8.084100E+4
1.154000E-2	0.000000E+0	8.094900E+4
1.156000E-2	0.000000E+0	8.115700E+4
1.158000E-2	0.000000E+0	8.121000E+4
1.160000E-2	0.000000E+0	8.104700E+4
1.162000E-2	0.000000E+0	8.127300E+4
1.164000E-2	0.000000E+0	8.096700E+4
1.166000E-2	0.000000E+0	8.061000E+4
1.168000E-2	0.000000E+0	8.123800E+4
1.170000E-2	0.000000E+0	8.146200E+4
1.172000E-2	0.000000E+0	8.102800E+4
1.174000E-2	0.000000E+0	8.095700E+4
1.176000E-2	0.000000E+0	8.117200E+4
1.178000E-2	0.000000E+0	8.101700E+4
1.180000E-2	0.000000E+0	8.095900E+4
1.182000E-2	0.000000E+0	8.174000E+4
1.184000E-2	0.000000E+0	8.117000E+4
1.186000E-2	0.000000E+0	8.056500E+4
1.188000E-2	0.000000E+0	8.056300E+4
1.190000E-2	0.000000E+0	8.115200E+4
1.192000E-2	0.000000E+0	8.083100E+4
1.194000E-2	0.000000E+0	8.132000E+4
1.196000E-2	0.000000E+0	8.062700E+4
1.198000E-2	0.000000E+0	8.088100E+4
1.200000E-2	0.000000E+0	8.099100E+4
1.202000E-2	0.000000E+0	8.117400E+4
1.204000E-2	0.000000E+0	8.084700E+4
1.206000E-2	0.000000E+0	8.111600E+4
1.208000E-2	0.000000E+0	8.137100E+4
1.210000E-2	0.000000E+0	8.107500E+4
1.212000E-2	0.000000E+0	8.096800E+4
1.214000E-2	0.000000E+0	8.090900E+4
1.216000E-2	0.000000E+0	8.100400E+4
1.218000E-2	0.000000E+0	8.069400E+4
1.220000E-2	0.000000E+0	8.108900E+4
1.222000E-2	0.000000E+0	8.102100E+4
1.224000E-2	0.000000E+0	8.091200E+4
1.226000E-2	0.000000E+0	8.054700E+4
1.228000E-2	0.000000E+0	8.092900E+4
1.230000E-2	0.000000E+0	8.084700E+4
1.232000E-2	0.000000E+0	8.127000E+4
1.234000E-2	0.000000E+0	8.133400E+4
1.236000E-2	0.000000E+0	8.095600E+4
1.238000E-2	0.000000E+0	8.103100E+4
1.240000E-2	0.000000E+0	8.050300E+4
1.242000E-2	0.000000E+0	8.118900E+4
1.244000E-2	0.000000E+0	8.127400E+4
1.246000E-2	0.000000E+0	8.025700E+4
1.248000E-2	0.000000E+0	8.082400E+4
1.250000E-2	0.000000E+0	8.122000E+4
1.252000E-2	0.000000E+0	8.112600E+4
1.254000E-2	0.000000E+0	8.051100E+4
1.256000E-2	0.000000E+0	8.116000E+4
1.258000E-2	0.000000E+0	8.137500E+4
1.260000E-2	0.000000E+0	8.109800E+4
1.262000E-2	0.000000E+0	8.056300E+4
1.264000E-2	0.000000E+0	8.082300E+4
1.266000E-2	0.000000E+0	8.088300E+4
1.268000E-2	0.000000E+0	8.092100E+4
1.270000E-2	0.000000E+0	8.107800E+4
1.272000E-2	0.000000E+0	8.083900E+4
1.274000E-2	0.000000E+0	8.093100E+4
1.276000E-2	0.000000E+0	8.135400E+4
1.278000E-2	0.000000E+0	8.103200E+4
1.280000E-2	0.000000E+0	8.120000E+4
1.282000E-2	0.000000E+0	8.075900E+4
1.284000E-2	0.000000E+0	8.126000E+4
1.286000E-2	0.000000E+0	8.124100E+4
1.288000E-2	0.000000E+0	8.126400E+4
1.290000E-2	0.000000E+0	8.057900E+4
1.292000E-2	0.000000E+0	8.098100E+4
1.294000E-2	0.000000E+0	8.072000E+4
1.296000E-2	0.000000E+0	8.108800E+4
1.298000E-2	0.000000E+0	8.098300E+4
1.300000E-2	0.000000E+0	8.066700E+4
1.302000E-2	0.000000E+0	8.144800E+4
1.304000E-2	0.000000E+0	8.126600E+4
1.306000E-2	0.000000E+0	8.083500E+4
1.308000E-2	0.000000E+0	8.162100E+4
1.310000E-2	0.000000E+0	8.132000E+4
1.312000E-2	0.000000E+0	8.089900E+4
1.314000E-2	0.000000E+0	8.089100E+4
1.316000E-2	0.000000E+0	8.118100E+4
1.318000E-2	0.000000E+0	8.105400E+4
1.320000E-2	0.000000E+0	8.105500E+4
1.322000E-2	0.000000E+0	8.091700E+4
1.324000E-2	0.000000E+0	8.080100E+4
1.326000E-2	0.000000E+0	8.109200E+4
1.328000E-2	0.000000E+0	8.153800E+4
1.330000E-2	0.000000E+0	8.134900E+4
1.332000E-2	0.000000E+0	8.147400E+4
1.334000E-2	0.000000E+0	8.114400E+4
1.336000E-2	0.000000E+0	8.108200E+4
1.338000E-2	0.000000E+0	8.067700E+4
1.340000E-2	0.000000E+0	8.150900E+4
1.342000E-2	0.000000E+0	8.135500E+4
1.344000E-2	0.000000E+0	8.123200E+4
1.346000E-2	0.000000E+0	8.118900E+4
1.348000E-2	0.000000E+0	8.127700E+4
1.350000E-2	0.000000E+0	8.118500E+4
1.352000E-2	0.000000E+0	8.092400E+4
1.354000E-2	0.000000E+0	8.122500E+4
1.356000E-2	0.000000E+0	8.113100E+4
1.358000E-2	0.000000E+0	8.023200E+4
1.360000E-2	0.000000E+0	8.099600E+4
1.362000E-2	0.000000E+0	8.087500E+4
1.364000E-2	0.000000E+0	8.106900E+4
1.366000E-2	0.000000E+0	8.078400E+4
1.368000E-2	0.000000E+0	8.126600E+4
1.370000E-2	0.000000E+0	8.124300E+4
1.372000E-2	0.000000E+0	8.101300E+4
1.374000E-2	0.000000E+0	8.075900E+4
1.376000E-2	0.000000E+0	8.126000E+4
1.378000E-2	0.000000E+0	8.191300E+4
1.380000E-2	0.000000E+0	8.049900E+4
1.382000E-2	0.000000E+0	8.039600E+4
1.384000E-2	0.000000E+0	8.059600E+4
1.386000E-2	0.000000E+0	8.174600E+4
1.388000E-2	0.000000E+0	8.099500E+4
1.390000E-2	0.000000E+0	8.128900E+4
1.392000E-2	0.000000E+0	8.075300E+4
1.394000E-2	0.000000E+0	8.154900E+4
1.396000E-2	0.000000E+0	8.068700E+4
1.398000E-2	0.000000E+0	8.151800E+4
1.400000E-2	0.000000E+0	8.100500E+4
1.402000E-2	0.000000E+0	8.119700E+4
1.404000E-2	0.000000E+0	8.147900E+4
1.406000E-2	0.000000E+0	8.096300E+4
1.408000E-2	0.000000E+0	8.119800E+4
1.410000E-2	0.000000E+0	8.111300E+4
1.412000E-2	0.000000E+0	8.052600E+4
1.414000E-2	0.000000E+0	8.095000E+4
1.416000E-2	0.000000E+0	8.128300E+4
1.418000E-2	0.000000E+0	8.124400E+4
1.420000E-2	0.000000E+0	8.099400E+4
1.422000E-2	0.000000E+0	8.104200E+4
1.424000E-2	0.000000E+0	8.080900E+4
1.426000E-2	0.000000E+0	8.133500E+4
1.428000E-2	0.000000E+0	8.127600E+4
1.430000E-2	0.000000E+0	8.098200E+4
1.432000E-2	0.000000E+0	8.165500E+4
1.434000E-2	0.000000E+0	8.099000E+4
1.436000E-2	0.000000E+0	8.094400E+4
1.438000E-2	0.000000E+0	8.093900E+4
1.440000E-2	0.000000E+0	8.122000E+4
1.442000E-2	0.000000E+0	8.123700E+4
1.444000E-2	0.000000E+0	8.166200E+4
1.446000E-2	0.000000E+0	8.093900E+4
1.448000E-2	0.000000E+0	8.076600E+4
1.450000E-2	0.000000E+0	8.094400E+4
1.452000E-2	0.000000E+0	8.102900E+4
1.454000E-2	0.000000E+0	8.083500E+4
1.456000E-2	0.000000E+0	8.111200E+4
1.458000E-2	0.000000E+0	8.090800E+4
1.460000E-2	0.000000E+0	8.077900E+4
1.462000E-2	0.000000E+0	8.135100E+4
1.464000E-2	0.000000E+0	8.120100E+4
1.466000E-2	0.000000E+0	8.103300E+4
1.468000E-2	0.000000E+0	8.104100E+4
1.470000E-2	0.000000E+0	8.036300E+4
1.472000E-2	0.000000E+0	8.087700E+4
1.474000E-2	0.000000E+0	8.135100E+4
1.476000E-2	0.000000E+0	8.089000E+4
1.478000E-2	0.000000E+0	8.151800E+4
1.480000E-2	0.000000E+0	8.110600E+4
1.482000E-2	0.000000E+0	8.103100E+4
1.484000E-2	0.000000E+0	8.099700E+4
1.486000E-2	0.000000E+0	8.108300E+4
1.488000E-2	0.000000E+0	8.058600E+4
1.490000E-2	0.000000E+0	8.126400E+4
1.492000E-2	0.000000E+0	8.130100E+4
1.494000E-2	0.000000E+0	8.112300E+4
1.496000E-2	0.000000E+0	8.122300E+4
1.498000E-2	0.000000E+0	8.105100E+4
1.500000E-2	0.000000E+0	8.129000E+4
1.502000E-2	0.000000E+0	8.106300E+4
1.504000E-2	0.000000E+0	8.166000E+4
1.506000E-2	0.000000E+0	8.089400E+4
1.508000E-2	0.000000E+0	8.117700E+4
1.510000E-2	0.000000E+0	8.117100E+4
1.512000E-2	0.000000E+0	8.092400E+4
1.514000E-2	0.000000E+0	8.065800E+4
1.516000E-2	0.000000E+0	8.107900E+4
1.518000E-2	0.000000E+0	8.103700E+4
1.520000E-2	0.000000E+0	8.070900E+4
1.522000E-2	0.000000E+0	8.104600E+4
1.524000E-2	0.000000E+0	8.092400E+4
1.526000E-2	0.000000E+0	8.053200E+4
1.528000E-2	0.000000E+0	8.161000E+4
1.530000E-2	0.000000E+0	8.174700E+4
1.532000E-2	0.000000E+0	8.098000E+4
1.534000E-2	0.000000E+0	8.120200E+4
1.536000E-2	0.000000E+0	8.093900E+4
1.538000E-2	0.000000E+0	8.098900E+4
1.540000E-2	0.000000E+0	8.116800E+4
1.542000E-2	0.000000E+0	8.080900E+4
1.544000E-2	0.000000E+0	8.079700E+4
1.546000E-2	0.000000E+0	8.051200E+4
1.548000E-2	0.000000E+0	8.080800E+4
1.550000E-2	0.000000E+0	8.108800E+4
1.552000E-2	0.000000E+0	8.096900E+4
1.554000E-2	0.000000E+0	8.088700E+4
1.556000E-2	0.000000E+0	8.137900E+4
1.558000E-2	0.000000E+0	8.135300E+4
1.560000E-2	0.000000E+0	8.107900E+4
1.562000E-2	0.000000E+0	8.099400E+4
1.564000E-2	0.000000E+0	8.072300E+4
1.566000E-2	0.000000E+0	8.109300E+4
1.568000E-2	0.000000E+0	8.090100E+4
1.570000E-2	0.000000E+0	8.112400E+4
1.572000E-2	0.000000E+0	8.114000E+4
1.574000E-2	0.000000E+0	8.118500E+4
1.576000E-2	0.000000E+0	8.070900E+4
1.578000E-2	0.000000E+0	8.074100E+4
1.580000E-2	0.000000E+0	8.127300E+4
1.582000E-2	0.000000E+0	8.125500E+4
1.584000E-2	0.000000E+0	8.096600E+4
1.586000E-2	0.000000E+0	8.088100E+4
1.588000E-2	0.000000E+0	8.101000E+4
1.590000E-2	0.000000E+0	8.110200E+4
1.592000E-2	0.000000E+0	8.074900E+4
1.594000E-2	0.000000E+0	8.114600E+4
1.596000E-2	0.000000E+0	8.093000E+4
1.598000E-2	0.000000E+0	8.095800E+4
1.600000E-2	0.000000E+0	8.100800E+4
1.602000E-2	0.000000E+0	8.085300E+4
1.604000E-2	0.000000E+0	8.111400E+4
1.606000E-2	0.000000E+0	8.130700E+4
1.608000E-2	0.000000E+0	8.091000E+4
1.610000E-2	0.000000E+0	8.090500E+4
1.612000E-2	0.000000E+0	8.075000E+4
1.614000E-2	0.000000E+0	8.097600E+4
1.616000E-2	0.000000E+0	8.143200E+4
1.618000E-2	0.000000E+0	8.028600E+4
1.620000E-2	0.000000E+0	8.068100E+4
1.622000E-2	0.000000E+0	8.038300E+4
1.624000E-2	0.000000E+0	8.096400E+4
1.626000E-2	0.000000E+0	8.077700E+4
1.628000E-2	0.000000E+0	8.090700E+4
1.630000E-2	0.000000E+0	8.072200E+4
1.632000E-2	0.000000E+0	8.077900E+4
1.634000E-2	0.000000E+0	8.104600E+4
1.636000E-2	0.000000E+0	8.066400E+4
1.638000E-2	0.000000E+0	8.091300E+4
1.640000E-2	0.000000E+0	8.065800E+4
1.642000E-2	0.000000E+0	8.097200E+4
1.644000E-2	0.000000E+0	8.120800E+4
1.646000E-2	0.000000E+0	8.023200E+4
1.648000E-2	0.000000E+0	8.145000E+4
1.650000E-2	0.000000E+0	8.127800E+4
1.652000E-2	0.000000E+0	8.103700E+4
1.654000E-2	0.000000E+0	8.060000E+4
1.656000E-2	0.000000E+0	8.096500E+4
1.658000E-2	0.000000E+0	8.129300E+4
1.660000E-2	0.000000E+0	8.056300E+4
1.662000E-2	0.000000E+0	8.101300E+4
1.664000E-2	0.000000E+0	8.102000E+4
1.666000E-2	0.000000E+0	8.098300E+4
1.668000E-2	0.000000E+0	8.063800E+4
1.670000E-2	0.000000E+0	8.085500E+4
1.672000E-2	0.000000E+0	8.064100E+4
1.674000E-2	0.000000E+0	8.041800E+4
1.676000E-2	0.000000E+0	8.059700E+4
1.678000E-2	0.000000E+0	8.067400E+4
1.680000E-2	0.000000E+0	8.104700E+4
1.682000E-2	0.000000E+0	8.033800E+4
1.684000E-2	0.000000E+0	8.052300E+4
1.686000E-2	0.000000E+0	8.041800E+4
1.688000E-2	0.000000E+0	8.033300E+4
1.690000E-2	0.000000E+0	7.988700E+4
1.692000E-2	0.000000E+0	8.030700E+4
1.694000E-2	0.000000E+0	8.002800E+4
1.696000E-2	0.000000E+0	7.991400E+4
1.698000E-2	0.000000E+0	7.954200E+4
1.700000E-2	0.000000E+0	7.915600E+4
1.702000E-2	0.000000E+0	7.889500E+4
1.704000E-2	0.000000E+0	7.821300E+4
1.706000E-2	0.000000E+0	7.792200E+4
1.708000E-2	0.000000E+0	7.751000E+4
1.710000E-2	0.000000E+0	7.564900E+4
1.712000E-2	0.000000E+0	7.429000E+4
1.714000E-2	0.000000E+0	7.071300E+4
1.716000E-2	0.000000E+0	6.580300E+4
1.718000E-2	0.000000E+0	6.066000E+4
1.720000E-2	0.000000E+0	5.470200E+4
1.722000E-2	0.000000E+0	5.056900E+4
1.724000E-2	0.000000E+0	4.887400E+4
1.726000E-2	0.000000E+0	4.998600E+4
1.728000E-2	0.000000E+0	5.367000E+4
1.730000E-2	0.000000E+0	5.951800E+4
1.732000E-2	0.000000E+0	6.395400E+4
1.734000E-2	0.000000E+0	6.930400E+4
1.736000E-2	0.000000E+0	7.264400E+4
1.738000E-2	0.000000E+0	7.475200E+4
1.740000E-2	0.000000E+0	7.704300E+4
1.742000E-2	0.000000E+0	7.784200E+4
1.744000E-2	0.000000E+0	7.816200E+4
1.746000E-2	0.000000E+0	7.910300E+4
1.748000E-2	0.000000E+0	7.918800E+4
1.750000E-2	0.000000E+0	7.938100E+4
1.752000E-2	0.000000E+0	7.947600E+4
1.754000E-2	0.000000E+0	8.074000E+4
1.756000E-2	0.000000E+0	7.995500E+4
1.758000E-2	0.000000E+0	7.990500E+4
1.760000E-2	0.000000E+0	8.066600E+4
1.762000E-2	0.000000E+0	8.026900E+4
1.764000E-2	0.000000E+0	8.043400E+4
1.766000E-2	0.000000E+0	8.035100E+4
1.768000E-2	0.000000E+0	8.066800E+4
1.770000E-2	0.000000E+0	8.066800E+4
1.772000E-2	0.000000E+0	8.092400E+4
1.774000E-2	0.000000E+0	8.008500E+4
1.776000E-2	0.000000E+0	8.041900E+4
1.778000E-2	0.000000E+0	8.072200E+4
1.780000E-2	0.000000E+0	8.092100E+4
1.782000E-2	0.000000E+0	8.088200E+4
1.784000E-2	0.000000E+0	8.123500E+4
1.786000E-2	0.000000E+0	8.148400E+4
1.788000E-2	0.000000E+0	8.068900E+4
1.790000E-2	0.000000E+0	8.052400E+4
1.792000E-2	0.000000E+0	8.108800E+4
1.794000E-2	0.000000E+0	8.101700E+4
1.796000E-2	0.000000E+0	8.104800E+4
1.798000E-2	0.000000E+0	8.074400E+4
1.800000E-2	0.000000E+0	8.080900E+4
1.802000E-2	0.000000E+0	8.021300E+4
1.804000E-2	0.000000E+0	8.092000E+4
1.806000E-2	0.000000E+0	8.086400E+4
1.808000E-2	0.000000E+0	8.092700E+4
1.810000E-2	0.000000E+0	8.116900E+4
1.812000E-2	0.000000E+0	8.097600E+4
1.814000E-2	0.000000E+0	8.053200E+4
1.816000E-2	0.000000E+0	8.106800E+4
1.818000E-2	0.000000E+0	8.075700E+4
1.820000E-2	0.000000E+0	8.102300E+4
1.822000E-2	0.000000E+0	8.067000E+4
1.824000E-2	0.000000E+0	8.058700E+4
1.826000E-2	0.000000E+0	8.080800E+4
1.828000E-2	0.000000E+0	8.129300E+4
1.830000E-2	0.000000E+0	8.060100E+4
1.832000E-2	0.000000E+0	8.069500E+4
1.834000E-2	0.000000E+0	8.110900E+4
1.836000E-2	0.000000E+0	8.040300E+4
1.838000E-2	0.000000E+0	8.091100E+4
1.840000E-2	0.000000E+0	8.154100E+4
1.842000E-2	0.000000E+0	8.107000E+4
1.844000E-2	0.000000E+0	8.143000E+4
1.846000E-2	0.000000E+0	8.116200E+4
1.848000E-2	0.000000E+0	8.070100E+4
1.850000E-2	0.000000E+0	8.097700E+4
1.852000E-2	0.000000E+0	8.062200E+4
1.854000E-2	0.000000E+0	8.067100E+4
1.856000E-2	0.000000E+0	8.124200E+4
1.858000E-2	0.000000E+0	8.044800E+4
1.860000E-2	0.000000E+0	8.105300E+4
1.862000E-2	0.000000E+0	8.087600E+4
1.864000E-2	0.000000E+0	8.192700E+4
1.866000E-2	0.000000E+0	8.035100E+4
1.868000E-2	0.000000E+0	8.130700E+4
1.870000E-2	0.000000E+0	8.094300E+4
1.872000E-2	0.000000E+0	8.081000E+4
1.874000E-2	0.000000E+0	8.089900E+4
1.876000E-2	0.000000E+0	8.083700E+4
1.878000E-2	0.000000E+0	8.065800E+4
1.880000E-2	0.000000E+0	8.066600E+4
1.882000E-2	0.000000E+0	8.092400E+4
1.884000E-2	0.000000E+0	8.052300E+4
1.886000E-2	0.000000E+0	8.102500E+4
1.888000E-2	0.000000E+0	8.078900E+4
1.890000E-2	0.000000E+0	8.118500E+4
1.892000E-2	0.000000E+0	8.077500E+4
1.894000E-2	0.000000E+0	8.103000E+4
1.896000E-2	0.000000E+0	8.117300E+4
1.898000E-2	0.000000E+0	8.173700E+4
1.900000E-2	0.000000E+0	8.102600E+4
1.902000E-2	0.000000E+0	8.078500E+4
1.904000E-2	0.000000E+0	8.114300E+4
1.906000E-2	0.000000E+0	8.084000E+4
1.908000E-2	0.000000E+0	8.118100E+4
1.910000E-2	0.000000E+0	8.044900E+4
1.912000E-2	0.000000E+0	8.060600E+4
1.914000E-2	0.000000E+0	8.141900E+4
1.916000E-2	0.000000E+0	8.065100E+4
1.918000E-2	0.000000E+0	8.096600E+4
1.920000E-2	0.000000E+0	8.081800E+4
1.922000E-2	0.000000E+0	8.074600E+4
1.924000E-2	0.000000E+0	8.170000E+4
1.926000E-2	0.000000E+0	8.103700E+4
1.928000E-2	0.000000E+0	8.096400E+4
1.930000E-2	0.000000E+0	8.080700E+4
1.932000E-2	0.000000E+0	8.111400E+4
1.934000E-2	0.000000E+0	8.121500E+4
1.936000E-2	0.000000E+0	8.066900E+4
1.938000E-2	0.000000E+0	8.081900E+4
1.940000E-2	0.000000E+0	8.088900E+4
1.942000E-2	0.000000E+0	8.083100E+4
1.944000E-2	0.000000E+0	8.097400E+4
1.946000E-2	0.000000E+0	8.099300E+4
1.948000E-2	0.000000E+0	8.107900E+4
1.950000E-2	0.000000E+0	8.127500E+4
1.952000E-2	0.000000E+0	8.085600E+4
1.954000E-2	0.000000E+0	8.118300E+4
1.956000E-2	0.000000E+0	8.092800E+4
1.958000E-2	0.000000E+0	8.094800E+4
1.960000E-2	0.000000E+0	8.043300E+4
1.962000E-2	0.000000E+0	8.095200E+4
1.964000E-2	0.000000E+0	8.127500E+4
1.966000E-2	0.000000E+0	8.106200E+4
1.968000E-2	0.000000E+0	8.078200E+4
1.970000E-2	0.000000E+0	8.113700E+4
1.972000E-2	0.000000E+0	8.066000E+4
1.974000E-2	0.000000E+0	8.058800E+4
1.976000E-2	0.000000E+0	8.062100E+4
1.978000E-2	0.000000E+0	8.078700E+4
1.980000E-2	0.000000E+0	8.109400E+4
1.982000E-2	0.000000E+0	8.111000E+4
1.984000E-2	0.000000E+0	8.075000E+4
1.986000E-2	0.000000E+0	8.123100E+4
1.988000E-2	0.000000E+0	8.128100E+4
1.990000E-2	0.000000E+0	8.124200E+4
1.992000E-2	0.000000E+0	8.108900E+4
1.994000E-2	0.000000E+0	8.144300E+4
1.996000E-2	0.000000E+0	8.099400E+4
1.998000E-2	0.000000E+0	8.070200E+4
