

live time:  205042.580000
real time:  237608.194000
sweeps:  10252129.000000
0.000000E+0	0.000000E+0	0.000000E+0
2.000000E-5	0.000000E+0	1.024100E+5
4.000000E-5	0.000000E+0	1.023790E+5
6.000000E-5	0.000000E+0	1.026070E+5
8.000000E-5	0.000000E+0	1.030100E+5
1.000000E-4	0.000000E+0	1.021950E+5
1.200000E-4	0.000000E+0	1.026940E+5
1.400000E-4	0.000000E+0	1.031680E+5
1.600000E-4	0.000000E+0	1.033460E+5
1.800000E-4	0.000000E+0	1.030480E+5
2.000000E-4	0.000000E+0	1.029810E+5
2.200000E-4	0.000000E+0	1.031720E+5
2.400000E-4	0.000000E+0	1.029860E+5
2.600000E-4	0.000000E+0	1.032850E+5
2.800000E-4	0.000000E+0	1.028170E+5
3.000000E-4	0.000000E+0	1.030450E+5
3.200000E-4	0.000000E+0	1.025560E+5
3.400000E-4	0.000000E+0	1.029340E+5
3.600000E-4	0.000000E+0	1.025050E+5
3.800000E-4	0.000000E+0	1.030880E+5
4.000000E-4	0.000000E+0	1.033600E+5
4.200000E-4	0.000000E+0	1.028610E+5
4.400000E-4	0.000000E+0	1.022860E+5
4.600000E-4	0.000000E+0	1.027500E+5
4.800000E-4	0.000000E+0	1.031210E+5
5.000000E-4	0.000000E+0	1.028600E+5
5.200000E-4	0.000000E+0	1.031590E+5
5.400000E-4	0.000000E+0	1.029680E+5
5.600000E-4	0.000000E+0	1.030870E+5
5.800000E-4	0.000000E+0	1.026380E+5
6.000000E-4	0.000000E+0	1.025420E+5
6.200000E-4	0.000000E+0	1.026050E+5
6.400000E-4	0.000000E+0	1.026500E+5
6.600000E-4	0.000000E+0	1.026220E+5
6.800000E-4	0.000000E+0	1.024680E+5
7.000000E-4	0.000000E+0	1.029780E+5
7.200000E-4	0.000000E+0	1.030420E+5
7.400000E-4	0.000000E+0	1.027260E+5
7.600000E-4	0.000000E+0	1.024810E+5
7.800000E-4	0.000000E+0	1.027740E+5
8.000000E-4	0.000000E+0	1.030530E+5
8.200000E-4	0.000000E+0	1.026120E+5
8.400000E-4	0.000000E+0	1.029140E+5
8.600000E-4	0.000000E+0	1.028810E+5
8.800000E-4	0.000000E+0	1.031160E+5
9.000000E-4	0.000000E+0	1.020610E+5
9.200000E-4	0.000000E+0	1.025930E+5
9.400000E-4	0.000000E+0	1.032340E+5
9.600000E-4	0.000000E+0	1.027140E+5
9.800000E-4	0.000000E+0	1.029110E+5
1.000000E-3	0.000000E+0	1.025510E+5
1.020000E-3	0.000000E+0	1.028490E+5
1.040000E-3	0.000000E+0	1.031320E+5
1.060000E-3	0.000000E+0	1.027430E+5
1.080000E-3	0.000000E+0	1.026640E+5
1.100000E-3	0.000000E+0	1.028850E+5
1.120000E-3	0.000000E+0	1.028040E+5
1.140000E-3	0.000000E+0	1.029210E+5
1.160000E-3	0.000000E+0	1.027730E+5
1.180000E-3	0.000000E+0	1.026260E+5
1.200000E-3	0.000000E+0	1.030430E+5
1.220000E-3	0.000000E+0	1.026470E+5
1.240000E-3	0.000000E+0	1.028210E+5
1.260000E-3	0.000000E+0	1.024140E+5
1.280000E-3	0.000000E+0	1.029260E+5
1.300000E-3	0.000000E+0	1.030400E+5
1.320000E-3	0.000000E+0	1.027390E+5
1.340000E-3	0.000000E+0	1.032930E+5
1.360000E-3	0.000000E+0	1.028680E+5
1.380000E-3	0.000000E+0	1.028170E+5
1.400000E-3	0.000000E+0	1.030870E+5
1.420000E-3	0.000000E+0	1.027060E+5
1.440000E-3	0.000000E+0	1.029400E+5
1.460000E-3	0.000000E+0	1.033250E+5
1.480000E-3	0.000000E+0	1.026800E+5
1.500000E-3	0.000000E+0	1.019290E+5
1.520000E-3	0.000000E+0	1.026130E+5
1.540000E-3	0.000000E+0	1.029910E+5
1.560000E-3	0.000000E+0	1.028300E+5
1.580000E-3	0.000000E+0	1.026330E+5
1.600000E-3	0.000000E+0	1.032100E+5
1.620000E-3	0.000000E+0	1.036180E+5
1.640000E-3	0.000000E+0	1.029690E+5
1.660000E-3	0.000000E+0	1.027530E+5
1.680000E-3	0.000000E+0	1.027960E+5
1.700000E-3	0.000000E+0	1.025380E+5
1.720000E-3	0.000000E+0	1.025080E+5
1.740000E-3	0.000000E+0	1.028850E+5
1.760000E-3	0.000000E+0	1.034340E+5
1.780000E-3	0.000000E+0	1.033220E+5
1.800000E-3	0.000000E+0	1.026540E+5
1.820000E-3	0.000000E+0	1.032420E+5
1.840000E-3	0.000000E+0	1.032970E+5
1.860000E-3	0.000000E+0	1.029050E+5
1.880000E-3	0.000000E+0	1.029690E+5
1.900000E-3	0.000000E+0	1.028750E+5
1.920000E-3	0.000000E+0	1.029020E+5
1.940000E-3	0.000000E+0	1.029960E+5
1.960000E-3	0.000000E+0	1.028770E+5
1.980000E-3	0.000000E+0	1.034500E+5
2.000000E-3	0.000000E+0	1.030170E+5
2.020000E-3	0.000000E+0	1.032200E+5
2.040000E-3	0.000000E+0	1.028750E+5
2.060000E-3	0.000000E+0	1.036600E+5
2.080000E-3	0.000000E+0	1.022760E+5
2.100000E-3	0.000000E+0	1.025570E+5
2.120000E-3	0.000000E+0	1.030870E+5
2.140000E-3	0.000000E+0	1.029500E+5
2.160000E-3	0.000000E+0	1.028060E+5
2.180000E-3	0.000000E+0	1.029400E+5
2.200000E-3	0.000000E+0	1.025410E+5
2.220000E-3	0.000000E+0	1.022970E+5
2.240000E-3	0.000000E+0	1.029610E+5
2.260000E-3	0.000000E+0	1.027580E+5
2.280000E-3	0.000000E+0	1.032280E+5
2.300000E-3	0.000000E+0	1.034330E+5
2.320000E-3	0.000000E+0	1.026270E+5
2.340000E-3	0.000000E+0	1.022990E+5
2.360000E-3	0.000000E+0	1.027830E+5
2.380000E-3	0.000000E+0	1.023760E+5
2.400000E-3	0.000000E+0	1.032020E+5
2.420000E-3	0.000000E+0	1.029570E+5
2.440000E-3	0.000000E+0	1.025890E+5
2.460000E-3	0.000000E+0	1.029120E+5
2.480000E-3	0.000000E+0	1.025390E+5
2.500000E-3	0.000000E+0	1.027160E+5
2.520000E-3	0.000000E+0	1.029560E+5
2.540000E-3	0.000000E+0	1.030330E+5
2.560000E-3	0.000000E+0	1.024650E+5
2.580000E-3	0.000000E+0	1.032360E+5
2.600000E-3	0.000000E+0	1.031850E+5
2.620000E-3	0.000000E+0	1.024820E+5
2.640000E-3	0.000000E+0	1.029350E+5
2.660000E-3	0.000000E+0	1.025220E+5
2.680000E-3	0.000000E+0	1.036090E+5
2.700000E-3	0.000000E+0	1.026900E+5
2.720000E-3	0.000000E+0	1.023380E+5
2.740000E-3	0.000000E+0	1.028100E+5
2.760000E-3	0.000000E+0	1.033110E+5
2.780000E-3	0.000000E+0	1.028190E+5
2.800000E-3	0.000000E+0	1.025500E+5
2.820000E-3	0.000000E+0	1.022640E+5
2.840000E-3	0.000000E+0	1.030040E+5
2.860000E-3	0.000000E+0	1.029760E+5
2.880000E-3	0.000000E+0	1.031970E+5
2.900000E-3	0.000000E+0	1.022020E+5
2.920000E-3	0.000000E+0	1.029960E+5
2.940000E-3	0.000000E+0	1.025650E+5
2.960000E-3	0.000000E+0	1.028420E+5
2.980000E-3	0.000000E+0	1.028590E+5
3.000000E-3	0.000000E+0	1.025710E+5
3.020000E-3	0.000000E+0	1.030580E+5
3.040000E-3	0.000000E+0	1.029530E+5
3.060000E-3	0.000000E+0	1.030620E+5
3.080000E-3	0.000000E+0	1.024890E+5
3.100000E-3	0.000000E+0	1.032100E+5
3.120000E-3	0.000000E+0	1.028260E+5
3.140000E-3	0.000000E+0	1.024050E+5
3.160000E-3	0.000000E+0	1.025790E+5
3.180000E-3	0.000000E+0	1.027470E+5
3.200000E-3	0.000000E+0	1.029470E+5
3.220000E-3	0.000000E+0	1.026480E+5
3.240000E-3	0.000000E+0	1.027690E+5
3.260000E-3	0.000000E+0	1.029660E+5
3.280000E-3	0.000000E+0	1.031460E+5
3.300000E-3	0.000000E+0	1.032160E+5
3.320000E-3	0.000000E+0	1.030450E+5
3.340000E-3	0.000000E+0	1.026360E+5
3.360000E-3	0.000000E+0	1.029300E+5
3.380000E-3	0.000000E+0	1.024660E+5
3.400000E-3	0.000000E+0	1.029740E+5
3.420000E-3	0.000000E+0	1.027860E+5
3.440000E-3	0.000000E+0	1.025030E+5
3.460000E-3	0.000000E+0	1.032650E+5
3.480000E-3	0.000000E+0	1.033040E+5
3.500000E-3	0.000000E+0	1.032810E+5
3.520000E-3	0.000000E+0	1.028950E+5
3.540000E-3	0.000000E+0	1.037410E+5
3.560000E-3	0.000000E+0	1.026120E+5
3.580000E-3	0.000000E+0	1.029700E+5
3.600000E-3	0.000000E+0	1.018320E+5
3.620000E-3	0.000000E+0	1.028790E+5
3.640000E-3	0.000000E+0	1.030100E+5
3.660000E-3	0.000000E+0	1.027560E+5
3.680000E-3	0.000000E+0	1.030930E+5
3.700000E-3	0.000000E+0	1.026040E+5
3.720000E-3	0.000000E+0	1.023820E+5
3.740000E-3	0.000000E+0	1.027870E+5
3.760000E-3	0.000000E+0	1.029170E+5
3.780000E-3	0.000000E+0	1.030250E+5
3.800000E-3	0.000000E+0	1.024660E+5
3.820000E-3	0.000000E+0	1.024890E+5
3.840000E-3	0.000000E+0	1.030700E+5
3.860000E-3	0.000000E+0	1.029890E+5
3.880000E-3	0.000000E+0	1.023620E+5
3.900000E-3	0.000000E+0	1.022050E+5
3.920000E-3	0.000000E+0	1.031790E+5
3.940000E-3	0.000000E+0	1.029300E+5
3.960000E-3	0.000000E+0	1.028310E+5
3.980000E-3	0.000000E+0	1.028340E+5
4.000000E-3	0.000000E+0	1.027800E+5
4.020000E-3	0.000000E+0	1.030380E+5
4.040000E-3	0.000000E+0	1.028210E+5
4.060000E-3	0.000000E+0	1.023210E+5
4.080000E-3	0.000000E+0	1.028670E+5
4.100000E-3	0.000000E+0	1.028730E+5
4.120000E-3	0.000000E+0	1.027380E+5
4.140000E-3	0.000000E+0	1.029860E+5
4.160000E-3	0.000000E+0	1.023030E+5
4.180000E-3	0.000000E+0	1.029060E+5
4.200000E-3	0.000000E+0	1.023870E+5
4.220000E-3	0.000000E+0	1.030660E+5
4.240000E-3	0.000000E+0	1.024330E+5
4.260000E-3	0.000000E+0	1.025010E+5
4.280000E-3	0.000000E+0	1.035010E+5
4.300000E-3	0.000000E+0	1.025710E+5
4.320000E-3	0.000000E+0	1.033480E+5
4.340000E-3	0.000000E+0	1.029370E+5
4.360000E-3	0.000000E+0	1.030750E+5
4.380000E-3	0.000000E+0	1.023610E+5
4.400000E-3	0.000000E+0	1.037670E+5
4.420000E-3	0.000000E+0	1.027430E+5
4.440000E-3	0.000000E+0	1.029630E+5
4.460000E-3	0.000000E+0	1.031630E+5
4.480000E-3	0.000000E+0	1.027180E+5
4.500000E-3	0.000000E+0	1.024660E+5
4.520000E-3	0.000000E+0	1.029140E+5
4.540000E-3	0.000000E+0	1.030680E+5
4.560000E-3	0.000000E+0	1.032380E+5
4.580000E-3	0.000000E+0	1.032360E+5
4.600000E-3	0.000000E+0	1.033270E+5
4.620000E-3	0.000000E+0	1.026690E+5
4.640000E-3	0.000000E+0	1.033160E+5
4.660000E-3	0.000000E+0	1.026800E+5
4.680000E-3	0.000000E+0	1.027750E+5
4.700000E-3	0.000000E+0	1.028540E+5
4.720000E-3	0.000000E+0	1.030330E+5
4.740000E-3	0.000000E+0	1.028270E+5
4.760000E-3	0.000000E+0	1.024950E+5
4.780000E-3	0.000000E+0	1.021960E+5
4.800000E-3	0.000000E+0	1.032900E+5
4.820000E-3	0.000000E+0	1.025460E+5
4.840000E-3	0.000000E+0	1.026740E+5
4.860000E-3	0.000000E+0	1.028190E+5
4.880000E-3	0.000000E+0	1.029340E+5
4.900000E-3	0.000000E+0	1.032080E+5
4.920000E-3	0.000000E+0	1.026680E+5
4.940000E-3	0.000000E+0	1.034130E+5
4.960000E-3	0.000000E+0	1.027720E+5
4.980000E-3	0.000000E+0	1.024820E+5
5.000000E-3	0.000000E+0	1.021680E+5
5.020000E-3	0.000000E+0	1.026230E+5
5.040000E-3	0.000000E+0	1.027730E+5
5.060000E-3	0.000000E+0	1.033800E+5
5.080000E-3	0.000000E+0	1.029510E+5
5.100000E-3	0.000000E+0	1.029180E+5
5.120000E-3	0.000000E+0	1.032780E+5
5.140000E-3	0.000000E+0	1.027910E+5
5.160000E-3	0.000000E+0	1.033460E+5
5.180000E-3	0.000000E+0	1.023630E+5
5.200000E-3	0.000000E+0	1.024180E+5
5.220000E-3	0.000000E+0	1.026060E+5
5.240000E-3	0.000000E+0	1.022910E+5
5.260000E-3	0.000000E+0	1.029770E+5
5.280000E-3	0.000000E+0	1.020080E+5
5.300000E-3	0.000000E+0	1.020850E+5
5.320000E-3	0.000000E+0	1.023770E+5
5.340000E-3	0.000000E+0	1.022370E+5
5.360000E-3	0.000000E+0	1.023720E+5
5.380000E-3	0.000000E+0	1.021590E+5
5.400000E-3	0.000000E+0	1.022030E+5
5.420000E-3	0.000000E+0	1.022140E+5
5.440000E-3	0.000000E+0	1.018060E+5
5.460000E-3	0.000000E+0	1.024450E+5
5.480000E-3	0.000000E+0	1.014580E+5
5.500000E-3	0.000000E+0	1.013960E+5
5.520000E-3	0.000000E+0	1.018310E+5
5.540000E-3	0.000000E+0	1.016630E+5
5.560000E-3	0.000000E+0	1.018720E+5
5.580000E-3	0.000000E+0	1.013150E+5
5.600000E-3	0.000000E+0	1.016510E+5
5.620000E-3	0.000000E+0	1.000730E+5
5.640000E-3	0.000000E+0	9.969800E+4
5.660000E-3	0.000000E+0	9.879300E+4
5.680000E-3	0.000000E+0	9.700800E+4
5.700000E-3	0.000000E+0	9.612500E+4
5.720000E-3	0.000000E+0	9.289900E+4
5.740000E-3	0.000000E+0	8.846300E+4
5.760000E-3	0.000000E+0	8.291200E+4
5.780000E-3	0.000000E+0	7.511800E+4
5.800000E-3	0.000000E+0	6.782700E+4
5.820000E-3	0.000000E+0	6.269900E+4
5.840000E-3	0.000000E+0	6.094600E+4
5.860000E-3	0.000000E+0	6.289800E+4
5.880000E-3	0.000000E+0	6.849900E+4
5.900000E-3	0.000000E+0	7.659200E+4
5.920000E-3	0.000000E+0	8.400600E+4
5.940000E-3	0.000000E+0	9.054600E+4
5.960000E-3	0.000000E+0	9.375500E+4
5.980000E-3	0.000000E+0	9.683500E+4
6.000000E-3	0.000000E+0	9.874100E+4
6.020000E-3	0.000000E+0	9.918000E+4
6.040000E-3	0.000000E+0	9.997200E+4
6.060000E-3	0.000000E+0	1.005030E+5
6.080000E-3	0.000000E+0	1.008520E+5
6.100000E-3	0.000000E+0	1.011390E+5
6.120000E-3	0.000000E+0	1.012540E+5
6.140000E-3	0.000000E+0	1.018620E+5
6.160000E-3	0.000000E+0	1.012720E+5
6.180000E-3	0.000000E+0	1.020520E+5
6.200000E-3	0.000000E+0	1.021370E+5
6.220000E-3	0.000000E+0	1.016690E+5
6.240000E-3	0.000000E+0	1.022470E+5
6.260000E-3	0.000000E+0	1.023600E+5
6.280000E-3	0.000000E+0	1.024760E+5
6.300000E-3	0.000000E+0	1.025170E+5
6.320000E-3	0.000000E+0	1.019590E+5
6.340000E-3	0.000000E+0	1.026740E+5
6.360000E-3	0.000000E+0	1.023950E+5
6.380000E-3	0.000000E+0	1.027760E+5
6.400000E-3	0.000000E+0	1.029930E+5
6.420000E-3	0.000000E+0	1.032360E+5
6.440000E-3	0.000000E+0	1.019680E+5
6.460000E-3	0.000000E+0	1.024920E+5
6.480000E-3	0.000000E+0	1.028370E+5
6.500000E-3	0.000000E+0	1.025370E+5
6.520000E-3	0.000000E+0	1.024280E+5
6.540000E-3	0.000000E+0	1.028410E+5
6.560000E-3	0.000000E+0	1.027970E+5
6.580000E-3	0.000000E+0	1.027060E+5
6.600000E-3	0.000000E+0	1.023260E+5
6.620000E-3	0.000000E+0	1.026760E+5
6.640000E-3	0.000000E+0	1.028290E+5
6.660000E-3	0.000000E+0	1.025580E+5
6.680000E-3	0.000000E+0	1.025850E+5
6.700000E-3	0.000000E+0	1.026320E+5
6.720000E-3	0.000000E+0	1.025240E+5
6.740000E-3	0.000000E+0	1.027010E+5
6.760000E-3	0.000000E+0	1.026820E+5
6.780000E-3	0.000000E+0	1.029490E+5
6.800000E-3	0.000000E+0	1.025160E+5
6.820000E-3	0.000000E+0	1.028180E+5
6.840000E-3	0.000000E+0	1.026750E+5
6.860000E-3	0.000000E+0	1.035450E+5
6.880000E-3	0.000000E+0	1.024820E+5
6.900000E-3	0.000000E+0	1.028260E+5
6.920000E-3	0.000000E+0	1.033100E+5
6.940000E-3	0.000000E+0	1.027770E+5
6.960000E-3	0.000000E+0	1.016650E+5
6.980000E-3	0.000000E+0	1.029190E+5
7.000000E-3	0.000000E+0	1.031480E+5
7.020000E-3	0.000000E+0	1.030680E+5
7.040000E-3	0.000000E+0	1.025300E+5
7.060000E-3	0.000000E+0	1.029000E+5
7.080000E-3	0.000000E+0	1.029050E+5
7.100000E-3	0.000000E+0	1.022550E+5
7.120000E-3	0.000000E+0	1.027220E+5
7.140000E-3	0.000000E+0	1.030740E+5
7.160000E-3	0.000000E+0	1.029030E+5
7.180000E-3	0.000000E+0	1.031440E+5
7.200000E-3	0.000000E+0	1.022600E+5
7.220000E-3	0.000000E+0	1.030010E+5
7.240000E-3	0.000000E+0	1.029850E+5
7.260000E-3	0.000000E+0	1.033230E+5
7.280000E-3	0.000000E+0	1.029160E+5
7.300000E-3	0.000000E+0	1.027990E+5
7.320000E-3	0.000000E+0	1.027830E+5
7.340000E-3	0.000000E+0	1.031540E+5
7.360000E-3	0.000000E+0	1.028720E+5
7.380000E-3	0.000000E+0	1.031710E+5
7.400000E-3	0.000000E+0	1.027530E+5
7.420000E-3	0.000000E+0	1.029280E+5
7.440000E-3	0.000000E+0	1.029070E+5
7.460000E-3	0.000000E+0	1.025050E+5
7.480000E-3	0.000000E+0	1.027890E+5
7.500000E-3	0.000000E+0	1.020260E+5
7.520000E-3	0.000000E+0	1.029550E+5
7.540000E-3	0.000000E+0	1.030210E+5
7.560000E-3	0.000000E+0	1.031500E+5
7.580000E-3	0.000000E+0	1.027220E+5
7.600000E-3	0.000000E+0	1.024390E+5
7.620000E-3	0.000000E+0	1.032770E+5
7.640000E-3	0.000000E+0	1.027030E+5
7.660000E-3	0.000000E+0	1.033610E+5
7.680000E-3	0.000000E+0	1.031940E+5
7.700000E-3	0.000000E+0	1.026730E+5
7.720000E-3	0.000000E+0	1.028670E+5
7.740000E-3	0.000000E+0	1.023890E+5
7.760000E-3	0.000000E+0	1.033000E+5
7.780000E-3	0.000000E+0	1.025840E+5
7.800000E-3	0.000000E+0	1.031100E+5
7.820000E-3	0.000000E+0	1.027460E+5
7.840000E-3	0.000000E+0	1.029160E+5
7.860000E-3	0.000000E+0	1.028480E+5
7.880000E-3	0.000000E+0	1.029370E+5
7.900000E-3	0.000000E+0	1.032800E+5
7.920000E-3	0.000000E+0	1.026750E+5
7.940000E-3	0.000000E+0	1.028020E+5
7.960000E-3	0.000000E+0	1.028670E+5
7.980000E-3	0.000000E+0	1.023520E+5
8.000000E-3	0.000000E+0	1.023790E+5
8.020000E-3	0.000000E+0	1.025570E+5
8.040000E-3	0.000000E+0	1.020260E+5
8.060000E-3	0.000000E+0	1.030120E+5
8.080000E-3	0.000000E+0	1.039380E+5
8.100000E-3	0.000000E+0	1.023370E+5
8.120000E-3	0.000000E+0	1.026460E+5
8.140000E-3	0.000000E+0	1.029900E+5
8.160000E-3	0.000000E+0	1.027190E+5
8.180000E-3	0.000000E+0	1.025220E+5
8.200000E-3	0.000000E+0	1.027790E+5
8.220000E-3	0.000000E+0	1.025680E+5
8.240000E-3	0.000000E+0	1.031040E+5
8.260000E-3	0.000000E+0	1.022660E+5
8.280000E-3	0.000000E+0	1.032220E+5
8.300000E-3	0.000000E+0	1.030720E+5
8.320000E-3	0.000000E+0	1.029360E+5
8.340000E-3	0.000000E+0	1.032760E+5
8.360000E-3	0.000000E+0	1.024660E+5
8.380000E-3	0.000000E+0	1.032540E+5
8.400000E-3	0.000000E+0	1.029790E+5
8.420000E-3	0.000000E+0	1.026440E+5
8.440000E-3	0.000000E+0	1.031080E+5
8.460000E-3	0.000000E+0	1.030150E+5
8.480000E-3	0.000000E+0	1.027560E+5
8.500000E-3	0.000000E+0	1.030350E+5
8.520000E-3	0.000000E+0	1.028720E+5
8.540000E-3	0.000000E+0	1.030330E+5
8.560000E-3	0.000000E+0	1.032640E+5
8.580000E-3	0.000000E+0	1.027050E+5
8.600000E-3	0.000000E+0	1.030330E+5
8.620000E-3	0.000000E+0	1.027570E+5
8.640000E-3	0.000000E+0	1.031540E+5
8.660000E-3	0.000000E+0	1.026190E+5
8.680000E-3	0.000000E+0	1.029400E+5
8.700000E-3	0.000000E+0	1.030660E+5
8.720000E-3	0.000000E+0	1.027270E+5
8.740000E-3	0.000000E+0	1.029990E+5
8.760000E-3	0.000000E+0	1.037590E+5
8.780000E-3	0.000000E+0	1.025840E+5
8.800000E-3	0.000000E+0	1.029210E+5
8.820000E-3	0.000000E+0	1.028780E+5
8.840000E-3	0.000000E+0	1.029160E+5
8.860000E-3	0.000000E+0	1.027740E+5
8.880000E-3	0.000000E+0	1.027060E+5
8.900000E-3	0.000000E+0	1.037080E+5
8.920000E-3	0.000000E+0	1.028510E+5
8.940000E-3	0.000000E+0	1.027490E+5
8.960000E-3	0.000000E+0	1.027010E+5
8.980000E-3	0.000000E+0	1.025140E+5
9.000000E-3	0.000000E+0	1.026960E+5
9.020000E-3	0.000000E+0	1.027980E+5
9.040000E-3	0.000000E+0	1.033020E+5
9.060000E-3	0.000000E+0	1.026470E+5
9.080000E-3	0.000000E+0	1.030310E+5
9.100000E-3	0.000000E+0	1.025710E+5
9.120000E-3	0.000000E+0	1.030280E+5
9.140000E-3	0.000000E+0	1.030690E+5
9.160000E-3	0.000000E+0	1.018160E+5
9.180000E-3	0.000000E+0	1.026070E+5
9.200000E-3	0.000000E+0	1.031210E+5
9.220000E-3	0.000000E+0	1.027240E+5
9.240000E-3	0.000000E+0	1.027380E+5
9.260000E-3	0.000000E+0	1.027920E+5
9.280000E-3	0.000000E+0	1.026390E+5
9.300000E-3	0.000000E+0	1.027600E+5
9.320000E-3	0.000000E+0	1.025500E+5
9.340000E-3	0.000000E+0	1.029420E+5
9.360000E-3	0.000000E+0	1.029150E+5
9.380000E-3	0.000000E+0	1.030690E+5
9.400000E-3	0.000000E+0	1.027750E+5
9.420000E-3	0.000000E+0	1.028840E+5
9.440000E-3	0.000000E+0	1.026620E+5
9.460000E-3	0.000000E+0	1.030920E+5
9.480000E-3	0.000000E+0	1.027680E+5
9.500000E-3	0.000000E+0	1.033800E+5
9.520000E-3	0.000000E+0	1.030040E+5
9.540000E-3	0.000000E+0	1.022050E+5
9.560000E-3	0.000000E+0	1.030960E+5
9.580000E-3	0.000000E+0	1.030780E+5
9.600000E-3	0.000000E+0	1.022900E+5
9.620000E-3	0.000000E+0	1.028440E+5
9.640000E-3	0.000000E+0	1.030860E+5
9.660000E-3	0.000000E+0	1.029880E+5
9.680000E-3	0.000000E+0	1.022150E+5
9.700000E-3	0.000000E+0	1.029270E+5
9.720000E-3	0.000000E+0	1.029560E+5
9.740000E-3	0.000000E+0	1.033610E+5
9.760000E-3	0.000000E+0	1.023260E+5
9.780000E-3	0.000000E+0	1.027640E+5
9.800000E-3	0.000000E+0	1.031860E+5
9.820000E-3	0.000000E+0	1.027250E+5
9.840000E-3	0.000000E+0	1.029030E+5
9.860000E-3	0.000000E+0	1.033220E+5
9.880000E-3	0.000000E+0	1.032300E+5
9.900000E-3	0.000000E+0	1.031100E+5
9.920000E-3	0.000000E+0	1.033160E+5
9.940000E-3	0.000000E+0	1.024140E+5
9.960000E-3	0.000000E+0	1.022650E+5
9.980000E-3	0.000000E+0	1.026060E+5
1.000000E-2	0.000000E+0	1.029730E+5
1.002000E-2	0.000000E+0	1.025110E+5
1.004000E-2	0.000000E+0	1.027700E+5
1.006000E-2	0.000000E+0	1.026670E+5
1.008000E-2	0.000000E+0	1.031830E+5
1.010000E-2	0.000000E+0	1.033530E+5
1.012000E-2	0.000000E+0	1.029780E+5
1.014000E-2	0.000000E+0	1.036550E+5
1.016000E-2	0.000000E+0	1.032950E+5
1.018000E-2	0.000000E+0	1.031570E+5
1.020000E-2	0.000000E+0	1.035010E+5
1.022000E-2	0.000000E+0	1.030870E+5
1.024000E-2	0.000000E+0	1.030150E+5
1.026000E-2	0.000000E+0	1.027770E+5
1.028000E-2	0.000000E+0	1.028950E+5
1.030000E-2	0.000000E+0	1.028010E+5
1.032000E-2	0.000000E+0	1.029740E+5
1.034000E-2	0.000000E+0	1.032160E+5
1.036000E-2	0.000000E+0	1.027790E+5
1.038000E-2	0.000000E+0	1.030000E+5
1.040000E-2	0.000000E+0	1.031660E+5
1.042000E-2	0.000000E+0	1.027350E+5
1.044000E-2	0.000000E+0	1.033990E+5
1.046000E-2	0.000000E+0	1.027400E+5
1.048000E-2	0.000000E+0	1.033090E+5
1.050000E-2	0.000000E+0	1.025490E+5
1.052000E-2	0.000000E+0	1.030470E+5
1.054000E-2	0.000000E+0	1.031310E+5
1.056000E-2	0.000000E+0	1.029860E+5
1.058000E-2	0.000000E+0	1.028400E+5
1.060000E-2	0.000000E+0	1.020950E+5
1.062000E-2	0.000000E+0	1.025100E+5
1.064000E-2	0.000000E+0	1.027240E+5
1.066000E-2	0.000000E+0	1.030760E+5
1.068000E-2	0.000000E+0	1.024760E+5
1.070000E-2	0.000000E+0	1.025880E+5
1.072000E-2	0.000000E+0	1.025470E+5
1.074000E-2	0.000000E+0	1.029560E+5
1.076000E-2	0.000000E+0	1.028500E+5
1.078000E-2	0.000000E+0	1.025880E+5
1.080000E-2	0.000000E+0	1.028250E+5
1.082000E-2	0.000000E+0	1.025210E+5
1.084000E-2	0.000000E+0	1.024660E+5
1.086000E-2	0.000000E+0	1.024180E+5
1.088000E-2	0.000000E+0	1.028830E+5
1.090000E-2	0.000000E+0	1.031920E+5
1.092000E-2	0.000000E+0	1.024650E+5
1.094000E-2	0.000000E+0	1.027080E+5
1.096000E-2	0.000000E+0	1.029350E+5
1.098000E-2	0.000000E+0	1.027440E+5
1.100000E-2	0.000000E+0	1.029230E+5
1.102000E-2	0.000000E+0	1.022010E+5
1.104000E-2	0.000000E+0	1.030790E+5
1.106000E-2	0.000000E+0	1.023180E+5
1.108000E-2	0.000000E+0	1.035480E+5
1.110000E-2	0.000000E+0	1.030390E+5
1.112000E-2	0.000000E+0	1.026920E+5
1.114000E-2	0.000000E+0	1.026280E+5
1.116000E-2	0.000000E+0	1.028660E+5
1.118000E-2	0.000000E+0	1.028260E+5
1.120000E-2	0.000000E+0	1.024930E+5
1.122000E-2	0.000000E+0	1.025170E+5
1.124000E-2	0.000000E+0	1.034360E+5
1.126000E-2	0.000000E+0	1.032390E+5
1.128000E-2	0.000000E+0	1.035410E+5
1.130000E-2	0.000000E+0	1.023090E+5
1.132000E-2	0.000000E+0	1.033900E+5
1.134000E-2	0.000000E+0	1.029670E+5
1.136000E-2	0.000000E+0	1.028700E+5
1.138000E-2	0.000000E+0	1.026100E+5
1.140000E-2	0.000000E+0	1.029820E+5
1.142000E-2	0.000000E+0	1.026350E+5
1.144000E-2	0.000000E+0	1.030440E+5
1.146000E-2	0.000000E+0	1.031030E+5
1.148000E-2	0.000000E+0	1.029950E+5
1.150000E-2	0.000000E+0	1.029700E+5
1.152000E-2	0.000000E+0	1.028730E+5
1.154000E-2	0.000000E+0	1.026610E+5
1.156000E-2	0.000000E+0	1.028810E+5
1.158000E-2	0.000000E+0	1.028840E+5
1.160000E-2	0.000000E+0	1.028470E+5
1.162000E-2	0.000000E+0	1.028220E+5
1.164000E-2	0.000000E+0	1.027690E+5
1.166000E-2	0.000000E+0	1.020210E+5
1.168000E-2	0.000000E+0	1.031210E+5
1.170000E-2	0.000000E+0	1.032420E+5
1.172000E-2	0.000000E+0	1.025510E+5
1.174000E-2	0.000000E+0	1.026050E+5
1.176000E-2	0.000000E+0	1.028140E+5
1.178000E-2	0.000000E+0	1.028460E+5
1.180000E-2	0.000000E+0	1.025780E+5
1.182000E-2	0.000000E+0	1.034430E+5
1.184000E-2	0.000000E+0	1.027920E+5
1.186000E-2	0.000000E+0	1.024670E+5
1.188000E-2	0.000000E+0	1.023410E+5
1.190000E-2	0.000000E+0	1.029340E+5
1.192000E-2	0.000000E+0	1.026100E+5
1.194000E-2	0.000000E+0	1.029960E+5
1.196000E-2	0.000000E+0	1.022950E+5
1.198000E-2	0.000000E+0	1.024590E+5
1.200000E-2	0.000000E+0	1.025750E+5
1.202000E-2	0.000000E+0	1.029590E+5
1.204000E-2	0.000000E+0	1.027260E+5
1.206000E-2	0.000000E+0	1.030430E+5
1.208000E-2	0.000000E+0	1.030090E+5
1.210000E-2	0.000000E+0	1.028120E+5
1.212000E-2	0.000000E+0	1.025170E+5
1.214000E-2	0.000000E+0	1.025900E+5
1.216000E-2	0.000000E+0	1.028420E+5
1.218000E-2	0.000000E+0	1.027370E+5
1.220000E-2	0.000000E+0	1.029280E+5
1.222000E-2	0.000000E+0	1.027150E+5
1.224000E-2	0.000000E+0	1.029180E+5
1.226000E-2	0.000000E+0	1.021600E+5
1.228000E-2	0.000000E+0	1.026710E+5
1.230000E-2	0.000000E+0	1.023720E+5
1.232000E-2	0.000000E+0	1.028670E+5
1.234000E-2	0.000000E+0	1.032010E+5
1.236000E-2	0.000000E+0	1.030130E+5
1.238000E-2	0.000000E+0	1.027010E+5
1.240000E-2	0.000000E+0	1.024020E+5
1.242000E-2	0.000000E+0	1.032650E+5
1.244000E-2	0.000000E+0	1.028110E+5
1.246000E-2	0.000000E+0	1.019180E+5
1.248000E-2	0.000000E+0	1.026520E+5
1.250000E-2	0.000000E+0	1.029710E+5
1.252000E-2	0.000000E+0	1.029010E+5
1.254000E-2	0.000000E+0	1.023010E+5
1.256000E-2	0.000000E+0	1.028180E+5
1.258000E-2	0.000000E+0	1.032250E+5
1.260000E-2	0.000000E+0	1.029440E+5
1.262000E-2	0.000000E+0	1.022780E+5
1.264000E-2	0.000000E+0	1.027250E+5
1.266000E-2	0.000000E+0	1.028320E+5
1.268000E-2	0.000000E+0	1.027510E+5
1.270000E-2	0.000000E+0	1.028120E+5
1.272000E-2	0.000000E+0	1.027540E+5
1.274000E-2	0.000000E+0	1.027280E+5
1.276000E-2	0.000000E+0	1.030670E+5
1.278000E-2	0.000000E+0	1.029180E+5
1.280000E-2	0.000000E+0	1.029820E+5
1.282000E-2	0.000000E+0	1.022120E+5
1.284000E-2	0.000000E+0	1.027930E+5
1.286000E-2	0.000000E+0	1.032010E+5
1.288000E-2	0.000000E+0	1.029400E+5
1.290000E-2	0.000000E+0	1.024550E+5
1.292000E-2	0.000000E+0	1.028010E+5
1.294000E-2	0.000000E+0	1.027580E+5
1.296000E-2	0.000000E+0	1.027610E+5
1.298000E-2	0.000000E+0	1.028730E+5
1.300000E-2	0.000000E+0	1.022690E+5
1.302000E-2	0.000000E+0	1.032710E+5
1.304000E-2	0.000000E+0	1.029040E+5
1.306000E-2	0.000000E+0	1.026120E+5
1.308000E-2	0.000000E+0	1.034650E+5
1.310000E-2	0.000000E+0	1.031670E+5
1.312000E-2	0.000000E+0	1.026840E+5
1.314000E-2	0.000000E+0	1.025300E+5
1.316000E-2	0.000000E+0	1.028820E+5
1.318000E-2	0.000000E+0	1.028250E+5
1.320000E-2	0.000000E+0	1.027450E+5
1.322000E-2	0.000000E+0	1.027180E+5
1.324000E-2	0.000000E+0	1.024670E+5
1.326000E-2	0.000000E+0	1.030430E+5
1.328000E-2	0.000000E+0	1.032370E+5
1.330000E-2	0.000000E+0	1.029020E+5
1.332000E-2	0.000000E+0	1.034440E+5
1.334000E-2	0.000000E+0	1.027250E+5
1.336000E-2	0.000000E+0	1.027180E+5
1.338000E-2	0.000000E+0	1.021630E+5
1.340000E-2	0.000000E+0	1.030810E+5
1.342000E-2	0.000000E+0	1.032840E+5
1.344000E-2	0.000000E+0	1.029400E+5
1.346000E-2	0.000000E+0	1.028720E+5
1.348000E-2	0.000000E+0	1.027860E+5
1.350000E-2	0.000000E+0	1.028500E+5
1.352000E-2	0.000000E+0	1.028720E+5
1.354000E-2	0.000000E+0	1.030500E+5
1.356000E-2	0.000000E+0	1.027550E+5
1.358000E-2	0.000000E+0	1.018850E+5
1.360000E-2	0.000000E+0	1.027260E+5
1.362000E-2	0.000000E+0	1.022440E+5
1.364000E-2	0.000000E+0	1.024970E+5
1.366000E-2	0.000000E+0	1.023650E+5
1.368000E-2	0.000000E+0	1.030540E+5
1.370000E-2	0.000000E+0	1.029900E+5
1.372000E-2	0.000000E+0	1.028560E+5
1.374000E-2	0.000000E+0	1.024180E+5
1.376000E-2	0.000000E+0	1.029810E+5
1.378000E-2	0.000000E+0	1.036760E+5
1.380000E-2	0.000000E+0	1.022860E+5
1.382000E-2	0.000000E+0	1.022880E+5
1.384000E-2	0.000000E+0	1.024300E+5
1.386000E-2	0.000000E+0	1.033050E+5
1.388000E-2	0.000000E+0	1.027170E+5
1.390000E-2	0.000000E+0	1.029700E+5
1.392000E-2	0.000000E+0	1.025350E+5
1.394000E-2	0.000000E+0	1.033890E+5
1.396000E-2	0.000000E+0	1.022490E+5
1.398000E-2	0.000000E+0	1.033990E+5
1.400000E-2	0.000000E+0	1.030090E+5
1.402000E-2	0.000000E+0	1.027390E+5
1.404000E-2	0.000000E+0	1.031920E+5
1.406000E-2	0.000000E+0	1.025920E+5
1.408000E-2	0.000000E+0	1.032080E+5
1.410000E-2	0.000000E+0	1.028240E+5
1.412000E-2	0.000000E+0	1.024650E+5
1.414000E-2	0.000000E+0	1.025970E+5
1.416000E-2	0.000000E+0	1.033070E+5
1.418000E-2	0.000000E+0	1.028250E+5
1.420000E-2	0.000000E+0	1.031530E+5
1.422000E-2	0.000000E+0	1.026910E+5
1.424000E-2	0.000000E+0	1.025860E+5
1.426000E-2	0.000000E+0	1.030560E+5
1.428000E-2	0.000000E+0	1.029680E+5
1.430000E-2	0.000000E+0	1.025940E+5
1.432000E-2	0.000000E+0	1.032540E+5
1.434000E-2	0.000000E+0	1.026350E+5
1.436000E-2	0.000000E+0	1.026530E+5
1.438000E-2	0.000000E+0	1.026890E+5
1.440000E-2	0.000000E+0	1.027670E+5
1.442000E-2	0.000000E+0	1.031440E+5
1.444000E-2	0.000000E+0	1.032240E+5
1.446000E-2	0.000000E+0	1.027900E+5
1.448000E-2	0.000000E+0	1.025360E+5
1.450000E-2	0.000000E+0	1.025030E+5
1.452000E-2	0.000000E+0	1.030620E+5
1.454000E-2	0.000000E+0	1.025930E+5
1.456000E-2	0.000000E+0	1.028840E+5
1.458000E-2	0.000000E+0	1.024340E+5
1.460000E-2	0.000000E+0	1.024460E+5
1.462000E-2	0.000000E+0	1.030740E+5
1.464000E-2	0.000000E+0	1.030440E+5
1.466000E-2	0.000000E+0	1.027460E+5
1.468000E-2	0.000000E+0	1.028680E+5
1.470000E-2	0.000000E+0	1.021750E+5
1.472000E-2	0.000000E+0	1.025890E+5
1.474000E-2	0.000000E+0	1.029470E+5
1.476000E-2	0.000000E+0	1.027030E+5
1.478000E-2	0.000000E+0	1.034380E+5
1.480000E-2	0.000000E+0	1.028940E+5
1.482000E-2	0.000000E+0	1.026760E+5
1.484000E-2	0.000000E+0	1.027020E+5
1.486000E-2	0.000000E+0	1.028770E+5
1.488000E-2	0.000000E+0	1.024500E+5
1.490000E-2	0.000000E+0	1.028970E+5
1.492000E-2	0.000000E+0	1.028660E+5
1.494000E-2	0.000000E+0	1.028840E+5
1.496000E-2	0.000000E+0	1.030530E+5
1.498000E-2	0.000000E+0	1.028120E+5
1.500000E-2	0.000000E+0	1.029480E+5
1.502000E-2	0.000000E+0	1.028870E+5
1.504000E-2	0.000000E+0	1.035880E+5
1.506000E-2	0.000000E+0	1.026390E+5
1.508000E-2	0.000000E+0	1.030430E+5
1.510000E-2	0.000000E+0	1.028630E+5
1.512000E-2	0.000000E+0	1.028060E+5
1.514000E-2	0.000000E+0	1.023430E+5
1.516000E-2	0.000000E+0	1.029590E+5
1.518000E-2	0.000000E+0	1.030750E+5
1.520000E-2	0.000000E+0	1.024170E+5
1.522000E-2	0.000000E+0	1.027030E+5
1.524000E-2	0.000000E+0	1.029810E+5
1.526000E-2	0.000000E+0	1.020770E+5
1.528000E-2	0.000000E+0	1.033040E+5
1.530000E-2	0.000000E+0	1.031560E+5
1.532000E-2	0.000000E+0	1.029300E+5
1.534000E-2	0.000000E+0	1.029610E+5
1.536000E-2	0.000000E+0	1.027650E+5
1.538000E-2	0.000000E+0	1.025930E+5
1.540000E-2	0.000000E+0	1.027990E+5
1.542000E-2	0.000000E+0	1.024970E+5
1.544000E-2	0.000000E+0	1.027710E+5
1.546000E-2	0.000000E+0	1.023640E+5
1.548000E-2	0.000000E+0	1.026210E+5
1.550000E-2	0.000000E+0	1.027180E+5
1.552000E-2	0.000000E+0	1.025900E+5
1.554000E-2	0.000000E+0	1.025060E+5
1.556000E-2	0.000000E+0	1.033140E+5
1.558000E-2	0.000000E+0	1.032030E+5
1.560000E-2	0.000000E+0	1.028000E+5
1.562000E-2	0.000000E+0	1.023780E+5
1.564000E-2	0.000000E+0	1.024070E+5
1.566000E-2	0.000000E+0	1.027460E+5
1.568000E-2	0.000000E+0	1.026640E+5
1.570000E-2	0.000000E+0	1.029360E+5
1.572000E-2	0.000000E+0	1.028350E+5
1.574000E-2	0.000000E+0	1.027770E+5
1.576000E-2	0.000000E+0	1.023200E+5
1.578000E-2	0.000000E+0	1.025530E+5
1.580000E-2	0.000000E+0	1.032460E+5
1.582000E-2	0.000000E+0	1.028730E+5
1.584000E-2	0.000000E+0	1.026040E+5
1.586000E-2	0.000000E+0	1.026250E+5
1.588000E-2	0.000000E+0	1.027200E+5
1.590000E-2	0.000000E+0	1.027430E+5
1.592000E-2	0.000000E+0	1.024640E+5
1.594000E-2	0.000000E+0	1.028030E+5
1.596000E-2	0.000000E+0	1.024400E+5
1.598000E-2	0.000000E+0	1.025650E+5
1.600000E-2	0.000000E+0	1.026100E+5
1.602000E-2	0.000000E+0	1.024100E+5
1.604000E-2	0.000000E+0	1.028260E+5
1.606000E-2	0.000000E+0	1.029980E+5
1.608000E-2	0.000000E+0	1.026660E+5
1.610000E-2	0.000000E+0	1.026630E+5
1.612000E-2	0.000000E+0	1.020830E+5
1.614000E-2	0.000000E+0	1.028010E+5
1.616000E-2	0.000000E+0	1.031470E+5
1.618000E-2	0.000000E+0	1.019340E+5
1.620000E-2	0.000000E+0	1.024750E+5
1.622000E-2	0.000000E+0	1.020930E+5
1.624000E-2	0.000000E+0	1.027050E+5
1.626000E-2	0.000000E+0	1.022840E+5
1.628000E-2	0.000000E+0	1.025200E+5
1.630000E-2	0.000000E+0	1.025150E+5
1.632000E-2	0.000000E+0	1.025700E+5
1.634000E-2	0.000000E+0	1.026920E+5
1.636000E-2	0.000000E+0	1.022490E+5
1.638000E-2	0.000000E+0	1.025590E+5
1.640000E-2	0.000000E+0	1.021600E+5
1.642000E-2	0.000000E+0	1.026060E+5
1.644000E-2	0.000000E+0	1.027670E+5
1.646000E-2	0.000000E+0	1.019180E+5
1.648000E-2	0.000000E+0	1.033560E+5
1.650000E-2	0.000000E+0	1.029530E+5
1.652000E-2	0.000000E+0	1.027500E+5
1.654000E-2	0.000000E+0	1.020940E+5
1.656000E-2	0.000000E+0	1.024470E+5
1.658000E-2	0.000000E+0	1.029600E+5
1.660000E-2	0.000000E+0	1.021700E+5
1.662000E-2	0.000000E+0	1.023380E+5
1.664000E-2	0.000000E+0	1.028340E+5
1.666000E-2	0.000000E+0	1.027480E+5
1.668000E-2	0.000000E+0	1.023430E+5
1.670000E-2	0.000000E+0	1.023610E+5
1.672000E-2	0.000000E+0	1.024250E+5
1.674000E-2	0.000000E+0	1.019820E+5
1.676000E-2	0.000000E+0	1.022490E+5
1.678000E-2	0.000000E+0	1.025130E+5
1.680000E-2	0.000000E+0	1.026440E+5
1.682000E-2	0.000000E+0	1.022170E+5
1.684000E-2	0.000000E+0	1.020580E+5
1.686000E-2	0.000000E+0	1.019440E+5
1.688000E-2	0.000000E+0	1.020240E+5
1.690000E-2	0.000000E+0	1.014180E+5
1.692000E-2	0.000000E+0	1.017840E+5
1.694000E-2	0.000000E+0	1.014920E+5
1.696000E-2	0.000000E+0	1.012180E+5
1.698000E-2	0.000000E+0	1.008420E+5
1.700000E-2	0.000000E+0	1.006020E+5
1.702000E-2	0.000000E+0	1.003000E+5
1.704000E-2	0.000000E+0	9.942900E+4
1.706000E-2	0.000000E+0	9.887600E+4
1.708000E-2	0.000000E+0	9.807900E+4
1.710000E-2	0.000000E+0	9.604700E+4
1.712000E-2	0.000000E+0	9.431300E+4
1.714000E-2	0.000000E+0	9.002500E+4
1.716000E-2	0.000000E+0	8.387600E+4
1.718000E-2	0.000000E+0	7.723300E+4
1.720000E-2	0.000000E+0	6.935400E+4
1.722000E-2	0.000000E+0	6.379000E+4
1.724000E-2	0.000000E+0	6.106700E+4
1.726000E-2	0.000000E+0	6.255900E+4
1.728000E-2	0.000000E+0	6.731400E+4
1.730000E-2	0.000000E+0	7.465000E+4
1.732000E-2	0.000000E+0	8.128200E+4
1.734000E-2	0.000000E+0	8.803500E+4
1.736000E-2	0.000000E+0	9.227500E+4
1.738000E-2	0.000000E+0	9.525700E+4
1.740000E-2	0.000000E+0	9.780500E+4
1.742000E-2	0.000000E+0	9.890700E+4
1.744000E-2	0.000000E+0	9.954500E+4
1.746000E-2	0.000000E+0	1.002640E+5
1.748000E-2	0.000000E+0	1.005350E+5
1.750000E-2	0.000000E+0	1.007590E+5
1.752000E-2	0.000000E+0	1.007300E+5
1.754000E-2	0.000000E+0	1.023000E+5
1.756000E-2	0.000000E+0	1.010940E+5
1.758000E-2	0.000000E+0	1.014800E+5
1.760000E-2	0.000000E+0	1.022830E+5
1.762000E-2	0.000000E+0	1.017020E+5
1.764000E-2	0.000000E+0	1.018800E+5
1.766000E-2	0.000000E+0	1.019370E+5
1.768000E-2	0.000000E+0	1.022250E+5
1.770000E-2	0.000000E+0	1.022390E+5
1.772000E-2	0.000000E+0	1.027230E+5
1.774000E-2	0.000000E+0	1.017560E+5
1.776000E-2	0.000000E+0	1.020740E+5
1.778000E-2	0.000000E+0	1.022900E+5
1.780000E-2	0.000000E+0	1.024590E+5
1.782000E-2	0.000000E+0	1.025190E+5
1.784000E-2	0.000000E+0	1.029000E+5
1.786000E-2	0.000000E+0	1.032160E+5
1.788000E-2	0.000000E+0	1.025670E+5
1.790000E-2	0.000000E+0	1.021060E+5
1.792000E-2	0.000000E+0	1.027260E+5
1.794000E-2	0.000000E+0	1.027010E+5
1.796000E-2	0.000000E+0	1.028430E+5
1.798000E-2	0.000000E+0	1.024720E+5
1.800000E-2	0.000000E+0	1.024920E+5
1.802000E-2	0.000000E+0	1.021490E+5
1.804000E-2	0.000000E+0	1.025110E+5
1.806000E-2	0.000000E+0	1.026740E+5
1.808000E-2	0.000000E+0	1.025150E+5
1.810000E-2	0.000000E+0	1.029910E+5
1.812000E-2	0.000000E+0	1.029290E+5
1.814000E-2	0.000000E+0	1.021340E+5
1.816000E-2	0.000000E+0	1.026060E+5
1.818000E-2	0.000000E+0	1.023470E+5
1.820000E-2	0.000000E+0	1.027330E+5
1.822000E-2	0.000000E+0	1.021590E+5
1.824000E-2	0.000000E+0	1.021920E+5
1.826000E-2	0.000000E+0	1.024370E+5
1.828000E-2	0.000000E+0	1.030010E+5
1.830000E-2	0.000000E+0	1.025170E+5
1.832000E-2	0.000000E+0	1.026730E+5
1.834000E-2	0.000000E+0	1.027130E+5
1.836000E-2	0.000000E+0	1.020660E+5
1.838000E-2	0.000000E+0	1.027780E+5
1.840000E-2	0.000000E+0	1.031040E+5
1.842000E-2	0.000000E+0	1.030690E+5
1.844000E-2	0.000000E+0	1.029200E+5
1.846000E-2	0.000000E+0	1.028450E+5
1.848000E-2	0.000000E+0	1.022120E+5
1.850000E-2	0.000000E+0	1.027620E+5
1.852000E-2	0.000000E+0	1.021990E+5
1.854000E-2	0.000000E+0	1.023970E+5
1.856000E-2	0.000000E+0	1.029030E+5
1.858000E-2	0.000000E+0	1.022550E+5
1.860000E-2	0.000000E+0	1.026390E+5
1.862000E-2	0.000000E+0	1.025980E+5
1.864000E-2	0.000000E+0	1.035780E+5
1.866000E-2	0.000000E+0	1.018540E+5
1.868000E-2	0.000000E+0	1.030580E+5
1.870000E-2	0.000000E+0	1.025670E+5
1.872000E-2	0.000000E+0	1.026930E+5
1.874000E-2	0.000000E+0	1.026330E+5
1.876000E-2	0.000000E+0	1.021780E+5
1.878000E-2	0.000000E+0	1.022960E+5
1.880000E-2	0.000000E+0	1.024490E+5
1.882000E-2	0.000000E+0	1.028060E+5
1.884000E-2	0.000000E+0	1.024550E+5
1.886000E-2	0.000000E+0	1.028460E+5
1.888000E-2	0.000000E+0	1.026220E+5
1.890000E-2	0.000000E+0	1.026340E+5
1.892000E-2	0.000000E+0	1.023450E+5
1.894000E-2	0.000000E+0	1.027250E+5
1.896000E-2	0.000000E+0	1.027550E+5
1.898000E-2	0.000000E+0	1.036800E+5
1.900000E-2	0.000000E+0	1.028260E+5
1.902000E-2	0.000000E+0	1.025430E+5
1.904000E-2	0.000000E+0	1.028440E+5
1.906000E-2	0.000000E+0	1.027750E+5
1.908000E-2	0.000000E+0	1.029040E+5
1.910000E-2	0.000000E+0	1.020600E+5
1.912000E-2	0.000000E+0	1.023300E+5
1.914000E-2	0.000000E+0	1.032180E+5
1.916000E-2	0.000000E+0	1.025070E+5
1.918000E-2	0.000000E+0	1.025670E+5
1.920000E-2	0.000000E+0	1.025970E+5
1.922000E-2	0.000000E+0	1.026560E+5
1.924000E-2	0.000000E+0	1.037080E+5
1.926000E-2	0.000000E+0	1.030540E+5
1.928000E-2	0.000000E+0	1.025300E+5
1.930000E-2	0.000000E+0	1.025530E+5
1.932000E-2	0.000000E+0	1.028900E+5
1.934000E-2	0.000000E+0	1.028030E+5
1.936000E-2	0.000000E+0	1.024460E+5
1.938000E-2	0.000000E+0	1.029740E+5
1.940000E-2	0.000000E+0	1.025150E+5
1.942000E-2	0.000000E+0	1.027690E+5
1.944000E-2	0.000000E+0	1.025160E+5
1.946000E-2	0.000000E+0	1.027400E+5
1.948000E-2	0.000000E+0	1.028610E+5
1.950000E-2	0.000000E+0	1.030640E+5
1.952000E-2	0.000000E+0	1.028690E+5
1.954000E-2	0.000000E+0	1.031290E+5
1.956000E-2	0.000000E+0	1.028590E+5
1.958000E-2	0.000000E+0	1.026270E+5
1.960000E-2	0.000000E+0	1.019370E+5
1.962000E-2	0.000000E+0	1.026750E+5
1.964000E-2	0.000000E+0	1.028110E+5
1.966000E-2	0.000000E+0	1.028490E+5
1.968000E-2	0.000000E+0	1.025030E+5
1.970000E-2	0.000000E+0	1.030140E+5
1.972000E-2	0.000000E+0	1.023050E+5
1.974000E-2	0.000000E+0	1.025280E+5
1.976000E-2	0.000000E+0	1.023400E+5
1.978000E-2	0.000000E+0	1.026050E+5
1.980000E-2	0.000000E+0	1.026850E+5
1.982000E-2	0.000000E+0	1.029270E+5
1.984000E-2	0.000000E+0	1.023410E+5
1.986000E-2	0.000000E+0	1.029120E+5
1.988000E-2	0.000000E+0	1.030660E+5
1.990000E-2	0.000000E+0	1.030580E+5
1.992000E-2	0.000000E+0	1.029240E+5
1.994000E-2	0.000000E+0	1.030200E+5
1.996000E-2	0.000000E+0	1.025810E+5
1.998000E-2	0.000000E+0	1.023920E+5
