

live time:  111869.320000
real time:  129609.607000
sweeps:  5593466.000000
0.000000E+0	0.000000E+0	0.000000E+0
2.000000E-5	0.000000E+0	5.578300E+4
4.000000E-5	0.000000E+0	5.605500E+4
6.000000E-5	0.000000E+0	5.627000E+4
8.000000E-5	0.000000E+0	5.632200E+4
1.000000E-4	0.000000E+0	5.610000E+4
1.200000E-4	0.000000E+0	5.585200E+4
1.400000E-4	0.000000E+0	5.638900E+4
1.600000E-4	0.000000E+0	5.650200E+4
1.800000E-4	0.000000E+0	5.629300E+4
2.000000E-4	0.000000E+0	5.628200E+4
2.200000E-4	0.000000E+0	5.625300E+4
2.400000E-4	0.000000E+0	5.617700E+4
2.600000E-4	0.000000E+0	5.619700E+4
2.800000E-4	0.000000E+0	5.617800E+4
3.000000E-4	0.000000E+0	5.616900E+4
3.200000E-4	0.000000E+0	5.604600E+4
3.400000E-4	0.000000E+0	5.627400E+4
3.600000E-4	0.000000E+0	5.617500E+4
3.800000E-4	0.000000E+0	5.622700E+4
4.000000E-4	0.000000E+0	5.645900E+4
4.200000E-4	0.000000E+0	5.609200E+4
4.400000E-4	0.000000E+0	5.598900E+4
4.600000E-4	0.000000E+0	5.620700E+4
4.800000E-4	0.000000E+0	5.620400E+4
5.000000E-4	0.000000E+0	5.587200E+4
5.200000E-4	0.000000E+0	5.618300E+4
5.400000E-4	0.000000E+0	5.633400E+4
5.600000E-4	0.000000E+0	5.665200E+4
5.800000E-4	0.000000E+0	5.625500E+4
6.000000E-4	0.000000E+0	5.602900E+4
6.200000E-4	0.000000E+0	5.601300E+4
6.400000E-4	0.000000E+0	5.586300E+4
6.600000E-4	0.000000E+0	5.613200E+4
6.800000E-4	0.000000E+0	5.578400E+4
7.000000E-4	0.000000E+0	5.616500E+4
7.200000E-4	0.000000E+0	5.631700E+4
7.400000E-4	0.000000E+0	5.618300E+4
7.600000E-4	0.000000E+0	5.608800E+4
7.800000E-4	0.000000E+0	5.617900E+4
8.000000E-4	0.000000E+0	5.623800E+4
8.200000E-4	0.000000E+0	5.600200E+4
8.400000E-4	0.000000E+0	5.614500E+4
8.600000E-4	0.000000E+0	5.625100E+4
8.800000E-4	0.000000E+0	5.649800E+4
9.000000E-4	0.000000E+0	5.551400E+4
9.200000E-4	0.000000E+0	5.614100E+4
9.400000E-4	0.000000E+0	5.637400E+4
9.600000E-4	0.000000E+0	5.611100E+4
9.800000E-4	0.000000E+0	5.616800E+4
1.000000E-3	0.000000E+0	5.608200E+4
1.020000E-3	0.000000E+0	5.587500E+4
1.040000E-3	0.000000E+0	5.668600E+4
1.060000E-3	0.000000E+0	5.606500E+4
1.080000E-3	0.000000E+0	5.593100E+4
1.100000E-3	0.000000E+0	5.624400E+4
1.120000E-3	0.000000E+0	5.621900E+4
1.140000E-3	0.000000E+0	5.654300E+4
1.160000E-3	0.000000E+0	5.593000E+4
1.180000E-3	0.000000E+0	5.640000E+4
1.200000E-3	0.000000E+0	5.646800E+4
1.220000E-3	0.000000E+0	5.579200E+4
1.240000E-3	0.000000E+0	5.597300E+4
1.260000E-3	0.000000E+0	5.617400E+4
1.280000E-3	0.000000E+0	5.634800E+4
1.300000E-3	0.000000E+0	5.625800E+4
1.320000E-3	0.000000E+0	5.602900E+4
1.340000E-3	0.000000E+0	5.658300E+4
1.360000E-3	0.000000E+0	5.614700E+4
1.380000E-3	0.000000E+0	5.643900E+4
1.400000E-3	0.000000E+0	5.646400E+4
1.420000E-3	0.000000E+0	5.598700E+4
1.440000E-3	0.000000E+0	5.645300E+4
1.460000E-3	0.000000E+0	5.606000E+4
1.480000E-3	0.000000E+0	5.595900E+4
1.500000E-3	0.000000E+0	5.567100E+4
1.520000E-3	0.000000E+0	5.596100E+4
1.540000E-3	0.000000E+0	5.632700E+4
1.560000E-3	0.000000E+0	5.599500E+4
1.580000E-3	0.000000E+0	5.629600E+4
1.600000E-3	0.000000E+0	5.628800E+4
1.620000E-3	0.000000E+0	5.656800E+4
1.640000E-3	0.000000E+0	5.604900E+4
1.660000E-3	0.000000E+0	5.639800E+4
1.680000E-3	0.000000E+0	5.615800E+4
1.700000E-3	0.000000E+0	5.645300E+4
1.720000E-3	0.000000E+0	5.591900E+4
1.740000E-3	0.000000E+0	5.657200E+4
1.760000E-3	0.000000E+0	5.632500E+4
1.780000E-3	0.000000E+0	5.634100E+4
1.800000E-3	0.000000E+0	5.596500E+4
1.820000E-3	0.000000E+0	5.627000E+4
1.840000E-3	0.000000E+0	5.641300E+4
1.860000E-3	0.000000E+0	5.605300E+4
1.880000E-3	0.000000E+0	5.623100E+4
1.900000E-3	0.000000E+0	5.624000E+4
1.920000E-3	0.000000E+0	5.637500E+4
1.940000E-3	0.000000E+0	5.635700E+4
1.960000E-3	0.000000E+0	5.594400E+4
1.980000E-3	0.000000E+0	5.653900E+4
2.000000E-3	0.000000E+0	5.627900E+4
2.020000E-3	0.000000E+0	5.642800E+4
2.040000E-3	0.000000E+0	5.641900E+4
2.060000E-3	0.000000E+0	5.654800E+4
2.080000E-3	0.000000E+0	5.559800E+4
2.100000E-3	0.000000E+0	5.607800E+4
2.120000E-3	0.000000E+0	5.610200E+4
2.140000E-3	0.000000E+0	5.577100E+4
2.160000E-3	0.000000E+0	5.618200E+4
2.180000E-3	0.000000E+0	5.623600E+4
2.200000E-3	0.000000E+0	5.581700E+4
2.220000E-3	0.000000E+0	5.586400E+4
2.240000E-3	0.000000E+0	5.612600E+4
2.260000E-3	0.000000E+0	5.602400E+4
2.280000E-3	0.000000E+0	5.643600E+4
2.300000E-3	0.000000E+0	5.614300E+4
2.320000E-3	0.000000E+0	5.620700E+4
2.340000E-3	0.000000E+0	5.588900E+4
2.360000E-3	0.000000E+0	5.614300E+4
2.380000E-3	0.000000E+0	5.597800E+4
2.400000E-3	0.000000E+0	5.643100E+4
2.420000E-3	0.000000E+0	5.621500E+4
2.440000E-3	0.000000E+0	5.615700E+4
2.460000E-3	0.000000E+0	5.600300E+4
2.480000E-3	0.000000E+0	5.563100E+4
2.500000E-3	0.000000E+0	5.638400E+4
2.520000E-3	0.000000E+0	5.645300E+4
2.540000E-3	0.000000E+0	5.630200E+4
2.560000E-3	0.000000E+0	5.615800E+4
2.580000E-3	0.000000E+0	5.630100E+4
2.600000E-3	0.000000E+0	5.613100E+4
2.620000E-3	0.000000E+0	5.600100E+4
2.640000E-3	0.000000E+0	5.627000E+4
2.660000E-3	0.000000E+0	5.591300E+4
2.680000E-3	0.000000E+0	5.659400E+4
2.700000E-3	0.000000E+0	5.625800E+4
2.720000E-3	0.000000E+0	5.574300E+4
2.740000E-3	0.000000E+0	5.613800E+4
2.760000E-3	0.000000E+0	5.638500E+4
2.780000E-3	0.000000E+0	5.613000E+4
2.800000E-3	0.000000E+0	5.615400E+4
2.820000E-3	0.000000E+0	5.570600E+4
2.840000E-3	0.000000E+0	5.648500E+4
2.860000E-3	0.000000E+0	5.602300E+4
2.880000E-3	0.000000E+0	5.635200E+4
2.900000E-3	0.000000E+0	5.583500E+4
2.920000E-3	0.000000E+0	5.646400E+4
2.940000E-3	0.000000E+0	5.621200E+4
2.960000E-3	0.000000E+0	5.609400E+4
2.980000E-3	0.000000E+0	5.602800E+4
3.000000E-3	0.000000E+0	5.609800E+4
3.020000E-3	0.000000E+0	5.644300E+4
3.040000E-3	0.000000E+0	5.635300E+4
3.060000E-3	0.000000E+0	5.622500E+4
3.080000E-3	0.000000E+0	5.587200E+4
3.100000E-3	0.000000E+0	5.641100E+4
3.120000E-3	0.000000E+0	5.639000E+4
3.140000E-3	0.000000E+0	5.609700E+4
3.160000E-3	0.000000E+0	5.604900E+4
3.180000E-3	0.000000E+0	5.642700E+4
3.200000E-3	0.000000E+0	5.611300E+4
3.220000E-3	0.000000E+0	5.570100E+4
3.240000E-3	0.000000E+0	5.603300E+4
3.260000E-3	0.000000E+0	5.622800E+4
3.280000E-3	0.000000E+0	5.615700E+4
3.300000E-3	0.000000E+0	5.633400E+4
3.320000E-3	0.000000E+0	5.661700E+4
3.340000E-3	0.000000E+0	5.608300E+4
3.360000E-3	0.000000E+0	5.601400E+4
3.380000E-3	0.000000E+0	5.599100E+4
3.400000E-3	0.000000E+0	5.622700E+4
3.420000E-3	0.000000E+0	5.630800E+4
3.440000E-3	0.000000E+0	5.582500E+4
3.460000E-3	0.000000E+0	5.624900E+4
3.480000E-3	0.000000E+0	5.645200E+4
3.500000E-3	0.000000E+0	5.639700E+4
3.520000E-3	0.000000E+0	5.610000E+4
3.540000E-3	0.000000E+0	5.646500E+4
3.560000E-3	0.000000E+0	5.591200E+4
3.580000E-3	0.000000E+0	5.617800E+4
3.600000E-3	0.000000E+0	5.562000E+4
3.620000E-3	0.000000E+0	5.635500E+4
3.640000E-3	0.000000E+0	5.627800E+4
3.660000E-3	0.000000E+0	5.631600E+4
3.680000E-3	0.000000E+0	5.620300E+4
3.700000E-3	0.000000E+0	5.591000E+4
3.720000E-3	0.000000E+0	5.583900E+4
3.740000E-3	0.000000E+0	5.590400E+4
3.760000E-3	0.000000E+0	5.605000E+4
3.780000E-3	0.000000E+0	5.631500E+4
3.800000E-3	0.000000E+0	5.586200E+4
3.820000E-3	0.000000E+0	5.593800E+4
3.840000E-3	0.000000E+0	5.649700E+4
3.860000E-3	0.000000E+0	5.623600E+4
3.880000E-3	0.000000E+0	5.592800E+4
3.900000E-3	0.000000E+0	5.595400E+4
3.920000E-3	0.000000E+0	5.610200E+4
3.940000E-3	0.000000E+0	5.608700E+4
3.960000E-3	0.000000E+0	5.631600E+4
3.980000E-3	0.000000E+0	5.593400E+4
4.000000E-3	0.000000E+0	5.606700E+4
4.020000E-3	0.000000E+0	5.630900E+4
4.040000E-3	0.000000E+0	5.612200E+4
4.060000E-3	0.000000E+0	5.552800E+4
4.080000E-3	0.000000E+0	5.624100E+4
4.100000E-3	0.000000E+0	5.584300E+4
4.120000E-3	0.000000E+0	5.610400E+4
4.140000E-3	0.000000E+0	5.663900E+4
4.160000E-3	0.000000E+0	5.583500E+4
4.180000E-3	0.000000E+0	5.612600E+4
4.200000E-3	0.000000E+0	5.582800E+4
4.220000E-3	0.000000E+0	5.626400E+4
4.240000E-3	0.000000E+0	5.603100E+4
4.260000E-3	0.000000E+0	5.604700E+4
4.280000E-3	0.000000E+0	5.642900E+4
4.300000E-3	0.000000E+0	5.586400E+4
4.320000E-3	0.000000E+0	5.647800E+4
4.340000E-3	0.000000E+0	5.646500E+4
4.360000E-3	0.000000E+0	5.638100E+4
4.380000E-3	0.000000E+0	5.573400E+4
4.400000E-3	0.000000E+0	5.656400E+4
4.420000E-3	0.000000E+0	5.624600E+4
4.440000E-3	0.000000E+0	5.599400E+4
4.460000E-3	0.000000E+0	5.616000E+4
4.480000E-3	0.000000E+0	5.594600E+4
4.500000E-3	0.000000E+0	5.580800E+4
4.520000E-3	0.000000E+0	5.639200E+4
4.540000E-3	0.000000E+0	5.633900E+4
4.560000E-3	0.000000E+0	5.595900E+4
4.580000E-3	0.000000E+0	5.624600E+4
4.600000E-3	0.000000E+0	5.662300E+4
4.620000E-3	0.000000E+0	5.600700E+4
4.640000E-3	0.000000E+0	5.621800E+4
4.660000E-3	0.000000E+0	5.634700E+4
4.680000E-3	0.000000E+0	5.608400E+4
4.700000E-3	0.000000E+0	5.600600E+4
4.720000E-3	0.000000E+0	5.614700E+4
4.740000E-3	0.000000E+0	5.578100E+4
4.760000E-3	0.000000E+0	5.603500E+4
4.780000E-3	0.000000E+0	5.593200E+4
4.800000E-3	0.000000E+0	5.641200E+4
4.820000E-3	0.000000E+0	5.603300E+4
4.840000E-3	0.000000E+0	5.608000E+4
4.860000E-3	0.000000E+0	5.617200E+4
4.880000E-3	0.000000E+0	5.584600E+4
4.900000E-3	0.000000E+0	5.630700E+4
4.920000E-3	0.000000E+0	5.601000E+4
4.940000E-3	0.000000E+0	5.654700E+4
4.960000E-3	0.000000E+0	5.635100E+4
4.980000E-3	0.000000E+0	5.581300E+4
5.000000E-3	0.000000E+0	5.558700E+4
5.020000E-3	0.000000E+0	5.600300E+4
5.040000E-3	0.000000E+0	5.645900E+4
5.060000E-3	0.000000E+0	5.673300E+4
5.080000E-3	0.000000E+0	5.628400E+4
5.100000E-3	0.000000E+0	5.635100E+4
5.120000E-3	0.000000E+0	5.647800E+4
5.140000E-3	0.000000E+0	5.619700E+4
5.160000E-3	0.000000E+0	5.641700E+4
5.180000E-3	0.000000E+0	5.612200E+4
5.200000E-3	0.000000E+0	5.589600E+4
5.220000E-3	0.000000E+0	5.605200E+4
5.240000E-3	0.000000E+0	5.579700E+4
5.260000E-3	0.000000E+0	5.628100E+4
5.280000E-3	0.000000E+0	5.560600E+4
5.300000E-3	0.000000E+0	5.591700E+4
5.320000E-3	0.000000E+0	5.578500E+4
5.340000E-3	0.000000E+0	5.563000E+4
5.360000E-3	0.000000E+0	5.573600E+4
5.380000E-3	0.000000E+0	5.575300E+4
5.400000E-3	0.000000E+0	5.591600E+4
5.420000E-3	0.000000E+0	5.578600E+4
5.440000E-3	0.000000E+0	5.557200E+4
5.460000E-3	0.000000E+0	5.593200E+4
5.480000E-3	0.000000E+0	5.513600E+4
5.500000E-3	0.000000E+0	5.561200E+4
5.520000E-3	0.000000E+0	5.588800E+4
5.540000E-3	0.000000E+0	5.542300E+4
5.560000E-3	0.000000E+0	5.541100E+4
5.580000E-3	0.000000E+0	5.508300E+4
5.600000E-3	0.000000E+0	5.546600E+4
5.620000E-3	0.000000E+0	5.433500E+4
5.640000E-3	0.000000E+0	5.438800E+4
5.660000E-3	0.000000E+0	5.356100E+4
5.680000E-3	0.000000E+0	5.242900E+4
5.700000E-3	0.000000E+0	5.165800E+4
5.720000E-3	0.000000E+0	4.963900E+4
5.740000E-3	0.000000E+0	4.716400E+4
5.760000E-3	0.000000E+0	4.352500E+4
5.780000E-3	0.000000E+0	3.924500E+4
5.800000E-3	0.000000E+0	3.552000E+4
5.820000E-3	0.000000E+0	3.356500E+4
5.840000E-3	0.000000E+0	3.356700E+4
5.860000E-3	0.000000E+0	3.528500E+4
5.880000E-3	0.000000E+0	3.916500E+4
5.900000E-3	0.000000E+0	4.341300E+4
5.920000E-3	0.000000E+0	4.712500E+4
5.940000E-3	0.000000E+0	5.042500E+4
5.960000E-3	0.000000E+0	5.207100E+4
5.980000E-3	0.000000E+0	5.312900E+4
6.000000E-3	0.000000E+0	5.409300E+4
6.020000E-3	0.000000E+0	5.442600E+4
6.040000E-3	0.000000E+0	5.484200E+4
6.060000E-3	0.000000E+0	5.520700E+4
6.080000E-3	0.000000E+0	5.527400E+4
6.100000E-3	0.000000E+0	5.541500E+4
6.120000E-3	0.000000E+0	5.558800E+4
6.140000E-3	0.000000E+0	5.568500E+4
6.160000E-3	0.000000E+0	5.497000E+4
6.180000E-3	0.000000E+0	5.557700E+4
6.200000E-3	0.000000E+0	5.566100E+4
6.220000E-3	0.000000E+0	5.546100E+4
6.240000E-3	0.000000E+0	5.589900E+4
6.260000E-3	0.000000E+0	5.578300E+4
6.280000E-3	0.000000E+0	5.580300E+4
6.300000E-3	0.000000E+0	5.590400E+4
6.320000E-3	0.000000E+0	5.561200E+4
6.340000E-3	0.000000E+0	5.622000E+4
6.360000E-3	0.000000E+0	5.588500E+4
6.380000E-3	0.000000E+0	5.593400E+4
6.400000E-3	0.000000E+0	5.596700E+4
6.420000E-3	0.000000E+0	5.630100E+4
6.440000E-3	0.000000E+0	5.583000E+4
6.460000E-3	0.000000E+0	5.568400E+4
6.480000E-3	0.000000E+0	5.605200E+4
6.500000E-3	0.000000E+0	5.603400E+4
6.520000E-3	0.000000E+0	5.632200E+4
6.540000E-3	0.000000E+0	5.628700E+4
6.560000E-3	0.000000E+0	5.613400E+4
6.580000E-3	0.000000E+0	5.611400E+4
6.600000E-3	0.000000E+0	5.611900E+4
6.620000E-3	0.000000E+0	5.613500E+4
6.640000E-3	0.000000E+0	5.620400E+4
6.660000E-3	0.000000E+0	5.643500E+4
6.680000E-3	0.000000E+0	5.612300E+4
6.700000E-3	0.000000E+0	5.594400E+4
6.720000E-3	0.000000E+0	5.602800E+4
6.740000E-3	0.000000E+0	5.607300E+4
6.760000E-3	0.000000E+0	5.600100E+4
6.780000E-3	0.000000E+0	5.618800E+4
6.800000E-3	0.000000E+0	5.578600E+4
6.820000E-3	0.000000E+0	5.608000E+4
6.840000E-3	0.000000E+0	5.590100E+4
6.860000E-3	0.000000E+0	5.673200E+4
6.880000E-3	0.000000E+0	5.610900E+4
6.900000E-3	0.000000E+0	5.602600E+4
6.920000E-3	0.000000E+0	5.634200E+4
6.940000E-3	0.000000E+0	5.615100E+4
6.960000E-3	0.000000E+0	5.557900E+4
6.980000E-3	0.000000E+0	5.617800E+4
7.000000E-3	0.000000E+0	5.611700E+4
7.020000E-3	0.000000E+0	5.623900E+4
7.040000E-3	0.000000E+0	5.605800E+4
7.060000E-3	0.000000E+0	5.621300E+4
7.080000E-3	0.000000E+0	5.626500E+4
7.100000E-3	0.000000E+0	5.558300E+4
7.120000E-3	0.000000E+0	5.626300E+4
7.140000E-3	0.000000E+0	5.637900E+4
7.160000E-3	0.000000E+0	5.621000E+4
7.180000E-3	0.000000E+0	5.632600E+4
7.200000E-3	0.000000E+0	5.609600E+4
7.220000E-3	0.000000E+0	5.623100E+4
7.240000E-3	0.000000E+0	5.640700E+4
7.260000E-3	0.000000E+0	5.661500E+4
7.280000E-3	0.000000E+0	5.638200E+4
7.300000E-3	0.000000E+0	5.610400E+4
7.320000E-3	0.000000E+0	5.586800E+4
7.340000E-3	0.000000E+0	5.613400E+4
7.360000E-3	0.000000E+0	5.618100E+4
7.380000E-3	0.000000E+0	5.616400E+4
7.400000E-3	0.000000E+0	5.603400E+4
7.420000E-3	0.000000E+0	5.608000E+4
7.440000E-3	0.000000E+0	5.647700E+4
7.460000E-3	0.000000E+0	5.565200E+4
7.480000E-3	0.000000E+0	5.599600E+4
7.500000E-3	0.000000E+0	5.585900E+4
7.520000E-3	0.000000E+0	5.641100E+4
7.540000E-3	0.000000E+0	5.620100E+4
7.560000E-3	0.000000E+0	5.664200E+4
7.580000E-3	0.000000E+0	5.594200E+4
7.600000E-3	0.000000E+0	5.597900E+4
7.620000E-3	0.000000E+0	5.638800E+4
7.640000E-3	0.000000E+0	5.608600E+4
7.660000E-3	0.000000E+0	5.631200E+4
7.680000E-3	0.000000E+0	5.647100E+4
7.700000E-3	0.000000E+0	5.628600E+4
7.720000E-3	0.000000E+0	5.629600E+4
7.740000E-3	0.000000E+0	5.591200E+4
7.760000E-3	0.000000E+0	5.589100E+4
7.780000E-3	0.000000E+0	5.596300E+4
7.800000E-3	0.000000E+0	5.616800E+4
7.820000E-3	0.000000E+0	5.631500E+4
7.840000E-3	0.000000E+0	5.613300E+4
7.860000E-3	0.000000E+0	5.621500E+4
7.880000E-3	0.000000E+0	5.618800E+4
7.900000E-3	0.000000E+0	5.636300E+4
7.920000E-3	0.000000E+0	5.611100E+4
7.940000E-3	0.000000E+0	5.622800E+4
7.960000E-3	0.000000E+0	5.613300E+4
7.980000E-3	0.000000E+0	5.593900E+4
8.000000E-3	0.000000E+0	5.608200E+4
8.020000E-3	0.000000E+0	5.637700E+4
8.040000E-3	0.000000E+0	5.560900E+4
8.060000E-3	0.000000E+0	5.596900E+4
8.080000E-3	0.000000E+0	5.670200E+4
8.100000E-3	0.000000E+0	5.602000E+4
8.120000E-3	0.000000E+0	5.627100E+4
8.140000E-3	0.000000E+0	5.647400E+4
8.160000E-3	0.000000E+0	5.608000E+4
8.180000E-3	0.000000E+0	5.604800E+4
8.200000E-3	0.000000E+0	5.625300E+4
8.220000E-3	0.000000E+0	5.603100E+4
8.240000E-3	0.000000E+0	5.667700E+4
8.260000E-3	0.000000E+0	5.577600E+4
8.280000E-3	0.000000E+0	5.629800E+4
8.300000E-3	0.000000E+0	5.650100E+4
8.320000E-3	0.000000E+0	5.613100E+4
8.340000E-3	0.000000E+0	5.628800E+4
8.360000E-3	0.000000E+0	5.596500E+4
8.380000E-3	0.000000E+0	5.656000E+4
8.400000E-3	0.000000E+0	5.591600E+4
8.420000E-3	0.000000E+0	5.595100E+4
8.440000E-3	0.000000E+0	5.668900E+4
8.460000E-3	0.000000E+0	5.610400E+4
8.480000E-3	0.000000E+0	5.640700E+4
8.500000E-3	0.000000E+0	5.631100E+4
8.520000E-3	0.000000E+0	5.610300E+4
8.540000E-3	0.000000E+0	5.626700E+4
8.560000E-3	0.000000E+0	5.614400E+4
8.580000E-3	0.000000E+0	5.605200E+4
8.600000E-3	0.000000E+0	5.625500E+4
8.620000E-3	0.000000E+0	5.611500E+4
8.640000E-3	0.000000E+0	5.636700E+4
8.660000E-3	0.000000E+0	5.595800E+4
8.680000E-3	0.000000E+0	5.623600E+4
8.700000E-3	0.000000E+0	5.601900E+4
8.720000E-3	0.000000E+0	5.599200E+4
8.740000E-3	0.000000E+0	5.635600E+4
8.760000E-3	0.000000E+0	5.649900E+4
8.780000E-3	0.000000E+0	5.612000E+4
8.800000E-3	0.000000E+0	5.598100E+4
8.820000E-3	0.000000E+0	5.606100E+4
8.840000E-3	0.000000E+0	5.602300E+4
8.860000E-3	0.000000E+0	5.614200E+4
8.880000E-3	0.000000E+0	5.609800E+4
8.900000E-3	0.000000E+0	5.647800E+4
8.920000E-3	0.000000E+0	5.600000E+4
8.940000E-3	0.000000E+0	5.606300E+4
8.960000E-3	0.000000E+0	5.569100E+4
8.980000E-3	0.000000E+0	5.573700E+4
9.000000E-3	0.000000E+0	5.603900E+4
9.020000E-3	0.000000E+0	5.605700E+4
9.040000E-3	0.000000E+0	5.638400E+4
9.060000E-3	0.000000E+0	5.618100E+4
9.080000E-3	0.000000E+0	5.625300E+4
9.100000E-3	0.000000E+0	5.600500E+4
9.120000E-3	0.000000E+0	5.640400E+4
9.140000E-3	0.000000E+0	5.633800E+4
9.160000E-3	0.000000E+0	5.575400E+4
9.180000E-3	0.000000E+0	5.613800E+4
9.200000E-3	0.000000E+0	5.635700E+4
9.220000E-3	0.000000E+0	5.613100E+4
9.240000E-3	0.000000E+0	5.595100E+4
9.260000E-3	0.000000E+0	5.596900E+4
9.280000E-3	0.000000E+0	5.610800E+4
9.300000E-3	0.000000E+0	5.611500E+4
9.320000E-3	0.000000E+0	5.581900E+4
9.340000E-3	0.000000E+0	5.612200E+4
9.360000E-3	0.000000E+0	5.619800E+4
9.380000E-3	0.000000E+0	5.651100E+4
9.400000E-3	0.000000E+0	5.600200E+4
9.420000E-3	0.000000E+0	5.610900E+4
9.440000E-3	0.000000E+0	5.592100E+4
9.460000E-3	0.000000E+0	5.646000E+4
9.480000E-3	0.000000E+0	5.599100E+4
9.500000E-3	0.000000E+0	5.661000E+4
9.520000E-3	0.000000E+0	5.618400E+4
9.540000E-3	0.000000E+0	5.589800E+4
9.560000E-3	0.000000E+0	5.598100E+4
9.580000E-3	0.000000E+0	5.634400E+4
9.600000E-3	0.000000E+0	5.609600E+4
9.620000E-3	0.000000E+0	5.611000E+4
9.640000E-3	0.000000E+0	5.651200E+4
9.660000E-3	0.000000E+0	5.623000E+4
9.680000E-3	0.000000E+0	5.581000E+4
9.700000E-3	0.000000E+0	5.590800E+4
9.720000E-3	0.000000E+0	5.637800E+4
9.740000E-3	0.000000E+0	5.615500E+4
9.760000E-3	0.000000E+0	5.587200E+4
9.780000E-3	0.000000E+0	5.611700E+4
9.800000E-3	0.000000E+0	5.615900E+4
9.820000E-3	0.000000E+0	5.591100E+4
9.840000E-3	0.000000E+0	5.634200E+4
9.860000E-3	0.000000E+0	5.641900E+4
9.880000E-3	0.000000E+0	5.659900E+4
9.900000E-3	0.000000E+0	5.607400E+4
9.920000E-3	0.000000E+0	5.627700E+4
9.940000E-3	0.000000E+0	5.603500E+4
9.960000E-3	0.000000E+0	5.594500E+4
9.980000E-3	0.000000E+0	5.598300E+4
1.000000E-2	0.000000E+0	5.615300E+4
1.002000E-2	0.000000E+0	5.569200E+4
1.004000E-2	0.000000E+0	5.626700E+4
1.006000E-2	0.000000E+0	5.631300E+4
1.008000E-2	0.000000E+0	5.601400E+4
1.010000E-2	0.000000E+0	5.601200E+4
1.012000E-2	0.000000E+0	5.639900E+4
1.014000E-2	0.000000E+0	5.661200E+4
1.016000E-2	0.000000E+0	5.652800E+4
1.018000E-2	0.000000E+0	5.622800E+4
1.020000E-2	0.000000E+0	5.677300E+4
1.022000E-2	0.000000E+0	5.631600E+4
1.024000E-2	0.000000E+0	5.631400E+4
1.026000E-2	0.000000E+0	5.584800E+4
1.028000E-2	0.000000E+0	5.646000E+4
1.030000E-2	0.000000E+0	5.616000E+4
1.032000E-2	0.000000E+0	5.594800E+4
1.034000E-2	0.000000E+0	5.632400E+4
1.036000E-2	0.000000E+0	5.633200E+4
1.038000E-2	0.000000E+0	5.616200E+4
1.040000E-2	0.000000E+0	5.631400E+4
1.042000E-2	0.000000E+0	5.610700E+4
1.044000E-2	0.000000E+0	5.651900E+4
1.046000E-2	0.000000E+0	5.609500E+4
1.048000E-2	0.000000E+0	5.645000E+4
1.050000E-2	0.000000E+0	5.618400E+4
1.052000E-2	0.000000E+0	5.612900E+4
1.054000E-2	0.000000E+0	5.623100E+4
1.056000E-2	0.000000E+0	5.666000E+4
1.058000E-2	0.000000E+0	5.631600E+4
1.060000E-2	0.000000E+0	5.539900E+4
1.062000E-2	0.000000E+0	5.596200E+4
1.064000E-2	0.000000E+0	5.621700E+4
1.066000E-2	0.000000E+0	5.617300E+4
1.068000E-2	0.000000E+0	5.591700E+4
1.070000E-2	0.000000E+0	5.599300E+4
1.072000E-2	0.000000E+0	5.615500E+4
1.074000E-2	0.000000E+0	5.610800E+4
1.076000E-2	0.000000E+0	5.623900E+4
1.078000E-2	0.000000E+0	5.616700E+4
1.080000E-2	0.000000E+0	5.602000E+4
1.082000E-2	0.000000E+0	5.610900E+4
1.084000E-2	0.000000E+0	5.608300E+4
1.086000E-2	0.000000E+0	5.595600E+4
1.088000E-2	0.000000E+0	5.644600E+4
1.090000E-2	0.000000E+0	5.662500E+4
1.092000E-2	0.000000E+0	5.618200E+4
1.094000E-2	0.000000E+0	5.599300E+4
1.096000E-2	0.000000E+0	5.647400E+4
1.098000E-2	0.000000E+0	5.612400E+4
1.100000E-2	0.000000E+0	5.627900E+4
1.102000E-2	0.000000E+0	5.592500E+4
1.104000E-2	0.000000E+0	5.629200E+4
1.106000E-2	0.000000E+0	5.602400E+4
1.108000E-2	0.000000E+0	5.641200E+4
1.110000E-2	0.000000E+0	5.606800E+4
1.112000E-2	0.000000E+0	5.600200E+4
1.114000E-2	0.000000E+0	5.580300E+4
1.116000E-2	0.000000E+0	5.599300E+4
1.118000E-2	0.000000E+0	5.620300E+4
1.120000E-2	0.000000E+0	5.580800E+4
1.122000E-2	0.000000E+0	5.591700E+4
1.124000E-2	0.000000E+0	5.656300E+4
1.126000E-2	0.000000E+0	5.634700E+4
1.128000E-2	0.000000E+0	5.647100E+4
1.130000E-2	0.000000E+0	5.601900E+4
1.132000E-2	0.000000E+0	5.636100E+4
1.134000E-2	0.000000E+0	5.617600E+4
1.136000E-2	0.000000E+0	5.584900E+4
1.138000E-2	0.000000E+0	5.578800E+4
1.140000E-2	0.000000E+0	5.602100E+4
1.142000E-2	0.000000E+0	5.628700E+4
1.144000E-2	0.000000E+0	5.631100E+4
1.146000E-2	0.000000E+0	5.636000E+4
1.148000E-2	0.000000E+0	5.593700E+4
1.150000E-2	0.000000E+0	5.635300E+4
1.152000E-2	0.000000E+0	5.604500E+4
1.154000E-2	0.000000E+0	5.610600E+4
1.156000E-2	0.000000E+0	5.606800E+4
1.158000E-2	0.000000E+0	5.632100E+4
1.160000E-2	0.000000E+0	5.627200E+4
1.162000E-2	0.000000E+0	5.612800E+4
1.164000E-2	0.000000E+0	5.620800E+4
1.166000E-2	0.000000E+0	5.574900E+4
1.168000E-2	0.000000E+0	5.630700E+4
1.170000E-2	0.000000E+0	5.648200E+4
1.172000E-2	0.000000E+0	5.589400E+4
1.174000E-2	0.000000E+0	5.611500E+4
1.176000E-2	0.000000E+0	5.592500E+4
1.178000E-2	0.000000E+0	5.593200E+4
1.180000E-2	0.000000E+0	5.621000E+4
1.182000E-2	0.000000E+0	5.655900E+4
1.184000E-2	0.000000E+0	5.617400E+4
1.186000E-2	0.000000E+0	5.588900E+4
1.188000E-2	0.000000E+0	5.592400E+4
1.190000E-2	0.000000E+0	5.645000E+4
1.192000E-2	0.000000E+0	5.578700E+4
1.194000E-2	0.000000E+0	5.624300E+4
1.196000E-2	0.000000E+0	5.590500E+4
1.198000E-2	0.000000E+0	5.575500E+4
1.200000E-2	0.000000E+0	5.591800E+4
1.202000E-2	0.000000E+0	5.610400E+4
1.204000E-2	0.000000E+0	5.578600E+4
1.206000E-2	0.000000E+0	5.658200E+4
1.208000E-2	0.000000E+0	5.618400E+4
1.210000E-2	0.000000E+0	5.615300E+4
1.212000E-2	0.000000E+0	5.610000E+4
1.214000E-2	0.000000E+0	5.608600E+4
1.216000E-2	0.000000E+0	5.599500E+4
1.218000E-2	0.000000E+0	5.568900E+4
1.220000E-2	0.000000E+0	5.621100E+4
1.222000E-2	0.000000E+0	5.603500E+4
1.224000E-2	0.000000E+0	5.628400E+4
1.226000E-2	0.000000E+0	5.577000E+4
1.228000E-2	0.000000E+0	5.584900E+4
1.230000E-2	0.000000E+0	5.603000E+4
1.232000E-2	0.000000E+0	5.642500E+4
1.234000E-2	0.000000E+0	5.634900E+4
1.236000E-2	0.000000E+0	5.617700E+4
1.238000E-2	0.000000E+0	5.609600E+4
1.240000E-2	0.000000E+0	5.579400E+4
1.242000E-2	0.000000E+0	5.603900E+4
1.244000E-2	0.000000E+0	5.605300E+4
1.246000E-2	0.000000E+0	5.569100E+4
1.248000E-2	0.000000E+0	5.602700E+4
1.250000E-2	0.000000E+0	5.631500E+4
1.252000E-2	0.000000E+0	5.590700E+4
1.254000E-2	0.000000E+0	5.591600E+4
1.256000E-2	0.000000E+0	5.633700E+4
1.258000E-2	0.000000E+0	5.652500E+4
1.260000E-2	0.000000E+0	5.631800E+4
1.262000E-2	0.000000E+0	5.581100E+4
1.264000E-2	0.000000E+0	5.575500E+4
1.266000E-2	0.000000E+0	5.572500E+4
1.268000E-2	0.000000E+0	5.610500E+4
1.270000E-2	0.000000E+0	5.598300E+4
1.272000E-2	0.000000E+0	5.625600E+4
1.274000E-2	0.000000E+0	5.603700E+4
1.276000E-2	0.000000E+0	5.642300E+4
1.278000E-2	0.000000E+0	5.612700E+4
1.280000E-2	0.000000E+0	5.610100E+4
1.282000E-2	0.000000E+0	5.574600E+4
1.284000E-2	0.000000E+0	5.612200E+4
1.286000E-2	0.000000E+0	5.618100E+4
1.288000E-2	0.000000E+0	5.633600E+4
1.290000E-2	0.000000E+0	5.564600E+4
1.292000E-2	0.000000E+0	5.606200E+4
1.294000E-2	0.000000E+0	5.597700E+4
1.296000E-2	0.000000E+0	5.591000E+4
1.298000E-2	0.000000E+0	5.612400E+4
1.300000E-2	0.000000E+0	5.598700E+4
1.302000E-2	0.000000E+0	5.634400E+4
1.304000E-2	0.000000E+0	5.608500E+4
1.306000E-2	0.000000E+0	5.604200E+4
1.308000E-2	0.000000E+0	5.675500E+4
1.310000E-2	0.000000E+0	5.628800E+4
1.312000E-2	0.000000E+0	5.576600E+4
1.314000E-2	0.000000E+0	5.608200E+4
1.316000E-2	0.000000E+0	5.638600E+4
1.318000E-2	0.000000E+0	5.608300E+4
1.320000E-2	0.000000E+0	5.608600E+4
1.322000E-2	0.000000E+0	5.609200E+4
1.324000E-2	0.000000E+0	5.595800E+4
1.326000E-2	0.000000E+0	5.612200E+4
1.328000E-2	0.000000E+0	5.646500E+4
1.330000E-2	0.000000E+0	5.631800E+4
1.332000E-2	0.000000E+0	5.621000E+4
1.334000E-2	0.000000E+0	5.632700E+4
1.336000E-2	0.000000E+0	5.608800E+4
1.338000E-2	0.000000E+0	5.602800E+4
1.340000E-2	0.000000E+0	5.656100E+4
1.342000E-2	0.000000E+0	5.643000E+4
1.344000E-2	0.000000E+0	5.602300E+4
1.346000E-2	0.000000E+0	5.622100E+4
1.348000E-2	0.000000E+0	5.637600E+4
1.350000E-2	0.000000E+0	5.615800E+4
1.352000E-2	0.000000E+0	5.599600E+4
1.354000E-2	0.000000E+0	5.607500E+4
1.356000E-2	0.000000E+0	5.603600E+4
1.358000E-2	0.000000E+0	5.558400E+4
1.360000E-2	0.000000E+0	5.627100E+4
1.362000E-2	0.000000E+0	5.601700E+4
1.364000E-2	0.000000E+0	5.609800E+4
1.366000E-2	0.000000E+0	5.590300E+4
1.368000E-2	0.000000E+0	5.633100E+4
1.370000E-2	0.000000E+0	5.631700E+4
1.372000E-2	0.000000E+0	5.602700E+4
1.374000E-2	0.000000E+0	5.593200E+4
1.376000E-2	0.000000E+0	5.654400E+4
1.378000E-2	0.000000E+0	5.652400E+4
1.380000E-2	0.000000E+0	5.579300E+4
1.382000E-2	0.000000E+0	5.569900E+4
1.384000E-2	0.000000E+0	5.563900E+4
1.386000E-2	0.000000E+0	5.654000E+4
1.388000E-2	0.000000E+0	5.602700E+4
1.390000E-2	0.000000E+0	5.629400E+4
1.392000E-2	0.000000E+0	5.604000E+4
1.394000E-2	0.000000E+0	5.640400E+4
1.396000E-2	0.000000E+0	5.576200E+4
1.398000E-2	0.000000E+0	5.638100E+4
1.400000E-2	0.000000E+0	5.606400E+4
1.402000E-2	0.000000E+0	5.623700E+4
1.404000E-2	0.000000E+0	5.653600E+4
1.406000E-2	0.000000E+0	5.613700E+4
1.408000E-2	0.000000E+0	5.624500E+4
1.410000E-2	0.000000E+0	5.618900E+4
1.412000E-2	0.000000E+0	5.557100E+4
1.414000E-2	0.000000E+0	5.599900E+4
1.416000E-2	0.000000E+0	5.592500E+4
1.418000E-2	0.000000E+0	5.618300E+4
1.420000E-2	0.000000E+0	5.604300E+4
1.422000E-2	0.000000E+0	5.629300E+4
1.424000E-2	0.000000E+0	5.598000E+4
1.426000E-2	0.000000E+0	5.655000E+4
1.428000E-2	0.000000E+0	5.631200E+4
1.430000E-2	0.000000E+0	5.636400E+4
1.432000E-2	0.000000E+0	5.663700E+4
1.434000E-2	0.000000E+0	5.598100E+4
1.436000E-2	0.000000E+0	5.607800E+4
1.438000E-2	0.000000E+0	5.595100E+4
1.440000E-2	0.000000E+0	5.629700E+4
1.442000E-2	0.000000E+0	5.618100E+4
1.444000E-2	0.000000E+0	5.645600E+4
1.446000E-2	0.000000E+0	5.616000E+4
1.448000E-2	0.000000E+0	5.591200E+4
1.450000E-2	0.000000E+0	5.590400E+4
1.452000E-2	0.000000E+0	5.598300E+4
1.454000E-2	0.000000E+0	5.609300E+4
1.456000E-2	0.000000E+0	5.608700E+4
1.458000E-2	0.000000E+0	5.602600E+4
1.460000E-2	0.000000E+0	5.594000E+4
1.462000E-2	0.000000E+0	5.617600E+4
1.464000E-2	0.000000E+0	5.606100E+4
1.466000E-2	0.000000E+0	5.606200E+4
1.468000E-2	0.000000E+0	5.637000E+4
1.470000E-2	0.000000E+0	5.553400E+4
1.472000E-2	0.000000E+0	5.600000E+4
1.474000E-2	0.000000E+0	5.634000E+4
1.476000E-2	0.000000E+0	5.604700E+4
1.478000E-2	0.000000E+0	5.647900E+4
1.480000E-2	0.000000E+0	5.620700E+4
1.482000E-2	0.000000E+0	5.593400E+4
1.484000E-2	0.000000E+0	5.603600E+4
1.486000E-2	0.000000E+0	5.612500E+4
1.488000E-2	0.000000E+0	5.595700E+4
1.490000E-2	0.000000E+0	5.616100E+4
1.492000E-2	0.000000E+0	5.624100E+4
1.494000E-2	0.000000E+0	5.617600E+4
1.496000E-2	0.000000E+0	5.626400E+4
1.498000E-2	0.000000E+0	5.625200E+4
1.500000E-2	0.000000E+0	5.636000E+4
1.502000E-2	0.000000E+0	5.610400E+4
1.504000E-2	0.000000E+0	5.654200E+4
1.506000E-2	0.000000E+0	5.591100E+4
1.508000E-2	0.000000E+0	5.617000E+4
1.510000E-2	0.000000E+0	5.616700E+4
1.512000E-2	0.000000E+0	5.597900E+4
1.514000E-2	0.000000E+0	5.571700E+4
1.516000E-2	0.000000E+0	5.619600E+4
1.518000E-2	0.000000E+0	5.612400E+4
1.520000E-2	0.000000E+0	5.589300E+4
1.522000E-2	0.000000E+0	5.598800E+4
1.524000E-2	0.000000E+0	5.621300E+4
1.526000E-2	0.000000E+0	5.580400E+4
1.528000E-2	0.000000E+0	5.637900E+4
1.530000E-2	0.000000E+0	5.657400E+4
1.532000E-2	0.000000E+0	5.645100E+4
1.534000E-2	0.000000E+0	5.628700E+4
1.536000E-2	0.000000E+0	5.616000E+4
1.538000E-2	0.000000E+0	5.609200E+4
1.540000E-2	0.000000E+0	5.620600E+4
1.542000E-2	0.000000E+0	5.588600E+4
1.544000E-2	0.000000E+0	5.592100E+4
1.546000E-2	0.000000E+0	5.549700E+4
1.548000E-2	0.000000E+0	5.599200E+4
1.550000E-2	0.000000E+0	5.629600E+4
1.552000E-2	0.000000E+0	5.601800E+4
1.554000E-2	0.000000E+0	5.604400E+4
1.556000E-2	0.000000E+0	5.625800E+4
1.558000E-2	0.000000E+0	5.631100E+4
1.560000E-2	0.000000E+0	5.608000E+4
1.562000E-2	0.000000E+0	5.600400E+4
1.564000E-2	0.000000E+0	5.579700E+4
1.566000E-2	0.000000E+0	5.622100E+4
1.568000E-2	0.000000E+0	5.613000E+4
1.570000E-2	0.000000E+0	5.643500E+4
1.572000E-2	0.000000E+0	5.620500E+4
1.574000E-2	0.000000E+0	5.603000E+4
1.576000E-2	0.000000E+0	5.608300E+4
1.578000E-2	0.000000E+0	5.595900E+4
1.580000E-2	0.000000E+0	5.630200E+4
1.582000E-2	0.000000E+0	5.637600E+4
1.584000E-2	0.000000E+0	5.622800E+4
1.586000E-2	0.000000E+0	5.595200E+4
1.588000E-2	0.000000E+0	5.636900E+4
1.590000E-2	0.000000E+0	5.609600E+4
1.592000E-2	0.000000E+0	5.626000E+4
1.594000E-2	0.000000E+0	5.626200E+4
1.596000E-2	0.000000E+0	5.619000E+4
1.598000E-2	0.000000E+0	5.630900E+4
1.600000E-2	0.000000E+0	5.626000E+4
1.602000E-2	0.000000E+0	5.574300E+4
1.604000E-2	0.000000E+0	5.641600E+4
1.606000E-2	0.000000E+0	5.630400E+4
1.608000E-2	0.000000E+0	5.593200E+4
1.610000E-2	0.000000E+0	5.578600E+4
1.612000E-2	0.000000E+0	5.596600E+4
1.614000E-2	0.000000E+0	5.617500E+4
1.616000E-2	0.000000E+0	5.650800E+4
1.618000E-2	0.000000E+0	5.548000E+4
1.620000E-2	0.000000E+0	5.588600E+4
1.622000E-2	0.000000E+0	5.569500E+4
1.624000E-2	0.000000E+0	5.584800E+4
1.626000E-2	0.000000E+0	5.616500E+4
1.628000E-2	0.000000E+0	5.596200E+4
1.630000E-2	0.000000E+0	5.580900E+4
1.632000E-2	0.000000E+0	5.581000E+4
1.634000E-2	0.000000E+0	5.604500E+4
1.636000E-2	0.000000E+0	5.560600E+4
1.638000E-2	0.000000E+0	5.603800E+4
1.640000E-2	0.000000E+0	5.583800E+4
1.642000E-2	0.000000E+0	5.629900E+4
1.644000E-2	0.000000E+0	5.628500E+4
1.646000E-2	0.000000E+0	5.573100E+4
1.648000E-2	0.000000E+0	5.645100E+4
1.650000E-2	0.000000E+0	5.628300E+4
1.652000E-2	0.000000E+0	5.584600E+4
1.654000E-2	0.000000E+0	5.569500E+4
1.656000E-2	0.000000E+0	5.604000E+4
1.658000E-2	0.000000E+0	5.631600E+4
1.660000E-2	0.000000E+0	5.580100E+4
1.662000E-2	0.000000E+0	5.622400E+4
1.664000E-2	0.000000E+0	5.620800E+4
1.666000E-2	0.000000E+0	5.621800E+4
1.668000E-2	0.000000E+0	5.587600E+4
1.670000E-2	0.000000E+0	5.598200E+4
1.672000E-2	0.000000E+0	5.593900E+4
1.674000E-2	0.000000E+0	5.576300E+4
1.676000E-2	0.000000E+0	5.579600E+4
1.678000E-2	0.000000E+0	5.581200E+4
1.680000E-2	0.000000E+0	5.607200E+4
1.682000E-2	0.000000E+0	5.572400E+4
1.684000E-2	0.000000E+0	5.579700E+4
1.686000E-2	0.000000E+0	5.566400E+4
1.688000E-2	0.000000E+0	5.560100E+4
1.690000E-2	0.000000E+0	5.547300E+4
1.692000E-2	0.000000E+0	5.580800E+4
1.694000E-2	0.000000E+0	5.550500E+4
1.696000E-2	0.000000E+0	5.493100E+4
1.698000E-2	0.000000E+0	5.513500E+4
1.700000E-2	0.000000E+0	5.473200E+4
1.702000E-2	0.000000E+0	5.448000E+4
1.704000E-2	0.000000E+0	5.390300E+4
1.706000E-2	0.000000E+0	5.377100E+4
1.708000E-2	0.000000E+0	5.337300E+4
1.710000E-2	0.000000E+0	5.182400E+4
1.712000E-2	0.000000E+0	5.077000E+4
1.714000E-2	0.000000E+0	4.764400E+4
1.716000E-2	0.000000E+0	4.390600E+4
1.718000E-2	0.000000E+0	3.994000E+4
1.720000E-2	0.000000E+0	3.592900E+4
1.722000E-2	0.000000E+0	3.368000E+4
1.724000E-2	0.000000E+0	3.333800E+4
1.726000E-2	0.000000E+0	3.539200E+4
1.728000E-2	0.000000E+0	3.884600E+4
1.730000E-2	0.000000E+0	4.325900E+4
1.732000E-2	0.000000E+0	4.608000E+4
1.734000E-2	0.000000E+0	4.941700E+4
1.736000E-2	0.000000E+0	5.134100E+4
1.738000E-2	0.000000E+0	5.209900E+4
1.740000E-2	0.000000E+0	5.357400E+4
1.742000E-2	0.000000E+0	5.415000E+4
1.744000E-2	0.000000E+0	5.436200E+4
1.746000E-2	0.000000E+0	5.493900E+4
1.748000E-2	0.000000E+0	5.504200E+4
1.750000E-2	0.000000E+0	5.509000E+4
1.752000E-2	0.000000E+0	5.521400E+4
1.754000E-2	0.000000E+0	5.592200E+4
1.756000E-2	0.000000E+0	5.562000E+4
1.758000E-2	0.000000E+0	5.548200E+4
1.760000E-2	0.000000E+0	5.595400E+4
1.762000E-2	0.000000E+0	5.566600E+4
1.764000E-2	0.000000E+0	5.581600E+4
1.766000E-2	0.000000E+0	5.560400E+4
1.768000E-2	0.000000E+0	5.603900E+4
1.770000E-2	0.000000E+0	5.586000E+4
1.772000E-2	0.000000E+0	5.601800E+4
1.774000E-2	0.000000E+0	5.546200E+4
1.776000E-2	0.000000E+0	5.573700E+4
1.778000E-2	0.000000E+0	5.596200E+4
1.780000E-2	0.000000E+0	5.599800E+4
1.782000E-2	0.000000E+0	5.596800E+4
1.784000E-2	0.000000E+0	5.635200E+4
1.786000E-2	0.000000E+0	5.641900E+4
1.788000E-2	0.000000E+0	5.602000E+4
1.790000E-2	0.000000E+0	5.602100E+4
1.792000E-2	0.000000E+0	5.633100E+4
1.794000E-2	0.000000E+0	5.620100E+4
1.796000E-2	0.000000E+0	5.607500E+4
1.798000E-2	0.000000E+0	5.595100E+4
1.800000E-2	0.000000E+0	5.601900E+4
1.802000E-2	0.000000E+0	5.540000E+4
1.804000E-2	0.000000E+0	5.610800E+4
1.806000E-2	0.000000E+0	5.603500E+4
1.808000E-2	0.000000E+0	5.589400E+4
1.810000E-2	0.000000E+0	5.611000E+4
1.812000E-2	0.000000E+0	5.630800E+4
1.814000E-2	0.000000E+0	5.584500E+4
1.816000E-2	0.000000E+0	5.607000E+4
1.818000E-2	0.000000E+0	5.594300E+4
1.820000E-2	0.000000E+0	5.593500E+4
1.822000E-2	0.000000E+0	5.586000E+4
1.824000E-2	0.000000E+0	5.582000E+4
1.826000E-2	0.000000E+0	5.569200E+4
1.828000E-2	0.000000E+0	5.628800E+4
1.830000E-2	0.000000E+0	5.570900E+4
1.832000E-2	0.000000E+0	5.575300E+4
1.834000E-2	0.000000E+0	5.609500E+4
1.836000E-2	0.000000E+0	5.538900E+4
1.838000E-2	0.000000E+0	5.601400E+4
1.840000E-2	0.000000E+0	5.668000E+4
1.842000E-2	0.000000E+0	5.615600E+4
1.844000E-2	0.000000E+0	5.626900E+4
1.846000E-2	0.000000E+0	5.604700E+4
1.848000E-2	0.000000E+0	5.577400E+4
1.850000E-2	0.000000E+0	5.606400E+4
1.852000E-2	0.000000E+0	5.607700E+4
1.854000E-2	0.000000E+0	5.585900E+4
1.856000E-2	0.000000E+0	5.638600E+4
1.858000E-2	0.000000E+0	5.574400E+4
1.860000E-2	0.000000E+0	5.611900E+4
1.862000E-2	0.000000E+0	5.600000E+4
1.864000E-2	0.000000E+0	5.679900E+4
1.866000E-2	0.000000E+0	5.543900E+4
1.868000E-2	0.000000E+0	5.631300E+4
1.870000E-2	0.000000E+0	5.596600E+4
1.872000E-2	0.000000E+0	5.587400E+4
1.874000E-2	0.000000E+0	5.582100E+4
1.876000E-2	0.000000E+0	5.603800E+4
1.878000E-2	0.000000E+0	5.599400E+4
1.880000E-2	0.000000E+0	5.587400E+4
1.882000E-2	0.000000E+0	5.606200E+4
1.884000E-2	0.000000E+0	5.597800E+4
1.886000E-2	0.000000E+0	5.618100E+4
1.888000E-2	0.000000E+0	5.590600E+4
1.890000E-2	0.000000E+0	5.618600E+4
1.892000E-2	0.000000E+0	5.585900E+4
1.894000E-2	0.000000E+0	5.629700E+4
1.896000E-2	0.000000E+0	5.628000E+4
1.898000E-2	0.000000E+0	5.650900E+4
1.900000E-2	0.000000E+0	5.613000E+4
1.902000E-2	0.000000E+0	5.602300E+4
1.904000E-2	0.000000E+0	5.633100E+4
1.906000E-2	0.000000E+0	5.592900E+4
1.908000E-2	0.000000E+0	5.626700E+4
1.910000E-2	0.000000E+0	5.565200E+4
1.912000E-2	0.000000E+0	5.563000E+4
1.914000E-2	0.000000E+0	5.646900E+4
1.916000E-2	0.000000E+0	5.582300E+4
1.918000E-2	0.000000E+0	5.616200E+4
1.920000E-2	0.000000E+0	5.601600E+4
1.922000E-2	0.000000E+0	5.602500E+4
1.924000E-2	0.000000E+0	5.642200E+4
1.926000E-2	0.000000E+0	5.583100E+4
1.928000E-2	0.000000E+0	5.607900E+4
1.930000E-2	0.000000E+0	5.596100E+4
1.932000E-2	0.000000E+0	5.609100E+4
1.934000E-2	0.000000E+0	5.653400E+4
1.936000E-2	0.000000E+0	5.576300E+4
1.938000E-2	0.000000E+0	5.622900E+4
1.940000E-2	0.000000E+0	5.598600E+4
1.942000E-2	0.000000E+0	5.608900E+4
1.944000E-2	0.000000E+0	5.601900E+4
1.946000E-2	0.000000E+0	5.603500E+4
1.948000E-2	0.000000E+0	5.608900E+4
1.950000E-2	0.000000E+0	5.644900E+4
1.952000E-2	0.000000E+0	5.610400E+4
1.954000E-2	0.000000E+0	5.617800E+4
1.956000E-2	0.000000E+0	5.587500E+4
1.958000E-2	0.000000E+0	5.613500E+4
1.960000E-2	0.000000E+0	5.558200E+4
1.962000E-2	0.000000E+0	5.609200E+4
1.964000E-2	0.000000E+0	5.621800E+4
1.966000E-2	0.000000E+0	5.604000E+4
1.968000E-2	0.000000E+0	5.590400E+4
1.970000E-2	0.000000E+0	5.623700E+4
1.972000E-2	0.000000E+0	5.562300E+4
1.974000E-2	0.000000E+0	5.592300E+4
1.976000E-2	0.000000E+0	5.555200E+4
1.978000E-2	0.000000E+0	5.597600E+4
1.980000E-2	0.000000E+0	5.615400E+4
1.982000E-2	0.000000E+0	5.619800E+4
1.984000E-2	0.000000E+0	5.590500E+4
1.986000E-2	0.000000E+0	5.620500E+4
1.988000E-2	0.000000E+0	5.610100E+4
1.990000E-2	0.000000E+0	5.617200E+4
1.992000E-2	0.000000E+0	5.605600E+4
1.994000E-2	0.000000E+0	5.634100E+4
1.996000E-2	0.000000E+0	5.638300E+4
1.998000E-2	0.000000E+0	5.601500E+4
