

live time:  105651.500000
real time:  122402.789000
sweeps:  5282575.000000
0.000000E+0	0.000000E+0	0.000000E+0
2.000000E-5	0.000000E+0	5.265200E+4
4.000000E-5	0.000000E+0	5.290600E+4
6.000000E-5	0.000000E+0	5.309800E+4
8.000000E-5	0.000000E+0	5.314100E+4
1.000000E-4	0.000000E+0	5.300400E+4
1.200000E-4	0.000000E+0	5.282900E+4
1.400000E-4	0.000000E+0	5.329300E+4
1.600000E-4	0.000000E+0	5.333500E+4
1.800000E-4	0.000000E+0	5.321500E+4
2.000000E-4	0.000000E+0	5.319900E+4
2.200000E-4	0.000000E+0	5.319300E+4
2.400000E-4	0.000000E+0	5.310700E+4
2.600000E-4	0.000000E+0	5.308700E+4
2.800000E-4	0.000000E+0	5.302200E+4
3.000000E-4	0.000000E+0	5.303500E+4
3.200000E-4	0.000000E+0	5.297500E+4
3.400000E-4	0.000000E+0	5.316900E+4
3.600000E-4	0.000000E+0	5.305200E+4
3.800000E-4	0.000000E+0	5.306600E+4
4.000000E-4	0.000000E+0	5.344000E+4
4.200000E-4	0.000000E+0	5.294900E+4
4.400000E-4	0.000000E+0	5.289600E+4
4.600000E-4	0.000000E+0	5.315300E+4
4.800000E-4	0.000000E+0	5.311800E+4
5.000000E-4	0.000000E+0	5.282300E+4
5.200000E-4	0.000000E+0	5.301700E+4
5.400000E-4	0.000000E+0	5.320300E+4
5.600000E-4	0.000000E+0	5.358700E+4
5.800000E-4	0.000000E+0	5.313000E+4
6.000000E-4	0.000000E+0	5.292100E+4
6.200000E-4	0.000000E+0	5.294200E+4
6.400000E-4	0.000000E+0	5.273300E+4
6.600000E-4	0.000000E+0	5.296700E+4
6.800000E-4	0.000000E+0	5.269900E+4
7.000000E-4	0.000000E+0	5.309700E+4
7.200000E-4	0.000000E+0	5.309500E+4
7.400000E-4	0.000000E+0	5.301900E+4
7.600000E-4	0.000000E+0	5.311700E+4
7.800000E-4	0.000000E+0	5.307800E+4
8.000000E-4	0.000000E+0	5.315300E+4
8.200000E-4	0.000000E+0	5.282200E+4
8.400000E-4	0.000000E+0	5.303600E+4
8.600000E-4	0.000000E+0	5.311300E+4
8.800000E-4	0.000000E+0	5.331700E+4
9.000000E-4	0.000000E+0	5.254600E+4
9.200000E-4	0.000000E+0	5.300800E+4
9.400000E-4	0.000000E+0	5.324700E+4
9.600000E-4	0.000000E+0	5.300300E+4
9.800000E-4	0.000000E+0	5.296500E+4
1.000000E-3	0.000000E+0	5.295800E+4
1.020000E-3	0.000000E+0	5.269900E+4
1.040000E-3	0.000000E+0	5.352000E+4
1.060000E-3	0.000000E+0	5.301600E+4
1.080000E-3	0.000000E+0	5.281800E+4
1.100000E-3	0.000000E+0	5.307200E+4
1.120000E-3	0.000000E+0	5.314000E+4
1.140000E-3	0.000000E+0	5.337400E+4
1.160000E-3	0.000000E+0	5.287800E+4
1.180000E-3	0.000000E+0	5.306700E+4
1.200000E-3	0.000000E+0	5.328700E+4
1.220000E-3	0.000000E+0	5.271700E+4
1.240000E-3	0.000000E+0	5.281800E+4
1.260000E-3	0.000000E+0	5.306400E+4
1.280000E-3	0.000000E+0	5.330400E+4
1.300000E-3	0.000000E+0	5.328300E+4
1.320000E-3	0.000000E+0	5.295700E+4
1.340000E-3	0.000000E+0	5.340100E+4
1.360000E-3	0.000000E+0	5.296400E+4
1.380000E-3	0.000000E+0	5.332500E+4
1.400000E-3	0.000000E+0	5.328500E+4
1.420000E-3	0.000000E+0	5.297100E+4
1.440000E-3	0.000000E+0	5.328000E+4
1.460000E-3	0.000000E+0	5.286600E+4
1.480000E-3	0.000000E+0	5.280700E+4
1.500000E-3	0.000000E+0	5.256600E+4
1.520000E-3	0.000000E+0	5.291800E+4
1.540000E-3	0.000000E+0	5.309900E+4
1.560000E-3	0.000000E+0	5.285800E+4
1.580000E-3	0.000000E+0	5.316600E+4
1.600000E-3	0.000000E+0	5.325900E+4
1.620000E-3	0.000000E+0	5.341100E+4
1.640000E-3	0.000000E+0	5.290700E+4
1.660000E-3	0.000000E+0	5.330800E+4
1.680000E-3	0.000000E+0	5.299800E+4
1.700000E-3	0.000000E+0	5.323200E+4
1.720000E-3	0.000000E+0	5.282200E+4
1.740000E-3	0.000000E+0	5.352200E+4
1.760000E-3	0.000000E+0	5.312200E+4
1.780000E-3	0.000000E+0	5.323200E+4
1.800000E-3	0.000000E+0	5.295100E+4
1.820000E-3	0.000000E+0	5.325100E+4
1.840000E-3	0.000000E+0	5.329700E+4
1.860000E-3	0.000000E+0	5.295100E+4
1.880000E-3	0.000000E+0	5.319800E+4
1.900000E-3	0.000000E+0	5.303700E+4
1.920000E-3	0.000000E+0	5.327000E+4
1.940000E-3	0.000000E+0	5.321300E+4
1.960000E-3	0.000000E+0	5.284400E+4
1.980000E-3	0.000000E+0	5.342300E+4
2.000000E-3	0.000000E+0	5.320200E+4
2.020000E-3	0.000000E+0	5.318500E+4
2.040000E-3	0.000000E+0	5.323500E+4
2.060000E-3	0.000000E+0	5.334400E+4
2.080000E-3	0.000000E+0	5.245900E+4
2.100000E-3	0.000000E+0	5.302200E+4
2.120000E-3	0.000000E+0	5.299300E+4
2.140000E-3	0.000000E+0	5.273100E+4
2.160000E-3	0.000000E+0	5.294900E+4
2.180000E-3	0.000000E+0	5.312400E+4
2.200000E-3	0.000000E+0	5.272400E+4
2.220000E-3	0.000000E+0	5.279900E+4
2.240000E-3	0.000000E+0	5.303000E+4
2.260000E-3	0.000000E+0	5.289700E+4
2.280000E-3	0.000000E+0	5.324200E+4
2.300000E-3	0.000000E+0	5.301100E+4
2.320000E-3	0.000000E+0	5.311900E+4
2.340000E-3	0.000000E+0	5.271500E+4
2.360000E-3	0.000000E+0	5.309600E+4
2.380000E-3	0.000000E+0	5.279800E+4
2.400000E-3	0.000000E+0	5.330300E+4
2.420000E-3	0.000000E+0	5.324500E+4
2.440000E-3	0.000000E+0	5.312700E+4
2.460000E-3	0.000000E+0	5.283400E+4
2.480000E-3	0.000000E+0	5.257100E+4
2.500000E-3	0.000000E+0	5.323400E+4
2.520000E-3	0.000000E+0	5.341100E+4
2.540000E-3	0.000000E+0	5.320500E+4
2.560000E-3	0.000000E+0	5.302800E+4
2.580000E-3	0.000000E+0	5.314400E+4
2.600000E-3	0.000000E+0	5.307300E+4
2.620000E-3	0.000000E+0	5.297700E+4
2.640000E-3	0.000000E+0	5.320600E+4
2.660000E-3	0.000000E+0	5.275700E+4
2.680000E-3	0.000000E+0	5.340600E+4
2.700000E-3	0.000000E+0	5.311000E+4
2.720000E-3	0.000000E+0	5.263600E+4
2.740000E-3	0.000000E+0	5.304500E+4
2.760000E-3	0.000000E+0	5.322200E+4
2.780000E-3	0.000000E+0	5.289800E+4
2.800000E-3	0.000000E+0	5.302100E+4
2.820000E-3	0.000000E+0	5.263200E+4
2.840000E-3	0.000000E+0	5.335000E+4
2.860000E-3	0.000000E+0	5.291600E+4
2.880000E-3	0.000000E+0	5.320300E+4
2.900000E-3	0.000000E+0	5.265900E+4
2.920000E-3	0.000000E+0	5.341700E+4
2.940000E-3	0.000000E+0	5.311700E+4
2.960000E-3	0.000000E+0	5.301500E+4
2.980000E-3	0.000000E+0	5.288700E+4
3.000000E-3	0.000000E+0	5.304000E+4
3.020000E-3	0.000000E+0	5.334900E+4
3.040000E-3	0.000000E+0	5.316800E+4
3.060000E-3	0.000000E+0	5.309200E+4
3.080000E-3	0.000000E+0	5.274700E+4
3.100000E-3	0.000000E+0	5.329500E+4
3.120000E-3	0.000000E+0	5.327500E+4
3.140000E-3	0.000000E+0	5.299900E+4
3.160000E-3	0.000000E+0	5.284500E+4
3.180000E-3	0.000000E+0	5.327700E+4
3.200000E-3	0.000000E+0	5.299600E+4
3.220000E-3	0.000000E+0	5.261000E+4
3.240000E-3	0.000000E+0	5.283900E+4
3.260000E-3	0.000000E+0	5.305400E+4
3.280000E-3	0.000000E+0	5.312100E+4
3.300000E-3	0.000000E+0	5.319900E+4
3.320000E-3	0.000000E+0	5.350400E+4
3.340000E-3	0.000000E+0	5.304300E+4
3.360000E-3	0.000000E+0	5.285000E+4
3.380000E-3	0.000000E+0	5.291300E+4
3.400000E-3	0.000000E+0	5.307900E+4
3.420000E-3	0.000000E+0	5.313500E+4
3.440000E-3	0.000000E+0	5.277000E+4
3.460000E-3	0.000000E+0	5.325400E+4
3.480000E-3	0.000000E+0	5.334600E+4
3.500000E-3	0.000000E+0	5.320100E+4
3.520000E-3	0.000000E+0	5.295000E+4
3.540000E-3	0.000000E+0	5.338700E+4
3.560000E-3	0.000000E+0	5.278600E+4
3.580000E-3	0.000000E+0	5.310600E+4
3.600000E-3	0.000000E+0	5.253800E+4
3.620000E-3	0.000000E+0	5.325100E+4
3.640000E-3	0.000000E+0	5.318000E+4
3.660000E-3	0.000000E+0	5.317600E+4
3.680000E-3	0.000000E+0	5.312200E+4
3.700000E-3	0.000000E+0	5.285300E+4
3.720000E-3	0.000000E+0	5.270200E+4
3.740000E-3	0.000000E+0	5.274200E+4
3.760000E-3	0.000000E+0	5.293500E+4
3.780000E-3	0.000000E+0	5.316400E+4
3.800000E-3	0.000000E+0	5.275300E+4
3.820000E-3	0.000000E+0	5.290500E+4
3.840000E-3	0.000000E+0	5.341500E+4
3.860000E-3	0.000000E+0	5.310600E+4
3.880000E-3	0.000000E+0	5.282800E+4
3.900000E-3	0.000000E+0	5.291300E+4
3.920000E-3	0.000000E+0	5.301600E+4
3.940000E-3	0.000000E+0	5.299600E+4
3.960000E-3	0.000000E+0	5.312700E+4
3.980000E-3	0.000000E+0	5.283700E+4
4.000000E-3	0.000000E+0	5.293700E+4
4.020000E-3	0.000000E+0	5.314600E+4
4.040000E-3	0.000000E+0	5.313900E+4
4.060000E-3	0.000000E+0	5.236800E+4
4.080000E-3	0.000000E+0	5.306500E+4
4.100000E-3	0.000000E+0	5.274900E+4
4.120000E-3	0.000000E+0	5.292100E+4
4.140000E-3	0.000000E+0	5.346400E+4
4.160000E-3	0.000000E+0	5.275200E+4
4.180000E-3	0.000000E+0	5.303700E+4
4.200000E-3	0.000000E+0	5.264200E+4
4.220000E-3	0.000000E+0	5.331800E+4
4.240000E-3	0.000000E+0	5.285400E+4
4.260000E-3	0.000000E+0	5.295900E+4
4.280000E-3	0.000000E+0	5.323700E+4
4.300000E-3	0.000000E+0	5.271300E+4
4.320000E-3	0.000000E+0	5.345800E+4
4.340000E-3	0.000000E+0	5.335500E+4
4.360000E-3	0.000000E+0	5.320600E+4
4.380000E-3	0.000000E+0	5.260800E+4
4.400000E-3	0.000000E+0	5.339100E+4
4.420000E-3	0.000000E+0	5.313400E+4
4.440000E-3	0.000000E+0	5.288300E+4
4.460000E-3	0.000000E+0	5.296900E+4
4.480000E-3	0.000000E+0	5.281000E+4
4.500000E-3	0.000000E+0	5.275200E+4
4.520000E-3	0.000000E+0	5.330400E+4
4.540000E-3	0.000000E+0	5.320700E+4
4.560000E-3	0.000000E+0	5.282200E+4
4.580000E-3	0.000000E+0	5.321200E+4
4.600000E-3	0.000000E+0	5.338500E+4
4.620000E-3	0.000000E+0	5.289700E+4
4.640000E-3	0.000000E+0	5.306700E+4
4.660000E-3	0.000000E+0	5.315900E+4
4.680000E-3	0.000000E+0	5.295700E+4
4.700000E-3	0.000000E+0	5.287100E+4
4.720000E-3	0.000000E+0	5.302500E+4
4.740000E-3	0.000000E+0	5.275800E+4
4.760000E-3	0.000000E+0	5.289600E+4
4.780000E-3	0.000000E+0	5.277300E+4
4.800000E-3	0.000000E+0	5.325300E+4
4.820000E-3	0.000000E+0	5.280900E+4
4.840000E-3	0.000000E+0	5.300000E+4
4.860000E-3	0.000000E+0	5.305500E+4
4.880000E-3	0.000000E+0	5.275500E+4
4.900000E-3	0.000000E+0	5.313300E+4
4.920000E-3	0.000000E+0	5.291500E+4
4.940000E-3	0.000000E+0	5.339500E+4
4.960000E-3	0.000000E+0	5.309100E+4
4.980000E-3	0.000000E+0	5.260600E+4
5.000000E-3	0.000000E+0	5.250500E+4
5.020000E-3	0.000000E+0	5.294100E+4
5.040000E-3	0.000000E+0	5.336500E+4
5.060000E-3	0.000000E+0	5.357600E+4
5.080000E-3	0.000000E+0	5.316800E+4
5.100000E-3	0.000000E+0	5.316200E+4
5.120000E-3	0.000000E+0	5.331900E+4
5.140000E-3	0.000000E+0	5.306600E+4
5.160000E-3	0.000000E+0	5.329800E+4
5.180000E-3	0.000000E+0	5.297800E+4
5.200000E-3	0.000000E+0	5.278100E+4
5.220000E-3	0.000000E+0	5.296500E+4
5.240000E-3	0.000000E+0	5.279600E+4
5.260000E-3	0.000000E+0	5.312600E+4
5.280000E-3	0.000000E+0	5.254100E+4
5.300000E-3	0.000000E+0	5.292700E+4
5.320000E-3	0.000000E+0	5.275700E+4
5.340000E-3	0.000000E+0	5.253800E+4
5.360000E-3	0.000000E+0	5.262600E+4
5.380000E-3	0.000000E+0	5.265300E+4
5.400000E-3	0.000000E+0	5.279300E+4
5.420000E-3	0.000000E+0	5.271200E+4
5.440000E-3	0.000000E+0	5.256800E+4
5.460000E-3	0.000000E+0	5.275600E+4
5.480000E-3	0.000000E+0	5.202800E+4
5.500000E-3	0.000000E+0	5.253200E+4
5.520000E-3	0.000000E+0	5.281200E+4
5.540000E-3	0.000000E+0	5.232000E+4
5.560000E-3	0.000000E+0	5.238600E+4
5.580000E-3	0.000000E+0	5.205400E+4
5.600000E-3	0.000000E+0	5.241400E+4
5.620000E-3	0.000000E+0	5.128400E+4
5.640000E-3	0.000000E+0	5.128000E+4
5.660000E-3	0.000000E+0	5.055200E+4
5.680000E-3	0.000000E+0	4.952100E+4
5.700000E-3	0.000000E+0	4.876700E+4
5.720000E-3	0.000000E+0	4.678600E+4
5.740000E-3	0.000000E+0	4.433600E+4
5.760000E-3	0.000000E+0	4.087900E+4
5.780000E-3	0.000000E+0	3.678400E+4
5.800000E-3	0.000000E+0	3.340200E+4
5.820000E-3	0.000000E+0	3.165400E+4
5.840000E-3	0.000000E+0	3.182100E+4
5.860000E-3	0.000000E+0	3.356200E+4
5.880000E-3	0.000000E+0	3.718000E+4
5.900000E-3	0.000000E+0	4.127700E+4
5.920000E-3	0.000000E+0	4.476100E+4
5.940000E-3	0.000000E+0	4.774000E+4
5.960000E-3	0.000000E+0	4.930000E+4
5.980000E-3	0.000000E+0	5.022500E+4
6.000000E-3	0.000000E+0	5.106800E+4
6.020000E-3	0.000000E+0	5.139000E+4
6.040000E-3	0.000000E+0	5.184000E+4
6.060000E-3	0.000000E+0	5.204900E+4
6.080000E-3	0.000000E+0	5.220200E+4
6.100000E-3	0.000000E+0	5.231300E+4
6.120000E-3	0.000000E+0	5.250800E+4
6.140000E-3	0.000000E+0	5.256400E+4
6.160000E-3	0.000000E+0	5.198800E+4
6.180000E-3	0.000000E+0	5.255500E+4
6.200000E-3	0.000000E+0	5.247400E+4
6.220000E-3	0.000000E+0	5.241800E+4
6.240000E-3	0.000000E+0	5.287200E+4
6.260000E-3	0.000000E+0	5.275300E+4
6.280000E-3	0.000000E+0	5.261800E+4
6.300000E-3	0.000000E+0	5.280700E+4
6.320000E-3	0.000000E+0	5.255300E+4
6.340000E-3	0.000000E+0	5.301600E+4
6.360000E-3	0.000000E+0	5.284200E+4
6.380000E-3	0.000000E+0	5.275800E+4
6.400000E-3	0.000000E+0	5.291100E+4
6.420000E-3	0.000000E+0	5.314600E+4
6.440000E-3	0.000000E+0	5.273800E+4
6.460000E-3	0.000000E+0	5.263500E+4
6.480000E-3	0.000000E+0	5.299500E+4
6.500000E-3	0.000000E+0	5.288800E+4
6.520000E-3	0.000000E+0	5.328000E+4
6.540000E-3	0.000000E+0	5.320300E+4
6.560000E-3	0.000000E+0	5.295400E+4
6.580000E-3	0.000000E+0	5.304400E+4
6.600000E-3	0.000000E+0	5.307200E+4
6.620000E-3	0.000000E+0	5.299000E+4
6.640000E-3	0.000000E+0	5.308300E+4
6.660000E-3	0.000000E+0	5.335500E+4
6.680000E-3	0.000000E+0	5.303400E+4
6.700000E-3	0.000000E+0	5.287100E+4
6.720000E-3	0.000000E+0	5.288700E+4
6.740000E-3	0.000000E+0	5.300400E+4
6.760000E-3	0.000000E+0	5.287300E+4
6.780000E-3	0.000000E+0	5.304900E+4
6.800000E-3	0.000000E+0	5.274300E+4
6.820000E-3	0.000000E+0	5.292200E+4
6.840000E-3	0.000000E+0	5.276700E+4
6.860000E-3	0.000000E+0	5.356700E+4
6.880000E-3	0.000000E+0	5.301700E+4
6.900000E-3	0.000000E+0	5.304800E+4
6.920000E-3	0.000000E+0	5.323100E+4
6.940000E-3	0.000000E+0	5.311800E+4
6.960000E-3	0.000000E+0	5.248100E+4
6.980000E-3	0.000000E+0	5.310400E+4
7.000000E-3	0.000000E+0	5.293700E+4
7.020000E-3	0.000000E+0	5.301400E+4
7.040000E-3	0.000000E+0	5.292300E+4
7.060000E-3	0.000000E+0	5.312100E+4
7.080000E-3	0.000000E+0	5.317600E+4
7.100000E-3	0.000000E+0	5.250700E+4
7.120000E-3	0.000000E+0	5.322900E+4
7.140000E-3	0.000000E+0	5.327200E+4
7.160000E-3	0.000000E+0	5.308200E+4
7.180000E-3	0.000000E+0	5.327600E+4
7.200000E-3	0.000000E+0	5.290500E+4
7.220000E-3	0.000000E+0	5.314900E+4
7.240000E-3	0.000000E+0	5.326500E+4
7.260000E-3	0.000000E+0	5.347700E+4
7.280000E-3	0.000000E+0	5.329100E+4
7.300000E-3	0.000000E+0	5.302600E+4
7.320000E-3	0.000000E+0	5.277600E+4
7.340000E-3	0.000000E+0	5.303000E+4
7.360000E-3	0.000000E+0	5.300900E+4
7.380000E-3	0.000000E+0	5.312000E+4
7.400000E-3	0.000000E+0	5.306400E+4
7.420000E-3	0.000000E+0	5.303500E+4
7.440000E-3	0.000000E+0	5.333500E+4
7.460000E-3	0.000000E+0	5.268300E+4
7.480000E-3	0.000000E+0	5.291400E+4
7.500000E-3	0.000000E+0	5.273900E+4
7.520000E-3	0.000000E+0	5.324800E+4
7.540000E-3	0.000000E+0	5.302800E+4
7.560000E-3	0.000000E+0	5.352200E+4
7.580000E-3	0.000000E+0	5.278600E+4
7.600000E-3	0.000000E+0	5.285600E+4
7.620000E-3	0.000000E+0	5.333600E+4
7.640000E-3	0.000000E+0	5.294000E+4
7.660000E-3	0.000000E+0	5.311300E+4
7.680000E-3	0.000000E+0	5.333200E+4
7.700000E-3	0.000000E+0	5.314100E+4
7.720000E-3	0.000000E+0	5.323500E+4
7.740000E-3	0.000000E+0	5.267200E+4
7.760000E-3	0.000000E+0	5.291300E+4
7.780000E-3	0.000000E+0	5.283200E+4
7.800000E-3	0.000000E+0	5.303900E+4
7.820000E-3	0.000000E+0	5.316800E+4
7.840000E-3	0.000000E+0	5.306900E+4
7.860000E-3	0.000000E+0	5.308600E+4
7.880000E-3	0.000000E+0	5.306100E+4
7.900000E-3	0.000000E+0	5.327700E+4
7.920000E-3	0.000000E+0	5.303500E+4
7.940000E-3	0.000000E+0	5.312100E+4
7.960000E-3	0.000000E+0	5.297600E+4
7.980000E-3	0.000000E+0	5.280800E+4
8.000000E-3	0.000000E+0	5.309000E+4
8.020000E-3	0.000000E+0	5.323900E+4
8.040000E-3	0.000000E+0	5.254800E+4
8.060000E-3	0.000000E+0	5.279000E+4
8.080000E-3	0.000000E+0	5.358200E+4
8.100000E-3	0.000000E+0	5.290000E+4
8.120000E-3	0.000000E+0	5.313500E+4
8.140000E-3	0.000000E+0	5.333200E+4
8.160000E-3	0.000000E+0	5.290000E+4
8.180000E-3	0.000000E+0	5.293100E+4
8.200000E-3	0.000000E+0	5.320000E+4
8.220000E-3	0.000000E+0	5.294000E+4
8.240000E-3	0.000000E+0	5.360400E+4
8.260000E-3	0.000000E+0	5.272900E+4
8.280000E-3	0.000000E+0	5.326700E+4
8.300000E-3	0.000000E+0	5.328500E+4
8.320000E-3	0.000000E+0	5.308100E+4
8.340000E-3	0.000000E+0	5.321900E+4
8.360000E-3	0.000000E+0	5.274300E+4
8.380000E-3	0.000000E+0	5.341400E+4
8.400000E-3	0.000000E+0	5.276900E+4
8.420000E-3	0.000000E+0	5.292800E+4
8.440000E-3	0.000000E+0	5.353900E+4
8.460000E-3	0.000000E+0	5.293800E+4
8.480000E-3	0.000000E+0	5.342400E+4
8.500000E-3	0.000000E+0	5.324400E+4
8.520000E-3	0.000000E+0	5.297400E+4
8.540000E-3	0.000000E+0	5.315900E+4
8.560000E-3	0.000000E+0	5.299400E+4
8.580000E-3	0.000000E+0	5.296700E+4
8.600000E-3	0.000000E+0	5.324400E+4
8.620000E-3	0.000000E+0	5.311100E+4
8.640000E-3	0.000000E+0	5.320800E+4
8.660000E-3	0.000000E+0	5.291600E+4
8.680000E-3	0.000000E+0	5.317100E+4
8.700000E-3	0.000000E+0	5.292400E+4
8.720000E-3	0.000000E+0	5.280400E+4
8.740000E-3	0.000000E+0	5.316600E+4
8.760000E-3	0.000000E+0	5.338100E+4
8.780000E-3	0.000000E+0	5.302300E+4
8.800000E-3	0.000000E+0	5.283000E+4
8.820000E-3	0.000000E+0	5.303200E+4
8.840000E-3	0.000000E+0	5.295600E+4
8.860000E-3	0.000000E+0	5.301800E+4
8.880000E-3	0.000000E+0	5.297700E+4
8.900000E-3	0.000000E+0	5.340300E+4
8.920000E-3	0.000000E+0	5.291100E+4
8.940000E-3	0.000000E+0	5.292900E+4
8.960000E-3	0.000000E+0	5.267900E+4
8.980000E-3	0.000000E+0	5.270500E+4
9.000000E-3	0.000000E+0	5.295800E+4
9.020000E-3	0.000000E+0	5.292600E+4
9.040000E-3	0.000000E+0	5.320900E+4
9.060000E-3	0.000000E+0	5.294300E+4
9.080000E-3	0.000000E+0	5.301900E+4
9.100000E-3	0.000000E+0	5.294300E+4
9.120000E-3	0.000000E+0	5.330300E+4
9.140000E-3	0.000000E+0	5.308100E+4
9.160000E-3	0.000000E+0	5.273300E+4
9.180000E-3	0.000000E+0	5.308300E+4
9.200000E-3	0.000000E+0	5.332000E+4
9.220000E-3	0.000000E+0	5.299800E+4
9.240000E-3	0.000000E+0	5.291900E+4
9.260000E-3	0.000000E+0	5.290200E+4
9.280000E-3	0.000000E+0	5.303000E+4
9.300000E-3	0.000000E+0	5.300400E+4
9.320000E-3	0.000000E+0	5.278600E+4
9.340000E-3	0.000000E+0	5.301400E+4
9.360000E-3	0.000000E+0	5.311400E+4
9.380000E-3	0.000000E+0	5.343800E+4
9.400000E-3	0.000000E+0	5.294700E+4
9.420000E-3	0.000000E+0	5.290500E+4
9.440000E-3	0.000000E+0	5.277300E+4
9.460000E-3	0.000000E+0	5.332700E+4
9.480000E-3	0.000000E+0	5.290300E+4
9.500000E-3	0.000000E+0	5.352400E+4
9.520000E-3	0.000000E+0	5.294300E+4
9.540000E-3	0.000000E+0	5.276600E+4
9.560000E-3	0.000000E+0	5.288500E+4
9.580000E-3	0.000000E+0	5.314100E+4
9.600000E-3	0.000000E+0	5.295000E+4
9.620000E-3	0.000000E+0	5.297900E+4
9.640000E-3	0.000000E+0	5.336900E+4
9.660000E-3	0.000000E+0	5.303200E+4
9.680000E-3	0.000000E+0	5.276400E+4
9.700000E-3	0.000000E+0	5.277700E+4
9.720000E-3	0.000000E+0	5.323400E+4
9.740000E-3	0.000000E+0	5.307000E+4
9.760000E-3	0.000000E+0	5.279700E+4
9.780000E-3	0.000000E+0	5.299300E+4
9.800000E-3	0.000000E+0	5.298300E+4
9.820000E-3	0.000000E+0	5.283400E+4
9.840000E-3	0.000000E+0	5.324000E+4
9.860000E-3	0.000000E+0	5.328200E+4
9.880000E-3	0.000000E+0	5.347500E+4
9.900000E-3	0.000000E+0	5.294500E+4
9.920000E-3	0.000000E+0	5.315300E+4
9.940000E-3	0.000000E+0	5.292900E+4
9.960000E-3	0.000000E+0	5.287100E+4
9.980000E-3	0.000000E+0	5.291600E+4
1.000000E-2	0.000000E+0	5.309500E+4
1.002000E-2	0.000000E+0	5.256700E+4
1.004000E-2	0.000000E+0	5.297600E+4
1.006000E-2	0.000000E+0	5.313300E+4
1.008000E-2	0.000000E+0	5.287400E+4
1.010000E-2	0.000000E+0	5.286200E+4
1.012000E-2	0.000000E+0	5.323900E+4
1.014000E-2	0.000000E+0	5.346300E+4
1.016000E-2	0.000000E+0	5.340600E+4
1.018000E-2	0.000000E+0	5.319500E+4
1.020000E-2	0.000000E+0	5.356200E+4
1.022000E-2	0.000000E+0	5.314200E+4
1.024000E-2	0.000000E+0	5.313300E+4
1.026000E-2	0.000000E+0	5.274200E+4
1.028000E-2	0.000000E+0	5.339900E+4
1.030000E-2	0.000000E+0	5.295900E+4
1.032000E-2	0.000000E+0	5.293900E+4
1.034000E-2	0.000000E+0	5.311600E+4
1.036000E-2	0.000000E+0	5.318500E+4
1.038000E-2	0.000000E+0	5.305500E+4
1.040000E-2	0.000000E+0	5.321300E+4
1.042000E-2	0.000000E+0	5.298200E+4
1.044000E-2	0.000000E+0	5.334800E+4
1.046000E-2	0.000000E+0	5.301700E+4
1.048000E-2	0.000000E+0	5.341100E+4
1.050000E-2	0.000000E+0	5.307600E+4
1.052000E-2	0.000000E+0	5.296800E+4
1.054000E-2	0.000000E+0	5.302400E+4
1.056000E-2	0.000000E+0	5.351500E+4
1.058000E-2	0.000000E+0	5.302700E+4
1.060000E-2	0.000000E+0	5.235200E+4
1.062000E-2	0.000000E+0	5.287800E+4
1.064000E-2	0.000000E+0	5.305600E+4
1.066000E-2	0.000000E+0	5.306000E+4
1.068000E-2	0.000000E+0	5.283400E+4
1.070000E-2	0.000000E+0	5.284900E+4
1.072000E-2	0.000000E+0	5.301000E+4
1.074000E-2	0.000000E+0	5.296600E+4
1.076000E-2	0.000000E+0	5.307200E+4
1.078000E-2	0.000000E+0	5.299100E+4
1.080000E-2	0.000000E+0	5.291100E+4
1.082000E-2	0.000000E+0	5.302400E+4
1.084000E-2	0.000000E+0	5.293900E+4
1.086000E-2	0.000000E+0	5.291300E+4
1.088000E-2	0.000000E+0	5.329900E+4
1.090000E-2	0.000000E+0	5.352800E+4
1.092000E-2	0.000000E+0	5.304700E+4
1.094000E-2	0.000000E+0	5.282100E+4
1.096000E-2	0.000000E+0	5.344600E+4
1.098000E-2	0.000000E+0	5.303300E+4
1.100000E-2	0.000000E+0	5.314500E+4
1.102000E-2	0.000000E+0	5.284100E+4
1.104000E-2	0.000000E+0	5.313200E+4
1.106000E-2	0.000000E+0	5.291000E+4
1.108000E-2	0.000000E+0	5.335300E+4
1.110000E-2	0.000000E+0	5.294500E+4
1.112000E-2	0.000000E+0	5.289800E+4
1.114000E-2	0.000000E+0	5.264800E+4
1.116000E-2	0.000000E+0	5.286800E+4
1.118000E-2	0.000000E+0	5.305500E+4
1.120000E-2	0.000000E+0	5.277600E+4
1.122000E-2	0.000000E+0	5.277200E+4
1.124000E-2	0.000000E+0	5.342900E+4
1.126000E-2	0.000000E+0	5.324600E+4
1.128000E-2	0.000000E+0	5.328300E+4
1.130000E-2	0.000000E+0	5.295200E+4
1.132000E-2	0.000000E+0	5.320000E+4
1.134000E-2	0.000000E+0	5.295200E+4
1.136000E-2	0.000000E+0	5.275700E+4
1.138000E-2	0.000000E+0	5.270000E+4
1.140000E-2	0.000000E+0	5.289800E+4
1.142000E-2	0.000000E+0	5.319200E+4
1.144000E-2	0.000000E+0	5.315200E+4
1.146000E-2	0.000000E+0	5.327200E+4
1.148000E-2	0.000000E+0	5.283300E+4
1.150000E-2	0.000000E+0	5.325900E+4
1.152000E-2	0.000000E+0	5.291500E+4
1.154000E-2	0.000000E+0	5.301600E+4
1.156000E-2	0.000000E+0	5.293900E+4
1.158000E-2	0.000000E+0	5.317200E+4
1.160000E-2	0.000000E+0	5.322400E+4
1.162000E-2	0.000000E+0	5.292300E+4
1.164000E-2	0.000000E+0	5.306100E+4
1.166000E-2	0.000000E+0	5.261900E+4
1.168000E-2	0.000000E+0	5.318900E+4
1.170000E-2	0.000000E+0	5.334900E+4
1.172000E-2	0.000000E+0	5.276800E+4
1.174000E-2	0.000000E+0	5.299900E+4
1.176000E-2	0.000000E+0	5.279800E+4
1.178000E-2	0.000000E+0	5.274500E+4
1.180000E-2	0.000000E+0	5.310900E+4
1.182000E-2	0.000000E+0	5.355700E+4
1.184000E-2	0.000000E+0	5.302200E+4
1.186000E-2	0.000000E+0	5.275400E+4
1.188000E-2	0.000000E+0	5.286500E+4
1.190000E-2	0.000000E+0	5.334400E+4
1.192000E-2	0.000000E+0	5.269100E+4
1.194000E-2	0.000000E+0	5.310100E+4
1.196000E-2	0.000000E+0	5.288200E+4
1.198000E-2	0.000000E+0	5.268000E+4
1.200000E-2	0.000000E+0	5.288200E+4
1.202000E-2	0.000000E+0	5.302000E+4
1.204000E-2	0.000000E+0	5.262300E+4
1.206000E-2	0.000000E+0	5.340400E+4
1.208000E-2	0.000000E+0	5.304700E+4
1.210000E-2	0.000000E+0	5.304300E+4
1.212000E-2	0.000000E+0	5.306600E+4
1.214000E-2	0.000000E+0	5.297500E+4
1.216000E-2	0.000000E+0	5.286300E+4
1.218000E-2	0.000000E+0	5.265700E+4
1.220000E-2	0.000000E+0	5.297700E+4
1.222000E-2	0.000000E+0	5.290600E+4
1.224000E-2	0.000000E+0	5.317200E+4
1.226000E-2	0.000000E+0	5.271200E+4
1.228000E-2	0.000000E+0	5.264900E+4
1.230000E-2	0.000000E+0	5.298100E+4
1.232000E-2	0.000000E+0	5.327100E+4
1.234000E-2	0.000000E+0	5.318700E+4
1.236000E-2	0.000000E+0	5.306100E+4
1.238000E-2	0.000000E+0	5.294400E+4
1.240000E-2	0.000000E+0	5.278000E+4
1.242000E-2	0.000000E+0	5.286500E+4
1.244000E-2	0.000000E+0	5.306000E+4
1.246000E-2	0.000000E+0	5.257500E+4
1.248000E-2	0.000000E+0	5.299600E+4
1.250000E-2	0.000000E+0	5.317400E+4
1.252000E-2	0.000000E+0	5.282700E+4
1.254000E-2	0.000000E+0	5.280900E+4
1.256000E-2	0.000000E+0	5.337400E+4
1.258000E-2	0.000000E+0	5.341900E+4
1.260000E-2	0.000000E+0	5.321100E+4
1.262000E-2	0.000000E+0	5.276400E+4
1.264000E-2	0.000000E+0	5.269500E+4
1.266000E-2	0.000000E+0	5.251400E+4
1.268000E-2	0.000000E+0	5.294900E+4
1.270000E-2	0.000000E+0	5.284300E+4
1.272000E-2	0.000000E+0	5.319700E+4
1.274000E-2	0.000000E+0	5.299700E+4
1.276000E-2	0.000000E+0	5.326500E+4
1.278000E-2	0.000000E+0	5.303900E+4
1.280000E-2	0.000000E+0	5.293200E+4
1.282000E-2	0.000000E+0	5.268800E+4
1.284000E-2	0.000000E+0	5.296500E+4
1.286000E-2	0.000000E+0	5.311400E+4
1.288000E-2	0.000000E+0	5.314400E+4
1.290000E-2	0.000000E+0	5.261800E+4
1.292000E-2	0.000000E+0	5.295500E+4
1.294000E-2	0.000000E+0	5.283600E+4
1.296000E-2	0.000000E+0	5.284700E+4
1.298000E-2	0.000000E+0	5.308400E+4
1.300000E-2	0.000000E+0	5.290100E+4
1.302000E-2	0.000000E+0	5.321800E+4
1.304000E-2	0.000000E+0	5.300600E+4
1.306000E-2	0.000000E+0	5.296300E+4
1.308000E-2	0.000000E+0	5.356500E+4
1.310000E-2	0.000000E+0	5.317800E+4
1.312000E-2	0.000000E+0	5.273000E+4
1.314000E-2	0.000000E+0	5.295500E+4
1.316000E-2	0.000000E+0	5.325400E+4
1.318000E-2	0.000000E+0	5.300800E+4
1.320000E-2	0.000000E+0	5.296400E+4
1.322000E-2	0.000000E+0	5.298500E+4
1.324000E-2	0.000000E+0	5.288200E+4
1.326000E-2	0.000000E+0	5.306600E+4
1.328000E-2	0.000000E+0	5.330600E+4
1.330000E-2	0.000000E+0	5.317500E+4
1.332000E-2	0.000000E+0	5.308600E+4
1.334000E-2	0.000000E+0	5.317200E+4
1.336000E-2	0.000000E+0	5.296700E+4
1.338000E-2	0.000000E+0	5.300300E+4
1.340000E-2	0.000000E+0	5.340500E+4
1.342000E-2	0.000000E+0	5.334500E+4
1.344000E-2	0.000000E+0	5.300200E+4
1.346000E-2	0.000000E+0	5.310400E+4
1.348000E-2	0.000000E+0	5.319000E+4
1.350000E-2	0.000000E+0	5.307400E+4
1.352000E-2	0.000000E+0	5.282400E+4
1.354000E-2	0.000000E+0	5.293200E+4
1.356000E-2	0.000000E+0	5.293800E+4
1.358000E-2	0.000000E+0	5.253300E+4
1.360000E-2	0.000000E+0	5.311600E+4
1.362000E-2	0.000000E+0	5.290500E+4
1.364000E-2	0.000000E+0	5.298500E+4
1.366000E-2	0.000000E+0	5.285800E+4
1.368000E-2	0.000000E+0	5.312500E+4
1.370000E-2	0.000000E+0	5.324900E+4
1.372000E-2	0.000000E+0	5.291700E+4
1.374000E-2	0.000000E+0	5.285600E+4
1.376000E-2	0.000000E+0	5.346300E+4
1.378000E-2	0.000000E+0	5.334800E+4
1.380000E-2	0.000000E+0	5.267900E+4
1.382000E-2	0.000000E+0	5.266100E+4
1.384000E-2	0.000000E+0	5.253200E+4
1.386000E-2	0.000000E+0	5.336200E+4
1.388000E-2	0.000000E+0	5.294000E+4
1.390000E-2	0.000000E+0	5.311400E+4
1.392000E-2	0.000000E+0	5.294700E+4
1.394000E-2	0.000000E+0	5.321200E+4
1.396000E-2	0.000000E+0	5.270800E+4
1.398000E-2	0.000000E+0	5.326900E+4
1.400000E-2	0.000000E+0	5.291100E+4
1.402000E-2	0.000000E+0	5.311800E+4
1.404000E-2	0.000000E+0	5.337100E+4
1.406000E-2	0.000000E+0	5.301900E+4
1.408000E-2	0.000000E+0	5.311300E+4
1.410000E-2	0.000000E+0	5.305600E+4
1.412000E-2	0.000000E+0	5.248800E+4
1.414000E-2	0.000000E+0	5.284300E+4
1.416000E-2	0.000000E+0	5.279400E+4
1.418000E-2	0.000000E+0	5.301600E+4
1.420000E-2	0.000000E+0	5.296000E+4
1.422000E-2	0.000000E+0	5.314700E+4
1.424000E-2	0.000000E+0	5.292000E+4
1.426000E-2	0.000000E+0	5.340000E+4
1.428000E-2	0.000000E+0	5.314300E+4
1.430000E-2	0.000000E+0	5.317700E+4
1.432000E-2	0.000000E+0	5.353800E+4
1.434000E-2	0.000000E+0	5.294700E+4
1.436000E-2	0.000000E+0	5.294100E+4
1.438000E-2	0.000000E+0	5.288900E+4
1.440000E-2	0.000000E+0	5.325500E+4
1.442000E-2	0.000000E+0	5.301400E+4
1.444000E-2	0.000000E+0	5.333400E+4
1.446000E-2	0.000000E+0	5.307900E+4
1.448000E-2	0.000000E+0	5.279600E+4
1.450000E-2	0.000000E+0	5.282400E+4
1.452000E-2	0.000000E+0	5.292900E+4
1.454000E-2	0.000000E+0	5.290700E+4
1.456000E-2	0.000000E+0	5.305600E+4
1.458000E-2	0.000000E+0	5.289500E+4
1.460000E-2	0.000000E+0	5.290600E+4
1.462000E-2	0.000000E+0	5.301800E+4
1.464000E-2	0.000000E+0	5.297400E+4
1.466000E-2	0.000000E+0	5.284100E+4
1.468000E-2	0.000000E+0	5.322000E+4
1.470000E-2	0.000000E+0	5.248000E+4
1.472000E-2	0.000000E+0	5.279000E+4
1.474000E-2	0.000000E+0	5.308300E+4
1.476000E-2	0.000000E+0	5.294300E+4
1.478000E-2	0.000000E+0	5.330300E+4
1.480000E-2	0.000000E+0	5.316500E+4
1.482000E-2	0.000000E+0	5.285900E+4
1.484000E-2	0.000000E+0	5.287100E+4
1.486000E-2	0.000000E+0	5.294700E+4
1.488000E-2	0.000000E+0	5.284600E+4
1.490000E-2	0.000000E+0	5.295300E+4
1.492000E-2	0.000000E+0	5.297600E+4
1.494000E-2	0.000000E+0	5.303100E+4
1.496000E-2	0.000000E+0	5.312300E+4
1.498000E-2	0.000000E+0	5.316900E+4
1.500000E-2	0.000000E+0	5.334400E+4
1.502000E-2	0.000000E+0	5.290400E+4
1.504000E-2	0.000000E+0	5.347400E+4
1.506000E-2	0.000000E+0	5.285600E+4
1.508000E-2	0.000000E+0	5.309100E+4
1.510000E-2	0.000000E+0	5.303300E+4
1.512000E-2	0.000000E+0	5.280700E+4
1.514000E-2	0.000000E+0	5.257000E+4
1.516000E-2	0.000000E+0	5.318600E+4
1.518000E-2	0.000000E+0	5.302200E+4
1.520000E-2	0.000000E+0	5.272500E+4
1.522000E-2	0.000000E+0	5.284400E+4
1.524000E-2	0.000000E+0	5.304100E+4
1.526000E-2	0.000000E+0	5.266300E+4
1.528000E-2	0.000000E+0	5.319300E+4
1.530000E-2	0.000000E+0	5.349000E+4
1.532000E-2	0.000000E+0	5.326800E+4
1.534000E-2	0.000000E+0	5.320400E+4
1.536000E-2	0.000000E+0	5.312400E+4
1.538000E-2	0.000000E+0	5.300800E+4
1.540000E-2	0.000000E+0	5.310500E+4
1.542000E-2	0.000000E+0	5.280300E+4
1.544000E-2	0.000000E+0	5.286600E+4
1.546000E-2	0.000000E+0	5.248300E+4
1.548000E-2	0.000000E+0	5.290400E+4
1.550000E-2	0.000000E+0	5.313500E+4
1.552000E-2	0.000000E+0	5.281500E+4
1.554000E-2	0.000000E+0	5.291500E+4
1.556000E-2	0.000000E+0	5.313100E+4
1.558000E-2	0.000000E+0	5.320600E+4
1.560000E-2	0.000000E+0	5.295400E+4
1.562000E-2	0.000000E+0	5.290100E+4
1.564000E-2	0.000000E+0	5.256200E+4
1.566000E-2	0.000000E+0	5.308600E+4
1.568000E-2	0.000000E+0	5.312500E+4
1.570000E-2	0.000000E+0	5.337300E+4
1.572000E-2	0.000000E+0	5.303600E+4
1.574000E-2	0.000000E+0	5.290800E+4
1.576000E-2	0.000000E+0	5.288900E+4
1.578000E-2	0.000000E+0	5.278400E+4
1.580000E-2	0.000000E+0	5.312100E+4
1.582000E-2	0.000000E+0	5.326100E+4
1.584000E-2	0.000000E+0	5.312000E+4
1.586000E-2	0.000000E+0	5.297600E+4
1.588000E-2	0.000000E+0	5.323100E+4
1.590000E-2	0.000000E+0	5.287300E+4
1.592000E-2	0.000000E+0	5.321100E+4
1.594000E-2	0.000000E+0	5.320200E+4
1.596000E-2	0.000000E+0	5.312400E+4
1.598000E-2	0.000000E+0	5.308300E+4
1.600000E-2	0.000000E+0	5.306100E+4
1.602000E-2	0.000000E+0	5.266800E+4
1.604000E-2	0.000000E+0	5.321300E+4
1.606000E-2	0.000000E+0	5.319800E+4
1.608000E-2	0.000000E+0	5.281300E+4
1.610000E-2	0.000000E+0	5.274600E+4
1.612000E-2	0.000000E+0	5.292100E+4
1.614000E-2	0.000000E+0	5.300000E+4
1.616000E-2	0.000000E+0	5.337900E+4
1.618000E-2	0.000000E+0	5.248100E+4
1.620000E-2	0.000000E+0	5.275500E+4
1.622000E-2	0.000000E+0	5.258000E+4
1.624000E-2	0.000000E+0	5.265800E+4
1.626000E-2	0.000000E+0	5.298000E+4
1.628000E-2	0.000000E+0	5.285400E+4
1.630000E-2	0.000000E+0	5.266900E+4
1.632000E-2	0.000000E+0	5.262000E+4
1.634000E-2	0.000000E+0	5.287500E+4
1.636000E-2	0.000000E+0	5.252200E+4
1.638000E-2	0.000000E+0	5.290100E+4
1.640000E-2	0.000000E+0	5.277700E+4
1.642000E-2	0.000000E+0	5.309100E+4
1.644000E-2	0.000000E+0	5.320400E+4
1.646000E-2	0.000000E+0	5.261300E+4
1.648000E-2	0.000000E+0	5.328000E+4
1.650000E-2	0.000000E+0	5.310500E+4
1.652000E-2	0.000000E+0	5.274300E+4
1.654000E-2	0.000000E+0	5.260800E+4
1.656000E-2	0.000000E+0	5.285900E+4
1.658000E-2	0.000000E+0	5.327500E+4
1.660000E-2	0.000000E+0	5.273400E+4
1.662000E-2	0.000000E+0	5.307800E+4
1.664000E-2	0.000000E+0	5.311800E+4
1.666000E-2	0.000000E+0	5.301700E+4
1.668000E-2	0.000000E+0	5.280000E+4
1.670000E-2	0.000000E+0	5.298600E+4
1.672000E-2	0.000000E+0	5.283000E+4
1.674000E-2	0.000000E+0	5.264700E+4
1.676000E-2	0.000000E+0	5.264100E+4
1.678000E-2	0.000000E+0	5.267000E+4
1.680000E-2	0.000000E+0	5.302200E+4
1.682000E-2	0.000000E+0	5.265300E+4
1.684000E-2	0.000000E+0	5.277200E+4
1.686000E-2	0.000000E+0	5.255000E+4
1.688000E-2	0.000000E+0	5.256500E+4
1.690000E-2	0.000000E+0	5.245100E+4
1.692000E-2	0.000000E+0	5.259000E+4
1.694000E-2	0.000000E+0	5.239600E+4
1.696000E-2	0.000000E+0	5.189500E+4
1.698000E-2	0.000000E+0	5.194400E+4
1.700000E-2	0.000000E+0	5.168300E+4
1.702000E-2	0.000000E+0	5.143800E+4
1.704000E-2	0.000000E+0	5.085100E+4
1.706000E-2	0.000000E+0	5.067500E+4
1.708000E-2	0.000000E+0	5.031300E+4
1.710000E-2	0.000000E+0	4.882600E+4
1.712000E-2	0.000000E+0	4.773400E+4
1.714000E-2	0.000000E+0	4.485200E+4
1.716000E-2	0.000000E+0	4.124600E+4
1.718000E-2	0.000000E+0	3.742200E+4
1.720000E-2	0.000000E+0	3.364000E+4
1.722000E-2	0.000000E+0	3.172200E+4
1.724000E-2	0.000000E+0	3.148700E+4
1.726000E-2	0.000000E+0	3.363400E+4
1.728000E-2	0.000000E+0	3.698900E+4
1.730000E-2	0.000000E+0	4.122000E+4
1.732000E-2	0.000000E+0	4.377200E+4
1.734000E-2	0.000000E+0	4.687400E+4
1.736000E-2	0.000000E+0	4.862200E+4
1.738000E-2	0.000000E+0	4.918800E+4
1.740000E-2	0.000000E+0	5.069100E+4
1.742000E-2	0.000000E+0	5.111700E+4
1.744000E-2	0.000000E+0	5.132500E+4
1.746000E-2	0.000000E+0	5.188700E+4
1.748000E-2	0.000000E+0	5.205700E+4
1.750000E-2	0.000000E+0	5.209500E+4
1.752000E-2	0.000000E+0	5.223100E+4
1.754000E-2	0.000000E+0	5.291400E+4
1.756000E-2	0.000000E+0	5.257700E+4
1.758000E-2	0.000000E+0	5.238900E+4
1.760000E-2	0.000000E+0	5.289400E+4
1.762000E-2	0.000000E+0	5.258700E+4
1.764000E-2	0.000000E+0	5.269900E+4
1.766000E-2	0.000000E+0	5.242400E+4
1.768000E-2	0.000000E+0	5.285700E+4
1.770000E-2	0.000000E+0	5.273000E+4
1.772000E-2	0.000000E+0	5.288100E+4
1.774000E-2	0.000000E+0	5.233200E+4
1.776000E-2	0.000000E+0	5.262000E+4
1.778000E-2	0.000000E+0	5.291500E+4
1.780000E-2	0.000000E+0	5.297200E+4
1.782000E-2	0.000000E+0	5.286300E+4
1.784000E-2	0.000000E+0	5.316800E+4
1.786000E-2	0.000000E+0	5.324900E+4
1.788000E-2	0.000000E+0	5.286300E+4
1.790000E-2	0.000000E+0	5.293700E+4
1.792000E-2	0.000000E+0	5.316500E+4
1.794000E-2	0.000000E+0	5.305400E+4
1.796000E-2	0.000000E+0	5.292700E+4
1.798000E-2	0.000000E+0	5.281500E+4
1.800000E-2	0.000000E+0	5.286100E+4
1.802000E-2	0.000000E+0	5.234500E+4
1.804000E-2	0.000000E+0	5.296700E+4
1.806000E-2	0.000000E+0	5.293600E+4
1.808000E-2	0.000000E+0	5.283700E+4
1.810000E-2	0.000000E+0	5.293700E+4
1.812000E-2	0.000000E+0	5.321100E+4
1.814000E-2	0.000000E+0	5.280400E+4
1.816000E-2	0.000000E+0	5.296200E+4
1.818000E-2	0.000000E+0	5.289700E+4
1.820000E-2	0.000000E+0	5.282100E+4
1.822000E-2	0.000000E+0	5.277700E+4
1.824000E-2	0.000000E+0	5.277100E+4
1.826000E-2	0.000000E+0	5.260200E+4
1.828000E-2	0.000000E+0	5.321000E+4
1.830000E-2	0.000000E+0	5.254200E+4
1.832000E-2	0.000000E+0	5.267200E+4
1.834000E-2	0.000000E+0	5.303700E+4
1.836000E-2	0.000000E+0	5.227600E+4
1.838000E-2	0.000000E+0	5.299500E+4
1.840000E-2	0.000000E+0	5.351900E+4
1.842000E-2	0.000000E+0	5.309800E+4
1.844000E-2	0.000000E+0	5.320400E+4
1.846000E-2	0.000000E+0	5.296400E+4
1.848000E-2	0.000000E+0	5.266700E+4
1.850000E-2	0.000000E+0	5.293200E+4
1.852000E-2	0.000000E+0	5.294200E+4
1.854000E-2	0.000000E+0	5.273600E+4
1.856000E-2	0.000000E+0	5.326200E+4
1.858000E-2	0.000000E+0	5.265800E+4
1.860000E-2	0.000000E+0	5.298900E+4
1.862000E-2	0.000000E+0	5.282300E+4
1.864000E-2	0.000000E+0	5.354900E+4
1.866000E-2	0.000000E+0	5.230300E+4
1.868000E-2	0.000000E+0	5.329000E+4
1.870000E-2	0.000000E+0	5.283600E+4
1.872000E-2	0.000000E+0	5.283700E+4
1.874000E-2	0.000000E+0	5.269700E+4
1.876000E-2	0.000000E+0	5.295700E+4
1.878000E-2	0.000000E+0	5.291800E+4
1.880000E-2	0.000000E+0	5.282800E+4
1.882000E-2	0.000000E+0	5.302700E+4
1.884000E-2	0.000000E+0	5.284500E+4
1.886000E-2	0.000000E+0	5.303600E+4
1.888000E-2	0.000000E+0	5.279500E+4
1.890000E-2	0.000000E+0	5.307300E+4
1.892000E-2	0.000000E+0	5.281000E+4
1.894000E-2	0.000000E+0	5.319200E+4
1.896000E-2	0.000000E+0	5.318200E+4
1.898000E-2	0.000000E+0	5.335000E+4
1.900000E-2	0.000000E+0	5.302000E+4
1.902000E-2	0.000000E+0	5.293300E+4
1.904000E-2	0.000000E+0	5.320200E+4
1.906000E-2	0.000000E+0	5.283900E+4
1.908000E-2	0.000000E+0	5.315100E+4
1.910000E-2	0.000000E+0	5.254500E+4
1.912000E-2	0.000000E+0	5.258300E+4
1.914000E-2	0.000000E+0	5.337000E+4
1.916000E-2	0.000000E+0	5.267800E+4
1.918000E-2	0.000000E+0	5.307800E+4
1.920000E-2	0.000000E+0	5.295700E+4
1.922000E-2	0.000000E+0	5.292700E+4
1.924000E-2	0.000000E+0	5.329500E+4
1.926000E-2	0.000000E+0	5.276900E+4
1.928000E-2	0.000000E+0	5.297200E+4
1.930000E-2	0.000000E+0	5.296000E+4
1.932000E-2	0.000000E+0	5.297200E+4
1.934000E-2	0.000000E+0	5.338800E+4
1.936000E-2	0.000000E+0	5.261200E+4
1.938000E-2	0.000000E+0	5.311100E+4
1.940000E-2	0.000000E+0	5.285800E+4
1.942000E-2	0.000000E+0	5.297600E+4
1.944000E-2	0.000000E+0	5.309300E+4
1.946000E-2	0.000000E+0	5.288800E+4
1.948000E-2	0.000000E+0	5.299800E+4
1.950000E-2	0.000000E+0	5.327500E+4
1.952000E-2	0.000000E+0	5.303200E+4
1.954000E-2	0.000000E+0	5.305300E+4
1.956000E-2	0.000000E+0	5.271300E+4
1.958000E-2	0.000000E+0	5.307400E+4
1.960000E-2	0.000000E+0	5.245500E+4
1.962000E-2	0.000000E+0	5.301500E+4
1.964000E-2	0.000000E+0	5.303800E+4
1.966000E-2	0.000000E+0	5.293700E+4
1.968000E-2	0.000000E+0	5.274400E+4
1.970000E-2	0.000000E+0	5.311000E+4
1.972000E-2	0.000000E+0	5.253700E+4
1.974000E-2	0.000000E+0	5.284000E+4
1.976000E-2	0.000000E+0	5.248500E+4
1.978000E-2	0.000000E+0	5.281500E+4
1.980000E-2	0.000000E+0	5.310600E+4
1.982000E-2	0.000000E+0	5.305700E+4
1.984000E-2	0.000000E+0	5.290200E+4
1.986000E-2	0.000000E+0	5.311000E+4
1.988000E-2	0.000000E+0	5.296300E+4
1.990000E-2	0.000000E+0	5.313900E+4
1.992000E-2	0.000000E+0	5.296400E+4
1.994000E-2	0.000000E+0	5.322100E+4
1.996000E-2	0.000000E+0	5.339400E+4
1.998000E-2	0.000000E+0	5.285500E+4
