

live time:  49734.000000
real time:  57609.272000
sweeps:  2486700.000000
0.000000E+0	0.000000E+0	0.000000E+0
2.000000E-5	0.000000E+0	2.479400E+4
4.000000E-5	0.000000E+0	2.484500E+4
6.000000E-5	0.000000E+0	2.484500E+4
8.000000E-5	0.000000E+0	2.504100E+4
1.000000E-4	0.000000E+0	2.498500E+4
1.200000E-4	0.000000E+0	2.487700E+4
1.400000E-4	0.000000E+0	2.495400E+4
1.600000E-4	0.000000E+0	2.533800E+4
1.800000E-4	0.000000E+0	2.514800E+4
2.000000E-4	0.000000E+0	2.482700E+4
2.200000E-4	0.000000E+0	2.500800E+4
2.400000E-4	0.000000E+0	2.508400E+4
2.600000E-4	0.000000E+0	2.493800E+4
2.800000E-4	0.000000E+0	2.515800E+4
3.000000E-4	0.000000E+0	2.499200E+4
3.200000E-4	0.000000E+0	2.475200E+4
3.400000E-4	0.000000E+0	2.482000E+4
3.600000E-4	0.000000E+0	2.497600E+4
3.800000E-4	0.000000E+0	2.496300E+4
4.000000E-4	0.000000E+0	2.506700E+4
4.200000E-4	0.000000E+0	2.496000E+4
4.400000E-4	0.000000E+0	2.503000E+4
4.600000E-4	0.000000E+0	2.513700E+4
4.800000E-4	0.000000E+0	2.481100E+4
5.000000E-4	0.000000E+0	2.460300E+4
5.200000E-4	0.000000E+0	2.508000E+4
5.400000E-4	0.000000E+0	2.487300E+4
5.600000E-4	0.000000E+0	2.520600E+4
5.800000E-4	0.000000E+0	2.496700E+4
6.000000E-4	0.000000E+0	2.481300E+4
6.200000E-4	0.000000E+0	2.497800E+4
6.400000E-4	0.000000E+0	2.491700E+4
6.600000E-4	0.000000E+0	2.481900E+4
6.800000E-4	0.000000E+0	2.476100E+4
7.000000E-4	0.000000E+0	2.501500E+4
7.200000E-4	0.000000E+0	2.487800E+4
7.400000E-4	0.000000E+0	2.495800E+4
7.600000E-4	0.000000E+0	2.484700E+4
7.800000E-4	0.000000E+0	2.500600E+4
8.000000E-4	0.000000E+0	2.519400E+4
8.200000E-4	0.000000E+0	2.480900E+4
8.400000E-4	0.000000E+0	2.500500E+4
8.600000E-4	0.000000E+0	2.513000E+4
8.800000E-4	0.000000E+0	2.527200E+4
9.000000E-4	0.000000E+0	2.480000E+4
9.200000E-4	0.000000E+0	2.499000E+4
9.400000E-4	0.000000E+0	2.506100E+4
9.600000E-4	0.000000E+0	2.496100E+4
9.800000E-4	0.000000E+0	2.488100E+4
1.000000E-3	0.000000E+0	2.493700E+4
1.020000E-3	0.000000E+0	2.501700E+4
1.040000E-3	0.000000E+0	2.523600E+4
1.060000E-3	0.000000E+0	2.494400E+4
1.080000E-3	0.000000E+0	2.469100E+4
1.100000E-3	0.000000E+0	2.498500E+4
1.120000E-3	0.000000E+0	2.517000E+4
1.140000E-3	0.000000E+0	2.518100E+4
1.160000E-3	0.000000E+0	2.470900E+4
1.180000E-3	0.000000E+0	2.487800E+4
1.200000E-3	0.000000E+0	2.507300E+4
1.220000E-3	0.000000E+0	2.494900E+4
1.240000E-3	0.000000E+0	2.483900E+4
1.260000E-3	0.000000E+0	2.516700E+4
1.280000E-3	0.000000E+0	2.499700E+4
1.300000E-3	0.000000E+0	2.532100E+4
1.320000E-3	0.000000E+0	2.492000E+4
1.340000E-3	0.000000E+0	2.503500E+4
1.360000E-3	0.000000E+0	2.492900E+4
1.380000E-3	0.000000E+0	2.503800E+4
1.400000E-3	0.000000E+0	2.506000E+4
1.420000E-3	0.000000E+0	2.495700E+4
1.440000E-3	0.000000E+0	2.522100E+4
1.460000E-3	0.000000E+0	2.478500E+4
1.480000E-3	0.000000E+0	2.453000E+4
1.500000E-3	0.000000E+0	2.471200E+4
1.520000E-3	0.000000E+0	2.483900E+4
1.540000E-3	0.000000E+0	2.478200E+4
1.560000E-3	0.000000E+0	2.497200E+4
1.580000E-3	0.000000E+0	2.505000E+4
1.600000E-3	0.000000E+0	2.507300E+4
1.620000E-3	0.000000E+0	2.523700E+4
1.640000E-3	0.000000E+0	2.517600E+4
1.660000E-3	0.000000E+0	2.511500E+4
1.680000E-3	0.000000E+0	2.503600E+4
1.700000E-3	0.000000E+0	2.487600E+4
1.720000E-3	0.000000E+0	2.493500E+4
1.740000E-3	0.000000E+0	2.509300E+4
1.760000E-3	0.000000E+0	2.497400E+4
1.780000E-3	0.000000E+0	2.519200E+4
1.800000E-3	0.000000E+0	2.470800E+4
1.820000E-3	0.000000E+0	2.516300E+4
1.840000E-3	0.000000E+0	2.504500E+4
1.860000E-3	0.000000E+0	2.506900E+4
1.880000E-3	0.000000E+0	2.513400E+4
1.900000E-3	0.000000E+0	2.517800E+4
1.920000E-3	0.000000E+0	2.507100E+4
1.940000E-3	0.000000E+0	2.516700E+4
1.960000E-3	0.000000E+0	2.475700E+4
1.980000E-3	0.000000E+0	2.518700E+4
2.000000E-3	0.000000E+0	2.506100E+4
2.020000E-3	0.000000E+0	2.510800E+4
2.040000E-3	0.000000E+0	2.510100E+4
2.060000E-3	0.000000E+0	2.527200E+4
2.080000E-3	0.000000E+0	2.451800E+4
2.100000E-3	0.000000E+0	2.502900E+4
2.120000E-3	0.000000E+0	2.511500E+4
2.140000E-3	0.000000E+0	2.483400E+4
2.160000E-3	0.000000E+0	2.478500E+4
2.180000E-3	0.000000E+0	2.491000E+4
2.200000E-3	0.000000E+0	2.490400E+4
2.220000E-3	0.000000E+0	2.479600E+4
2.240000E-3	0.000000E+0	2.465800E+4
2.260000E-3	0.000000E+0	2.490100E+4
2.280000E-3	0.000000E+0	2.508900E+4
2.300000E-3	0.000000E+0	2.489100E+4
2.320000E-3	0.000000E+0	2.507100E+4
2.340000E-3	0.000000E+0	2.486100E+4
2.360000E-3	0.000000E+0	2.510500E+4
2.380000E-3	0.000000E+0	2.484500E+4
2.400000E-3	0.000000E+0	2.491100E+4
2.420000E-3	0.000000E+0	2.498000E+4
2.440000E-3	0.000000E+0	2.495400E+4
2.460000E-3	0.000000E+0	2.486600E+4
2.480000E-3	0.000000E+0	2.465000E+4
2.500000E-3	0.000000E+0	2.516000E+4
2.520000E-3	0.000000E+0	2.514700E+4
2.540000E-3	0.000000E+0	2.501400E+4
2.560000E-3	0.000000E+0	2.470300E+4
2.580000E-3	0.000000E+0	2.504600E+4
2.600000E-3	0.000000E+0	2.496100E+4
2.620000E-3	0.000000E+0	2.507700E+4
2.640000E-3	0.000000E+0	2.504700E+4
2.660000E-3	0.000000E+0	2.497700E+4
2.680000E-3	0.000000E+0	2.524900E+4
2.700000E-3	0.000000E+0	2.499300E+4
2.720000E-3	0.000000E+0	2.483300E+4
2.740000E-3	0.000000E+0	2.501200E+4
2.760000E-3	0.000000E+0	2.500600E+4
2.780000E-3	0.000000E+0	2.497200E+4
2.800000E-3	0.000000E+0	2.476400E+4
2.820000E-3	0.000000E+0	2.471700E+4
2.840000E-3	0.000000E+0	2.500300E+4
2.860000E-3	0.000000E+0	2.483500E+4
2.880000E-3	0.000000E+0	2.508600E+4
2.900000E-3	0.000000E+0	2.477100E+4
2.920000E-3	0.000000E+0	2.511700E+4
2.940000E-3	0.000000E+0	2.495200E+4
2.960000E-3	0.000000E+0	2.505100E+4
2.980000E-3	0.000000E+0	2.487700E+4
3.000000E-3	0.000000E+0	2.482700E+4
3.020000E-3	0.000000E+0	2.505100E+4
3.040000E-3	0.000000E+0	2.495900E+4
3.060000E-3	0.000000E+0	2.491200E+4
3.080000E-3	0.000000E+0	2.499700E+4
3.100000E-3	0.000000E+0	2.490700E+4
3.120000E-3	0.000000E+0	2.510100E+4
3.140000E-3	0.000000E+0	2.510500E+4
3.160000E-3	0.000000E+0	2.474000E+4
3.180000E-3	0.000000E+0	2.522200E+4
3.200000E-3	0.000000E+0	2.499600E+4
3.220000E-3	0.000000E+0	2.474600E+4
3.240000E-3	0.000000E+0	2.494500E+4
3.260000E-3	0.000000E+0	2.508700E+4
3.280000E-3	0.000000E+0	2.508200E+4
3.300000E-3	0.000000E+0	2.493100E+4
3.320000E-3	0.000000E+0	2.509200E+4
3.340000E-3	0.000000E+0	2.505100E+4
3.360000E-3	0.000000E+0	2.485400E+4
3.380000E-3	0.000000E+0	2.489500E+4
3.400000E-3	0.000000E+0	2.496700E+4
3.420000E-3	0.000000E+0	2.518500E+4
3.440000E-3	0.000000E+0	2.472000E+4
3.460000E-3	0.000000E+0	2.479700E+4
3.480000E-3	0.000000E+0	2.519000E+4
3.500000E-3	0.000000E+0	2.522400E+4
3.520000E-3	0.000000E+0	2.514200E+4
3.540000E-3	0.000000E+0	2.510200E+4
3.560000E-3	0.000000E+0	2.482900E+4
3.580000E-3	0.000000E+0	2.515300E+4
3.600000E-3	0.000000E+0	2.477200E+4
3.620000E-3	0.000000E+0	2.507100E+4
3.640000E-3	0.000000E+0	2.507500E+4
3.660000E-3	0.000000E+0	2.498100E+4
3.680000E-3	0.000000E+0	2.501500E+4
3.700000E-3	0.000000E+0	2.500200E+4
3.720000E-3	0.000000E+0	2.480300E+4
3.740000E-3	0.000000E+0	2.467800E+4
3.760000E-3	0.000000E+0	2.506300E+4
3.780000E-3	0.000000E+0	2.520300E+4
3.800000E-3	0.000000E+0	2.469900E+4
3.820000E-3	0.000000E+0	2.476700E+4
3.840000E-3	0.000000E+0	2.507500E+4
3.860000E-3	0.000000E+0	2.475400E+4
3.880000E-3	0.000000E+0	2.485800E+4
3.900000E-3	0.000000E+0	2.499200E+4
3.920000E-3	0.000000E+0	2.481400E+4
3.940000E-3	0.000000E+0	2.483300E+4
3.960000E-3	0.000000E+0	2.487900E+4
3.980000E-3	0.000000E+0	2.479900E+4
4.000000E-3	0.000000E+0	2.494700E+4
4.020000E-3	0.000000E+0	2.487500E+4
4.040000E-3	0.000000E+0	2.487200E+4
4.060000E-3	0.000000E+0	2.478100E+4
4.080000E-3	0.000000E+0	2.507400E+4
4.100000E-3	0.000000E+0	2.468500E+4
4.120000E-3	0.000000E+0	2.485100E+4
4.140000E-3	0.000000E+0	2.514500E+4
4.160000E-3	0.000000E+0	2.465700E+4
4.180000E-3	0.000000E+0	2.509300E+4
4.200000E-3	0.000000E+0	2.484500E+4
4.220000E-3	0.000000E+0	2.511500E+4
4.240000E-3	0.000000E+0	2.474300E+4
4.260000E-3	0.000000E+0	2.483900E+4
4.280000E-3	0.000000E+0	2.499300E+4
4.300000E-3	0.000000E+0	2.484300E+4
4.320000E-3	0.000000E+0	2.518700E+4
4.340000E-3	0.000000E+0	2.503600E+4
4.360000E-3	0.000000E+0	2.498400E+4
4.380000E-3	0.000000E+0	2.486000E+4
4.400000E-3	0.000000E+0	2.498000E+4
4.420000E-3	0.000000E+0	2.491200E+4
4.440000E-3	0.000000E+0	2.490100E+4
4.460000E-3	0.000000E+0	2.492000E+4
4.480000E-3	0.000000E+0	2.484000E+4
4.500000E-3	0.000000E+0	2.475600E+4
4.520000E-3	0.000000E+0	2.508900E+4
4.540000E-3	0.000000E+0	2.511800E+4
4.560000E-3	0.000000E+0	2.483400E+4
4.580000E-3	0.000000E+0	2.505700E+4
4.600000E-3	0.000000E+0	2.509300E+4
4.620000E-3	0.000000E+0	2.494400E+4
4.640000E-3	0.000000E+0	2.491200E+4
4.660000E-3	0.000000E+0	2.482400E+4
4.680000E-3	0.000000E+0	2.483500E+4
4.700000E-3	0.000000E+0	2.499400E+4
4.720000E-3	0.000000E+0	2.495700E+4
4.740000E-3	0.000000E+0	2.465100E+4
4.760000E-3	0.000000E+0	2.497400E+4
4.780000E-3	0.000000E+0	2.471200E+4
4.800000E-3	0.000000E+0	2.506800E+4
4.820000E-3	0.000000E+0	2.465600E+4
4.840000E-3	0.000000E+0	2.500400E+4
4.860000E-3	0.000000E+0	2.504500E+4
4.880000E-3	0.000000E+0	2.480500E+4
4.900000E-3	0.000000E+0	2.483300E+4
4.920000E-3	0.000000E+0	2.501200E+4
4.940000E-3	0.000000E+0	2.510200E+4
4.960000E-3	0.000000E+0	2.479400E+4
4.980000E-3	0.000000E+0	2.465800E+4
5.000000E-3	0.000000E+0	2.442500E+4
5.020000E-3	0.000000E+0	2.487700E+4
5.040000E-3	0.000000E+0	2.513400E+4
5.060000E-3	0.000000E+0	2.532600E+4
5.080000E-3	0.000000E+0	2.497300E+4
5.100000E-3	0.000000E+0	2.497600E+4
5.120000E-3	0.000000E+0	2.513500E+4
5.140000E-3	0.000000E+0	2.514300E+4
5.160000E-3	0.000000E+0	2.497900E+4
5.180000E-3	0.000000E+0	2.477500E+4
5.200000E-3	0.000000E+0	2.494400E+4
5.220000E-3	0.000000E+0	2.470400E+4
5.240000E-3	0.000000E+0	2.494200E+4
5.260000E-3	0.000000E+0	2.517700E+4
5.280000E-3	0.000000E+0	2.469300E+4
5.300000E-3	0.000000E+0	2.490400E+4
5.320000E-3	0.000000E+0	2.484000E+4
5.340000E-3	0.000000E+0	2.481100E+4
5.360000E-3	0.000000E+0	2.483100E+4
5.380000E-3	0.000000E+0	2.492100E+4
5.400000E-3	0.000000E+0	2.488800E+4
5.420000E-3	0.000000E+0	2.472900E+4
5.440000E-3	0.000000E+0	2.465000E+4
5.460000E-3	0.000000E+0	2.480700E+4
5.480000E-3	0.000000E+0	2.431000E+4
5.500000E-3	0.000000E+0	2.468600E+4
5.520000E-3	0.000000E+0	2.470000E+4
5.540000E-3	0.000000E+0	2.472100E+4
5.560000E-3	0.000000E+0	2.451700E+4
5.580000E-3	0.000000E+0	2.445500E+4
5.600000E-3	0.000000E+0	2.483800E+4
5.620000E-3	0.000000E+0	2.396400E+4
5.640000E-3	0.000000E+0	2.377400E+4
5.660000E-3	0.000000E+0	2.355100E+4
5.680000E-3	0.000000E+0	2.321200E+4
5.700000E-3	0.000000E+0	2.232300E+4
5.720000E-3	0.000000E+0	2.124600E+4
5.740000E-3	0.000000E+0	1.973900E+4
5.760000E-3	0.000000E+0	1.778900E+4
5.780000E-3	0.000000E+0	1.580900E+4
5.800000E-3	0.000000E+0	1.449400E+4
5.820000E-3	0.000000E+0	1.444700E+4
5.840000E-3	0.000000E+0	1.553700E+4
5.860000E-3	0.000000E+0	1.711200E+4
5.880000E-3	0.000000E+0	1.929300E+4
5.900000E-3	0.000000E+0	2.103000E+4
5.920000E-3	0.000000E+0	2.223400E+4
5.940000E-3	0.000000E+0	2.322800E+4
5.960000E-3	0.000000E+0	2.351500E+4
5.980000E-3	0.000000E+0	2.389000E+4
6.000000E-3	0.000000E+0	2.426900E+4
6.020000E-3	0.000000E+0	2.427200E+4
6.040000E-3	0.000000E+0	2.453800E+4
6.060000E-3	0.000000E+0	2.456600E+4
6.080000E-3	0.000000E+0	2.464700E+4
6.100000E-3	0.000000E+0	2.462100E+4
6.120000E-3	0.000000E+0	2.469500E+4
6.140000E-3	0.000000E+0	2.489000E+4
6.160000E-3	0.000000E+0	2.453900E+4
6.180000E-3	0.000000E+0	2.465600E+4
6.200000E-3	0.000000E+0	2.462700E+4
6.220000E-3	0.000000E+0	2.469700E+4
6.240000E-3	0.000000E+0	2.502400E+4
6.260000E-3	0.000000E+0	2.495100E+4
6.280000E-3	0.000000E+0	2.470400E+4
6.300000E-3	0.000000E+0	2.498600E+4
6.320000E-3	0.000000E+0	2.478600E+4
6.340000E-3	0.000000E+0	2.497300E+4
6.360000E-3	0.000000E+0	2.467900E+4
6.380000E-3	0.000000E+0	2.477400E+4
6.400000E-3	0.000000E+0	2.493600E+4
6.420000E-3	0.000000E+0	2.504200E+4
6.440000E-3	0.000000E+0	2.505900E+4
6.460000E-3	0.000000E+0	2.494800E+4
6.480000E-3	0.000000E+0	2.504700E+4
6.500000E-3	0.000000E+0	2.509200E+4
6.520000E-3	0.000000E+0	2.516500E+4
6.540000E-3	0.000000E+0	2.518000E+4
6.560000E-3	0.000000E+0	2.483300E+4
6.580000E-3	0.000000E+0	2.494700E+4
6.600000E-3	0.000000E+0	2.497800E+4
6.620000E-3	0.000000E+0	2.497800E+4
6.640000E-3	0.000000E+0	2.499600E+4
6.660000E-3	0.000000E+0	2.508600E+4
6.680000E-3	0.000000E+0	2.484500E+4
6.700000E-3	0.000000E+0	2.487500E+4
6.720000E-3	0.000000E+0	2.501500E+4
6.740000E-3	0.000000E+0	2.486800E+4
6.760000E-3	0.000000E+0	2.490200E+4
6.780000E-3	0.000000E+0	2.495000E+4
6.800000E-3	0.000000E+0	2.492200E+4
6.820000E-3	0.000000E+0	2.491300E+4
6.840000E-3	0.000000E+0	2.475300E+4
6.860000E-3	0.000000E+0	2.528600E+4
6.880000E-3	0.000000E+0	2.510400E+4
6.900000E-3	0.000000E+0	2.492400E+4
6.920000E-3	0.000000E+0	2.493800E+4
6.940000E-3	0.000000E+0	2.488400E+4
6.960000E-3	0.000000E+0	2.475600E+4
6.980000E-3	0.000000E+0	2.510700E+4
7.000000E-3	0.000000E+0	2.475800E+4
7.020000E-3	0.000000E+0	2.484500E+4
7.040000E-3	0.000000E+0	2.493900E+4
7.060000E-3	0.000000E+0	2.488100E+4
7.080000E-3	0.000000E+0	2.490300E+4
7.100000E-3	0.000000E+0	2.472100E+4
7.120000E-3	0.000000E+0	2.506600E+4
7.140000E-3	0.000000E+0	2.507800E+4
7.160000E-3	0.000000E+0	2.507800E+4
7.180000E-3	0.000000E+0	2.517900E+4
7.200000E-3	0.000000E+0	2.504500E+4
7.220000E-3	0.000000E+0	2.520200E+4
7.240000E-3	0.000000E+0	2.501900E+4
7.260000E-3	0.000000E+0	2.525900E+4
7.280000E-3	0.000000E+0	2.520300E+4
7.300000E-3	0.000000E+0	2.492600E+4
7.320000E-3	0.000000E+0	2.478700E+4
7.340000E-3	0.000000E+0	2.513400E+4
7.360000E-3	0.000000E+0	2.480100E+4
7.380000E-3	0.000000E+0	2.507400E+4
7.400000E-3	0.000000E+0	2.510200E+4
7.420000E-3	0.000000E+0	2.499200E+4
7.440000E-3	0.000000E+0	2.500600E+4
7.460000E-3	0.000000E+0	2.479500E+4
7.480000E-3	0.000000E+0	2.459800E+4
7.500000E-3	0.000000E+0	2.481300E+4
7.520000E-3	0.000000E+0	2.498700E+4
7.540000E-3	0.000000E+0	2.490500E+4
7.560000E-3	0.000000E+0	2.518000E+4
7.580000E-3	0.000000E+0	2.493600E+4
7.600000E-3	0.000000E+0	2.490400E+4
7.620000E-3	0.000000E+0	2.505800E+4
7.640000E-3	0.000000E+0	2.491900E+4
7.660000E-3	0.000000E+0	2.482800E+4
7.680000E-3	0.000000E+0	2.505200E+4
7.700000E-3	0.000000E+0	2.492300E+4
7.720000E-3	0.000000E+0	2.504000E+4
7.740000E-3	0.000000E+0	2.472600E+4
7.760000E-3	0.000000E+0	2.486100E+4
7.780000E-3	0.000000E+0	2.485400E+4
7.800000E-3	0.000000E+0	2.503700E+4
7.820000E-3	0.000000E+0	2.495100E+4
7.840000E-3	0.000000E+0	2.491500E+4
7.860000E-3	0.000000E+0	2.521000E+4
7.880000E-3	0.000000E+0	2.505300E+4
7.900000E-3	0.000000E+0	2.510800E+4
7.920000E-3	0.000000E+0	2.492900E+4
7.940000E-3	0.000000E+0	2.489400E+4
7.960000E-3	0.000000E+0	2.508400E+4
7.980000E-3	0.000000E+0	2.502000E+4
8.000000E-3	0.000000E+0	2.483600E+4
8.020000E-3	0.000000E+0	2.538500E+4
8.040000E-3	0.000000E+0	2.461200E+4
8.060000E-3	0.000000E+0	2.481900E+4
8.080000E-3	0.000000E+0	2.534300E+4
8.100000E-3	0.000000E+0	2.489500E+4
8.120000E-3	0.000000E+0	2.502100E+4
8.140000E-3	0.000000E+0	2.527700E+4
8.160000E-3	0.000000E+0	2.501100E+4
8.180000E-3	0.000000E+0	2.497500E+4
8.200000E-3	0.000000E+0	2.507400E+4
8.220000E-3	0.000000E+0	2.494500E+4
8.240000E-3	0.000000E+0	2.522300E+4
8.260000E-3	0.000000E+0	2.488000E+4
8.280000E-3	0.000000E+0	2.521600E+4
8.300000E-3	0.000000E+0	2.485400E+4
8.320000E-3	0.000000E+0	2.488100E+4
8.340000E-3	0.000000E+0	2.496600E+4
8.360000E-3	0.000000E+0	2.482000E+4
8.380000E-3	0.000000E+0	2.518900E+4
8.400000E-3	0.000000E+0	2.470500E+4
8.420000E-3	0.000000E+0	2.497700E+4
8.440000E-3	0.000000E+0	2.526500E+4
8.460000E-3	0.000000E+0	2.486500E+4
8.480000E-3	0.000000E+0	2.503500E+4
8.500000E-3	0.000000E+0	2.515100E+4
8.520000E-3	0.000000E+0	2.484200E+4
8.540000E-3	0.000000E+0	2.488500E+4
8.560000E-3	0.000000E+0	2.495600E+4
8.580000E-3	0.000000E+0	2.479200E+4
8.600000E-3	0.000000E+0	2.508000E+4
8.620000E-3	0.000000E+0	2.491600E+4
8.640000E-3	0.000000E+0	2.492300E+4
8.660000E-3	0.000000E+0	2.500200E+4
8.680000E-3	0.000000E+0	2.503700E+4
8.700000E-3	0.000000E+0	2.503000E+4
8.720000E-3	0.000000E+0	2.493500E+4
8.740000E-3	0.000000E+0	2.518300E+4
8.760000E-3	0.000000E+0	2.492400E+4
8.780000E-3	0.000000E+0	2.513700E+4
8.800000E-3	0.000000E+0	2.481400E+4
8.820000E-3	0.000000E+0	2.482300E+4
8.840000E-3	0.000000E+0	2.500200E+4
8.860000E-3	0.000000E+0	2.502600E+4
8.880000E-3	0.000000E+0	2.481900E+4
8.900000E-3	0.000000E+0	2.509100E+4
8.920000E-3	0.000000E+0	2.493000E+4
8.940000E-3	0.000000E+0	2.483000E+4
8.960000E-3	0.000000E+0	2.479100E+4
8.980000E-3	0.000000E+0	2.486800E+4
9.000000E-3	0.000000E+0	2.502500E+4
9.020000E-3	0.000000E+0	2.480400E+4
9.040000E-3	0.000000E+0	2.526100E+4
9.060000E-3	0.000000E+0	2.492700E+4
9.080000E-3	0.000000E+0	2.499700E+4
9.100000E-3	0.000000E+0	2.496600E+4
9.120000E-3	0.000000E+0	2.526500E+4
9.140000E-3	0.000000E+0	2.532700E+4
9.160000E-3	0.000000E+0	2.497800E+4
9.180000E-3	0.000000E+0	2.487800E+4
9.200000E-3	0.000000E+0	2.509900E+4
9.220000E-3	0.000000E+0	2.493200E+4
9.240000E-3	0.000000E+0	2.501300E+4
9.260000E-3	0.000000E+0	2.494200E+4
9.280000E-3	0.000000E+0	2.500300E+4
9.300000E-3	0.000000E+0	2.493500E+4
9.320000E-3	0.000000E+0	2.491200E+4
9.340000E-3	0.000000E+0	2.503900E+4
9.360000E-3	0.000000E+0	2.508100E+4
9.380000E-3	0.000000E+0	2.528400E+4
9.400000E-3	0.000000E+0	2.488000E+4
9.420000E-3	0.000000E+0	2.484300E+4
9.440000E-3	0.000000E+0	2.485700E+4
9.460000E-3	0.000000E+0	2.508000E+4
9.480000E-3	0.000000E+0	2.488200E+4
9.500000E-3	0.000000E+0	2.501600E+4
9.520000E-3	0.000000E+0	2.502600E+4
9.540000E-3	0.000000E+0	2.485900E+4
9.560000E-3	0.000000E+0	2.477800E+4
9.580000E-3	0.000000E+0	2.502000E+4
9.600000E-3	0.000000E+0	2.500600E+4
9.620000E-3	0.000000E+0	2.478800E+4
9.640000E-3	0.000000E+0	2.495300E+4
9.660000E-3	0.000000E+0	2.534800E+4
9.680000E-3	0.000000E+0	2.489900E+4
9.700000E-3	0.000000E+0	2.467100E+4
9.720000E-3	0.000000E+0	2.517700E+4
9.740000E-3	0.000000E+0	2.481600E+4
9.760000E-3	0.000000E+0	2.472100E+4
9.780000E-3	0.000000E+0	2.474000E+4
9.800000E-3	0.000000E+0	2.495100E+4
9.820000E-3	0.000000E+0	2.484000E+4
9.840000E-3	0.000000E+0	2.497100E+4
9.860000E-3	0.000000E+0	2.503200E+4
9.880000E-3	0.000000E+0	2.526400E+4
9.900000E-3	0.000000E+0	2.510400E+4
9.920000E-3	0.000000E+0	2.484300E+4
9.940000E-3	0.000000E+0	2.493000E+4
9.960000E-3	0.000000E+0	2.494200E+4
9.980000E-3	0.000000E+0	2.504400E+4
1.000000E-2	0.000000E+0	2.500700E+4
1.002000E-2	0.000000E+0	2.479100E+4
1.004000E-2	0.000000E+0	2.488200E+4
1.006000E-2	0.000000E+0	2.495800E+4
1.008000E-2	0.000000E+0	2.509500E+4
1.010000E-2	0.000000E+0	2.486400E+4
1.012000E-2	0.000000E+0	2.493200E+4
1.014000E-2	0.000000E+0	2.509600E+4
1.016000E-2	0.000000E+0	2.500500E+4
1.018000E-2	0.000000E+0	2.487900E+4
1.020000E-2	0.000000E+0	2.527500E+4
1.022000E-2	0.000000E+0	2.504300E+4
1.024000E-2	0.000000E+0	2.507900E+4
1.026000E-2	0.000000E+0	2.492800E+4
1.028000E-2	0.000000E+0	2.504400E+4
1.030000E-2	0.000000E+0	2.500700E+4
1.032000E-2	0.000000E+0	2.488000E+4
1.034000E-2	0.000000E+0	2.480100E+4
1.036000E-2	0.000000E+0	2.478300E+4
1.038000E-2	0.000000E+0	2.505200E+4
1.040000E-2	0.000000E+0	2.491800E+4
1.042000E-2	0.000000E+0	2.492000E+4
1.044000E-2	0.000000E+0	2.505800E+4
1.046000E-2	0.000000E+0	2.487400E+4
1.048000E-2	0.000000E+0	2.531400E+4
1.050000E-2	0.000000E+0	2.505400E+4
1.052000E-2	0.000000E+0	2.487500E+4
1.054000E-2	0.000000E+0	2.509700E+4
1.056000E-2	0.000000E+0	2.518100E+4
1.058000E-2	0.000000E+0	2.499300E+4
1.060000E-2	0.000000E+0	2.463000E+4
1.062000E-2	0.000000E+0	2.485300E+4
1.064000E-2	0.000000E+0	2.522700E+4
1.066000E-2	0.000000E+0	2.508600E+4
1.068000E-2	0.000000E+0	2.477700E+4
1.070000E-2	0.000000E+0	2.486800E+4
1.072000E-2	0.000000E+0	2.505600E+4
1.074000E-2	0.000000E+0	2.494200E+4
1.076000E-2	0.000000E+0	2.505200E+4
1.078000E-2	0.000000E+0	2.486400E+4
1.080000E-2	0.000000E+0	2.517200E+4
1.082000E-2	0.000000E+0	2.484500E+4
1.084000E-2	0.000000E+0	2.481700E+4
1.086000E-2	0.000000E+0	2.484800E+4
1.088000E-2	0.000000E+0	2.514200E+4
1.090000E-2	0.000000E+0	2.508300E+4
1.092000E-2	0.000000E+0	2.507100E+4
1.094000E-2	0.000000E+0	2.490900E+4
1.096000E-2	0.000000E+0	2.514100E+4
1.098000E-2	0.000000E+0	2.506100E+4
1.100000E-2	0.000000E+0	2.481100E+4
1.102000E-2	0.000000E+0	2.506100E+4
1.104000E-2	0.000000E+0	2.498200E+4
1.106000E-2	0.000000E+0	2.482000E+4
1.108000E-2	0.000000E+0	2.510100E+4
1.110000E-2	0.000000E+0	2.483300E+4
1.112000E-2	0.000000E+0	2.480800E+4
1.114000E-2	0.000000E+0	2.495700E+4
1.116000E-2	0.000000E+0	2.487600E+4
1.118000E-2	0.000000E+0	2.501200E+4
1.120000E-2	0.000000E+0	2.483300E+4
1.122000E-2	0.000000E+0	2.507700E+4
1.124000E-2	0.000000E+0	2.517000E+4
1.126000E-2	0.000000E+0	2.512700E+4
1.128000E-2	0.000000E+0	2.495700E+4
1.130000E-2	0.000000E+0	2.485400E+4
1.132000E-2	0.000000E+0	2.522700E+4
1.134000E-2	0.000000E+0	2.493100E+4
1.136000E-2	0.000000E+0	2.505300E+4
1.138000E-2	0.000000E+0	2.484000E+4
1.140000E-2	0.000000E+0	2.499300E+4
1.142000E-2	0.000000E+0	2.502400E+4
1.144000E-2	0.000000E+0	2.476900E+4
1.146000E-2	0.000000E+0	2.509400E+4
1.148000E-2	0.000000E+0	2.487000E+4
1.150000E-2	0.000000E+0	2.503200E+4
1.152000E-2	0.000000E+0	2.497100E+4
1.154000E-2	0.000000E+0	2.488000E+4
1.156000E-2	0.000000E+0	2.500700E+4
1.158000E-2	0.000000E+0	2.514300E+4
1.160000E-2	0.000000E+0	2.491900E+4
1.162000E-2	0.000000E+0	2.492600E+4
1.164000E-2	0.000000E+0	2.479700E+4
1.166000E-2	0.000000E+0	2.476200E+4
1.168000E-2	0.000000E+0	2.494100E+4
1.170000E-2	0.000000E+0	2.522300E+4
1.172000E-2	0.000000E+0	2.453900E+4
1.174000E-2	0.000000E+0	2.487200E+4
1.176000E-2	0.000000E+0	2.473600E+4
1.178000E-2	0.000000E+0	2.469200E+4
1.180000E-2	0.000000E+0	2.493100E+4
1.182000E-2	0.000000E+0	2.533600E+4
1.184000E-2	0.000000E+0	2.485800E+4
1.186000E-2	0.000000E+0	2.502400E+4
1.188000E-2	0.000000E+0	2.494800E+4
1.190000E-2	0.000000E+0	2.492600E+4
1.192000E-2	0.000000E+0	2.475300E+4
1.194000E-2	0.000000E+0	2.486800E+4
1.196000E-2	0.000000E+0	2.493000E+4
1.198000E-2	0.000000E+0	2.466500E+4
1.200000E-2	0.000000E+0	2.490200E+4
1.202000E-2	0.000000E+0	2.511100E+4
1.204000E-2	0.000000E+0	2.494600E+4
1.206000E-2	0.000000E+0	2.499900E+4
1.208000E-2	0.000000E+0	2.492100E+4
1.210000E-2	0.000000E+0	2.476100E+4
1.212000E-2	0.000000E+0	2.516600E+4
1.214000E-2	0.000000E+0	2.461400E+4
1.216000E-2	0.000000E+0	2.493400E+4
1.218000E-2	0.000000E+0	2.489700E+4
1.220000E-2	0.000000E+0	2.489800E+4
1.222000E-2	0.000000E+0	2.485100E+4
1.224000E-2	0.000000E+0	2.505900E+4
1.226000E-2	0.000000E+0	2.483400E+4
1.228000E-2	0.000000E+0	2.465200E+4
1.230000E-2	0.000000E+0	2.502100E+4
1.232000E-2	0.000000E+0	2.502800E+4
1.234000E-2	0.000000E+0	2.498100E+4
1.236000E-2	0.000000E+0	2.494200E+4
1.238000E-2	0.000000E+0	2.480200E+4
1.240000E-2	0.000000E+0	2.462000E+4
1.242000E-2	0.000000E+0	2.469600E+4
1.244000E-2	0.000000E+0	2.484500E+4
1.246000E-2	0.000000E+0	2.485000E+4
1.248000E-2	0.000000E+0	2.488200E+4
1.250000E-2	0.000000E+0	2.531000E+4
1.252000E-2	0.000000E+0	2.485900E+4
1.254000E-2	0.000000E+0	2.486000E+4
1.256000E-2	0.000000E+0	2.522500E+4
1.258000E-2	0.000000E+0	2.523800E+4
1.260000E-2	0.000000E+0	2.530100E+4
1.262000E-2	0.000000E+0	2.484100E+4
1.264000E-2	0.000000E+0	2.492000E+4
1.266000E-2	0.000000E+0	2.455300E+4
1.268000E-2	0.000000E+0	2.478500E+4
1.270000E-2	0.000000E+0	2.490200E+4
1.272000E-2	0.000000E+0	2.498700E+4
1.274000E-2	0.000000E+0	2.488800E+4
1.276000E-2	0.000000E+0	2.495400E+4
1.278000E-2	0.000000E+0	2.485900E+4
1.280000E-2	0.000000E+0	2.500100E+4
1.282000E-2	0.000000E+0	2.467000E+4
1.284000E-2	0.000000E+0	2.497900E+4
1.286000E-2	0.000000E+0	2.489400E+4
1.288000E-2	0.000000E+0	2.507000E+4
1.290000E-2	0.000000E+0	2.486800E+4
1.292000E-2	0.000000E+0	2.494000E+4
1.294000E-2	0.000000E+0	2.496200E+4
1.296000E-2	0.000000E+0	2.484700E+4
1.298000E-2	0.000000E+0	2.510500E+4
1.300000E-2	0.000000E+0	2.469600E+4
1.302000E-2	0.000000E+0	2.512200E+4
1.304000E-2	0.000000E+0	2.494000E+4
1.306000E-2	0.000000E+0	2.496400E+4
1.308000E-2	0.000000E+0	2.507100E+4
1.310000E-2	0.000000E+0	2.482900E+4
1.312000E-2	0.000000E+0	2.478500E+4
1.314000E-2	0.000000E+0	2.491400E+4
1.316000E-2	0.000000E+0	2.512200E+4
1.318000E-2	0.000000E+0	2.490700E+4
1.320000E-2	0.000000E+0	2.497800E+4
1.322000E-2	0.000000E+0	2.496900E+4
1.324000E-2	0.000000E+0	2.494200E+4
1.326000E-2	0.000000E+0	2.508200E+4
1.328000E-2	0.000000E+0	2.519700E+4
1.330000E-2	0.000000E+0	2.499900E+4
1.332000E-2	0.000000E+0	2.511100E+4
1.334000E-2	0.000000E+0	2.520200E+4
1.336000E-2	0.000000E+0	2.487700E+4
1.338000E-2	0.000000E+0	2.491100E+4
1.340000E-2	0.000000E+0	2.518300E+4
1.342000E-2	0.000000E+0	2.513400E+4
1.344000E-2	0.000000E+0	2.502000E+4
1.346000E-2	0.000000E+0	2.500600E+4
1.348000E-2	0.000000E+0	2.499000E+4
1.350000E-2	0.000000E+0	2.499500E+4
1.352000E-2	0.000000E+0	2.499000E+4
1.354000E-2	0.000000E+0	2.494100E+4
1.356000E-2	0.000000E+0	2.486400E+4
1.358000E-2	0.000000E+0	2.458800E+4
1.360000E-2	0.000000E+0	2.505900E+4
1.362000E-2	0.000000E+0	2.479100E+4
1.364000E-2	0.000000E+0	2.487200E+4
1.366000E-2	0.000000E+0	2.484200E+4
1.368000E-2	0.000000E+0	2.504500E+4
1.370000E-2	0.000000E+0	2.530800E+4
1.372000E-2	0.000000E+0	2.491700E+4
1.374000E-2	0.000000E+0	2.494500E+4
1.376000E-2	0.000000E+0	2.514200E+4
1.378000E-2	0.000000E+0	2.511900E+4
1.380000E-2	0.000000E+0	2.486200E+4
1.382000E-2	0.000000E+0	2.477500E+4
1.384000E-2	0.000000E+0	2.452600E+4
1.386000E-2	0.000000E+0	2.504400E+4
1.388000E-2	0.000000E+0	2.497600E+4
1.390000E-2	0.000000E+0	2.498700E+4
1.392000E-2	0.000000E+0	2.481700E+4
1.394000E-2	0.000000E+0	2.480300E+4
1.396000E-2	0.000000E+0	2.481300E+4
1.398000E-2	0.000000E+0	2.504900E+4
1.400000E-2	0.000000E+0	2.490900E+4
1.402000E-2	0.000000E+0	2.510300E+4
1.404000E-2	0.000000E+0	2.514700E+4
1.406000E-2	0.000000E+0	2.520200E+4
1.408000E-2	0.000000E+0	2.503700E+4
1.410000E-2	0.000000E+0	2.480200E+4
1.412000E-2	0.000000E+0	2.481500E+4
1.414000E-2	0.000000E+0	2.480100E+4
1.416000E-2	0.000000E+0	2.492600E+4
1.418000E-2	0.000000E+0	2.502300E+4
1.420000E-2	0.000000E+0	2.520200E+4
1.422000E-2	0.000000E+0	2.507300E+4
1.424000E-2	0.000000E+0	2.499200E+4
1.426000E-2	0.000000E+0	2.497800E+4
1.428000E-2	0.000000E+0	2.499400E+4
1.430000E-2	0.000000E+0	2.493800E+4
1.432000E-2	0.000000E+0	2.501000E+4
1.434000E-2	0.000000E+0	2.495600E+4
1.436000E-2	0.000000E+0	2.498900E+4
1.438000E-2	0.000000E+0	2.487800E+4
1.440000E-2	0.000000E+0	2.501600E+4
1.442000E-2	0.000000E+0	2.505900E+4
1.444000E-2	0.000000E+0	2.496800E+4
1.446000E-2	0.000000E+0	2.499500E+4
1.448000E-2	0.000000E+0	2.480000E+4
1.450000E-2	0.000000E+0	2.491500E+4
1.452000E-2	0.000000E+0	2.480000E+4
1.454000E-2	0.000000E+0	2.508000E+4
1.456000E-2	0.000000E+0	2.484700E+4
1.458000E-2	0.000000E+0	2.489800E+4
1.460000E-2	0.000000E+0	2.482600E+4
1.462000E-2	0.000000E+0	2.506300E+4
1.464000E-2	0.000000E+0	2.472400E+4
1.466000E-2	0.000000E+0	2.477300E+4
1.468000E-2	0.000000E+0	2.513600E+4
1.470000E-2	0.000000E+0	2.462900E+4
1.472000E-2	0.000000E+0	2.487500E+4
1.474000E-2	0.000000E+0	2.506500E+4
1.476000E-2	0.000000E+0	2.492600E+4
1.478000E-2	0.000000E+0	2.509900E+4
1.480000E-2	0.000000E+0	2.542000E+4
1.482000E-2	0.000000E+0	2.488300E+4
1.484000E-2	0.000000E+0	2.511500E+4
1.486000E-2	0.000000E+0	2.498900E+4
1.488000E-2	0.000000E+0	2.469500E+4
1.490000E-2	0.000000E+0	2.515600E+4
1.492000E-2	0.000000E+0	2.495100E+4
1.494000E-2	0.000000E+0	2.495600E+4
1.496000E-2	0.000000E+0	2.498900E+4
1.498000E-2	0.000000E+0	2.492500E+4
1.500000E-2	0.000000E+0	2.497500E+4
1.502000E-2	0.000000E+0	2.483700E+4
1.504000E-2	0.000000E+0	2.500000E+4
1.506000E-2	0.000000E+0	2.482800E+4
1.508000E-2	0.000000E+0	2.485300E+4
1.510000E-2	0.000000E+0	2.502400E+4
1.512000E-2	0.000000E+0	2.480900E+4
1.514000E-2	0.000000E+0	2.465000E+4
1.516000E-2	0.000000E+0	2.517700E+4
1.518000E-2	0.000000E+0	2.501200E+4
1.520000E-2	0.000000E+0	2.478000E+4
1.522000E-2	0.000000E+0	2.494000E+4
1.524000E-2	0.000000E+0	2.499600E+4
1.526000E-2	0.000000E+0	2.461700E+4
1.528000E-2	0.000000E+0	2.508600E+4
1.530000E-2	0.000000E+0	2.530300E+4
1.532000E-2	0.000000E+0	2.496100E+4
1.534000E-2	0.000000E+0	2.499500E+4
1.536000E-2	0.000000E+0	2.513900E+4
1.538000E-2	0.000000E+0	2.498100E+4
1.540000E-2	0.000000E+0	2.479500E+4
1.542000E-2	0.000000E+0	2.481100E+4
1.544000E-2	0.000000E+0	2.488100E+4
1.546000E-2	0.000000E+0	2.467600E+4
1.548000E-2	0.000000E+0	2.505100E+4
1.550000E-2	0.000000E+0	2.507900E+4
1.552000E-2	0.000000E+0	2.498200E+4
1.554000E-2	0.000000E+0	2.506800E+4
1.556000E-2	0.000000E+0	2.513500E+4
1.558000E-2	0.000000E+0	2.522400E+4
1.560000E-2	0.000000E+0	2.489500E+4
1.562000E-2	0.000000E+0	2.488000E+4
1.564000E-2	0.000000E+0	2.485600E+4
1.566000E-2	0.000000E+0	2.516700E+4
1.568000E-2	0.000000E+0	2.483300E+4
1.570000E-2	0.000000E+0	2.489200E+4
1.572000E-2	0.000000E+0	2.505800E+4
1.574000E-2	0.000000E+0	2.491600E+4
1.576000E-2	0.000000E+0	2.464200E+4
1.578000E-2	0.000000E+0	2.487700E+4
1.580000E-2	0.000000E+0	2.498900E+4
1.582000E-2	0.000000E+0	2.516700E+4
1.584000E-2	0.000000E+0	2.498000E+4
1.586000E-2	0.000000E+0	2.500800E+4
1.588000E-2	0.000000E+0	2.518300E+4
1.590000E-2	0.000000E+0	2.496200E+4
1.592000E-2	0.000000E+0	2.513600E+4
1.594000E-2	0.000000E+0	2.493400E+4
1.596000E-2	0.000000E+0	2.502700E+4
1.598000E-2	0.000000E+0	2.508000E+4
1.600000E-2	0.000000E+0	2.507200E+4
1.602000E-2	0.000000E+0	2.487400E+4
1.604000E-2	0.000000E+0	2.498500E+4
1.606000E-2	0.000000E+0	2.501500E+4
1.608000E-2	0.000000E+0	2.481200E+4
1.610000E-2	0.000000E+0	2.469200E+4
1.612000E-2	0.000000E+0	2.490900E+4
1.614000E-2	0.000000E+0	2.478200E+4
1.616000E-2	0.000000E+0	2.509100E+4
1.618000E-2	0.000000E+0	2.472600E+4
1.620000E-2	0.000000E+0	2.452900E+4
1.622000E-2	0.000000E+0	2.483700E+4
1.624000E-2	0.000000E+0	2.455200E+4
1.626000E-2	0.000000E+0	2.515800E+4
1.628000E-2	0.000000E+0	2.483900E+4
1.630000E-2	0.000000E+0	2.467800E+4
1.632000E-2	0.000000E+0	2.492300E+4
1.634000E-2	0.000000E+0	2.500300E+4
1.636000E-2	0.000000E+0	2.440600E+4
1.638000E-2	0.000000E+0	2.486700E+4
1.640000E-2	0.000000E+0	2.461100E+4
1.642000E-2	0.000000E+0	2.512900E+4
1.644000E-2	0.000000E+0	2.509700E+4
1.646000E-2	0.000000E+0	2.483700E+4
1.648000E-2	0.000000E+0	2.501700E+4
1.650000E-2	0.000000E+0	2.507600E+4
1.652000E-2	0.000000E+0	2.483200E+4
1.654000E-2	0.000000E+0	2.457700E+4
1.656000E-2	0.000000E+0	2.483700E+4
1.658000E-2	0.000000E+0	2.521100E+4
1.660000E-2	0.000000E+0	2.483600E+4
1.662000E-2	0.000000E+0	2.492800E+4
1.664000E-2	0.000000E+0	2.506700E+4
1.666000E-2	0.000000E+0	2.516800E+4
1.668000E-2	0.000000E+0	2.470100E+4
1.670000E-2	0.000000E+0	2.482100E+4
1.672000E-2	0.000000E+0	2.492300E+4
1.674000E-2	0.000000E+0	2.486300E+4
1.676000E-2	0.000000E+0	2.476800E+4
1.678000E-2	0.000000E+0	2.483600E+4
1.680000E-2	0.000000E+0	2.495700E+4
1.682000E-2	0.000000E+0	2.496900E+4
1.684000E-2	0.000000E+0	2.470300E+4
1.686000E-2	0.000000E+0	2.466000E+4
1.688000E-2	0.000000E+0	2.467200E+4
1.690000E-2	0.000000E+0	2.466100E+4
1.692000E-2	0.000000E+0	2.482000E+4
1.694000E-2	0.000000E+0	2.466500E+4
1.696000E-2	0.000000E+0	2.444800E+4
1.698000E-2	0.000000E+0	2.418100E+4
1.700000E-2	0.000000E+0	2.434600E+4
1.702000E-2	0.000000E+0	2.424900E+4
1.704000E-2	0.000000E+0	2.394000E+4
1.706000E-2	0.000000E+0	2.345800E+4
1.708000E-2	0.000000E+0	2.334200E+4
1.710000E-2	0.000000E+0	2.245300E+4
1.712000E-2	0.000000E+0	2.184700E+4
1.714000E-2	0.000000E+0	2.007300E+4
1.716000E-2	0.000000E+0	1.772400E+4
1.718000E-2	0.000000E+0	1.577700E+4
1.720000E-2	0.000000E+0	1.457400E+4
1.722000E-2	0.000000E+0	1.453100E+4
1.724000E-2	0.000000E+0	1.502500E+4
1.726000E-2	0.000000E+0	1.707300E+4
1.728000E-2	0.000000E+0	1.899500E+4
1.730000E-2	0.000000E+0	2.115800E+4
1.732000E-2	0.000000E+0	2.193400E+4
1.734000E-2	0.000000E+0	2.280000E+4
1.736000E-2	0.000000E+0	2.328600E+4
1.738000E-2	0.000000E+0	2.350000E+4
1.740000E-2	0.000000E+0	2.417200E+4
1.742000E-2	0.000000E+0	2.410400E+4
1.744000E-2	0.000000E+0	2.435500E+4
1.746000E-2	0.000000E+0	2.450200E+4
1.748000E-2	0.000000E+0	2.472500E+4
1.750000E-2	0.000000E+0	2.463200E+4
1.752000E-2	0.000000E+0	2.461500E+4
1.754000E-2	0.000000E+0	2.502200E+4
1.756000E-2	0.000000E+0	2.464500E+4
1.758000E-2	0.000000E+0	2.466100E+4
1.760000E-2	0.000000E+0	2.481600E+4
1.762000E-2	0.000000E+0	2.468800E+4
1.764000E-2	0.000000E+0	2.460600E+4
1.766000E-2	0.000000E+0	2.455600E+4
1.768000E-2	0.000000E+0	2.482300E+4
1.770000E-2	0.000000E+0	2.465100E+4
1.772000E-2	0.000000E+0	2.492900E+4
1.774000E-2	0.000000E+0	2.468100E+4
1.776000E-2	0.000000E+0	2.485900E+4
1.778000E-2	0.000000E+0	2.483200E+4
1.780000E-2	0.000000E+0	2.495000E+4
1.782000E-2	0.000000E+0	2.495300E+4
1.784000E-2	0.000000E+0	2.485600E+4
1.786000E-2	0.000000E+0	2.505900E+4
1.788000E-2	0.000000E+0	2.489200E+4
1.790000E-2	0.000000E+0	2.499700E+4
1.792000E-2	0.000000E+0	2.493400E+4
1.794000E-2	0.000000E+0	2.493400E+4
1.796000E-2	0.000000E+0	2.484300E+4
1.798000E-2	0.000000E+0	2.517400E+4
1.800000E-2	0.000000E+0	2.504000E+4
1.802000E-2	0.000000E+0	2.454100E+4
1.804000E-2	0.000000E+0	2.473800E+4
1.806000E-2	0.000000E+0	2.485400E+4
1.808000E-2	0.000000E+0	2.482000E+4
1.810000E-2	0.000000E+0	2.508400E+4
1.812000E-2	0.000000E+0	2.503000E+4
1.814000E-2	0.000000E+0	2.475300E+4
1.816000E-2	0.000000E+0	2.503500E+4
1.818000E-2	0.000000E+0	2.505600E+4
1.820000E-2	0.000000E+0	2.490300E+4
1.822000E-2	0.000000E+0	2.482800E+4
1.824000E-2	0.000000E+0	2.496800E+4
1.826000E-2	0.000000E+0	2.476100E+4
1.828000E-2	0.000000E+0	2.510300E+4
1.830000E-2	0.000000E+0	2.452000E+4
1.832000E-2	0.000000E+0	2.470800E+4
1.834000E-2	0.000000E+0	2.485000E+4
1.836000E-2	0.000000E+0	2.450000E+4
1.838000E-2	0.000000E+0	2.489600E+4
1.840000E-2	0.000000E+0	2.534100E+4
1.842000E-2	0.000000E+0	2.483200E+4
1.844000E-2	0.000000E+0	2.477600E+4
1.846000E-2	0.000000E+0	2.507200E+4
1.848000E-2	0.000000E+0	2.473900E+4
1.850000E-2	0.000000E+0	2.498600E+4
1.852000E-2	0.000000E+0	2.497800E+4
1.854000E-2	0.000000E+0	2.498700E+4
1.856000E-2	0.000000E+0	2.515500E+4
1.858000E-2	0.000000E+0	2.476000E+4
1.860000E-2	0.000000E+0	2.470200E+4
1.862000E-2	0.000000E+0	2.475200E+4
1.864000E-2	0.000000E+0	2.527800E+4
1.866000E-2	0.000000E+0	2.439100E+4
1.868000E-2	0.000000E+0	2.497100E+4
1.870000E-2	0.000000E+0	2.490200E+4
1.872000E-2	0.000000E+0	2.490900E+4
1.874000E-2	0.000000E+0	2.494400E+4
1.876000E-2	0.000000E+0	2.476700E+4
1.878000E-2	0.000000E+0	2.500300E+4
1.880000E-2	0.000000E+0	2.506700E+4
1.882000E-2	0.000000E+0	2.494000E+4
1.884000E-2	0.000000E+0	2.477300E+4
1.886000E-2	0.000000E+0	2.524000E+4
1.888000E-2	0.000000E+0	2.480900E+4
1.890000E-2	0.000000E+0	2.504900E+4
1.892000E-2	0.000000E+0	2.476000E+4
1.894000E-2	0.000000E+0	2.507200E+4
1.896000E-2	0.000000E+0	2.493500E+4
1.898000E-2	0.000000E+0	2.508300E+4
1.900000E-2	0.000000E+0	2.515400E+4
1.902000E-2	0.000000E+0	2.498800E+4
1.904000E-2	0.000000E+0	2.504100E+4
1.906000E-2	0.000000E+0	2.478900E+4
1.908000E-2	0.000000E+0	2.498100E+4
1.910000E-2	0.000000E+0	2.464100E+4
1.912000E-2	0.000000E+0	2.466700E+4
1.914000E-2	0.000000E+0	2.524800E+4
1.916000E-2	0.000000E+0	2.480600E+4
1.918000E-2	0.000000E+0	2.506200E+4
1.920000E-2	0.000000E+0	2.479100E+4
1.922000E-2	0.000000E+0	2.489800E+4
1.924000E-2	0.000000E+0	2.515800E+4
1.926000E-2	0.000000E+0	2.455100E+4
1.928000E-2	0.000000E+0	2.513500E+4
1.930000E-2	0.000000E+0	2.488500E+4
1.932000E-2	0.000000E+0	2.505500E+4
1.934000E-2	0.000000E+0	2.517400E+4
1.936000E-2	0.000000E+0	2.503300E+4
1.938000E-2	0.000000E+0	2.497900E+4
1.940000E-2	0.000000E+0	2.481900E+4
1.942000E-2	0.000000E+0	2.494800E+4
1.944000E-2	0.000000E+0	2.495000E+4
1.946000E-2	0.000000E+0	2.487800E+4
1.948000E-2	0.000000E+0	2.497500E+4
1.950000E-2	0.000000E+0	2.513600E+4
1.952000E-2	0.000000E+0	2.514100E+4
1.954000E-2	0.000000E+0	2.491100E+4
1.956000E-2	0.000000E+0	2.485500E+4
1.958000E-2	0.000000E+0	2.487000E+4
1.960000E-2	0.000000E+0	2.474600E+4
1.962000E-2	0.000000E+0	2.501200E+4
1.964000E-2	0.000000E+0	2.494300E+4
1.966000E-2	0.000000E+0	2.508800E+4
1.968000E-2	0.000000E+0	2.502000E+4
1.970000E-2	0.000000E+0	2.504800E+4
1.972000E-2	0.000000E+0	2.489600E+4
1.974000E-2	0.000000E+0	2.489800E+4
1.976000E-2	0.000000E+0	2.458200E+4
1.978000E-2	0.000000E+0	2.491300E+4
1.980000E-2	0.000000E+0	2.515000E+4
1.982000E-2	0.000000E+0	2.499100E+4
1.984000E-2	0.000000E+0	2.485500E+4
1.986000E-2	0.000000E+0	2.492400E+4
1.988000E-2	0.000000E+0	2.509800E+4
1.990000E-2	0.000000E+0	2.502500E+4
1.992000E-2	0.000000E+0	2.495000E+4
1.994000E-2	0.000000E+0	2.496100E+4
1.996000E-2	0.000000E+0	2.505000E+4
1.998000E-2	0.000000E+0	2.485100E+4
