

live time:  267178.340000
real time:  309604.902000
sweeps:  13358917.000000
0.000000E+0	0.000000E+0	0.000000E+0
2.000000E-5	0.000000E+0	1.331320E+5
4.000000E-5	0.000000E+0	1.335750E+5
6.000000E-5	0.000000E+0	1.336820E+5
8.000000E-5	0.000000E+0	1.339320E+5
1.000000E-4	0.000000E+0	1.331770E+5
1.200000E-4	0.000000E+0	1.337090E+5
1.400000E-4	0.000000E+0	1.342300E+5
1.600000E-4	0.000000E+0	1.345170E+5
1.800000E-4	0.000000E+0	1.337150E+5
2.000000E-4	0.000000E+0	1.341130E+5
2.200000E-4	0.000000E+0	1.341710E+5
2.400000E-4	0.000000E+0	1.341000E+5
2.600000E-4	0.000000E+0	1.339720E+5
2.800000E-4	0.000000E+0	1.337670E+5
3.000000E-4	0.000000E+0	1.340720E+5
3.200000E-4	0.000000E+0	1.334210E+5
3.400000E-4	0.000000E+0	1.340790E+5
3.600000E-4	0.000000E+0	1.336180E+5
3.800000E-4	0.000000E+0	1.341630E+5
4.000000E-4	0.000000E+0	1.343560E+5
4.200000E-4	0.000000E+0	1.336890E+5
4.400000E-4	0.000000E+0	1.332490E+5
4.600000E-4	0.000000E+0	1.339550E+5
4.800000E-4	0.000000E+0	1.343010E+5
5.000000E-4	0.000000E+0	1.338450E+5
5.200000E-4	0.000000E+0	1.341380E+5
5.400000E-4	0.000000E+0	1.339480E+5
5.600000E-4	0.000000E+0	1.341430E+5
5.800000E-4	0.000000E+0	1.337270E+5
6.000000E-4	0.000000E+0	1.333990E+5
6.200000E-4	0.000000E+0	1.335160E+5
6.400000E-4	0.000000E+0	1.335610E+5
6.600000E-4	0.000000E+0	1.336870E+5
6.800000E-4	0.000000E+0	1.335330E+5
7.000000E-4	0.000000E+0	1.340040E+5
7.200000E-4	0.000000E+0	1.341110E+5
7.400000E-4	0.000000E+0	1.335330E+5
7.600000E-4	0.000000E+0	1.335840E+5
7.800000E-4	0.000000E+0	1.337330E+5
8.000000E-4	0.000000E+0	1.341220E+5
8.200000E-4	0.000000E+0	1.336530E+5
8.400000E-4	0.000000E+0	1.338180E+5
8.600000E-4	0.000000E+0	1.341670E+5
8.800000E-4	0.000000E+0	1.339870E+5
9.000000E-4	0.000000E+0	1.329880E+5
9.200000E-4	0.000000E+0	1.337320E+5
9.400000E-4	0.000000E+0	1.342770E+5
9.600000E-4	0.000000E+0	1.337960E+5
9.800000E-4	0.000000E+0	1.339750E+5
1.000000E-3	0.000000E+0	1.335330E+5
1.020000E-3	0.000000E+0	1.338540E+5
1.040000E-3	0.000000E+0	1.341430E+5
1.060000E-3	0.000000E+0	1.338390E+5
1.080000E-3	0.000000E+0	1.334780E+5
1.100000E-3	0.000000E+0	1.339840E+5
1.120000E-3	0.000000E+0	1.333630E+5
1.140000E-3	0.000000E+0	1.335240E+5
1.160000E-3	0.000000E+0	1.336850E+5
1.180000E-3	0.000000E+0	1.335290E+5
1.200000E-3	0.000000E+0	1.341790E+5
1.220000E-3	0.000000E+0	1.336230E+5
1.240000E-3	0.000000E+0	1.341100E+5
1.260000E-3	0.000000E+0	1.334030E+5
1.280000E-3	0.000000E+0	1.338630E+5
1.300000E-3	0.000000E+0	1.340330E+5
1.320000E-3	0.000000E+0	1.336920E+5
1.340000E-3	0.000000E+0	1.342230E+5
1.360000E-3	0.000000E+0	1.335580E+5
1.380000E-3	0.000000E+0	1.339880E+5
1.400000E-3	0.000000E+0	1.340350E+5
1.420000E-3	0.000000E+0	1.336880E+5
1.440000E-3	0.000000E+0	1.339830E+5
1.460000E-3	0.000000E+0	1.342990E+5
1.480000E-3	0.000000E+0	1.337330E+5
1.500000E-3	0.000000E+0	1.327990E+5
1.520000E-3	0.000000E+0	1.336740E+5
1.540000E-3	0.000000E+0	1.341150E+5
1.560000E-3	0.000000E+0	1.342770E+5
1.580000E-3	0.000000E+0	1.336110E+5
1.600000E-3	0.000000E+0	1.340710E+5
1.620000E-3	0.000000E+0	1.347670E+5
1.640000E-3	0.000000E+0	1.339640E+5
1.660000E-3	0.000000E+0	1.337160E+5
1.680000E-3	0.000000E+0	1.341200E+5
1.700000E-3	0.000000E+0	1.333630E+5
1.720000E-3	0.000000E+0	1.334750E+5
1.740000E-3	0.000000E+0	1.338100E+5
1.760000E-3	0.000000E+0	1.343250E+5
1.780000E-3	0.000000E+0	1.342930E+5
1.800000E-3	0.000000E+0	1.335870E+5
1.820000E-3	0.000000E+0	1.346570E+5
1.840000E-3	0.000000E+0	1.342700E+5
1.860000E-3	0.000000E+0	1.340590E+5
1.880000E-3	0.000000E+0	1.341970E+5
1.900000E-3	0.000000E+0	1.340800E+5
1.920000E-3	0.000000E+0	1.342040E+5
1.940000E-3	0.000000E+0	1.336110E+5
1.960000E-3	0.000000E+0	1.341340E+5
1.980000E-3	0.000000E+0	1.343550E+5
2.000000E-3	0.000000E+0	1.339480E+5
2.020000E-3	0.000000E+0	1.341030E+5
2.040000E-3	0.000000E+0	1.336450E+5
2.060000E-3	0.000000E+0	1.348180E+5
2.080000E-3	0.000000E+0	1.334430E+5
2.100000E-3	0.000000E+0	1.334510E+5
2.120000E-3	0.000000E+0	1.341390E+5
2.140000E-3	0.000000E+0	1.341390E+5
2.160000E-3	0.000000E+0	1.338250E+5
2.180000E-3	0.000000E+0	1.340470E+5
2.200000E-3	0.000000E+0	1.336700E+5
2.220000E-3	0.000000E+0	1.332650E+5
2.240000E-3	0.000000E+0	1.342240E+5
2.260000E-3	0.000000E+0	1.339970E+5
2.280000E-3	0.000000E+0	1.342580E+5
2.300000E-3	0.000000E+0	1.342640E+5
2.320000E-3	0.000000E+0	1.336480E+5
2.340000E-3	0.000000E+0	1.329910E+5
2.360000E-3	0.000000E+0	1.340970E+5
2.380000E-3	0.000000E+0	1.335660E+5
2.400000E-3	0.000000E+0	1.342730E+5
2.420000E-3	0.000000E+0	1.337810E+5
2.440000E-3	0.000000E+0	1.335250E+5
2.460000E-3	0.000000E+0	1.336750E+5
2.480000E-3	0.000000E+0	1.335700E+5
2.500000E-3	0.000000E+0	1.339260E+5
2.520000E-3	0.000000E+0	1.339810E+5
2.540000E-3	0.000000E+0	1.340030E+5
2.560000E-3	0.000000E+0	1.332970E+5
2.580000E-3	0.000000E+0	1.340920E+5
2.600000E-3	0.000000E+0	1.340920E+5
2.620000E-3	0.000000E+0	1.334680E+5
2.640000E-3	0.000000E+0	1.339440E+5
2.660000E-3	0.000000E+0	1.335480E+5
2.680000E-3	0.000000E+0	1.344280E+5
2.700000E-3	0.000000E+0	1.337960E+5
2.720000E-3	0.000000E+0	1.333820E+5
2.740000E-3	0.000000E+0	1.334870E+5
2.760000E-3	0.000000E+0	1.343290E+5
2.780000E-3	0.000000E+0	1.338570E+5
2.800000E-3	0.000000E+0	1.334280E+5
2.820000E-3	0.000000E+0	1.334840E+5
2.840000E-3	0.000000E+0	1.337830E+5
2.860000E-3	0.000000E+0	1.339350E+5
2.880000E-3	0.000000E+0	1.342970E+5
2.900000E-3	0.000000E+0	1.331290E+5
2.920000E-3	0.000000E+0	1.337820E+5
2.940000E-3	0.000000E+0	1.339130E+5
2.960000E-3	0.000000E+0	1.338590E+5
2.980000E-3	0.000000E+0	1.337240E+5
3.000000E-3	0.000000E+0	1.335200E+5
3.020000E-3	0.000000E+0	1.341160E+5
3.040000E-3	0.000000E+0	1.339960E+5
3.060000E-3	0.000000E+0	1.337090E+5
3.080000E-3	0.000000E+0	1.334600E+5
3.100000E-3	0.000000E+0	1.341110E+5
3.120000E-3	0.000000E+0	1.337210E+5
3.140000E-3	0.000000E+0	1.332350E+5
3.160000E-3	0.000000E+0	1.334410E+5
3.180000E-3	0.000000E+0	1.333160E+5
3.200000E-3	0.000000E+0	1.341690E+5
3.220000E-3	0.000000E+0	1.336410E+5
3.240000E-3	0.000000E+0	1.337870E+5
3.260000E-3	0.000000E+0	1.339860E+5
3.280000E-3	0.000000E+0	1.341400E+5
3.300000E-3	0.000000E+0	1.338260E+5
3.320000E-3	0.000000E+0	1.338990E+5
3.340000E-3	0.000000E+0	1.335390E+5
3.360000E-3	0.000000E+0	1.340840E+5
3.380000E-3	0.000000E+0	1.331300E+5
3.400000E-3	0.000000E+0	1.339360E+5
3.420000E-3	0.000000E+0	1.341260E+5
3.440000E-3	0.000000E+0	1.335810E+5
3.460000E-3	0.000000E+0	1.341200E+5
3.480000E-3	0.000000E+0	1.340120E+5
3.500000E-3	0.000000E+0	1.344070E+5
3.520000E-3	0.000000E+0	1.340050E+5
3.540000E-3	0.000000E+0	1.346960E+5
3.560000E-3	0.000000E+0	1.339290E+5
3.580000E-3	0.000000E+0	1.338260E+5
3.600000E-3	0.000000E+0	1.329170E+5
3.620000E-3	0.000000E+0	1.339490E+5
3.640000E-3	0.000000E+0	1.339970E+5
3.660000E-3	0.000000E+0	1.340080E+5
3.680000E-3	0.000000E+0	1.341250E+5
3.700000E-3	0.000000E+0	1.336410E+5
3.720000E-3	0.000000E+0	1.335160E+5
3.740000E-3	0.000000E+0	1.337510E+5
3.760000E-3	0.000000E+0	1.339770E+5
3.780000E-3	0.000000E+0	1.336690E+5
3.800000E-3	0.000000E+0	1.335180E+5
3.820000E-3	0.000000E+0	1.335180E+5
3.840000E-3	0.000000E+0	1.340910E+5
3.860000E-3	0.000000E+0	1.339680E+5
3.880000E-3	0.000000E+0	1.336880E+5
3.900000E-3	0.000000E+0	1.331090E+5
3.920000E-3	0.000000E+0	1.341770E+5
3.940000E-3	0.000000E+0	1.339990E+5
3.960000E-3	0.000000E+0	1.337820E+5
3.980000E-3	0.000000E+0	1.336460E+5
4.000000E-3	0.000000E+0	1.336490E+5
4.020000E-3	0.000000E+0	1.341500E+5
4.040000E-3	0.000000E+0	1.339370E+5
4.060000E-3	0.000000E+0	1.332310E+5
4.080000E-3	0.000000E+0	1.338010E+5
4.100000E-3	0.000000E+0	1.339850E+5
4.120000E-3	0.000000E+0	1.336580E+5
4.140000E-3	0.000000E+0	1.340510E+5
4.160000E-3	0.000000E+0	1.334720E+5
4.180000E-3	0.000000E+0	1.339500E+5
4.200000E-3	0.000000E+0	1.334260E+5
4.220000E-3	0.000000E+0	1.343480E+5
4.240000E-3	0.000000E+0	1.336150E+5
4.260000E-3	0.000000E+0	1.336960E+5
4.280000E-3	0.000000E+0	1.346920E+5
4.300000E-3	0.000000E+0	1.336360E+5
4.320000E-3	0.000000E+0	1.344180E+5
4.340000E-3	0.000000E+0	1.337480E+5
4.360000E-3	0.000000E+0	1.340990E+5
4.380000E-3	0.000000E+0	1.330900E+5
4.400000E-3	0.000000E+0	1.346650E+5
4.420000E-3	0.000000E+0	1.335850E+5
4.440000E-3	0.000000E+0	1.340660E+5
4.460000E-3	0.000000E+0	1.342460E+5
4.480000E-3	0.000000E+0	1.338860E+5
4.500000E-3	0.000000E+0	1.331550E+5
4.520000E-3	0.000000E+0	1.341780E+5
4.540000E-3	0.000000E+0	1.340260E+5
4.560000E-3	0.000000E+0	1.345490E+5
4.580000E-3	0.000000E+0	1.343740E+5
4.600000E-3	0.000000E+0	1.343180E+5
4.620000E-3	0.000000E+0	1.336650E+5
4.640000E-3	0.000000E+0	1.342550E+5
4.660000E-3	0.000000E+0	1.337470E+5
4.680000E-3	0.000000E+0	1.338300E+5
4.700000E-3	0.000000E+0	1.336700E+5
4.720000E-3	0.000000E+0	1.340360E+5
4.740000E-3	0.000000E+0	1.335240E+5
4.760000E-3	0.000000E+0	1.333540E+5
4.780000E-3	0.000000E+0	1.332720E+5
4.800000E-3	0.000000E+0	1.343320E+5
4.820000E-3	0.000000E+0	1.337680E+5
4.840000E-3	0.000000E+0	1.338260E+5
4.860000E-3	0.000000E+0	1.341410E+5
4.880000E-3	0.000000E+0	1.341870E+5
4.900000E-3	0.000000E+0	1.342970E+5
4.920000E-3	0.000000E+0	1.337140E+5
4.940000E-3	0.000000E+0	1.343830E+5
4.960000E-3	0.000000E+0	1.339230E+5
4.980000E-3	0.000000E+0	1.336200E+5
5.000000E-3	0.000000E+0	1.334340E+5
5.020000E-3	0.000000E+0	1.337750E+5
5.040000E-3	0.000000E+0	1.336130E+5
5.060000E-3	0.000000E+0	1.344090E+5
5.080000E-3	0.000000E+0	1.337150E+5
5.100000E-3	0.000000E+0	1.339550E+5
5.120000E-3	0.000000E+0	1.343850E+5
5.140000E-3	0.000000E+0	1.336270E+5
5.160000E-3	0.000000E+0	1.344270E+5
5.180000E-3	0.000000E+0	1.331260E+5
5.200000E-3	0.000000E+0	1.332540E+5
5.220000E-3	0.000000E+0	1.332460E+5
5.240000E-3	0.000000E+0	1.333270E+5
5.260000E-3	0.000000E+0	1.336700E+5
5.280000E-3	0.000000E+0	1.331120E+5
5.300000E-3	0.000000E+0	1.329530E+5
5.320000E-3	0.000000E+0	1.333670E+5
5.340000E-3	0.000000E+0	1.330930E+5
5.360000E-3	0.000000E+0	1.335540E+5
5.380000E-3	0.000000E+0	1.330970E+5
5.400000E-3	0.000000E+0	1.329730E+5
5.420000E-3	0.000000E+0	1.329260E+5
5.440000E-3	0.000000E+0	1.325690E+5
5.460000E-3	0.000000E+0	1.329360E+5
5.480000E-3	0.000000E+0	1.324880E+5
5.500000E-3	0.000000E+0	1.319940E+5
5.520000E-3	0.000000E+0	1.326920E+5
5.540000E-3	0.000000E+0	1.321740E+5
5.560000E-3	0.000000E+0	1.325790E+5
5.580000E-3	0.000000E+0	1.317960E+5
5.600000E-3	0.000000E+0	1.320370E+5
5.620000E-3	0.000000E+0	1.304750E+5
5.640000E-3	0.000000E+0	1.299540E+5
5.660000E-3	0.000000E+0	1.283460E+5
5.680000E-3	0.000000E+0	1.264660E+5
5.700000E-3	0.000000E+0	1.247580E+5
5.720000E-3	0.000000E+0	1.202830E+5
5.740000E-3	0.000000E+0	1.142100E+5
5.760000E-3	0.000000E+0	1.064920E+5
5.780000E-3	0.000000E+0	9.607100E+4
5.800000E-3	0.000000E+0	8.679900E+4
5.820000E-3	0.000000E+0	8.087400E+4
5.840000E-3	0.000000E+0	7.961600E+4
5.860000E-3	0.000000E+0	8.293800E+4
5.880000E-3	0.000000E+0	9.109300E+4
5.900000E-3	0.000000E+0	1.014840E+5
5.920000E-3	0.000000E+0	1.110200E+5
5.940000E-3	0.000000E+0	1.187810E+5
5.960000E-3	0.000000E+0	1.228190E+5
5.980000E-3	0.000000E+0	1.265110E+5
6.000000E-3	0.000000E+0	1.286590E+5
6.020000E-3	0.000000E+0	1.296360E+5
6.040000E-3	0.000000E+0	1.303440E+5
6.060000E-3	0.000000E+0	1.308370E+5
6.080000E-3	0.000000E+0	1.315670E+5
6.100000E-3	0.000000E+0	1.316090E+5
6.120000E-3	0.000000E+0	1.321780E+5
6.140000E-3	0.000000E+0	1.324670E+5
6.160000E-3	0.000000E+0	1.322890E+5
6.180000E-3	0.000000E+0	1.328540E+5
6.200000E-3	0.000000E+0	1.330530E+5
6.220000E-3	0.000000E+0	1.327580E+5
6.240000E-3	0.000000E+0	1.326040E+5
6.260000E-3	0.000000E+0	1.333250E+5
6.280000E-3	0.000000E+0	1.336030E+5
6.300000E-3	0.000000E+0	1.333010E+5
6.320000E-3	0.000000E+0	1.328250E+5
6.340000E-3	0.000000E+0	1.335180E+5
6.360000E-3	0.000000E+0	1.331090E+5
6.380000E-3	0.000000E+0	1.333870E+5
6.400000E-3	0.000000E+0	1.338890E+5
6.420000E-3	0.000000E+0	1.341980E+5
6.440000E-3	0.000000E+0	1.327400E+5
6.460000E-3	0.000000E+0	1.334780E+5
6.480000E-3	0.000000E+0	1.339530E+5
6.500000E-3	0.000000E+0	1.334960E+5
6.520000E-3	0.000000E+0	1.333560E+5
6.540000E-3	0.000000E+0	1.337800E+5
6.560000E-3	0.000000E+0	1.337260E+5
6.580000E-3	0.000000E+0	1.335780E+5
6.600000E-3	0.000000E+0	1.332730E+5
6.620000E-3	0.000000E+0	1.335990E+5
6.640000E-3	0.000000E+0	1.335540E+5
6.660000E-3	0.000000E+0	1.338000E+5
6.680000E-3	0.000000E+0	1.333330E+5
6.700000E-3	0.000000E+0	1.335060E+5
6.720000E-3	0.000000E+0	1.333420E+5
6.740000E-3	0.000000E+0	1.338140E+5
6.760000E-3	0.000000E+0	1.341020E+5
6.780000E-3	0.000000E+0	1.339850E+5
6.800000E-3	0.000000E+0	1.336200E+5
6.820000E-3	0.000000E+0	1.336120E+5
6.840000E-3	0.000000E+0	1.335990E+5
6.860000E-3	0.000000E+0	1.346190E+5
6.880000E-3	0.000000E+0	1.336710E+5
6.900000E-3	0.000000E+0	1.337500E+5
6.920000E-3	0.000000E+0	1.346110E+5
6.940000E-3	0.000000E+0	1.336060E+5
6.960000E-3	0.000000E+0	1.325410E+5
6.980000E-3	0.000000E+0	1.340320E+5
7.000000E-3	0.000000E+0	1.341680E+5
7.020000E-3	0.000000E+0	1.336900E+5
7.040000E-3	0.000000E+0	1.333260E+5
7.060000E-3	0.000000E+0	1.339040E+5
7.080000E-3	0.000000E+0	1.339340E+5
7.100000E-3	0.000000E+0	1.332370E+5
7.120000E-3	0.000000E+0	1.335030E+5
7.140000E-3	0.000000E+0	1.341760E+5
7.160000E-3	0.000000E+0	1.344960E+5
7.180000E-3	0.000000E+0	1.344410E+5
7.200000E-3	0.000000E+0	1.333390E+5
7.220000E-3	0.000000E+0	1.337910E+5
7.240000E-3	0.000000E+0	1.338830E+5
7.260000E-3	0.000000E+0	1.343420E+5
7.280000E-3	0.000000E+0	1.334180E+5
7.300000E-3	0.000000E+0	1.338440E+5
7.320000E-3	0.000000E+0	1.340370E+5
7.340000E-3	0.000000E+0	1.337620E+5
7.360000E-3	0.000000E+0	1.337740E+5
7.380000E-3	0.000000E+0	1.341630E+5
7.400000E-3	0.000000E+0	1.336930E+5
7.420000E-3	0.000000E+0	1.340530E+5
7.440000E-3	0.000000E+0	1.338470E+5
7.460000E-3	0.000000E+0	1.335030E+5
7.480000E-3	0.000000E+0	1.340740E+5
7.500000E-3	0.000000E+0	1.329680E+5
7.520000E-3	0.000000E+0	1.342050E+5
7.540000E-3	0.000000E+0	1.339260E+5
7.560000E-3	0.000000E+0	1.339720E+5
7.580000E-3	0.000000E+0	1.333970E+5
7.600000E-3	0.000000E+0	1.334180E+5
7.620000E-3	0.000000E+0	1.342860E+5
7.640000E-3	0.000000E+0	1.340690E+5
7.660000E-3	0.000000E+0	1.344450E+5
7.680000E-3	0.000000E+0	1.343710E+5
7.700000E-3	0.000000E+0	1.337610E+5
7.720000E-3	0.000000E+0	1.340650E+5
7.740000E-3	0.000000E+0	1.335210E+5
7.760000E-3	0.000000E+0	1.343030E+5
7.780000E-3	0.000000E+0	1.337790E+5
7.800000E-3	0.000000E+0	1.343610E+5
7.820000E-3	0.000000E+0	1.338780E+5
7.840000E-3	0.000000E+0	1.340060E+5
7.860000E-3	0.000000E+0	1.339550E+5
7.880000E-3	0.000000E+0	1.341900E+5
7.900000E-3	0.000000E+0	1.343230E+5
7.920000E-3	0.000000E+0	1.338400E+5
7.940000E-3	0.000000E+0	1.338370E+5
7.960000E-3	0.000000E+0	1.339370E+5
7.980000E-3	0.000000E+0	1.334580E+5
8.000000E-3	0.000000E+0	1.331720E+5
8.020000E-3	0.000000E+0	1.335360E+5
8.040000E-3	0.000000E+0	1.332040E+5
8.060000E-3	0.000000E+0	1.338260E+5
8.080000E-3	0.000000E+0	1.350440E+5
8.100000E-3	0.000000E+0	1.332980E+5
8.120000E-3	0.000000E+0	1.335710E+5
8.140000E-3	0.000000E+0	1.337640E+5
8.160000E-3	0.000000E+0	1.338500E+5
8.180000E-3	0.000000E+0	1.334970E+5
8.200000E-3	0.000000E+0	1.336270E+5
8.220000E-3	0.000000E+0	1.332790E+5
8.240000E-3	0.000000E+0	1.340250E+5
8.260000E-3	0.000000E+0	1.331580E+5
8.280000E-3	0.000000E+0	1.342010E+5
8.300000E-3	0.000000E+0	1.342920E+5
8.320000E-3	0.000000E+0	1.337980E+5
8.340000E-3	0.000000E+0	1.342770E+5
8.360000E-3	0.000000E+0	1.333980E+5
8.380000E-3	0.000000E+0	1.341850E+5
8.400000E-3	0.000000E+0	1.339270E+5
8.420000E-3	0.000000E+0	1.339320E+5
8.440000E-3	0.000000E+0	1.340070E+5
8.460000E-3	0.000000E+0	1.340760E+5
8.480000E-3	0.000000E+0	1.339040E+5
8.500000E-3	0.000000E+0	1.338380E+5
8.520000E-3	0.000000E+0	1.336820E+5
8.540000E-3	0.000000E+0	1.341620E+5
8.560000E-3	0.000000E+0	1.342410E+5
8.580000E-3	0.000000E+0	1.335780E+5
8.600000E-3	0.000000E+0	1.340370E+5
8.620000E-3	0.000000E+0	1.338180E+5
8.640000E-3	0.000000E+0	1.341640E+5
8.660000E-3	0.000000E+0	1.337580E+5
8.680000E-3	0.000000E+0	1.340960E+5
8.700000E-3	0.000000E+0	1.341320E+5
8.720000E-3	0.000000E+0	1.339260E+5
8.740000E-3	0.000000E+0	1.338420E+5
8.760000E-3	0.000000E+0	1.348210E+5
8.780000E-3	0.000000E+0	1.336220E+5
8.800000E-3	0.000000E+0	1.338230E+5
8.820000E-3	0.000000E+0	1.342130E+5
8.840000E-3	0.000000E+0	1.340880E+5
8.860000E-3	0.000000E+0	1.340730E+5
8.880000E-3	0.000000E+0	1.337370E+5
8.900000E-3	0.000000E+0	1.346840E+5
8.920000E-3	0.000000E+0	1.339340E+5
8.940000E-3	0.000000E+0	1.338460E+5
8.960000E-3	0.000000E+0	1.339200E+5
8.980000E-3	0.000000E+0	1.333080E+5
9.000000E-3	0.000000E+0	1.336820E+5
9.020000E-3	0.000000E+0	1.338240E+5
9.040000E-3	0.000000E+0	1.343240E+5
9.060000E-3	0.000000E+0	1.337710E+5
9.080000E-3	0.000000E+0	1.341980E+5
9.100000E-3	0.000000E+0	1.336930E+5
9.120000E-3	0.000000E+0	1.340670E+5
9.140000E-3	0.000000E+0	1.339020E+5
9.160000E-3	0.000000E+0	1.326510E+5
9.180000E-3	0.000000E+0	1.334920E+5
9.200000E-3	0.000000E+0	1.340330E+5
9.220000E-3	0.000000E+0	1.339500E+5
9.240000E-3	0.000000E+0	1.338450E+5
9.260000E-3	0.000000E+0	1.339730E+5
9.280000E-3	0.000000E+0	1.336710E+5
9.300000E-3	0.000000E+0	1.339680E+5
9.320000E-3	0.000000E+0	1.338580E+5
9.340000E-3	0.000000E+0	1.341170E+5
9.360000E-3	0.000000E+0	1.338360E+5
9.380000E-3	0.000000E+0	1.340450E+5
9.400000E-3	0.000000E+0	1.337600E+5
9.420000E-3	0.000000E+0	1.336590E+5
9.440000E-3	0.000000E+0	1.335800E+5
9.460000E-3	0.000000E+0	1.339240E+5
9.480000E-3	0.000000E+0	1.334970E+5
9.500000E-3	0.000000E+0	1.343470E+5
9.520000E-3	0.000000E+0	1.340120E+5
9.540000E-3	0.000000E+0	1.331340E+5
9.560000E-3	0.000000E+0	1.340630E+5
9.580000E-3	0.000000E+0	1.342100E+5
9.600000E-3	0.000000E+0	1.332820E+5
9.620000E-3	0.000000E+0	1.340060E+5
9.640000E-3	0.000000E+0	1.340630E+5
9.660000E-3	0.000000E+0	1.339070E+5
9.680000E-3	0.000000E+0	1.330690E+5
9.700000E-3	0.000000E+0	1.340170E+5
9.720000E-3	0.000000E+0	1.341450E+5
9.740000E-3	0.000000E+0	1.344660E+5
9.760000E-3	0.000000E+0	1.335150E+5
9.780000E-3	0.000000E+0	1.337040E+5
9.800000E-3	0.000000E+0	1.339690E+5
9.820000E-3	0.000000E+0	1.335150E+5
9.840000E-3	0.000000E+0	1.339430E+5
9.860000E-3	0.000000E+0	1.341730E+5
9.880000E-3	0.000000E+0	1.343530E+5
9.900000E-3	0.000000E+0	1.342140E+5
9.920000E-3	0.000000E+0	1.344060E+5
9.940000E-3	0.000000E+0	1.333220E+5
9.960000E-3	0.000000E+0	1.331430E+5
9.980000E-3	0.000000E+0	1.338120E+5
1.000000E-2	0.000000E+0	1.338650E+5
1.002000E-2	0.000000E+0	1.336210E+5
1.004000E-2	0.000000E+0	1.337330E+5
1.006000E-2	0.000000E+0	1.334840E+5
1.008000E-2	0.000000E+0	1.340470E+5
1.010000E-2	0.000000E+0	1.341480E+5
1.012000E-2	0.000000E+0	1.338450E+5
1.014000E-2	0.000000E+0	1.345760E+5
1.016000E-2	0.000000E+0	1.345260E+5
1.018000E-2	0.000000E+0	1.339090E+5
1.020000E-2	0.000000E+0	1.344790E+5
1.022000E-2	0.000000E+0	1.344220E+5
1.024000E-2	0.000000E+0	1.339680E+5
1.026000E-2	0.000000E+0	1.338140E+5
1.028000E-2	0.000000E+0	1.339380E+5
1.030000E-2	0.000000E+0	1.338710E+5
1.032000E-2	0.000000E+0	1.341990E+5
1.034000E-2	0.000000E+0	1.341450E+5
1.036000E-2	0.000000E+0	1.339290E+5
1.038000E-2	0.000000E+0	1.339920E+5
1.040000E-2	0.000000E+0	1.342290E+5
1.042000E-2	0.000000E+0	1.337030E+5
1.044000E-2	0.000000E+0	1.343100E+5
1.046000E-2	0.000000E+0	1.337950E+5
1.048000E-2	0.000000E+0	1.342930E+5
1.050000E-2	0.000000E+0	1.335770E+5
1.052000E-2	0.000000E+0	1.338020E+5
1.054000E-2	0.000000E+0	1.336750E+5
1.056000E-2	0.000000E+0	1.340140E+5
1.058000E-2	0.000000E+0	1.339460E+5
1.060000E-2	0.000000E+0	1.329480E+5
1.062000E-2	0.000000E+0	1.335570E+5
1.064000E-2	0.000000E+0	1.337750E+5
1.066000E-2	0.000000E+0	1.342910E+5
1.068000E-2	0.000000E+0	1.335620E+5
1.070000E-2	0.000000E+0	1.334420E+5
1.072000E-2	0.000000E+0	1.336620E+5
1.074000E-2	0.000000E+0	1.338150E+5
1.076000E-2	0.000000E+0	1.339630E+5
1.078000E-2	0.000000E+0	1.336870E+5
1.080000E-2	0.000000E+0	1.337610E+5
1.082000E-2	0.000000E+0	1.335340E+5
1.084000E-2	0.000000E+0	1.333000E+5
1.086000E-2	0.000000E+0	1.333080E+5
1.088000E-2	0.000000E+0	1.339310E+5
1.090000E-2	0.000000E+0	1.339940E+5
1.092000E-2	0.000000E+0	1.335240E+5
1.094000E-2	0.000000E+0	1.338930E+5
1.096000E-2	0.000000E+0	1.340130E+5
1.098000E-2	0.000000E+0	1.339150E+5
1.100000E-2	0.000000E+0	1.341010E+5
1.102000E-2	0.000000E+0	1.330330E+5
1.104000E-2	0.000000E+0	1.342040E+5
1.106000E-2	0.000000E+0	1.333670E+5
1.108000E-2	0.000000E+0	1.344190E+5
1.110000E-2	0.000000E+0	1.343610E+5
1.112000E-2	0.000000E+0	1.336210E+5
1.114000E-2	0.000000E+0	1.338150E+5
1.116000E-2	0.000000E+0	1.335170E+5
1.118000E-2	0.000000E+0	1.336170E+5
1.120000E-2	0.000000E+0	1.333610E+5
1.122000E-2	0.000000E+0	1.334750E+5
1.124000E-2	0.000000E+0	1.342690E+5
1.126000E-2	0.000000E+0	1.342610E+5
1.128000E-2	0.000000E+0	1.342910E+5
1.130000E-2	0.000000E+0	1.331890E+5
1.132000E-2	0.000000E+0	1.342730E+5
1.134000E-2	0.000000E+0	1.340300E+5
1.136000E-2	0.000000E+0	1.336830E+5
1.138000E-2	0.000000E+0	1.337750E+5
1.140000E-2	0.000000E+0	1.339280E+5
1.142000E-2	0.000000E+0	1.337250E+5
1.144000E-2	0.000000E+0	1.337720E+5
1.146000E-2	0.000000E+0	1.341540E+5
1.148000E-2	0.000000E+0	1.338460E+5
1.150000E-2	0.000000E+0	1.336950E+5
1.152000E-2	0.000000E+0	1.338120E+5
1.154000E-2	0.000000E+0	1.337090E+5
1.156000E-2	0.000000E+0	1.340010E+5
1.158000E-2	0.000000E+0	1.338530E+5
1.160000E-2	0.000000E+0	1.341310E+5
1.162000E-2	0.000000E+0	1.338770E+5
1.164000E-2	0.000000E+0	1.337830E+5
1.166000E-2	0.000000E+0	1.330170E+5
1.168000E-2	0.000000E+0	1.340710E+5
1.170000E-2	0.000000E+0	1.343350E+5
1.172000E-2	0.000000E+0	1.332820E+5
1.174000E-2	0.000000E+0	1.336500E+5
1.176000E-2	0.000000E+0	1.337580E+5
1.178000E-2	0.000000E+0	1.342040E+5
1.180000E-2	0.000000E+0	1.336050E+5
1.182000E-2	0.000000E+0	1.343670E+5
1.184000E-2	0.000000E+0	1.337370E+5
1.186000E-2	0.000000E+0	1.332450E+5
1.188000E-2	0.000000E+0	1.333870E+5
1.190000E-2	0.000000E+0	1.338280E+5
1.192000E-2	0.000000E+0	1.335630E+5
1.194000E-2	0.000000E+0	1.340590E+5
1.196000E-2	0.000000E+0	1.335270E+5
1.198000E-2	0.000000E+0	1.334760E+5
1.200000E-2	0.000000E+0	1.333760E+5
1.202000E-2	0.000000E+0	1.335480E+5
1.204000E-2	0.000000E+0	1.338770E+5
1.206000E-2	0.000000E+0	1.343100E+5
1.208000E-2	0.000000E+0	1.340840E+5
1.210000E-2	0.000000E+0	1.340010E+5
1.212000E-2	0.000000E+0	1.331390E+5
1.214000E-2	0.000000E+0	1.334060E+5
1.216000E-2	0.000000E+0	1.340740E+5
1.218000E-2	0.000000E+0	1.335730E+5
1.220000E-2	0.000000E+0	1.340470E+5
1.222000E-2	0.000000E+0	1.341940E+5
1.224000E-2	0.000000E+0	1.337080E+5
1.226000E-2	0.000000E+0	1.330540E+5
1.228000E-2	0.000000E+0	1.339150E+5
1.230000E-2	0.000000E+0	1.331160E+5
1.232000E-2	0.000000E+0	1.339840E+5
1.234000E-2	0.000000E+0	1.340750E+5
1.236000E-2	0.000000E+0	1.337320E+5
1.238000E-2	0.000000E+0	1.336170E+5
1.240000E-2	0.000000E+0	1.333840E+5
1.242000E-2	0.000000E+0	1.343920E+5
1.244000E-2	0.000000E+0	1.340200E+5
1.246000E-2	0.000000E+0	1.329850E+5
1.248000E-2	0.000000E+0	1.339070E+5
1.250000E-2	0.000000E+0	1.340840E+5
1.252000E-2	0.000000E+0	1.339430E+5
1.254000E-2	0.000000E+0	1.332080E+5
1.256000E-2	0.000000E+0	1.339420E+5
1.258000E-2	0.000000E+0	1.342100E+5
1.260000E-2	0.000000E+0	1.341690E+5
1.262000E-2	0.000000E+0	1.332340E+5
1.264000E-2	0.000000E+0	1.340470E+5
1.266000E-2	0.000000E+0	1.338070E+5
1.268000E-2	0.000000E+0	1.340090E+5
1.270000E-2	0.000000E+0	1.339660E+5
1.272000E-2	0.000000E+0	1.335750E+5
1.274000E-2	0.000000E+0	1.336150E+5
1.276000E-2	0.000000E+0	1.342890E+5
1.278000E-2	0.000000E+0	1.338200E+5
1.280000E-2	0.000000E+0	1.338700E+5
1.282000E-2	0.000000E+0	1.330580E+5
1.284000E-2	0.000000E+0	1.339120E+5
1.286000E-2	0.000000E+0	1.342130E+5
1.288000E-2	0.000000E+0	1.339540E+5
1.290000E-2	0.000000E+0	1.333540E+5
1.292000E-2	0.000000E+0	1.337660E+5
1.294000E-2	0.000000E+0	1.335480E+5
1.296000E-2	0.000000E+0	1.336970E+5
1.298000E-2	0.000000E+0	1.339590E+5
1.300000E-2	0.000000E+0	1.331290E+5
1.302000E-2	0.000000E+0	1.340380E+5
1.304000E-2	0.000000E+0	1.338500E+5
1.306000E-2	0.000000E+0	1.334430E+5
1.308000E-2	0.000000E+0	1.345010E+5
1.310000E-2	0.000000E+0	1.342450E+5
1.312000E-2	0.000000E+0	1.336300E+5
1.314000E-2	0.000000E+0	1.336860E+5
1.316000E-2	0.000000E+0	1.338910E+5
1.318000E-2	0.000000E+0	1.335570E+5
1.320000E-2	0.000000E+0	1.339020E+5
1.322000E-2	0.000000E+0	1.334450E+5
1.324000E-2	0.000000E+0	1.333580E+5
1.326000E-2	0.000000E+0	1.339420E+5
1.328000E-2	0.000000E+0	1.342950E+5
1.330000E-2	0.000000E+0	1.340990E+5
1.332000E-2	0.000000E+0	1.343260E+5
1.334000E-2	0.000000E+0	1.335620E+5
1.336000E-2	0.000000E+0	1.335410E+5
1.338000E-2	0.000000E+0	1.332690E+5
1.340000E-2	0.000000E+0	1.340360E+5
1.342000E-2	0.000000E+0	1.341900E+5
1.344000E-2	0.000000E+0	1.338630E+5
1.346000E-2	0.000000E+0	1.337260E+5
1.348000E-2	0.000000E+0	1.336210E+5
1.350000E-2	0.000000E+0	1.338190E+5
1.352000E-2	0.000000E+0	1.339640E+5
1.354000E-2	0.000000E+0	1.338280E+5
1.356000E-2	0.000000E+0	1.336080E+5
1.358000E-2	0.000000E+0	1.324240E+5
1.360000E-2	0.000000E+0	1.334120E+5
1.362000E-2	0.000000E+0	1.331920E+5
1.364000E-2	0.000000E+0	1.335000E+5
1.366000E-2	0.000000E+0	1.333830E+5
1.368000E-2	0.000000E+0	1.339930E+5
1.370000E-2	0.000000E+0	1.340240E+5
1.372000E-2	0.000000E+0	1.336510E+5
1.374000E-2	0.000000E+0	1.336150E+5
1.376000E-2	0.000000E+0	1.341020E+5
1.378000E-2	0.000000E+0	1.345490E+5
1.380000E-2	0.000000E+0	1.331700E+5
1.382000E-2	0.000000E+0	1.330210E+5
1.384000E-2	0.000000E+0	1.333100E+5
1.386000E-2	0.000000E+0	1.341870E+5
1.388000E-2	0.000000E+0	1.337960E+5
1.390000E-2	0.000000E+0	1.340020E+5
1.392000E-2	0.000000E+0	1.333490E+5
1.394000E-2	0.000000E+0	1.344840E+5
1.396000E-2	0.000000E+0	1.331210E+5
1.398000E-2	0.000000E+0	1.342360E+5
1.400000E-2	0.000000E+0	1.337190E+5
1.402000E-2	0.000000E+0	1.336840E+5
1.404000E-2	0.000000E+0	1.341800E+5
1.406000E-2	0.000000E+0	1.332810E+5
1.408000E-2	0.000000E+0	1.342240E+5
1.410000E-2	0.000000E+0	1.337540E+5
1.412000E-2	0.000000E+0	1.334570E+5
1.414000E-2	0.000000E+0	1.332360E+5
1.416000E-2	0.000000E+0	1.343670E+5
1.418000E-2	0.000000E+0	1.338760E+5
1.420000E-2	0.000000E+0	1.342160E+5
1.422000E-2	0.000000E+0	1.335880E+5
1.424000E-2	0.000000E+0	1.334510E+5
1.426000E-2	0.000000E+0	1.340140E+5
1.428000E-2	0.000000E+0	1.340490E+5
1.430000E-2	0.000000E+0	1.337340E+5
1.432000E-2	0.000000E+0	1.342250E+5
1.434000E-2	0.000000E+0	1.335600E+5
1.436000E-2	0.000000E+0	1.337460E+5
1.438000E-2	0.000000E+0	1.336950E+5
1.440000E-2	0.000000E+0	1.334920E+5
1.442000E-2	0.000000E+0	1.340820E+5
1.444000E-2	0.000000E+0	1.342120E+5
1.446000E-2	0.000000E+0	1.338950E+5
1.448000E-2	0.000000E+0	1.333860E+5
1.450000E-2	0.000000E+0	1.337250E+5
1.452000E-2	0.000000E+0	1.340130E+5
1.454000E-2	0.000000E+0	1.338540E+5
1.456000E-2	0.000000E+0	1.336530E+5
1.458000E-2	0.000000E+0	1.332680E+5
1.460000E-2	0.000000E+0	1.332670E+5
1.462000E-2	0.000000E+0	1.344040E+5
1.464000E-2	0.000000E+0	1.339140E+5
1.466000E-2	0.000000E+0	1.335320E+5
1.468000E-2	0.000000E+0	1.340030E+5
1.470000E-2	0.000000E+0	1.333230E+5
1.472000E-2	0.000000E+0	1.335160E+5
1.474000E-2	0.000000E+0	1.338100E+5
1.476000E-2	0.000000E+0	1.334040E+5
1.478000E-2	0.000000E+0	1.341860E+5
1.480000E-2	0.000000E+0	1.338950E+5
1.482000E-2	0.000000E+0	1.337950E+5
1.484000E-2	0.000000E+0	1.335500E+5
1.486000E-2	0.000000E+0	1.338790E+5
1.488000E-2	0.000000E+0	1.333340E+5
1.490000E-2	0.000000E+0	1.337320E+5
1.492000E-2	0.000000E+0	1.337380E+5
1.494000E-2	0.000000E+0	1.341540E+5
1.496000E-2	0.000000E+0	1.339890E+5
1.498000E-2	0.000000E+0	1.340280E+5
1.500000E-2	0.000000E+0	1.339620E+5
1.502000E-2	0.000000E+0	1.340670E+5
1.504000E-2	0.000000E+0	1.346570E+5
1.506000E-2	0.000000E+0	1.337380E+5
1.508000E-2	0.000000E+0	1.339330E+5
1.510000E-2	0.000000E+0	1.339950E+5
1.512000E-2	0.000000E+0	1.341410E+5
1.514000E-2	0.000000E+0	1.329130E+5
1.516000E-2	0.000000E+0	1.339040E+5
1.518000E-2	0.000000E+0	1.341590E+5
1.520000E-2	0.000000E+0	1.334430E+5
1.522000E-2	0.000000E+0	1.338480E+5
1.524000E-2	0.000000E+0	1.343330E+5
1.526000E-2	0.000000E+0	1.332870E+5
1.528000E-2	0.000000E+0	1.341930E+5
1.530000E-2	0.000000E+0	1.340990E+5
1.532000E-2	0.000000E+0	1.338930E+5
1.534000E-2	0.000000E+0	1.336930E+5
1.536000E-2	0.000000E+0	1.335740E+5
1.538000E-2	0.000000E+0	1.337480E+5
1.540000E-2	0.000000E+0	1.336580E+5
1.542000E-2	0.000000E+0	1.334090E+5
1.544000E-2	0.000000E+0	1.339090E+5
1.546000E-2	0.000000E+0	1.329300E+5
1.548000E-2	0.000000E+0	1.334280E+5
1.550000E-2	0.000000E+0	1.338690E+5
1.552000E-2	0.000000E+0	1.337380E+5
1.554000E-2	0.000000E+0	1.335650E+5
1.556000E-2	0.000000E+0	1.343170E+5
1.558000E-2	0.000000E+0	1.338590E+5
1.560000E-2	0.000000E+0	1.336660E+5
1.562000E-2	0.000000E+0	1.331850E+5
1.564000E-2	0.000000E+0	1.332950E+5
1.566000E-2	0.000000E+0	1.337420E+5
1.568000E-2	0.000000E+0	1.333620E+5
1.570000E-2	0.000000E+0	1.338600E+5
1.572000E-2	0.000000E+0	1.338400E+5
1.574000E-2	0.000000E+0	1.338540E+5
1.576000E-2	0.000000E+0	1.332880E+5
1.578000E-2	0.000000E+0	1.334650E+5
1.580000E-2	0.000000E+0	1.342680E+5
1.582000E-2	0.000000E+0	1.338480E+5
1.584000E-2	0.000000E+0	1.334070E+5
1.586000E-2	0.000000E+0	1.335830E+5
1.588000E-2	0.000000E+0	1.334190E+5
1.590000E-2	0.000000E+0	1.336830E+5
1.592000E-2	0.000000E+0	1.331980E+5
1.594000E-2	0.000000E+0	1.335440E+5
1.596000E-2	0.000000E+0	1.333780E+5
1.598000E-2	0.000000E+0	1.334550E+5
1.600000E-2	0.000000E+0	1.336650E+5
1.602000E-2	0.000000E+0	1.336510E+5
1.604000E-2	0.000000E+0	1.338620E+5
1.606000E-2	0.000000E+0	1.339310E+5
1.608000E-2	0.000000E+0	1.338730E+5
1.610000E-2	0.000000E+0	1.337320E+5
1.612000E-2	0.000000E+0	1.328440E+5
1.614000E-2	0.000000E+0	1.340290E+5
1.616000E-2	0.000000E+0	1.341370E+5
1.618000E-2	0.000000E+0	1.327300E+5
1.620000E-2	0.000000E+0	1.332240E+5
1.622000E-2	0.000000E+0	1.331710E+5
1.624000E-2	0.000000E+0	1.338880E+5
1.626000E-2	0.000000E+0	1.329600E+5
1.628000E-2	0.000000E+0	1.333900E+5
1.630000E-2	0.000000E+0	1.335320E+5
1.632000E-2	0.000000E+0	1.335380E+5
1.634000E-2	0.000000E+0	1.337040E+5
1.636000E-2	0.000000E+0	1.330950E+5
1.638000E-2	0.000000E+0	1.335340E+5
1.640000E-2	0.000000E+0	1.332550E+5
1.642000E-2	0.000000E+0	1.333730E+5
1.644000E-2	0.000000E+0	1.336800E+5
1.646000E-2	0.000000E+0	1.327300E+5
1.648000E-2	0.000000E+0	1.342030E+5
1.650000E-2	0.000000E+0	1.338170E+5
1.652000E-2	0.000000E+0	1.335730E+5
1.654000E-2	0.000000E+0	1.329040E+5
1.656000E-2	0.000000E+0	1.331360E+5
1.658000E-2	0.000000E+0	1.337830E+5
1.660000E-2	0.000000E+0	1.327900E+5
1.662000E-2	0.000000E+0	1.331630E+5
1.664000E-2	0.000000E+0	1.339360E+5
1.666000E-2	0.000000E+0	1.336410E+5
1.668000E-2	0.000000E+0	1.332290E+5
1.670000E-2	0.000000E+0	1.331890E+5
1.672000E-2	0.000000E+0	1.334440E+5
1.674000E-2	0.000000E+0	1.326400E+5
1.676000E-2	0.000000E+0	1.330270E+5
1.678000E-2	0.000000E+0	1.334960E+5
1.680000E-2	0.000000E+0	1.334120E+5
1.682000E-2	0.000000E+0	1.330160E+5
1.684000E-2	0.000000E+0	1.326610E+5
1.686000E-2	0.000000E+0	1.326730E+5
1.688000E-2	0.000000E+0	1.325670E+5
1.690000E-2	0.000000E+0	1.318320E+5
1.692000E-2	0.000000E+0	1.322660E+5
1.694000E-2	0.000000E+0	1.322380E+5
1.696000E-2	0.000000E+0	1.314910E+5
1.698000E-2	0.000000E+0	1.312760E+5
1.700000E-2	0.000000E+0	1.310250E+5
1.702000E-2	0.000000E+0	1.304540E+5
1.704000E-2	0.000000E+0	1.293330E+5
1.706000E-2	0.000000E+0	1.282730E+5
1.708000E-2	0.000000E+0	1.277170E+5
1.710000E-2	0.000000E+0	1.245610E+5
1.712000E-2	0.000000E+0	1.218930E+5
1.714000E-2	0.000000E+0	1.160300E+5
1.716000E-2	0.000000E+0	1.077140E+5
1.718000E-2	0.000000E+0	9.838100E+4
1.720000E-2	0.000000E+0	8.871400E+4
1.722000E-2	0.000000E+0	8.190100E+4
1.724000E-2	0.000000E+0	7.948000E+4
1.726000E-2	0.000000E+0	8.233300E+4
1.728000E-2	0.000000E+0	8.945600E+4
1.730000E-2	0.000000E+0	9.895000E+4
1.732000E-2	0.000000E+0	1.076890E+5
1.734000E-2	0.000000E+0	1.154430E+5
1.736000E-2	0.000000E+0	1.208680E+5
1.738000E-2	0.000000E+0	1.245850E+5
1.740000E-2	0.000000E+0	1.273180E+5
1.742000E-2	0.000000E+0	1.287370E+5
1.744000E-2	0.000000E+0	1.296930E+5
1.746000E-2	0.000000E+0	1.304170E+5
1.748000E-2	0.000000E+0	1.310350E+5
1.750000E-2	0.000000E+0	1.310410E+5
1.752000E-2	0.000000E+0	1.312940E+5
1.754000E-2	0.000000E+0	1.328420E+5
1.756000E-2	0.000000E+0	1.316390E+5
1.758000E-2	0.000000E+0	1.321280E+5
1.760000E-2	0.000000E+0	1.327360E+5
1.762000E-2	0.000000E+0	1.324900E+5
1.764000E-2	0.000000E+0	1.327100E+5
1.766000E-2	0.000000E+0	1.329710E+5
1.768000E-2	0.000000E+0	1.331050E+5
1.770000E-2	0.000000E+0	1.332370E+5
1.772000E-2	0.000000E+0	1.334090E+5
1.774000E-2	0.000000E+0	1.327430E+5
1.776000E-2	0.000000E+0	1.329120E+5
1.778000E-2	0.000000E+0	1.330370E+5
1.780000E-2	0.000000E+0	1.331660E+5
1.782000E-2	0.000000E+0	1.335350E+5
1.784000E-2	0.000000E+0	1.336830E+5
1.786000E-2	0.000000E+0	1.338740E+5
1.788000E-2	0.000000E+0	1.335540E+5
1.790000E-2	0.000000E+0	1.329910E+5
1.792000E-2	0.000000E+0	1.337730E+5
1.794000E-2	0.000000E+0	1.336980E+5
1.796000E-2	0.000000E+0	1.337790E+5
1.798000E-2	0.000000E+0	1.333760E+5
1.800000E-2	0.000000E+0	1.335350E+5
1.802000E-2	0.000000E+0	1.331710E+5
1.804000E-2	0.000000E+0	1.335890E+5
1.806000E-2	0.000000E+0	1.335610E+5
1.808000E-2	0.000000E+0	1.332340E+5
1.810000E-2	0.000000E+0	1.337830E+5
1.812000E-2	0.000000E+0	1.337920E+5
1.814000E-2	0.000000E+0	1.332590E+5
1.816000E-2	0.000000E+0	1.334550E+5
1.818000E-2	0.000000E+0	1.332780E+5
1.820000E-2	0.000000E+0	1.337920E+5
1.822000E-2	0.000000E+0	1.328750E+5
1.824000E-2	0.000000E+0	1.331830E+5
1.826000E-2	0.000000E+0	1.332280E+5
1.828000E-2	0.000000E+0	1.337820E+5
1.830000E-2	0.000000E+0	1.334550E+5
1.832000E-2	0.000000E+0	1.337830E+5
1.834000E-2	0.000000E+0	1.338500E+5
1.836000E-2	0.000000E+0	1.329700E+5
1.838000E-2	0.000000E+0	1.339180E+5
1.840000E-2	0.000000E+0	1.342400E+5
1.842000E-2	0.000000E+0	1.338680E+5
1.844000E-2	0.000000E+0	1.341400E+5
1.846000E-2	0.000000E+0	1.339570E+5
1.848000E-2	0.000000E+0	1.329850E+5
1.850000E-2	0.000000E+0	1.335720E+5
1.852000E-2	0.000000E+0	1.333540E+5
1.854000E-2	0.000000E+0	1.333640E+5
1.856000E-2	0.000000E+0	1.338510E+5
1.858000E-2	0.000000E+0	1.331490E+5
1.860000E-2	0.000000E+0	1.336280E+5
1.862000E-2	0.000000E+0	1.337840E+5
1.864000E-2	0.000000E+0	1.347710E+5
1.866000E-2	0.000000E+0	1.327710E+5
1.868000E-2	0.000000E+0	1.340080E+5
1.870000E-2	0.000000E+0	1.335500E+5
1.872000E-2	0.000000E+0	1.336050E+5
1.874000E-2	0.000000E+0	1.337690E+5
1.876000E-2	0.000000E+0	1.331120E+5
1.878000E-2	0.000000E+0	1.332090E+5
1.880000E-2	0.000000E+0	1.334390E+5
1.882000E-2	0.000000E+0	1.337880E+5
1.884000E-2	0.000000E+0	1.334250E+5
1.886000E-2	0.000000E+0	1.339710E+5
1.888000E-2	0.000000E+0	1.334240E+5
1.890000E-2	0.000000E+0	1.335570E+5
1.892000E-2	0.000000E+0	1.333540E+5
1.894000E-2	0.000000E+0	1.336730E+5
1.896000E-2	0.000000E+0	1.336440E+5
1.898000E-2	0.000000E+0	1.345480E+5
1.900000E-2	0.000000E+0	1.335280E+5
1.902000E-2	0.000000E+0	1.331910E+5
1.904000E-2	0.000000E+0	1.337010E+5
1.906000E-2	0.000000E+0	1.337060E+5
1.908000E-2	0.000000E+0	1.339380E+5
1.910000E-2	0.000000E+0	1.328990E+5
1.912000E-2	0.000000E+0	1.336170E+5
1.914000E-2	0.000000E+0	1.342410E+5
1.916000E-2	0.000000E+0	1.335340E+5
1.918000E-2	0.000000E+0	1.336570E+5
1.920000E-2	0.000000E+0	1.331600E+5
1.922000E-2	0.000000E+0	1.333840E+5
1.924000E-2	0.000000E+0	1.345580E+5
1.926000E-2	0.000000E+0	1.336930E+5
1.928000E-2	0.000000E+0	1.338730E+5
1.930000E-2	0.000000E+0	1.336770E+5
1.932000E-2	0.000000E+0	1.341590E+5
1.934000E-2	0.000000E+0	1.341890E+5
1.936000E-2	0.000000E+0	1.334720E+5
1.938000E-2	0.000000E+0	1.338770E+5
1.940000E-2	0.000000E+0	1.333740E+5
1.942000E-2	0.000000E+0	1.337410E+5
1.944000E-2	0.000000E+0	1.337810E+5
1.946000E-2	0.000000E+0	1.337280E+5
1.948000E-2	0.000000E+0	1.337410E+5
1.950000E-2	0.000000E+0	1.340270E+5
1.952000E-2	0.000000E+0	1.336280E+5
1.954000E-2	0.000000E+0	1.337660E+5
1.956000E-2	0.000000E+0	1.337250E+5
1.958000E-2	0.000000E+0	1.336360E+5
1.960000E-2	0.000000E+0	1.332390E+5
1.962000E-2	0.000000E+0	1.335380E+5
1.964000E-2	0.000000E+0	1.338280E+5
1.966000E-2	0.000000E+0	1.335250E+5
1.968000E-2	0.000000E+0	1.337720E+5
1.970000E-2	0.000000E+0	1.342170E+5
1.972000E-2	0.000000E+0	1.332890E+5
1.974000E-2	0.000000E+0	1.333570E+5
1.976000E-2	0.000000E+0	1.332580E+5
1.978000E-2	0.000000E+0	1.336460E+5
1.980000E-2	0.000000E+0	1.338870E+5
1.982000E-2	0.000000E+0	1.339700E+5
1.984000E-2	0.000000E+0	1.334880E+5
1.986000E-2	0.000000E+0	1.341510E+5
1.988000E-2	0.000000E+0	1.342500E+5
1.990000E-2	0.000000E+0	1.341540E+5
1.992000E-2	0.000000E+0	1.340540E+5
1.994000E-2	0.000000E+0	1.340850E+5
1.996000E-2	0.000000E+0	1.339090E+5
1.998000E-2	0.000000E+0	1.336390E+5
