

live time:  121179.000000
real time:  140400.465000
sweeps:  6058950.000000
0.000000E+0	0.000000E+0	0.000000E+0
2.000000E-5	0.000000E+0	6.039300E+4
4.000000E-5	0.000000E+0	6.063700E+4
6.000000E-5	0.000000E+0	6.088700E+4
8.000000E-5	0.000000E+0	6.104700E+4
1.000000E-4	0.000000E+0	6.069900E+4
1.200000E-4	0.000000E+0	6.051400E+4
1.400000E-4	0.000000E+0	6.100100E+4
1.600000E-4	0.000000E+0	6.114300E+4
1.800000E-4	0.000000E+0	6.103300E+4
2.000000E-4	0.000000E+0	6.094000E+4
2.200000E-4	0.000000E+0	6.104900E+4
2.400000E-4	0.000000E+0	6.094800E+4
2.600000E-4	0.000000E+0	6.087000E+4
2.800000E-4	0.000000E+0	6.085700E+4
3.000000E-4	0.000000E+0	6.096500E+4
3.200000E-4	0.000000E+0	6.062600E+4
3.400000E-4	0.000000E+0	6.089700E+4
3.600000E-4	0.000000E+0	6.082900E+4
3.800000E-4	0.000000E+0	6.094800E+4
4.000000E-4	0.000000E+0	6.113400E+4
4.200000E-4	0.000000E+0	6.079800E+4
4.400000E-4	0.000000E+0	6.067800E+4
4.600000E-4	0.000000E+0	6.083100E+4
4.800000E-4	0.000000E+0	6.087300E+4
5.000000E-4	0.000000E+0	6.070700E+4
5.200000E-4	0.000000E+0	6.092700E+4
5.400000E-4	0.000000E+0	6.110300E+4
5.600000E-4	0.000000E+0	6.136400E+4
5.800000E-4	0.000000E+0	6.097100E+4
6.000000E-4	0.000000E+0	6.064400E+4
6.200000E-4	0.000000E+0	6.071200E+4
6.400000E-4	0.000000E+0	6.052100E+4
6.600000E-4	0.000000E+0	6.082000E+4
6.800000E-4	0.000000E+0	6.037500E+4
7.000000E-4	0.000000E+0	6.083500E+4
7.200000E-4	0.000000E+0	6.106300E+4
7.400000E-4	0.000000E+0	6.084500E+4
7.600000E-4	0.000000E+0	6.070500E+4
7.800000E-4	0.000000E+0	6.086700E+4
8.000000E-4	0.000000E+0	6.097100E+4
8.200000E-4	0.000000E+0	6.061000E+4
8.400000E-4	0.000000E+0	6.072100E+4
8.600000E-4	0.000000E+0	6.088800E+4
8.800000E-4	0.000000E+0	6.117500E+4
9.000000E-4	0.000000E+0	6.018900E+4
9.200000E-4	0.000000E+0	6.086200E+4
9.400000E-4	0.000000E+0	6.101800E+4
9.600000E-4	0.000000E+0	6.080000E+4
9.800000E-4	0.000000E+0	6.080300E+4
1.000000E-3	0.000000E+0	6.069500E+4
1.020000E-3	0.000000E+0	6.055400E+4
1.040000E-3	0.000000E+0	6.128600E+4
1.060000E-3	0.000000E+0	6.081600E+4
1.080000E-3	0.000000E+0	6.058100E+4
1.100000E-3	0.000000E+0	6.100000E+4
1.120000E-3	0.000000E+0	6.077500E+4
1.140000E-3	0.000000E+0	6.113200E+4
1.160000E-3	0.000000E+0	6.060400E+4
1.180000E-3	0.000000E+0	6.103900E+4
1.200000E-3	0.000000E+0	6.120200E+4
1.220000E-3	0.000000E+0	6.052400E+4
1.240000E-3	0.000000E+0	6.062800E+4
1.260000E-3	0.000000E+0	6.080200E+4
1.280000E-3	0.000000E+0	6.100800E+4
1.300000E-3	0.000000E+0	6.102800E+4
1.320000E-3	0.000000E+0	6.071500E+4
1.340000E-3	0.000000E+0	6.132900E+4
1.360000E-3	0.000000E+0	6.087700E+4
1.380000E-3	0.000000E+0	6.121800E+4
1.400000E-3	0.000000E+0	6.111400E+4
1.420000E-3	0.000000E+0	6.079100E+4
1.440000E-3	0.000000E+0	6.127800E+4
1.460000E-3	0.000000E+0	6.082400E+4
1.480000E-3	0.000000E+0	6.050700E+4
1.500000E-3	0.000000E+0	6.031800E+4
1.520000E-3	0.000000E+0	6.075900E+4
1.540000E-3	0.000000E+0	6.106000E+4
1.560000E-3	0.000000E+0	6.055900E+4
1.580000E-3	0.000000E+0	6.099800E+4
1.600000E-3	0.000000E+0	6.108100E+4
1.620000E-3	0.000000E+0	6.134300E+4
1.640000E-3	0.000000E+0	6.074800E+4
1.660000E-3	0.000000E+0	6.104600E+4
1.680000E-3	0.000000E+0	6.088000E+4
1.700000E-3	0.000000E+0	6.107900E+4
1.720000E-3	0.000000E+0	6.058300E+4
1.740000E-3	0.000000E+0	6.119500E+4
1.760000E-3	0.000000E+0	6.112100E+4
1.780000E-3	0.000000E+0	6.101200E+4
1.800000E-3	0.000000E+0	6.060700E+4
1.820000E-3	0.000000E+0	6.093900E+4
1.840000E-3	0.000000E+0	6.108000E+4
1.860000E-3	0.000000E+0	6.077600E+4
1.880000E-3	0.000000E+0	6.093200E+4
1.900000E-3	0.000000E+0	6.090300E+4
1.920000E-3	0.000000E+0	6.098900E+4
1.940000E-3	0.000000E+0	6.099000E+4
1.960000E-3	0.000000E+0	6.069200E+4
1.980000E-3	0.000000E+0	6.117200E+4
2.000000E-3	0.000000E+0	6.091200E+4
2.020000E-3	0.000000E+0	6.126200E+4
2.040000E-3	0.000000E+0	6.103800E+4
2.060000E-3	0.000000E+0	6.136500E+4
2.080000E-3	0.000000E+0	6.023100E+4
2.100000E-3	0.000000E+0	6.072200E+4
2.120000E-3	0.000000E+0	6.085200E+4
2.140000E-3	0.000000E+0	6.034700E+4
2.160000E-3	0.000000E+0	6.092300E+4
2.180000E-3	0.000000E+0	6.091900E+4
2.200000E-3	0.000000E+0	6.044500E+4
2.220000E-3	0.000000E+0	6.054700E+4
2.240000E-3	0.000000E+0	6.076500E+4
2.260000E-3	0.000000E+0	6.075200E+4
2.280000E-3	0.000000E+0	6.109700E+4
2.300000E-3	0.000000E+0	6.083600E+4
2.320000E-3	0.000000E+0	6.089600E+4
2.340000E-3	0.000000E+0	6.062100E+4
2.360000E-3	0.000000E+0	6.081000E+4
2.380000E-3	0.000000E+0	6.054500E+4
2.400000E-3	0.000000E+0	6.107000E+4
2.420000E-3	0.000000E+0	6.089300E+4
2.440000E-3	0.000000E+0	6.086900E+4
2.460000E-3	0.000000E+0	6.066400E+4
2.480000E-3	0.000000E+0	6.023300E+4
2.500000E-3	0.000000E+0	6.105700E+4
2.520000E-3	0.000000E+0	6.117100E+4
2.540000E-3	0.000000E+0	6.106300E+4
2.560000E-3	0.000000E+0	6.072800E+4
2.580000E-3	0.000000E+0	6.101700E+4
2.600000E-3	0.000000E+0	6.091500E+4
2.620000E-3	0.000000E+0	6.064400E+4
2.640000E-3	0.000000E+0	6.098400E+4
2.660000E-3	0.000000E+0	6.054800E+4
2.680000E-3	0.000000E+0	6.121900E+4
2.700000E-3	0.000000E+0	6.095700E+4
2.720000E-3	0.000000E+0	6.045900E+4
2.740000E-3	0.000000E+0	6.066300E+4
2.760000E-3	0.000000E+0	6.102500E+4
2.780000E-3	0.000000E+0	6.082600E+4
2.800000E-3	0.000000E+0	6.073700E+4
2.820000E-3	0.000000E+0	6.045300E+4
2.840000E-3	0.000000E+0	6.109000E+4
2.860000E-3	0.000000E+0	6.081700E+4
2.880000E-3	0.000000E+0	6.112500E+4
2.900000E-3	0.000000E+0	6.054600E+4
2.920000E-3	0.000000E+0	6.108500E+4
2.940000E-3	0.000000E+0	6.088200E+4
2.960000E-3	0.000000E+0	6.078900E+4
2.980000E-3	0.000000E+0	6.075900E+4
3.000000E-3	0.000000E+0	6.079000E+4
3.020000E-3	0.000000E+0	6.104400E+4
3.040000E-3	0.000000E+0	6.100000E+4
3.060000E-3	0.000000E+0	6.090100E+4
3.080000E-3	0.000000E+0	6.052500E+4
3.100000E-3	0.000000E+0	6.109400E+4
3.120000E-3	0.000000E+0	6.100600E+4
3.140000E-3	0.000000E+0	6.079300E+4
3.160000E-3	0.000000E+0	6.068900E+4
3.180000E-3	0.000000E+0	6.101700E+4
3.200000E-3	0.000000E+0	6.089900E+4
3.220000E-3	0.000000E+0	6.028700E+4
3.240000E-3	0.000000E+0	6.071700E+4
3.260000E-3	0.000000E+0	6.085300E+4
3.280000E-3	0.000000E+0	6.080600E+4
3.300000E-3	0.000000E+0	6.097800E+4
3.320000E-3	0.000000E+0	6.125500E+4
3.340000E-3	0.000000E+0	6.077700E+4
3.360000E-3	0.000000E+0	6.066900E+4
3.380000E-3	0.000000E+0	6.063900E+4
3.400000E-3	0.000000E+0	6.089600E+4
3.420000E-3	0.000000E+0	6.099900E+4
3.440000E-3	0.000000E+0	6.044200E+4
3.460000E-3	0.000000E+0	6.094000E+4
3.480000E-3	0.000000E+0	6.103500E+4
3.500000E-3	0.000000E+0	6.103700E+4
3.520000E-3	0.000000E+0	6.084400E+4
3.540000E-3	0.000000E+0	6.129900E+4
3.560000E-3	0.000000E+0	6.061400E+4
3.580000E-3	0.000000E+0	6.097800E+4
3.600000E-3	0.000000E+0	6.026200E+4
3.620000E-3	0.000000E+0	6.107300E+4
3.640000E-3	0.000000E+0	6.096800E+4
3.660000E-3	0.000000E+0	6.097800E+4
3.680000E-3	0.000000E+0	6.088200E+4
3.700000E-3	0.000000E+0	6.063900E+4
3.720000E-3	0.000000E+0	6.049300E+4
3.740000E-3	0.000000E+0	6.060900E+4
3.760000E-3	0.000000E+0	6.081800E+4
3.780000E-3	0.000000E+0	6.098700E+4
3.800000E-3	0.000000E+0	6.047700E+4
3.820000E-3	0.000000E+0	6.065800E+4
3.840000E-3	0.000000E+0	6.119400E+4
3.860000E-3	0.000000E+0	6.094900E+4
3.880000E-3	0.000000E+0	6.066700E+4
3.900000E-3	0.000000E+0	6.071200E+4
3.920000E-3	0.000000E+0	6.082400E+4
3.940000E-3	0.000000E+0	6.069400E+4
3.960000E-3	0.000000E+0	6.115900E+4
3.980000E-3	0.000000E+0	6.058500E+4
4.000000E-3	0.000000E+0	6.074300E+4
4.020000E-3	0.000000E+0	6.090200E+4
4.040000E-3	0.000000E+0	6.081800E+4
4.060000E-3	0.000000E+0	6.025900E+4
4.080000E-3	0.000000E+0	6.084300E+4
4.100000E-3	0.000000E+0	6.058000E+4
4.120000E-3	0.000000E+0	6.087800E+4
4.140000E-3	0.000000E+0	6.116500E+4
4.160000E-3	0.000000E+0	6.046100E+4
4.180000E-3	0.000000E+0	6.090100E+4
4.200000E-3	0.000000E+0	6.047100E+4
4.220000E-3	0.000000E+0	6.096300E+4
4.240000E-3	0.000000E+0	6.063900E+4
4.260000E-3	0.000000E+0	6.063900E+4
4.280000E-3	0.000000E+0	6.115900E+4
4.300000E-3	0.000000E+0	6.052200E+4
4.320000E-3	0.000000E+0	6.113200E+4
4.340000E-3	0.000000E+0	6.100400E+4
4.360000E-3	0.000000E+0	6.100900E+4
4.380000E-3	0.000000E+0	6.051100E+4
4.400000E-3	0.000000E+0	6.117700E+4
4.420000E-3	0.000000E+0	6.097100E+4
4.440000E-3	0.000000E+0	6.061500E+4
4.460000E-3	0.000000E+0	6.085200E+4
4.480000E-3	0.000000E+0	6.057500E+4
4.500000E-3	0.000000E+0	6.044600E+4
4.520000E-3	0.000000E+0	6.108600E+4
4.540000E-3	0.000000E+0	6.094700E+4
4.560000E-3	0.000000E+0	6.077200E+4
4.580000E-3	0.000000E+0	6.102300E+4
4.600000E-3	0.000000E+0	6.131800E+4
4.620000E-3	0.000000E+0	6.055600E+4
4.640000E-3	0.000000E+0	6.095200E+4
4.660000E-3	0.000000E+0	6.106300E+4
4.680000E-3	0.000000E+0	6.083900E+4
4.700000E-3	0.000000E+0	6.054100E+4
4.720000E-3	0.000000E+0	6.092500E+4
4.740000E-3	0.000000E+0	6.036500E+4
4.760000E-3	0.000000E+0	6.061400E+4
4.780000E-3	0.000000E+0	6.059200E+4
4.800000E-3	0.000000E+0	6.121000E+4
4.820000E-3	0.000000E+0	6.070400E+4
4.840000E-3	0.000000E+0	6.074500E+4
4.860000E-3	0.000000E+0	6.090900E+4
4.880000E-3	0.000000E+0	6.058900E+4
4.900000E-3	0.000000E+0	6.097700E+4
4.920000E-3	0.000000E+0	6.070400E+4
4.940000E-3	0.000000E+0	6.131800E+4
4.960000E-3	0.000000E+0	6.107400E+4
4.980000E-3	0.000000E+0	6.043600E+4
5.000000E-3	0.000000E+0	6.019800E+4
5.020000E-3	0.000000E+0	6.068800E+4
5.040000E-3	0.000000E+0	6.101300E+4
5.060000E-3	0.000000E+0	6.133600E+4
5.080000E-3	0.000000E+0	6.094400E+4
5.100000E-3	0.000000E+0	6.108500E+4
5.120000E-3	0.000000E+0	6.101200E+4
5.140000E-3	0.000000E+0	6.080900E+4
5.160000E-3	0.000000E+0	6.105600E+4
5.180000E-3	0.000000E+0	6.083900E+4
5.200000E-3	0.000000E+0	6.047000E+4
5.220000E-3	0.000000E+0	6.079300E+4
5.240000E-3	0.000000E+0	6.047600E+4
5.260000E-3	0.000000E+0	6.097800E+4
5.280000E-3	0.000000E+0	6.031400E+4
5.300000E-3	0.000000E+0	6.038400E+4
5.320000E-3	0.000000E+0	6.037600E+4
5.340000E-3	0.000000E+0	6.018900E+4
5.360000E-3	0.000000E+0	6.046400E+4
5.380000E-3	0.000000E+0	6.044500E+4
5.400000E-3	0.000000E+0	6.053500E+4
5.420000E-3	0.000000E+0	6.040500E+4
5.440000E-3	0.000000E+0	6.011600E+4
5.460000E-3	0.000000E+0	6.059400E+4
5.480000E-3	0.000000E+0	5.985100E+4
5.500000E-3	0.000000E+0	6.022900E+4
5.520000E-3	0.000000E+0	6.052000E+4
5.540000E-3	0.000000E+0	6.009000E+4
5.560000E-3	0.000000E+0	6.009200E+4
5.580000E-3	0.000000E+0	5.975900E+4
5.600000E-3	0.000000E+0	6.007100E+4
5.620000E-3	0.000000E+0	5.900500E+4
5.640000E-3	0.000000E+0	5.890100E+4
5.660000E-3	0.000000E+0	5.811100E+4
5.680000E-3	0.000000E+0	5.690800E+4
5.700000E-3	0.000000E+0	5.627600E+4
5.720000E-3	0.000000E+0	5.412100E+4
5.740000E-3	0.000000E+0	5.140000E+4
5.760000E-3	0.000000E+0	4.758800E+4
5.780000E-3	0.000000E+0	4.318400E+4
5.800000E-3	0.000000E+0	3.899400E+4
5.820000E-3	0.000000E+0	3.672600E+4
5.840000E-3	0.000000E+0	3.645200E+4
5.860000E-3	0.000000E+0	3.804300E+4
5.880000E-3	0.000000E+0	4.197700E+4
5.900000E-3	0.000000E+0	4.639100E+4
5.920000E-3	0.000000E+0	5.048100E+4
5.940000E-3	0.000000E+0	5.428000E+4
5.960000E-3	0.000000E+0	5.618400E+4
5.980000E-3	0.000000E+0	5.751500E+4
6.000000E-3	0.000000E+0	5.863900E+4
6.020000E-3	0.000000E+0	5.886900E+4
6.040000E-3	0.000000E+0	5.943800E+4
6.060000E-3	0.000000E+0	5.970000E+4
6.080000E-3	0.000000E+0	5.976700E+4
6.100000E-3	0.000000E+0	6.005100E+4
6.120000E-3	0.000000E+0	6.009800E+4
6.140000E-3	0.000000E+0	6.028800E+4
6.160000E-3	0.000000E+0	5.960200E+4
6.180000E-3	0.000000E+0	6.026000E+4
6.200000E-3	0.000000E+0	6.033400E+4
6.220000E-3	0.000000E+0	5.998900E+4
6.240000E-3	0.000000E+0	6.047200E+4
6.260000E-3	0.000000E+0	6.043600E+4
6.280000E-3	0.000000E+0	6.062400E+4
6.300000E-3	0.000000E+0	6.063400E+4
6.320000E-3	0.000000E+0	6.034500E+4
6.340000E-3	0.000000E+0	6.078700E+4
6.360000E-3	0.000000E+0	6.067700E+4
6.380000E-3	0.000000E+0	6.076400E+4
6.400000E-3	0.000000E+0	6.063600E+4
6.420000E-3	0.000000E+0	6.101200E+4
6.440000E-3	0.000000E+0	6.049200E+4
6.460000E-3	0.000000E+0	6.040600E+4
6.480000E-3	0.000000E+0	6.089600E+4
6.500000E-3	0.000000E+0	6.061400E+4
6.520000E-3	0.000000E+0	6.094800E+4
6.540000E-3	0.000000E+0	6.103500E+4
6.560000E-3	0.000000E+0	6.080300E+4
6.580000E-3	0.000000E+0	6.081800E+4
6.600000E-3	0.000000E+0	6.071200E+4
6.620000E-3	0.000000E+0	6.080900E+4
6.640000E-3	0.000000E+0	6.088700E+4
6.660000E-3	0.000000E+0	6.114800E+4
6.680000E-3	0.000000E+0	6.085300E+4
6.700000E-3	0.000000E+0	6.065300E+4
6.720000E-3	0.000000E+0	6.069200E+4
6.740000E-3	0.000000E+0	6.066700E+4
6.760000E-3	0.000000E+0	6.063800E+4
6.780000E-3	0.000000E+0	6.081700E+4
6.800000E-3	0.000000E+0	6.042600E+4
6.820000E-3	0.000000E+0	6.072700E+4
6.840000E-3	0.000000E+0	6.054600E+4
6.860000E-3	0.000000E+0	6.133700E+4
6.880000E-3	0.000000E+0	6.071800E+4
6.900000E-3	0.000000E+0	6.070800E+4
6.920000E-3	0.000000E+0	6.099400E+4
6.940000E-3	0.000000E+0	6.084600E+4
6.960000E-3	0.000000E+0	6.015500E+4
6.980000E-3	0.000000E+0	6.081900E+4
7.000000E-3	0.000000E+0	6.087100E+4
7.020000E-3	0.000000E+0	6.100800E+4
7.040000E-3	0.000000E+0	6.068200E+4
7.060000E-3	0.000000E+0	6.090500E+4
7.080000E-3	0.000000E+0	6.095600E+4
7.100000E-3	0.000000E+0	6.020000E+4
7.120000E-3	0.000000E+0	6.097400E+4
7.140000E-3	0.000000E+0	6.106100E+4
7.160000E-3	0.000000E+0	6.089800E+4
7.180000E-3	0.000000E+0	6.107500E+4
7.200000E-3	0.000000E+0	6.078200E+4
7.220000E-3	0.000000E+0	6.083100E+4
7.240000E-3	0.000000E+0	6.106000E+4
7.260000E-3	0.000000E+0	6.127900E+4
7.280000E-3	0.000000E+0	6.108400E+4
7.300000E-3	0.000000E+0	6.073700E+4
7.320000E-3	0.000000E+0	6.050000E+4
7.340000E-3	0.000000E+0	6.092400E+4
7.360000E-3	0.000000E+0	6.084300E+4
7.380000E-3	0.000000E+0	6.096200E+4
7.400000E-3	0.000000E+0	6.068600E+4
7.420000E-3	0.000000E+0	6.087500E+4
7.440000E-3	0.000000E+0	6.115300E+4
7.460000E-3	0.000000E+0	6.035100E+4
7.480000E-3	0.000000E+0	6.068300E+4
7.500000E-3	0.000000E+0	6.053200E+4
7.520000E-3	0.000000E+0	6.106400E+4
7.540000E-3	0.000000E+0	6.090900E+4
7.560000E-3	0.000000E+0	6.134500E+4
7.580000E-3	0.000000E+0	6.067800E+4
7.600000E-3	0.000000E+0	6.069900E+4
7.620000E-3	0.000000E+0	6.117400E+4
7.640000E-3	0.000000E+0	6.074100E+4
7.660000E-3	0.000000E+0	6.101300E+4
7.680000E-3	0.000000E+0	6.116800E+4
7.700000E-3	0.000000E+0	6.102000E+4
7.720000E-3	0.000000E+0	6.092600E+4
7.740000E-3	0.000000E+0	6.052400E+4
7.760000E-3	0.000000E+0	6.073400E+4
7.780000E-3	0.000000E+0	6.060800E+4
7.800000E-3	0.000000E+0	6.098100E+4
7.820000E-3	0.000000E+0	6.104100E+4
7.840000E-3	0.000000E+0	6.076300E+4
7.860000E-3	0.000000E+0	6.092200E+4
7.880000E-3	0.000000E+0	6.090400E+4
7.900000E-3	0.000000E+0	6.113500E+4
7.920000E-3	0.000000E+0	6.078000E+4
7.940000E-3	0.000000E+0	6.089700E+4
7.960000E-3	0.000000E+0	6.083200E+4
7.980000E-3	0.000000E+0	6.063100E+4
8.000000E-3	0.000000E+0	6.063800E+4
8.020000E-3	0.000000E+0	6.089800E+4
8.040000E-3	0.000000E+0	6.035900E+4
8.060000E-3	0.000000E+0	6.065100E+4
8.080000E-3	0.000000E+0	6.139500E+4
8.100000E-3	0.000000E+0	6.070200E+4
8.120000E-3	0.000000E+0	6.080700E+4
8.140000E-3	0.000000E+0	6.111200E+4
8.160000E-3	0.000000E+0	6.075500E+4
8.180000E-3	0.000000E+0	6.062900E+4
8.200000E-3	0.000000E+0	6.094100E+4
8.220000E-3	0.000000E+0	6.071700E+4
8.240000E-3	0.000000E+0	6.125900E+4
8.260000E-3	0.000000E+0	6.041400E+4
8.280000E-3	0.000000E+0	6.101700E+4
8.300000E-3	0.000000E+0	6.114000E+4
8.320000E-3	0.000000E+0	6.071000E+4
8.340000E-3	0.000000E+0	6.098900E+4
8.360000E-3	0.000000E+0	6.065000E+4
8.380000E-3	0.000000E+0	6.114800E+4
8.400000E-3	0.000000E+0	6.055600E+4
8.420000E-3	0.000000E+0	6.072600E+4
8.440000E-3	0.000000E+0	6.137200E+4
8.460000E-3	0.000000E+0	6.085700E+4
8.480000E-3	0.000000E+0	6.107900E+4
8.500000E-3	0.000000E+0	6.106000E+4
8.520000E-3	0.000000E+0	6.075900E+4
8.540000E-3	0.000000E+0	6.096500E+4
8.560000E-3	0.000000E+0	6.082600E+4
8.580000E-3	0.000000E+0	6.069900E+4
8.600000E-3	0.000000E+0	6.090900E+4
8.620000E-3	0.000000E+0	6.087600E+4
8.640000E-3	0.000000E+0	6.105600E+4
8.660000E-3	0.000000E+0	6.055800E+4
8.680000E-3	0.000000E+0	6.105400E+4
8.700000E-3	0.000000E+0	6.075700E+4
8.720000E-3	0.000000E+0	6.063600E+4
8.740000E-3	0.000000E+0	6.107900E+4
8.760000E-3	0.000000E+0	6.122500E+4
8.780000E-3	0.000000E+0	6.076000E+4
8.800000E-3	0.000000E+0	6.069300E+4
8.820000E-3	0.000000E+0	6.078000E+4
8.840000E-3	0.000000E+0	6.063900E+4
8.860000E-3	0.000000E+0	6.087400E+4
8.880000E-3	0.000000E+0	6.075300E+4
8.900000E-3	0.000000E+0	6.118200E+4
8.920000E-3	0.000000E+0	6.074600E+4
8.940000E-3	0.000000E+0	6.071100E+4
8.960000E-3	0.000000E+0	6.044100E+4
8.980000E-3	0.000000E+0	6.038700E+4
9.000000E-3	0.000000E+0	6.062200E+4
9.020000E-3	0.000000E+0	6.069600E+4
9.040000E-3	0.000000E+0	6.108200E+4
9.060000E-3	0.000000E+0	6.097100E+4
9.080000E-3	0.000000E+0	6.087500E+4
9.100000E-3	0.000000E+0	6.065600E+4
9.120000E-3	0.000000E+0	6.121000E+4
9.140000E-3	0.000000E+0	6.117700E+4
9.160000E-3	0.000000E+0	6.027500E+4
9.180000E-3	0.000000E+0	6.082000E+4
9.200000E-3	0.000000E+0	6.097700E+4
9.220000E-3	0.000000E+0	6.088600E+4
9.240000E-3	0.000000E+0	6.065300E+4
9.260000E-3	0.000000E+0	6.074100E+4
9.280000E-3	0.000000E+0	6.081300E+4
9.300000E-3	0.000000E+0	6.085400E+4
9.320000E-3	0.000000E+0	6.040800E+4
9.340000E-3	0.000000E+0	6.082100E+4
9.360000E-3	0.000000E+0	6.082500E+4
9.380000E-3	0.000000E+0	6.113400E+4
9.400000E-3	0.000000E+0	6.070900E+4
9.420000E-3	0.000000E+0	6.066100E+4
9.440000E-3	0.000000E+0	6.065300E+4
9.460000E-3	0.000000E+0	6.104200E+4
9.480000E-3	0.000000E+0	6.066800E+4
9.500000E-3	0.000000E+0	6.125400E+4
9.520000E-3	0.000000E+0	6.089900E+4
9.540000E-3	0.000000E+0	6.043000E+4
9.560000E-3	0.000000E+0	6.090900E+4
9.580000E-3	0.000000E+0	6.103300E+4
9.600000E-3	0.000000E+0	6.070900E+4
9.620000E-3	0.000000E+0	6.087200E+4
9.640000E-3	0.000000E+0	6.108000E+4
9.660000E-3	0.000000E+0	6.097400E+4
9.680000E-3	0.000000E+0	6.051600E+4
9.700000E-3	0.000000E+0	6.060500E+4
9.720000E-3	0.000000E+0	6.103700E+4
9.740000E-3	0.000000E+0	6.087900E+4
9.760000E-3	0.000000E+0	6.062200E+4
9.780000E-3	0.000000E+0	6.070900E+4
9.800000E-3	0.000000E+0	6.084500E+4
9.820000E-3	0.000000E+0	6.059700E+4
9.840000E-3	0.000000E+0	6.099800E+4
9.860000E-3	0.000000E+0	6.108600E+4
9.880000E-3	0.000000E+0	6.124500E+4
9.900000E-3	0.000000E+0	6.076700E+4
9.920000E-3	0.000000E+0	6.112100E+4
9.940000E-3	0.000000E+0	6.077300E+4
9.960000E-3	0.000000E+0	6.064600E+4
9.980000E-3	0.000000E+0	6.061300E+4
1.000000E-2	0.000000E+0	6.080500E+4
1.002000E-2	0.000000E+0	6.035900E+4
1.004000E-2	0.000000E+0	6.093700E+4
1.006000E-2	0.000000E+0	6.087600E+4
1.008000E-2	0.000000E+0	6.081400E+4
1.010000E-2	0.000000E+0	6.076500E+4
1.012000E-2	0.000000E+0	6.111700E+4
1.014000E-2	0.000000E+0	6.135600E+4
1.016000E-2	0.000000E+0	6.126600E+4
1.018000E-2	0.000000E+0	6.100300E+4
1.020000E-2	0.000000E+0	6.138100E+4
1.022000E-2	0.000000E+0	6.107500E+4
1.024000E-2	0.000000E+0	6.097500E+4
1.026000E-2	0.000000E+0	6.049600E+4
1.028000E-2	0.000000E+0	6.114500E+4
1.030000E-2	0.000000E+0	6.085800E+4
1.032000E-2	0.000000E+0	6.062700E+4
1.034000E-2	0.000000E+0	6.096100E+4
1.036000E-2	0.000000E+0	6.100700E+4
1.038000E-2	0.000000E+0	6.104200E+4
1.040000E-2	0.000000E+0	6.104500E+4
1.042000E-2	0.000000E+0	6.082500E+4
1.044000E-2	0.000000E+0	6.119200E+4
1.046000E-2	0.000000E+0	6.073000E+4
1.048000E-2	0.000000E+0	6.110800E+4
1.050000E-2	0.000000E+0	6.083500E+4
1.052000E-2	0.000000E+0	6.080500E+4
1.054000E-2	0.000000E+0	6.107000E+4
1.056000E-2	0.000000E+0	6.120300E+4
1.058000E-2	0.000000E+0	6.097800E+4
1.060000E-2	0.000000E+0	6.009100E+4
1.062000E-2	0.000000E+0	6.065800E+4
1.064000E-2	0.000000E+0	6.088800E+4
1.066000E-2	0.000000E+0	6.099600E+4
1.068000E-2	0.000000E+0	6.053400E+4
1.070000E-2	0.000000E+0	6.058200E+4
1.072000E-2	0.000000E+0	6.082900E+4
1.074000E-2	0.000000E+0	6.078400E+4
1.076000E-2	0.000000E+0	6.099300E+4
1.078000E-2	0.000000E+0	6.084100E+4
1.080000E-2	0.000000E+0	6.072000E+4
1.082000E-2	0.000000E+0	6.071500E+4
1.084000E-2	0.000000E+0	6.074000E+4
1.086000E-2	0.000000E+0	6.051100E+4
1.088000E-2	0.000000E+0	6.109100E+4
1.090000E-2	0.000000E+0	6.125100E+4
1.092000E-2	0.000000E+0	6.083700E+4
1.094000E-2	0.000000E+0	6.070600E+4
1.096000E-2	0.000000E+0	6.117300E+4
1.098000E-2	0.000000E+0	6.086200E+4
1.100000E-2	0.000000E+0	6.105800E+4
1.102000E-2	0.000000E+0	6.060300E+4
1.104000E-2	0.000000E+0	6.103200E+4
1.106000E-2	0.000000E+0	6.071200E+4
1.108000E-2	0.000000E+0	6.106400E+4
1.110000E-2	0.000000E+0	6.071300E+4
1.112000E-2	0.000000E+0	6.061700E+4
1.114000E-2	0.000000E+0	6.050200E+4
1.116000E-2	0.000000E+0	6.061900E+4
1.118000E-2	0.000000E+0	6.089500E+4
1.120000E-2	0.000000E+0	6.031800E+4
1.122000E-2	0.000000E+0	6.053900E+4
1.124000E-2	0.000000E+0	6.119000E+4
1.126000E-2	0.000000E+0	6.105500E+4
1.128000E-2	0.000000E+0	6.123700E+4
1.130000E-2	0.000000E+0	6.058100E+4
1.132000E-2	0.000000E+0	6.103600E+4
1.134000E-2	0.000000E+0	6.089700E+4
1.136000E-2	0.000000E+0	6.063800E+4
1.138000E-2	0.000000E+0	6.041800E+4
1.140000E-2	0.000000E+0	6.070400E+4
1.142000E-2	0.000000E+0	6.093300E+4
1.144000E-2	0.000000E+0	6.096300E+4
1.146000E-2	0.000000E+0	6.101800E+4
1.148000E-2	0.000000E+0	6.056700E+4
1.150000E-2	0.000000E+0	6.097200E+4
1.152000E-2	0.000000E+0	6.062600E+4
1.154000E-2	0.000000E+0	6.079200E+4
1.156000E-2	0.000000E+0	6.075800E+4
1.158000E-2	0.000000E+0	6.093200E+4
1.160000E-2	0.000000E+0	6.094900E+4
1.162000E-2	0.000000E+0	6.085200E+4
1.164000E-2	0.000000E+0	6.083200E+4
1.166000E-2	0.000000E+0	6.047300E+4
1.168000E-2	0.000000E+0	6.100000E+4
1.170000E-2	0.000000E+0	6.115200E+4
1.172000E-2	0.000000E+0	6.055600E+4
1.174000E-2	0.000000E+0	6.078600E+4
1.176000E-2	0.000000E+0	6.068100E+4
1.178000E-2	0.000000E+0	6.079100E+4
1.180000E-2	0.000000E+0	6.090700E+4
1.182000E-2	0.000000E+0	6.137100E+4
1.184000E-2	0.000000E+0	6.075600E+4
1.186000E-2	0.000000E+0	6.056100E+4
1.188000E-2	0.000000E+0	6.044700E+4
1.190000E-2	0.000000E+0	6.114500E+4
1.192000E-2	0.000000E+0	6.045400E+4
1.194000E-2	0.000000E+0	6.095900E+4
1.196000E-2	0.000000E+0	6.056600E+4
1.198000E-2	0.000000E+0	6.042900E+4
1.200000E-2	0.000000E+0	6.074300E+4
1.202000E-2	0.000000E+0	6.095300E+4
1.204000E-2	0.000000E+0	6.042000E+4
1.206000E-2	0.000000E+0	6.130300E+4
1.208000E-2	0.000000E+0	6.091000E+4
1.210000E-2	0.000000E+0	6.075800E+4
1.212000E-2	0.000000E+0	6.068900E+4
1.214000E-2	0.000000E+0	6.068100E+4
1.216000E-2	0.000000E+0	6.073500E+4
1.218000E-2	0.000000E+0	6.042200E+4
1.220000E-2	0.000000E+0	6.085600E+4
1.222000E-2	0.000000E+0	6.072500E+4
1.224000E-2	0.000000E+0	6.093400E+4
1.226000E-2	0.000000E+0	6.036200E+4
1.228000E-2	0.000000E+0	6.057300E+4
1.230000E-2	0.000000E+0	6.068500E+4
1.232000E-2	0.000000E+0	6.109800E+4
1.234000E-2	0.000000E+0	6.106800E+4
1.236000E-2	0.000000E+0	6.085500E+4
1.238000E-2	0.000000E+0	6.083100E+4
1.240000E-2	0.000000E+0	6.039500E+4
1.242000E-2	0.000000E+0	6.084000E+4
1.244000E-2	0.000000E+0	6.075500E+4
1.246000E-2	0.000000E+0	6.030400E+4
1.248000E-2	0.000000E+0	6.068100E+4
1.250000E-2	0.000000E+0	6.094400E+4
1.252000E-2	0.000000E+0	6.060500E+4
1.254000E-2	0.000000E+0	6.063000E+4
1.256000E-2	0.000000E+0	6.095400E+4
1.258000E-2	0.000000E+0	6.109100E+4
1.260000E-2	0.000000E+0	6.104900E+4
1.262000E-2	0.000000E+0	6.042600E+4
1.264000E-2	0.000000E+0	6.040400E+4
1.266000E-2	0.000000E+0	6.039800E+4
1.268000E-2	0.000000E+0	6.076900E+4
1.270000E-2	0.000000E+0	6.066900E+4
1.272000E-2	0.000000E+0	6.077200E+4
1.274000E-2	0.000000E+0	6.073200E+4
1.276000E-2	0.000000E+0	6.113000E+4
1.278000E-2	0.000000E+0	6.076600E+4
1.280000E-2	0.000000E+0	6.077700E+4
1.282000E-2	0.000000E+0	6.043700E+4
1.284000E-2	0.000000E+0	6.081100E+4
1.286000E-2	0.000000E+0	6.101100E+4
1.288000E-2	0.000000E+0	6.097900E+4
1.290000E-2	0.000000E+0	6.027500E+4
1.292000E-2	0.000000E+0	6.079400E+4
1.294000E-2	0.000000E+0	6.062200E+4
1.296000E-2	0.000000E+0	6.057900E+4
1.298000E-2	0.000000E+0	6.072700E+4
1.300000E-2	0.000000E+0	6.068500E+4
1.302000E-2	0.000000E+0	6.093700E+4
1.304000E-2	0.000000E+0	6.101900E+4
1.306000E-2	0.000000E+0	6.069700E+4
1.308000E-2	0.000000E+0	6.145500E+4
1.310000E-2	0.000000E+0	6.094300E+4
1.312000E-2	0.000000E+0	6.051200E+4
1.314000E-2	0.000000E+0	6.077200E+4
1.316000E-2	0.000000E+0	6.109500E+4
1.318000E-2	0.000000E+0	6.079700E+4
1.320000E-2	0.000000E+0	6.082300E+4
1.322000E-2	0.000000E+0	6.073400E+4
1.324000E-2	0.000000E+0	6.059400E+4
1.326000E-2	0.000000E+0	6.079700E+4
1.328000E-2	0.000000E+0	6.111400E+4
1.330000E-2	0.000000E+0	6.104000E+4
1.332000E-2	0.000000E+0	6.105300E+4
1.334000E-2	0.000000E+0	6.099800E+4
1.336000E-2	0.000000E+0	6.083900E+4
1.338000E-2	0.000000E+0	6.082000E+4
1.340000E-2	0.000000E+0	6.110300E+4
1.342000E-2	0.000000E+0	6.108600E+4
1.344000E-2	0.000000E+0	6.084400E+4
1.346000E-2	0.000000E+0	6.096000E+4
1.348000E-2	0.000000E+0	6.107800E+4
1.350000E-2	0.000000E+0	6.087100E+4
1.352000E-2	0.000000E+0	6.059400E+4
1.354000E-2	0.000000E+0	6.083900E+4
1.356000E-2	0.000000E+0	6.078900E+4
1.358000E-2	0.000000E+0	6.028600E+4
1.360000E-2	0.000000E+0	6.087800E+4
1.362000E-2	0.000000E+0	6.060300E+4
1.364000E-2	0.000000E+0	6.066300E+4
1.366000E-2	0.000000E+0	6.066200E+4
1.368000E-2	0.000000E+0	6.115300E+4
1.370000E-2	0.000000E+0	6.110800E+4
1.372000E-2	0.000000E+0	6.074100E+4
1.374000E-2	0.000000E+0	6.060700E+4
1.376000E-2	0.000000E+0	6.110700E+4
1.378000E-2	0.000000E+0	6.132000E+4
1.380000E-2	0.000000E+0	6.041300E+4
1.382000E-2	0.000000E+0	6.033900E+4
1.384000E-2	0.000000E+0	6.037100E+4
1.386000E-2	0.000000E+0	6.141600E+4
1.388000E-2	0.000000E+0	6.078900E+4
1.390000E-2	0.000000E+0	6.099500E+4
1.392000E-2	0.000000E+0	6.062100E+4
1.394000E-2	0.000000E+0	6.119900E+4
1.396000E-2	0.000000E+0	6.039900E+4
1.398000E-2	0.000000E+0	6.113900E+4
1.400000E-2	0.000000E+0	6.076900E+4
1.402000E-2	0.000000E+0	6.095200E+4
1.404000E-2	0.000000E+0	6.119900E+4
1.406000E-2	0.000000E+0	6.087800E+4
1.408000E-2	0.000000E+0	6.078400E+4
1.410000E-2	0.000000E+0	6.084700E+4
1.412000E-2	0.000000E+0	6.032800E+4
1.414000E-2	0.000000E+0	6.063800E+4
1.416000E-2	0.000000E+0	6.073400E+4
1.418000E-2	0.000000E+0	6.085200E+4
1.420000E-2	0.000000E+0	6.072900E+4
1.422000E-2	0.000000E+0	6.092900E+4
1.424000E-2	0.000000E+0	6.053500E+4
1.426000E-2	0.000000E+0	6.114500E+4
1.428000E-2	0.000000E+0	6.099500E+4
1.430000E-2	0.000000E+0	6.095500E+4
1.432000E-2	0.000000E+0	6.131500E+4
1.434000E-2	0.000000E+0	6.074200E+4
1.436000E-2	0.000000E+0	6.073200E+4
1.438000E-2	0.000000E+0	6.067000E+4
1.440000E-2	0.000000E+0	6.095000E+4
1.442000E-2	0.000000E+0	6.097200E+4
1.444000E-2	0.000000E+0	6.131000E+4
1.446000E-2	0.000000E+0	6.070800E+4
1.448000E-2	0.000000E+0	6.060800E+4
1.450000E-2	0.000000E+0	6.051700E+4
1.452000E-2	0.000000E+0	6.071200E+4
1.454000E-2	0.000000E+0	6.064900E+4
1.456000E-2	0.000000E+0	6.080500E+4
1.458000E-2	0.000000E+0	6.061500E+4
1.460000E-2	0.000000E+0	6.058200E+4
1.462000E-2	0.000000E+0	6.087600E+4
1.464000E-2	0.000000E+0	6.068900E+4
1.466000E-2	0.000000E+0	6.064200E+4
1.468000E-2	0.000000E+0	6.104300E+4
1.470000E-2	0.000000E+0	6.018600E+4
1.472000E-2	0.000000E+0	6.058800E+4
1.474000E-2	0.000000E+0	6.099300E+4
1.476000E-2	0.000000E+0	6.066200E+4
1.478000E-2	0.000000E+0	6.114400E+4
1.480000E-2	0.000000E+0	6.085700E+4
1.482000E-2	0.000000E+0	6.064900E+4
1.484000E-2	0.000000E+0	6.075600E+4
1.486000E-2	0.000000E+0	6.084600E+4
1.488000E-2	0.000000E+0	6.040600E+4
1.490000E-2	0.000000E+0	6.080300E+4
1.492000E-2	0.000000E+0	6.100400E+4
1.494000E-2	0.000000E+0	6.093700E+4
1.496000E-2	0.000000E+0	6.096600E+4
1.498000E-2	0.000000E+0	6.090200E+4
1.500000E-2	0.000000E+0	6.108300E+4
1.502000E-2	0.000000E+0	6.070700E+4
1.504000E-2	0.000000E+0	6.138600E+4
1.506000E-2	0.000000E+0	6.057100E+4
1.508000E-2	0.000000E+0	6.081300E+4
1.510000E-2	0.000000E+0	6.090100E+4
1.512000E-2	0.000000E+0	6.073800E+4
1.514000E-2	0.000000E+0	6.044400E+4
1.516000E-2	0.000000E+0	6.080100E+4
1.518000E-2	0.000000E+0	6.075300E+4
1.520000E-2	0.000000E+0	6.046900E+4
1.522000E-2	0.000000E+0	6.070400E+4
1.524000E-2	0.000000E+0	6.075000E+4
1.526000E-2	0.000000E+0	6.043100E+4
1.528000E-2	0.000000E+0	6.103600E+4
1.530000E-2	0.000000E+0	6.131000E+4
1.532000E-2	0.000000E+0	6.121400E+4
1.534000E-2	0.000000E+0	6.093800E+4
1.536000E-2	0.000000E+0	6.070900E+4
1.538000E-2	0.000000E+0	6.075100E+4
1.540000E-2	0.000000E+0	6.085300E+4
1.542000E-2	0.000000E+0	6.058100E+4
1.544000E-2	0.000000E+0	6.058800E+4
1.546000E-2	0.000000E+0	6.013300E+4
1.548000E-2	0.000000E+0	6.066500E+4
1.550000E-2	0.000000E+0	6.094900E+4
1.552000E-2	0.000000E+0	6.058200E+4
1.554000E-2	0.000000E+0	6.064200E+4
1.556000E-2	0.000000E+0	6.104500E+4
1.558000E-2	0.000000E+0	6.103700E+4
1.560000E-2	0.000000E+0	6.070600E+4
1.562000E-2	0.000000E+0	6.071900E+4
1.564000E-2	0.000000E+0	6.043900E+4
1.566000E-2	0.000000E+0	6.082300E+4
1.568000E-2	0.000000E+0	6.074800E+4
1.570000E-2	0.000000E+0	6.108100E+4
1.572000E-2	0.000000E+0	6.089800E+4
1.574000E-2	0.000000E+0	6.062900E+4
1.576000E-2	0.000000E+0	6.067400E+4
1.578000E-2	0.000000E+0	6.063400E+4
1.580000E-2	0.000000E+0	6.093900E+4
1.582000E-2	0.000000E+0	6.099600E+4
1.584000E-2	0.000000E+0	6.084400E+4
1.586000E-2	0.000000E+0	6.053000E+4
1.588000E-2	0.000000E+0	6.096100E+4
1.590000E-2	0.000000E+0	6.072100E+4
1.592000E-2	0.000000E+0	6.092800E+4
1.594000E-2	0.000000E+0	6.090100E+4
1.596000E-2	0.000000E+0	6.071500E+4
1.598000E-2	0.000000E+0	6.096700E+4
1.600000E-2	0.000000E+0	6.103600E+4
1.602000E-2	0.000000E+0	6.048700E+4
1.604000E-2	0.000000E+0	6.119300E+4
1.606000E-2	0.000000E+0	6.096200E+4
1.608000E-2	0.000000E+0	6.056300E+4
1.610000E-2	0.000000E+0	6.051900E+4
1.612000E-2	0.000000E+0	6.067100E+4
1.614000E-2	0.000000E+0	6.076700E+4
1.616000E-2	0.000000E+0	6.121200E+4
1.618000E-2	0.000000E+0	6.002200E+4
1.620000E-2	0.000000E+0	6.056200E+4
1.622000E-2	0.000000E+0	6.038900E+4
1.624000E-2	0.000000E+0	6.057200E+4
1.626000E-2	0.000000E+0	6.077300E+4
1.628000E-2	0.000000E+0	6.063200E+4
1.630000E-2	0.000000E+0	6.042000E+4
1.632000E-2	0.000000E+0	6.052900E+4
1.634000E-2	0.000000E+0	6.071800E+4
1.636000E-2	0.000000E+0	6.035900E+4
1.638000E-2	0.000000E+0	6.071100E+4
1.640000E-2	0.000000E+0	6.040200E+4
1.642000E-2	0.000000E+0	6.097900E+4
1.644000E-2	0.000000E+0	6.087100E+4
1.646000E-2	0.000000E+0	6.036900E+4
1.648000E-2	0.000000E+0	6.122500E+4
1.650000E-2	0.000000E+0	6.093900E+4
1.652000E-2	0.000000E+0	6.056900E+4
1.654000E-2	0.000000E+0	6.039300E+4
1.656000E-2	0.000000E+0	6.075300E+4
1.658000E-2	0.000000E+0	6.103500E+4
1.660000E-2	0.000000E+0	6.047800E+4
1.662000E-2	0.000000E+0	6.084300E+4
1.664000E-2	0.000000E+0	6.088700E+4
1.666000E-2	0.000000E+0	6.098200E+4
1.668000E-2	0.000000E+0	6.044200E+4
1.670000E-2	0.000000E+0	6.070900E+4
1.672000E-2	0.000000E+0	6.049100E+4
1.674000E-2	0.000000E+0	6.041300E+4
1.676000E-2	0.000000E+0	6.038000E+4
1.678000E-2	0.000000E+0	6.052400E+4
1.680000E-2	0.000000E+0	6.073900E+4
1.682000E-2	0.000000E+0	6.035000E+4
1.684000E-2	0.000000E+0	6.045500E+4
1.686000E-2	0.000000E+0	6.020800E+4
1.688000E-2	0.000000E+0	6.025000E+4
1.690000E-2	0.000000E+0	6.011500E+4
1.692000E-2	0.000000E+0	6.035500E+4
1.694000E-2	0.000000E+0	6.021100E+4
1.696000E-2	0.000000E+0	5.964000E+4
1.698000E-2	0.000000E+0	5.975800E+4
1.700000E-2	0.000000E+0	5.944000E+4
1.702000E-2	0.000000E+0	5.903300E+4
1.704000E-2	0.000000E+0	5.855300E+4
1.706000E-2	0.000000E+0	5.835000E+4
1.708000E-2	0.000000E+0	5.794000E+4
1.710000E-2	0.000000E+0	5.617600E+4
1.712000E-2	0.000000E+0	5.529300E+4
1.714000E-2	0.000000E+0	5.199300E+4
1.716000E-2	0.000000E+0	4.805700E+4
1.718000E-2	0.000000E+0	4.382500E+4
1.720000E-2	0.000000E+0	3.950400E+4
1.722000E-2	0.000000E+0	3.687200E+4
1.724000E-2	0.000000E+0	3.630200E+4
1.726000E-2	0.000000E+0	3.800900E+4
1.728000E-2	0.000000E+0	4.151400E+4
1.730000E-2	0.000000E+0	4.627800E+4
1.732000E-2	0.000000E+0	4.946200E+4
1.734000E-2	0.000000E+0	5.308200E+4
1.736000E-2	0.000000E+0	5.529200E+4
1.738000E-2	0.000000E+0	5.632800E+4
1.740000E-2	0.000000E+0	5.794500E+4
1.742000E-2	0.000000E+0	5.855800E+4
1.744000E-2	0.000000E+0	5.891400E+4
1.746000E-2	0.000000E+0	5.946400E+4
1.748000E-2	0.000000E+0	5.953800E+4
1.750000E-2	0.000000E+0	5.959100E+4
1.752000E-2	0.000000E+0	5.976500E+4
1.754000E-2	0.000000E+0	6.067600E+4
1.756000E-2	0.000000E+0	6.015800E+4
1.758000E-2	0.000000E+0	6.013700E+4
1.760000E-2	0.000000E+0	6.061300E+4
1.762000E-2	0.000000E+0	6.016800E+4
1.764000E-2	0.000000E+0	6.049200E+4
1.766000E-2	0.000000E+0	6.032600E+4
1.768000E-2	0.000000E+0	6.061500E+4
1.770000E-2	0.000000E+0	6.060900E+4
1.772000E-2	0.000000E+0	6.067400E+4
1.774000E-2	0.000000E+0	6.015800E+4
1.776000E-2	0.000000E+0	6.032500E+4
1.778000E-2	0.000000E+0	6.058800E+4
1.780000E-2	0.000000E+0	6.067500E+4
1.782000E-2	0.000000E+0	6.059400E+4
1.784000E-2	0.000000E+0	6.107500E+4
1.786000E-2	0.000000E+0	6.094900E+4
1.788000E-2	0.000000E+0	6.060700E+4
1.790000E-2	0.000000E+0	6.056300E+4
1.792000E-2	0.000000E+0	6.098400E+4
1.794000E-2	0.000000E+0	6.081600E+4
1.796000E-2	0.000000E+0	6.076300E+4
1.798000E-2	0.000000E+0	6.051200E+4
1.800000E-2	0.000000E+0	6.068800E+4
1.802000E-2	0.000000E+0	5.996500E+4
1.804000E-2	0.000000E+0	6.082100E+4
1.806000E-2	0.000000E+0	6.065400E+4
1.808000E-2	0.000000E+0	6.059700E+4
1.810000E-2	0.000000E+0	6.071700E+4
1.812000E-2	0.000000E+0	6.102000E+4
1.814000E-2	0.000000E+0	6.055900E+4
1.816000E-2	0.000000E+0	6.076400E+4
1.818000E-2	0.000000E+0	6.053900E+4
1.820000E-2	0.000000E+0	6.057200E+4
1.822000E-2	0.000000E+0	6.035800E+4
1.824000E-2	0.000000E+0	6.044000E+4
1.826000E-2	0.000000E+0	6.038700E+4
1.828000E-2	0.000000E+0	6.092800E+4
1.830000E-2	0.000000E+0	6.046300E+4
1.832000E-2	0.000000E+0	6.050300E+4
1.834000E-2	0.000000E+0	6.081600E+4
1.836000E-2	0.000000E+0	6.010900E+4
1.838000E-2	0.000000E+0	6.067600E+4
1.840000E-2	0.000000E+0	6.131600E+4
1.842000E-2	0.000000E+0	6.090500E+4
1.844000E-2	0.000000E+0	6.100700E+4
1.846000E-2	0.000000E+0	6.080600E+4
1.848000E-2	0.000000E+0	6.045500E+4
1.850000E-2	0.000000E+0	6.065700E+4
1.852000E-2	0.000000E+0	6.063500E+4
1.854000E-2	0.000000E+0	6.054300E+4
1.856000E-2	0.000000E+0	6.096500E+4
1.858000E-2	0.000000E+0	6.034100E+4
1.860000E-2	0.000000E+0	6.072900E+4
1.862000E-2	0.000000E+0	6.064100E+4
1.864000E-2	0.000000E+0	6.154700E+4
1.866000E-2	0.000000E+0	6.012100E+4
1.868000E-2	0.000000E+0	6.102200E+4
1.870000E-2	0.000000E+0	6.065100E+4
1.872000E-2	0.000000E+0	6.056700E+4
1.874000E-2	0.000000E+0	6.060500E+4
1.876000E-2	0.000000E+0	6.073600E+4
1.878000E-2	0.000000E+0	6.059400E+4
1.880000E-2	0.000000E+0	6.041300E+4
1.882000E-2	0.000000E+0	6.071200E+4
1.884000E-2	0.000000E+0	6.060300E+4
1.886000E-2	0.000000E+0	6.085500E+4
1.888000E-2	0.000000E+0	6.056300E+4
1.890000E-2	0.000000E+0	6.087900E+4
1.892000E-2	0.000000E+0	6.045000E+4
1.894000E-2	0.000000E+0	6.096100E+4
1.896000E-2	0.000000E+0	6.091900E+4
1.898000E-2	0.000000E+0	6.126200E+4
1.900000E-2	0.000000E+0	6.083300E+4
1.902000E-2	0.000000E+0	6.065100E+4
1.904000E-2	0.000000E+0	6.097400E+4
1.906000E-2	0.000000E+0	6.057400E+4
1.908000E-2	0.000000E+0	6.094700E+4
1.910000E-2	0.000000E+0	6.020400E+4
1.912000E-2	0.000000E+0	6.027600E+4
1.914000E-2	0.000000E+0	6.105300E+4
1.916000E-2	0.000000E+0	6.053800E+4
1.918000E-2	0.000000E+0	6.082500E+4
1.920000E-2	0.000000E+0	6.066300E+4
1.922000E-2	0.000000E+0	6.068200E+4
1.924000E-2	0.000000E+0	6.119700E+4
1.926000E-2	0.000000E+0	6.065000E+4
1.928000E-2	0.000000E+0	6.068700E+4
1.930000E-2	0.000000E+0	6.049300E+4
1.932000E-2	0.000000E+0	6.088900E+4
1.934000E-2	0.000000E+0	6.110300E+4
1.936000E-2	0.000000E+0	6.033500E+4
1.938000E-2	0.000000E+0	6.089400E+4
1.940000E-2	0.000000E+0	6.059700E+4
1.942000E-2	0.000000E+0	6.066300E+4
1.944000E-2	0.000000E+0	6.062000E+4
1.946000E-2	0.000000E+0	6.062000E+4
1.948000E-2	0.000000E+0	6.072400E+4
1.950000E-2	0.000000E+0	6.110900E+4
1.952000E-2	0.000000E+0	6.085300E+4
1.954000E-2	0.000000E+0	6.098200E+4
1.956000E-2	0.000000E+0	6.063900E+4
1.958000E-2	0.000000E+0	6.073700E+4
1.960000E-2	0.000000E+0	6.033700E+4
1.962000E-2	0.000000E+0	6.079200E+4
1.964000E-2	0.000000E+0	6.077400E+4
1.966000E-2	0.000000E+0	6.071300E+4
1.968000E-2	0.000000E+0	6.048900E+4
1.970000E-2	0.000000E+0	6.087500E+4
1.972000E-2	0.000000E+0	6.032500E+4
1.974000E-2	0.000000E+0	6.053600E+4
1.976000E-2	0.000000E+0	6.031500E+4
1.978000E-2	0.000000E+0	6.057700E+4
1.980000E-2	0.000000E+0	6.081900E+4
1.982000E-2	0.000000E+0	6.094000E+4
1.984000E-2	0.000000E+0	6.056100E+4
1.986000E-2	0.000000E+0	6.079200E+4
1.988000E-2	0.000000E+0	6.082200E+4
1.990000E-2	0.000000E+0	6.091600E+4
1.992000E-2	0.000000E+0	6.065200E+4
1.994000E-2	0.000000E+0	6.109600E+4
1.996000E-2	0.000000E+0	6.093400E+4
1.998000E-2	0.000000E+0	6.067200E+4
