

live time:  254750.940000
real time:  295208.807000
sweeps:  12737547.000000
0.000000E+0	0.000000E+0	0.000000E+0
2.000000E-5	0.000000E+0	1.270560E+5
4.000000E-5	0.000000E+0	1.273900E+5
6.000000E-5	0.000000E+0	1.274350E+5
8.000000E-5	0.000000E+0	1.277840E+5
1.000000E-4	0.000000E+0	1.270210E+5
1.200000E-4	0.000000E+0	1.274810E+5
1.400000E-4	0.000000E+0	1.280860E+5
1.600000E-4	0.000000E+0	1.281980E+5
1.800000E-4	0.000000E+0	1.274960E+5
2.000000E-4	0.000000E+0	1.278710E+5
2.200000E-4	0.000000E+0	1.279310E+5
2.400000E-4	0.000000E+0	1.280060E+5
2.600000E-4	0.000000E+0	1.278750E+5
2.800000E-4	0.000000E+0	1.274660E+5
3.000000E-4	0.000000E+0	1.279160E+5
3.200000E-4	0.000000E+0	1.272290E+5
3.400000E-4	0.000000E+0	1.278910E+5
3.600000E-4	0.000000E+0	1.274520E+5
3.800000E-4	0.000000E+0	1.279950E+5
4.000000E-4	0.000000E+0	1.282090E+5
4.200000E-4	0.000000E+0	1.275940E+5
4.400000E-4	0.000000E+0	1.269540E+5
4.600000E-4	0.000000E+0	1.277910E+5
4.800000E-4	0.000000E+0	1.279710E+5
5.000000E-4	0.000000E+0	1.276180E+5
5.200000E-4	0.000000E+0	1.280180E+5
5.400000E-4	0.000000E+0	1.277270E+5
5.600000E-4	0.000000E+0	1.280450E+5
5.800000E-4	0.000000E+0	1.276140E+5
6.000000E-4	0.000000E+0	1.272850E+5
6.200000E-4	0.000000E+0	1.273290E+5
6.400000E-4	0.000000E+0	1.274960E+5
6.600000E-4	0.000000E+0	1.273720E+5
6.800000E-4	0.000000E+0	1.273160E+5
7.000000E-4	0.000000E+0	1.277490E+5
7.200000E-4	0.000000E+0	1.280070E+5
7.400000E-4	0.000000E+0	1.273260E+5
7.600000E-4	0.000000E+0	1.273340E+5
7.800000E-4	0.000000E+0	1.274980E+5
8.000000E-4	0.000000E+0	1.278600E+5
8.200000E-4	0.000000E+0	1.274930E+5
8.400000E-4	0.000000E+0	1.277030E+5
8.600000E-4	0.000000E+0	1.278070E+5
8.800000E-4	0.000000E+0	1.278160E+5
9.000000E-4	0.000000E+0	1.267810E+5
9.200000E-4	0.000000E+0	1.274770E+5
9.400000E-4	0.000000E+0	1.280370E+5
9.600000E-4	0.000000E+0	1.276970E+5
9.800000E-4	0.000000E+0	1.278810E+5
1.000000E-3	0.000000E+0	1.272520E+5
1.020000E-3	0.000000E+0	1.277260E+5
1.040000E-3	0.000000E+0	1.279210E+5
1.060000E-3	0.000000E+0	1.276260E+5
1.080000E-3	0.000000E+0	1.272540E+5
1.100000E-3	0.000000E+0	1.277330E+5
1.120000E-3	0.000000E+0	1.272690E+5
1.140000E-3	0.000000E+0	1.274330E+5
1.160000E-3	0.000000E+0	1.275250E+5
1.180000E-3	0.000000E+0	1.271400E+5
1.200000E-3	0.000000E+0	1.280500E+5
1.220000E-3	0.000000E+0	1.274100E+5
1.240000E-3	0.000000E+0	1.277370E+5
1.260000E-3	0.000000E+0	1.272380E+5
1.280000E-3	0.000000E+0	1.276300E+5
1.300000E-3	0.000000E+0	1.278320E+5
1.320000E-3	0.000000E+0	1.275780E+5
1.340000E-3	0.000000E+0	1.281070E+5
1.360000E-3	0.000000E+0	1.275330E+5
1.380000E-3	0.000000E+0	1.277400E+5
1.400000E-3	0.000000E+0	1.278140E+5
1.420000E-3	0.000000E+0	1.275880E+5
1.440000E-3	0.000000E+0	1.277970E+5
1.460000E-3	0.000000E+0	1.280660E+5
1.480000E-3	0.000000E+0	1.276130E+5
1.500000E-3	0.000000E+0	1.266570E+5
1.520000E-3	0.000000E+0	1.276000E+5
1.540000E-3	0.000000E+0	1.279890E+5
1.560000E-3	0.000000E+0	1.280090E+5
1.580000E-3	0.000000E+0	1.274230E+5
1.600000E-3	0.000000E+0	1.280210E+5
1.620000E-3	0.000000E+0	1.285150E+5
1.640000E-3	0.000000E+0	1.276770E+5
1.660000E-3	0.000000E+0	1.275300E+5
1.680000E-3	0.000000E+0	1.278260E+5
1.700000E-3	0.000000E+0	1.271880E+5
1.720000E-3	0.000000E+0	1.272230E+5
1.740000E-3	0.000000E+0	1.276910E+5
1.760000E-3	0.000000E+0	1.281960E+5
1.780000E-3	0.000000E+0	1.280200E+5
1.800000E-3	0.000000E+0	1.274780E+5
1.820000E-3	0.000000E+0	1.283670E+5
1.840000E-3	0.000000E+0	1.279780E+5
1.860000E-3	0.000000E+0	1.277700E+5
1.880000E-3	0.000000E+0	1.279430E+5
1.900000E-3	0.000000E+0	1.278840E+5
1.920000E-3	0.000000E+0	1.278150E+5
1.940000E-3	0.000000E+0	1.274690E+5
1.960000E-3	0.000000E+0	1.278170E+5
1.980000E-3	0.000000E+0	1.281290E+5
2.000000E-3	0.000000E+0	1.277450E+5
2.020000E-3	0.000000E+0	1.279310E+5
2.040000E-3	0.000000E+0	1.274620E+5
2.060000E-3	0.000000E+0	1.286060E+5
2.080000E-3	0.000000E+0	1.271230E+5
2.100000E-3	0.000000E+0	1.272620E+5
2.120000E-3	0.000000E+0	1.277870E+5
2.140000E-3	0.000000E+0	1.278710E+5
2.160000E-3	0.000000E+0	1.276020E+5
2.180000E-3	0.000000E+0	1.278470E+5
2.200000E-3	0.000000E+0	1.274990E+5
2.220000E-3	0.000000E+0	1.269820E+5
2.240000E-3	0.000000E+0	1.278530E+5
2.260000E-3	0.000000E+0	1.277890E+5
2.280000E-3	0.000000E+0	1.280550E+5
2.300000E-3	0.000000E+0	1.280550E+5
2.320000E-3	0.000000E+0	1.273360E+5
2.340000E-3	0.000000E+0	1.268540E+5
2.360000E-3	0.000000E+0	1.278230E+5
2.380000E-3	0.000000E+0	1.273290E+5
2.400000E-3	0.000000E+0	1.279170E+5
2.420000E-3	0.000000E+0	1.277620E+5
2.440000E-3	0.000000E+0	1.274300E+5
2.460000E-3	0.000000E+0	1.274210E+5
2.480000E-3	0.000000E+0	1.275040E+5
2.500000E-3	0.000000E+0	1.277120E+5
2.520000E-3	0.000000E+0	1.278040E+5
2.540000E-3	0.000000E+0	1.280240E+5
2.560000E-3	0.000000E+0	1.272650E+5
2.580000E-3	0.000000E+0	1.278470E+5
2.600000E-3	0.000000E+0	1.278910E+5
2.620000E-3	0.000000E+0	1.272850E+5
2.640000E-3	0.000000E+0	1.276900E+5
2.660000E-3	0.000000E+0	1.273850E+5
2.680000E-3	0.000000E+0	1.281640E+5
2.700000E-3	0.000000E+0	1.276580E+5
2.720000E-3	0.000000E+0	1.272010E+5
2.740000E-3	0.000000E+0	1.274060E+5
2.760000E-3	0.000000E+0	1.281470E+5
2.780000E-3	0.000000E+0	1.276650E+5
2.800000E-3	0.000000E+0	1.272300E+5
2.820000E-3	0.000000E+0	1.273430E+5
2.840000E-3	0.000000E+0	1.275560E+5
2.860000E-3	0.000000E+0	1.277250E+5
2.880000E-3	0.000000E+0	1.280770E+5
2.900000E-3	0.000000E+0	1.269580E+5
2.920000E-3	0.000000E+0	1.276090E+5
2.940000E-3	0.000000E+0	1.276070E+5
2.960000E-3	0.000000E+0	1.276520E+5
2.980000E-3	0.000000E+0	1.275810E+5
3.000000E-3	0.000000E+0	1.272590E+5
3.020000E-3	0.000000E+0	1.280460E+5
3.040000E-3	0.000000E+0	1.278230E+5
3.060000E-3	0.000000E+0	1.275220E+5
3.080000E-3	0.000000E+0	1.271860E+5
3.100000E-3	0.000000E+0	1.279350E+5
3.120000E-3	0.000000E+0	1.275910E+5
3.140000E-3	0.000000E+0	1.271600E+5
3.160000E-3	0.000000E+0	1.270880E+5
3.180000E-3	0.000000E+0	1.271640E+5
3.200000E-3	0.000000E+0	1.279150E+5
3.220000E-3	0.000000E+0	1.273810E+5
3.240000E-3	0.000000E+0	1.275300E+5
3.260000E-3	0.000000E+0	1.278530E+5
3.280000E-3	0.000000E+0	1.280070E+5
3.300000E-3	0.000000E+0	1.278360E+5
3.320000E-3	0.000000E+0	1.277690E+5
3.340000E-3	0.000000E+0	1.273780E+5
3.360000E-3	0.000000E+0	1.279180E+5
3.380000E-3	0.000000E+0	1.270420E+5
3.400000E-3	0.000000E+0	1.276770E+5
3.420000E-3	0.000000E+0	1.277780E+5
3.440000E-3	0.000000E+0	1.274120E+5
3.460000E-3	0.000000E+0	1.279800E+5
3.480000E-3	0.000000E+0	1.278720E+5
3.500000E-3	0.000000E+0	1.281100E+5
3.520000E-3	0.000000E+0	1.277560E+5
3.540000E-3	0.000000E+0	1.284970E+5
3.560000E-3	0.000000E+0	1.276960E+5
3.580000E-3	0.000000E+0	1.277430E+5
3.600000E-3	0.000000E+0	1.266910E+5
3.620000E-3	0.000000E+0	1.276770E+5
3.640000E-3	0.000000E+0	1.276700E+5
3.660000E-3	0.000000E+0	1.277030E+5
3.680000E-3	0.000000E+0	1.278700E+5
3.700000E-3	0.000000E+0	1.275030E+5
3.720000E-3	0.000000E+0	1.272920E+5
3.740000E-3	0.000000E+0	1.275790E+5
3.760000E-3	0.000000E+0	1.277870E+5
3.780000E-3	0.000000E+0	1.276380E+5
3.800000E-3	0.000000E+0	1.273660E+5
3.820000E-3	0.000000E+0	1.272440E+5
3.840000E-3	0.000000E+0	1.278150E+5
3.860000E-3	0.000000E+0	1.276330E+5
3.880000E-3	0.000000E+0	1.273500E+5
3.900000E-3	0.000000E+0	1.269430E+5
3.920000E-3	0.000000E+0	1.280520E+5
3.940000E-3	0.000000E+0	1.278610E+5
3.960000E-3	0.000000E+0	1.275800E+5
3.980000E-3	0.000000E+0	1.274910E+5
4.000000E-3	0.000000E+0	1.273890E+5
4.020000E-3	0.000000E+0	1.279890E+5
4.040000E-3	0.000000E+0	1.277290E+5
4.060000E-3	0.000000E+0	1.270240E+5
4.080000E-3	0.000000E+0	1.275640E+5
4.100000E-3	0.000000E+0	1.277470E+5
4.120000E-3	0.000000E+0	1.275230E+5
4.140000E-3	0.000000E+0	1.279150E+5
4.160000E-3	0.000000E+0	1.272640E+5
4.180000E-3	0.000000E+0	1.278090E+5
4.200000E-3	0.000000E+0	1.271800E+5
4.220000E-3	0.000000E+0	1.280850E+5
4.240000E-3	0.000000E+0	1.274390E+5
4.260000E-3	0.000000E+0	1.273990E+5
4.280000E-3	0.000000E+0	1.285010E+5
4.300000E-3	0.000000E+0	1.273540E+5
4.320000E-3	0.000000E+0	1.281700E+5
4.340000E-3	0.000000E+0	1.275350E+5
4.360000E-3	0.000000E+0	1.277560E+5
4.380000E-3	0.000000E+0	1.270250E+5
4.400000E-3	0.000000E+0	1.285920E+5
4.420000E-3	0.000000E+0	1.274470E+5
4.440000E-3	0.000000E+0	1.278000E+5
4.460000E-3	0.000000E+0	1.280940E+5
4.480000E-3	0.000000E+0	1.276650E+5
4.500000E-3	0.000000E+0	1.270830E+5
4.520000E-3	0.000000E+0	1.280000E+5
4.540000E-3	0.000000E+0	1.278940E+5
4.560000E-3	0.000000E+0	1.282200E+5
4.580000E-3	0.000000E+0	1.281630E+5
4.600000E-3	0.000000E+0	1.281950E+5
4.620000E-3	0.000000E+0	1.274100E+5
4.640000E-3	0.000000E+0	1.279640E+5
4.660000E-3	0.000000E+0	1.275280E+5
4.680000E-3	0.000000E+0	1.277370E+5
4.700000E-3	0.000000E+0	1.275330E+5
4.720000E-3	0.000000E+0	1.279190E+5
4.740000E-3	0.000000E+0	1.273580E+5
4.760000E-3	0.000000E+0	1.270430E+5
4.780000E-3	0.000000E+0	1.271450E+5
4.800000E-3	0.000000E+0	1.280990E+5
4.820000E-3	0.000000E+0	1.275110E+5
4.840000E-3	0.000000E+0	1.275650E+5
4.860000E-3	0.000000E+0	1.279820E+5
4.880000E-3	0.000000E+0	1.278590E+5
4.900000E-3	0.000000E+0	1.280530E+5
4.920000E-3	0.000000E+0	1.273440E+5
4.940000E-3	0.000000E+0	1.283070E+5
4.960000E-3	0.000000E+0	1.278030E+5
4.980000E-3	0.000000E+0	1.274440E+5
5.000000E-3	0.000000E+0	1.271670E+5
5.020000E-3	0.000000E+0	1.275060E+5
5.040000E-3	0.000000E+0	1.275420E+5
5.060000E-3	0.000000E+0	1.282070E+5
5.080000E-3	0.000000E+0	1.275760E+5
5.100000E-3	0.000000E+0	1.277290E+5
5.120000E-3	0.000000E+0	1.281390E+5
5.140000E-3	0.000000E+0	1.274040E+5
5.160000E-3	0.000000E+0	1.281880E+5
5.180000E-3	0.000000E+0	1.269040E+5
5.200000E-3	0.000000E+0	1.272130E+5
5.220000E-3	0.000000E+0	1.272090E+5
5.240000E-3	0.000000E+0	1.269980E+5
5.260000E-3	0.000000E+0	1.276030E+5
5.280000E-3	0.000000E+0	1.268610E+5
5.300000E-3	0.000000E+0	1.268250E+5
5.320000E-3	0.000000E+0	1.271940E+5
5.340000E-3	0.000000E+0	1.270280E+5
5.360000E-3	0.000000E+0	1.274110E+5
5.380000E-3	0.000000E+0	1.269200E+5
5.400000E-3	0.000000E+0	1.268970E+5
5.420000E-3	0.000000E+0	1.267860E+5
5.440000E-3	0.000000E+0	1.264140E+5
5.460000E-3	0.000000E+0	1.268410E+5
5.480000E-3	0.000000E+0	1.262280E+5
5.500000E-3	0.000000E+0	1.259060E+5
5.520000E-3	0.000000E+0	1.264810E+5
5.540000E-3	0.000000E+0	1.260830E+5
5.560000E-3	0.000000E+0	1.264190E+5
5.580000E-3	0.000000E+0	1.257700E+5
5.600000E-3	0.000000E+0	1.259830E+5
5.620000E-3	0.000000E+0	1.244740E+5
5.640000E-3	0.000000E+0	1.238580E+5
5.660000E-3	0.000000E+0	1.225310E+5
5.680000E-3	0.000000E+0	1.205690E+5
5.700000E-3	0.000000E+0	1.192080E+5
5.720000E-3	0.000000E+0	1.151760E+5
5.740000E-3	0.000000E+0	1.092740E+5
5.760000E-3	0.000000E+0	1.022740E+5
5.780000E-3	0.000000E+0	9.240200E+4
5.800000E-3	0.000000E+0	8.322400E+4
5.820000E-3	0.000000E+0	7.723700E+4
5.840000E-3	0.000000E+0	7.560200E+4
5.860000E-3	0.000000E+0	7.855800E+4
5.880000E-3	0.000000E+0	8.623500E+4
5.900000E-3	0.000000E+0	9.617700E+4
5.920000E-3	0.000000E+0	1.053680E+5
5.940000E-3	0.000000E+0	1.130120E+5
5.960000E-3	0.000000E+0	1.169090E+5
5.980000E-3	0.000000E+0	1.206520E+5
6.000000E-3	0.000000E+0	1.226640E+5
6.020000E-3	0.000000E+0	1.234470E+5
6.040000E-3	0.000000E+0	1.241730E+5
6.060000E-3	0.000000E+0	1.248420E+5
6.080000E-3	0.000000E+0	1.253300E+5
6.100000E-3	0.000000E+0	1.255850E+5
6.120000E-3	0.000000E+0	1.261080E+5
6.140000E-3	0.000000E+0	1.263450E+5
6.160000E-3	0.000000E+0	1.260650E+5
6.180000E-3	0.000000E+0	1.266200E+5
6.200000E-3	0.000000E+0	1.269550E+5
6.220000E-3	0.000000E+0	1.264070E+5
6.240000E-3	0.000000E+0	1.265420E+5
6.260000E-3	0.000000E+0	1.273580E+5
6.280000E-3	0.000000E+0	1.273380E+5
6.300000E-3	0.000000E+0	1.271530E+5
6.320000E-3	0.000000E+0	1.266480E+5
6.340000E-3	0.000000E+0	1.272680E+5
6.360000E-3	0.000000E+0	1.268970E+5
6.380000E-3	0.000000E+0	1.273740E+5
6.400000E-3	0.000000E+0	1.276220E+5
6.420000E-3	0.000000E+0	1.280200E+5
6.440000E-3	0.000000E+0	1.264960E+5
6.460000E-3	0.000000E+0	1.271950E+5
6.480000E-3	0.000000E+0	1.277740E+5
6.500000E-3	0.000000E+0	1.272100E+5
6.520000E-3	0.000000E+0	1.272060E+5
6.540000E-3	0.000000E+0	1.275830E+5
6.560000E-3	0.000000E+0	1.275020E+5
6.580000E-3	0.000000E+0	1.274820E+5
6.600000E-3	0.000000E+0	1.269890E+5
6.620000E-3	0.000000E+0	1.273830E+5
6.640000E-3	0.000000E+0	1.273790E+5
6.660000E-3	0.000000E+0	1.275480E+5
6.680000E-3	0.000000E+0	1.272270E+5
6.700000E-3	0.000000E+0	1.271840E+5
6.720000E-3	0.000000E+0	1.271950E+5
6.740000E-3	0.000000E+0	1.275830E+5
6.760000E-3	0.000000E+0	1.277220E+5
6.780000E-3	0.000000E+0	1.277370E+5
6.800000E-3	0.000000E+0	1.273560E+5
6.820000E-3	0.000000E+0	1.274920E+5
6.840000E-3	0.000000E+0	1.273870E+5
6.860000E-3	0.000000E+0	1.284210E+5
6.880000E-3	0.000000E+0	1.273740E+5
6.900000E-3	0.000000E+0	1.275500E+5
6.920000E-3	0.000000E+0	1.283920E+5
6.940000E-3	0.000000E+0	1.275750E+5
6.960000E-3	0.000000E+0	1.263070E+5
6.980000E-3	0.000000E+0	1.277170E+5
7.000000E-3	0.000000E+0	1.280400E+5
7.020000E-3	0.000000E+0	1.276160E+5
7.040000E-3	0.000000E+0	1.272210E+5
7.060000E-3	0.000000E+0	1.277120E+5
7.080000E-3	0.000000E+0	1.277050E+5
7.100000E-3	0.000000E+0	1.271690E+5
7.120000E-3	0.000000E+0	1.273330E+5
7.140000E-3	0.000000E+0	1.278120E+5
7.160000E-3	0.000000E+0	1.281990E+5
7.180000E-3	0.000000E+0	1.282400E+5
7.200000E-3	0.000000E+0	1.272170E+5
7.220000E-3	0.000000E+0	1.276020E+5
7.240000E-3	0.000000E+0	1.276450E+5
7.260000E-3	0.000000E+0	1.281330E+5
7.280000E-3	0.000000E+0	1.273120E+5
7.300000E-3	0.000000E+0	1.276070E+5
7.320000E-3	0.000000E+0	1.277320E+5
7.340000E-3	0.000000E+0	1.275920E+5
7.360000E-3	0.000000E+0	1.275830E+5
7.380000E-3	0.000000E+0	1.279350E+5
7.400000E-3	0.000000E+0	1.276050E+5
7.420000E-3	0.000000E+0	1.278770E+5
7.440000E-3	0.000000E+0	1.276610E+5
7.460000E-3	0.000000E+0	1.274080E+5
7.480000E-3	0.000000E+0	1.278140E+5
7.500000E-3	0.000000E+0	1.267040E+5
7.520000E-3	0.000000E+0	1.278430E+5
7.540000E-3	0.000000E+0	1.277990E+5
7.560000E-3	0.000000E+0	1.278730E+5
7.580000E-3	0.000000E+0	1.272810E+5
7.600000E-3	0.000000E+0	1.273150E+5
7.620000E-3	0.000000E+0	1.281030E+5
7.640000E-3	0.000000E+0	1.278140E+5
7.660000E-3	0.000000E+0	1.281800E+5
7.680000E-3	0.000000E+0	1.281950E+5
7.700000E-3	0.000000E+0	1.275090E+5
7.720000E-3	0.000000E+0	1.277110E+5
7.740000E-3	0.000000E+0	1.274210E+5
7.760000E-3	0.000000E+0	1.282850E+5
7.780000E-3	0.000000E+0	1.275530E+5
7.800000E-3	0.000000E+0	1.282280E+5
7.820000E-3	0.000000E+0	1.277070E+5
7.840000E-3	0.000000E+0	1.277820E+5
7.860000E-3	0.000000E+0	1.277190E+5
7.880000E-3	0.000000E+0	1.279270E+5
7.900000E-3	0.000000E+0	1.281210E+5
7.920000E-3	0.000000E+0	1.276590E+5
7.940000E-3	0.000000E+0	1.276350E+5
7.960000E-3	0.000000E+0	1.278100E+5
7.980000E-3	0.000000E+0	1.274290E+5
8.000000E-3	0.000000E+0	1.270400E+5
8.020000E-3	0.000000E+0	1.272550E+5
8.040000E-3	0.000000E+0	1.268360E+5
8.060000E-3	0.000000E+0	1.276650E+5
8.080000E-3	0.000000E+0	1.288400E+5
8.100000E-3	0.000000E+0	1.271630E+5
8.120000E-3	0.000000E+0	1.273140E+5
8.140000E-3	0.000000E+0	1.276520E+5
8.160000E-3	0.000000E+0	1.276940E+5
8.180000E-3	0.000000E+0	1.272590E+5
8.200000E-3	0.000000E+0	1.274800E+5
8.220000E-3	0.000000E+0	1.271200E+5
8.240000E-3	0.000000E+0	1.278000E+5
8.260000E-3	0.000000E+0	1.269980E+5
8.280000E-3	0.000000E+0	1.281170E+5
8.300000E-3	0.000000E+0	1.280510E+5
8.320000E-3	0.000000E+0	1.275060E+5
8.340000E-3	0.000000E+0	1.280600E+5
8.360000E-3	0.000000E+0	1.272420E+5
8.380000E-3	0.000000E+0	1.279950E+5
8.400000E-3	0.000000E+0	1.276770E+5
8.420000E-3	0.000000E+0	1.275050E+5
8.440000E-3	0.000000E+0	1.278520E+5
8.460000E-3	0.000000E+0	1.278830E+5
8.480000E-3	0.000000E+0	1.276400E+5
8.500000E-3	0.000000E+0	1.278260E+5
8.520000E-3	0.000000E+0	1.274900E+5
8.540000E-3	0.000000E+0	1.279030E+5
8.560000E-3	0.000000E+0	1.280750E+5
8.580000E-3	0.000000E+0	1.273390E+5
8.600000E-3	0.000000E+0	1.277620E+5
8.620000E-3	0.000000E+0	1.276620E+5
8.640000E-3	0.000000E+0	1.279500E+5
8.660000E-3	0.000000E+0	1.274910E+5
8.680000E-3	0.000000E+0	1.279350E+5
8.700000E-3	0.000000E+0	1.279260E+5
8.720000E-3	0.000000E+0	1.277140E+5
8.740000E-3	0.000000E+0	1.276660E+5
8.760000E-3	0.000000E+0	1.285000E+5
8.780000E-3	0.000000E+0	1.274150E+5
8.800000E-3	0.000000E+0	1.276890E+5
8.820000E-3	0.000000E+0	1.280460E+5
8.840000E-3	0.000000E+0	1.279080E+5
8.860000E-3	0.000000E+0	1.277670E+5
8.880000E-3	0.000000E+0	1.275980E+5
8.900000E-3	0.000000E+0	1.285150E+5
8.920000E-3	0.000000E+0	1.276700E+5
8.940000E-3	0.000000E+0	1.277250E+5
8.960000E-3	0.000000E+0	1.276060E+5
8.980000E-3	0.000000E+0	1.271500E+5
9.000000E-3	0.000000E+0	1.274930E+5
9.020000E-3	0.000000E+0	1.275560E+5
9.040000E-3	0.000000E+0	1.280950E+5
9.060000E-3	0.000000E+0	1.276790E+5
9.080000E-3	0.000000E+0	1.280000E+5
9.100000E-3	0.000000E+0	1.274870E+5
9.120000E-3	0.000000E+0	1.277310E+5
9.140000E-3	0.000000E+0	1.277640E+5
9.160000E-3	0.000000E+0	1.264940E+5
9.180000E-3	0.000000E+0	1.273810E+5
9.200000E-3	0.000000E+0	1.279890E+5
9.220000E-3	0.000000E+0	1.277650E+5
9.240000E-3	0.000000E+0	1.276420E+5
9.260000E-3	0.000000E+0	1.278230E+5
9.280000E-3	0.000000E+0	1.275190E+5
9.300000E-3	0.000000E+0	1.276990E+5
9.320000E-3	0.000000E+0	1.276910E+5
9.340000E-3	0.000000E+0	1.278770E+5
9.360000E-3	0.000000E+0	1.276580E+5
9.380000E-3	0.000000E+0	1.279650E+5
9.400000E-3	0.000000E+0	1.275010E+5
9.420000E-3	0.000000E+0	1.274330E+5
9.440000E-3	0.000000E+0	1.273430E+5
9.460000E-3	0.000000E+0	1.276770E+5
9.480000E-3	0.000000E+0	1.272410E+5
9.500000E-3	0.000000E+0	1.279850E+5
9.520000E-3	0.000000E+0	1.278420E+5
9.540000E-3	0.000000E+0	1.270280E+5
9.560000E-3	0.000000E+0	1.277570E+5
9.580000E-3	0.000000E+0	1.279870E+5
9.600000E-3	0.000000E+0	1.272140E+5
9.620000E-3	0.000000E+0	1.278370E+5
9.640000E-3	0.000000E+0	1.279540E+5
9.660000E-3	0.000000E+0	1.276660E+5
9.680000E-3	0.000000E+0	1.269560E+5
9.700000E-3	0.000000E+0	1.277500E+5
9.720000E-3	0.000000E+0	1.277830E+5
9.740000E-3	0.000000E+0	1.282950E+5
9.760000E-3	0.000000E+0	1.272920E+5
9.780000E-3	0.000000E+0	1.275570E+5
9.800000E-3	0.000000E+0	1.278760E+5
9.820000E-3	0.000000E+0	1.272490E+5
9.840000E-3	0.000000E+0	1.278510E+5
9.860000E-3	0.000000E+0	1.281150E+5
9.880000E-3	0.000000E+0	1.280840E+5
9.900000E-3	0.000000E+0	1.278280E+5
9.920000E-3	0.000000E+0	1.282760E+5
9.940000E-3	0.000000E+0	1.271430E+5
9.960000E-3	0.000000E+0	1.269090E+5
9.980000E-3	0.000000E+0	1.275320E+5
1.000000E-2	0.000000E+0	1.278180E+5
1.002000E-2	0.000000E+0	1.273520E+5
1.004000E-2	0.000000E+0	1.274670E+5
1.006000E-2	0.000000E+0	1.273210E+5
1.008000E-2	0.000000E+0	1.278950E+5
1.010000E-2	0.000000E+0	1.279340E+5
1.012000E-2	0.000000E+0	1.276900E+5
1.014000E-2	0.000000E+0	1.284030E+5
1.016000E-2	0.000000E+0	1.283060E+5
1.018000E-2	0.000000E+0	1.278300E+5
1.020000E-2	0.000000E+0	1.284040E+5
1.022000E-2	0.000000E+0	1.281870E+5
1.024000E-2	0.000000E+0	1.276970E+5
1.026000E-2	0.000000E+0	1.275470E+5
1.028000E-2	0.000000E+0	1.277300E+5
1.030000E-2	0.000000E+0	1.275620E+5
1.032000E-2	0.000000E+0	1.280070E+5
1.034000E-2	0.000000E+0	1.279860E+5
1.036000E-2	0.000000E+0	1.277110E+5
1.038000E-2	0.000000E+0	1.278560E+5
1.040000E-2	0.000000E+0	1.280330E+5
1.042000E-2	0.000000E+0	1.274880E+5
1.044000E-2	0.000000E+0	1.281830E+5
1.046000E-2	0.000000E+0	1.276050E+5
1.048000E-2	0.000000E+0	1.280750E+5
1.050000E-2	0.000000E+0	1.273870E+5
1.052000E-2	0.000000E+0	1.276590E+5
1.054000E-2	0.000000E+0	1.276260E+5
1.056000E-2	0.000000E+0	1.278330E+5
1.058000E-2	0.000000E+0	1.277130E+5
1.060000E-2	0.000000E+0	1.267470E+5
1.062000E-2	0.000000E+0	1.273300E+5
1.064000E-2	0.000000E+0	1.275670E+5
1.066000E-2	0.000000E+0	1.280960E+5
1.068000E-2	0.000000E+0	1.272810E+5
1.070000E-2	0.000000E+0	1.272350E+5
1.072000E-2	0.000000E+0	1.273930E+5
1.074000E-2	0.000000E+0	1.276540E+5
1.076000E-2	0.000000E+0	1.277330E+5
1.078000E-2	0.000000E+0	1.274970E+5
1.080000E-2	0.000000E+0	1.276900E+5
1.082000E-2	0.000000E+0	1.273230E+5
1.084000E-2	0.000000E+0	1.271410E+5
1.086000E-2	0.000000E+0	1.271370E+5
1.088000E-2	0.000000E+0	1.277480E+5
1.090000E-2	0.000000E+0	1.277650E+5
1.092000E-2	0.000000E+0	1.273520E+5
1.094000E-2	0.000000E+0	1.276460E+5
1.096000E-2	0.000000E+0	1.279930E+5
1.098000E-2	0.000000E+0	1.276470E+5
1.100000E-2	0.000000E+0	1.276870E+5
1.102000E-2	0.000000E+0	1.269470E+5
1.104000E-2	0.000000E+0	1.280350E+5
1.106000E-2	0.000000E+0	1.270490E+5
1.108000E-2	0.000000E+0	1.281520E+5
1.110000E-2	0.000000E+0	1.281090E+5
1.112000E-2	0.000000E+0	1.273950E+5
1.114000E-2	0.000000E+0	1.276680E+5
1.116000E-2	0.000000E+0	1.274690E+5
1.118000E-2	0.000000E+0	1.274340E+5
1.120000E-2	0.000000E+0	1.272100E+5
1.122000E-2	0.000000E+0	1.272540E+5
1.124000E-2	0.000000E+0	1.281540E+5
1.126000E-2	0.000000E+0	1.280080E+5
1.128000E-2	0.000000E+0	1.282030E+5
1.130000E-2	0.000000E+0	1.269110E+5
1.132000E-2	0.000000E+0	1.281780E+5
1.134000E-2	0.000000E+0	1.277820E+5
1.136000E-2	0.000000E+0	1.274880E+5
1.138000E-2	0.000000E+0	1.276410E+5
1.140000E-2	0.000000E+0	1.277470E+5
1.142000E-2	0.000000E+0	1.273970E+5
1.144000E-2	0.000000E+0	1.275440E+5
1.146000E-2	0.000000E+0	1.279770E+5
1.148000E-2	0.000000E+0	1.276080E+5
1.150000E-2	0.000000E+0	1.275970E+5
1.152000E-2	0.000000E+0	1.276480E+5
1.154000E-2	0.000000E+0	1.275300E+5
1.156000E-2	0.000000E+0	1.278380E+5
1.158000E-2	0.000000E+0	1.276860E+5
1.160000E-2	0.000000E+0	1.279600E+5
1.162000E-2	0.000000E+0	1.277140E+5
1.164000E-2	0.000000E+0	1.276290E+5
1.166000E-2	0.000000E+0	1.268530E+5
1.168000E-2	0.000000E+0	1.280450E+5
1.170000E-2	0.000000E+0	1.279950E+5
1.172000E-2	0.000000E+0	1.271290E+5
1.174000E-2	0.000000E+0	1.275130E+5
1.176000E-2	0.000000E+0	1.276600E+5
1.178000E-2	0.000000E+0	1.279020E+5
1.180000E-2	0.000000E+0	1.273430E+5
1.182000E-2	0.000000E+0	1.281700E+5
1.184000E-2	0.000000E+0	1.275920E+5
1.186000E-2	0.000000E+0	1.271170E+5
1.188000E-2	0.000000E+0	1.271590E+5
1.190000E-2	0.000000E+0	1.276460E+5
1.192000E-2	0.000000E+0	1.273250E+5
1.194000E-2	0.000000E+0	1.278950E+5
1.196000E-2	0.000000E+0	1.271900E+5
1.198000E-2	0.000000E+0	1.272350E+5
1.200000E-2	0.000000E+0	1.271880E+5
1.202000E-2	0.000000E+0	1.275000E+5
1.204000E-2	0.000000E+0	1.275750E+5
1.206000E-2	0.000000E+0	1.281220E+5
1.208000E-2	0.000000E+0	1.278420E+5
1.210000E-2	0.000000E+0	1.278170E+5
1.212000E-2	0.000000E+0	1.269670E+5
1.214000E-2	0.000000E+0	1.271620E+5
1.216000E-2	0.000000E+0	1.278100E+5
1.218000E-2	0.000000E+0	1.273990E+5
1.220000E-2	0.000000E+0	1.277910E+5
1.222000E-2	0.000000E+0	1.278530E+5
1.224000E-2	0.000000E+0	1.276410E+5
1.226000E-2	0.000000E+0	1.269050E+5
1.228000E-2	0.000000E+0	1.277530E+5
1.230000E-2	0.000000E+0	1.270580E+5
1.232000E-2	0.000000E+0	1.278240E+5
1.234000E-2	0.000000E+0	1.277890E+5
1.236000E-2	0.000000E+0	1.275800E+5
1.238000E-2	0.000000E+0	1.274020E+5
1.240000E-2	0.000000E+0	1.273050E+5
1.242000E-2	0.000000E+0	1.281830E+5
1.244000E-2	0.000000E+0	1.278770E+5
1.246000E-2	0.000000E+0	1.268620E+5
1.248000E-2	0.000000E+0	1.275830E+5
1.250000E-2	0.000000E+0	1.278380E+5
1.252000E-2	0.000000E+0	1.278090E+5
1.254000E-2	0.000000E+0	1.270880E+5
1.256000E-2	0.000000E+0	1.277420E+5
1.258000E-2	0.000000E+0	1.280660E+5
1.260000E-2	0.000000E+0	1.279720E+5
1.262000E-2	0.000000E+0	1.270520E+5
1.264000E-2	0.000000E+0	1.277580E+5
1.266000E-2	0.000000E+0	1.276990E+5
1.268000E-2	0.000000E+0	1.276980E+5
1.270000E-2	0.000000E+0	1.278340E+5
1.272000E-2	0.000000E+0	1.274220E+5
1.274000E-2	0.000000E+0	1.274870E+5
1.276000E-2	0.000000E+0	1.281250E+5
1.278000E-2	0.000000E+0	1.276500E+5
1.280000E-2	0.000000E+0	1.276620E+5
1.282000E-2	0.000000E+0	1.268170E+5
1.284000E-2	0.000000E+0	1.275410E+5
1.286000E-2	0.000000E+0	1.280820E+5
1.288000E-2	0.000000E+0	1.277490E+5
1.290000E-2	0.000000E+0	1.271110E+5
1.292000E-2	0.000000E+0	1.276220E+5
1.294000E-2	0.000000E+0	1.275160E+5
1.296000E-2	0.000000E+0	1.274270E+5
1.298000E-2	0.000000E+0	1.278320E+5
1.300000E-2	0.000000E+0	1.270720E+5
1.302000E-2	0.000000E+0	1.277960E+5
1.304000E-2	0.000000E+0	1.275760E+5
1.306000E-2	0.000000E+0	1.273150E+5
1.308000E-2	0.000000E+0	1.282400E+5
1.310000E-2	0.000000E+0	1.280710E+5
1.312000E-2	0.000000E+0	1.274560E+5
1.314000E-2	0.000000E+0	1.274820E+5
1.316000E-2	0.000000E+0	1.277480E+5
1.318000E-2	0.000000E+0	1.274970E+5
1.320000E-2	0.000000E+0	1.278520E+5
1.322000E-2	0.000000E+0	1.273070E+5
1.324000E-2	0.000000E+0	1.271790E+5
1.326000E-2	0.000000E+0	1.277100E+5
1.328000E-2	0.000000E+0	1.280930E+5
1.330000E-2	0.000000E+0	1.279240E+5
1.332000E-2	0.000000E+0	1.280680E+5
1.334000E-2	0.000000E+0	1.274150E+5
1.336000E-2	0.000000E+0	1.274230E+5
1.338000E-2	0.000000E+0	1.271410E+5
1.340000E-2	0.000000E+0	1.278180E+5
1.342000E-2	0.000000E+0	1.281300E+5
1.344000E-2	0.000000E+0	1.277410E+5
1.346000E-2	0.000000E+0	1.273850E+5
1.348000E-2	0.000000E+0	1.275700E+5
1.350000E-2	0.000000E+0	1.275810E+5
1.352000E-2	0.000000E+0	1.277840E+5
1.354000E-2	0.000000E+0	1.277620E+5
1.356000E-2	0.000000E+0	1.273130E+5
1.358000E-2	0.000000E+0	1.262900E+5
1.360000E-2	0.000000E+0	1.272840E+5
1.362000E-2	0.000000E+0	1.270650E+5
1.364000E-2	0.000000E+0	1.272490E+5
1.366000E-2	0.000000E+0	1.270790E+5
1.368000E-2	0.000000E+0	1.278520E+5
1.370000E-2	0.000000E+0	1.278150E+5
1.372000E-2	0.000000E+0	1.275930E+5
1.374000E-2	0.000000E+0	1.273240E+5
1.376000E-2	0.000000E+0	1.278040E+5
1.378000E-2	0.000000E+0	1.283550E+5
1.380000E-2	0.000000E+0	1.271270E+5
1.382000E-2	0.000000E+0	1.267970E+5
1.384000E-2	0.000000E+0	1.271430E+5
1.386000E-2	0.000000E+0	1.279920E+5
1.388000E-2	0.000000E+0	1.276420E+5
1.390000E-2	0.000000E+0	1.276800E+5
1.392000E-2	0.000000E+0	1.272570E+5
1.394000E-2	0.000000E+0	1.283000E+5
1.396000E-2	0.000000E+0	1.269190E+5
1.398000E-2	0.000000E+0	1.281040E+5
1.400000E-2	0.000000E+0	1.276240E+5
1.402000E-2	0.000000E+0	1.274390E+5
1.404000E-2	0.000000E+0	1.279700E+5
1.406000E-2	0.000000E+0	1.272170E+5
1.408000E-2	0.000000E+0	1.279640E+5
1.410000E-2	0.000000E+0	1.275310E+5
1.412000E-2	0.000000E+0	1.272550E+5
1.414000E-2	0.000000E+0	1.271870E+5
1.416000E-2	0.000000E+0	1.280940E+5
1.418000E-2	0.000000E+0	1.277230E+5
1.420000E-2	0.000000E+0	1.279690E+5
1.422000E-2	0.000000E+0	1.273340E+5
1.424000E-2	0.000000E+0	1.272310E+5
1.426000E-2	0.000000E+0	1.277170E+5
1.428000E-2	0.000000E+0	1.277800E+5
1.430000E-2	0.000000E+0	1.275970E+5
1.432000E-2	0.000000E+0	1.280120E+5
1.434000E-2	0.000000E+0	1.274230E+5
1.436000E-2	0.000000E+0	1.276020E+5
1.438000E-2	0.000000E+0	1.274920E+5
1.440000E-2	0.000000E+0	1.273820E+5
1.442000E-2	0.000000E+0	1.278140E+5
1.444000E-2	0.000000E+0	1.279170E+5
1.446000E-2	0.000000E+0	1.276860E+5
1.448000E-2	0.000000E+0	1.272940E+5
1.450000E-2	0.000000E+0	1.275500E+5
1.452000E-2	0.000000E+0	1.278150E+5
1.454000E-2	0.000000E+0	1.275850E+5
1.456000E-2	0.000000E+0	1.274560E+5
1.458000E-2	0.000000E+0	1.271560E+5
1.460000E-2	0.000000E+0	1.271780E+5
1.462000E-2	0.000000E+0	1.282220E+5
1.464000E-2	0.000000E+0	1.276230E+5
1.466000E-2	0.000000E+0	1.274550E+5
1.468000E-2	0.000000E+0	1.278300E+5
1.470000E-2	0.000000E+0	1.270670E+5
1.472000E-2	0.000000E+0	1.273080E+5
1.474000E-2	0.000000E+0	1.277060E+5
1.476000E-2	0.000000E+0	1.272640E+5
1.478000E-2	0.000000E+0	1.280220E+5
1.480000E-2	0.000000E+0	1.276930E+5
1.482000E-2	0.000000E+0	1.275630E+5
1.484000E-2	0.000000E+0	1.274760E+5
1.486000E-2	0.000000E+0	1.276470E+5
1.488000E-2	0.000000E+0	1.271030E+5
1.490000E-2	0.000000E+0	1.275470E+5
1.492000E-2	0.000000E+0	1.274750E+5
1.494000E-2	0.000000E+0	1.278940E+5
1.496000E-2	0.000000E+0	1.278570E+5
1.498000E-2	0.000000E+0	1.277660E+5
1.500000E-2	0.000000E+0	1.276700E+5
1.502000E-2	0.000000E+0	1.277890E+5
1.504000E-2	0.000000E+0	1.284860E+5
1.506000E-2	0.000000E+0	1.274310E+5
1.508000E-2	0.000000E+0	1.278570E+5
1.510000E-2	0.000000E+0	1.277880E+5
1.512000E-2	0.000000E+0	1.277980E+5
1.514000E-2	0.000000E+0	1.268710E+5
1.516000E-2	0.000000E+0	1.276770E+5
1.518000E-2	0.000000E+0	1.279890E+5
1.520000E-2	0.000000E+0	1.272490E+5
1.522000E-2	0.000000E+0	1.275850E+5
1.524000E-2	0.000000E+0	1.279600E+5
1.526000E-2	0.000000E+0	1.270640E+5
1.528000E-2	0.000000E+0	1.279590E+5
1.530000E-2	0.000000E+0	1.279160E+5
1.532000E-2	0.000000E+0	1.277790E+5
1.534000E-2	0.000000E+0	1.275120E+5
1.536000E-2	0.000000E+0	1.273190E+5
1.538000E-2	0.000000E+0	1.275790E+5
1.540000E-2	0.000000E+0	1.274440E+5
1.542000E-2	0.000000E+0	1.272040E+5
1.544000E-2	0.000000E+0	1.277200E+5
1.546000E-2	0.000000E+0	1.268290E+5
1.548000E-2	0.000000E+0	1.272660E+5
1.550000E-2	0.000000E+0	1.276400E+5
1.552000E-2	0.000000E+0	1.275530E+5
1.554000E-2	0.000000E+0	1.274010E+5
1.556000E-2	0.000000E+0	1.279970E+5
1.558000E-2	0.000000E+0	1.277270E+5
1.560000E-2	0.000000E+0	1.275340E+5
1.562000E-2	0.000000E+0	1.269980E+5
1.564000E-2	0.000000E+0	1.270310E+5
1.566000E-2	0.000000E+0	1.274510E+5
1.568000E-2	0.000000E+0	1.273350E+5
1.570000E-2	0.000000E+0	1.276700E+5
1.572000E-2	0.000000E+0	1.276000E+5
1.574000E-2	0.000000E+0	1.275900E+5
1.576000E-2	0.000000E+0	1.272820E+5
1.578000E-2	0.000000E+0	1.272750E+5
1.580000E-2	0.000000E+0	1.281420E+5
1.582000E-2	0.000000E+0	1.276590E+5
1.584000E-2	0.000000E+0	1.272640E+5
1.586000E-2	0.000000E+0	1.273470E+5
1.588000E-2	0.000000E+0	1.272850E+5
1.590000E-2	0.000000E+0	1.274770E+5
1.592000E-2	0.000000E+0	1.270610E+5
1.594000E-2	0.000000E+0	1.275140E+5
1.596000E-2	0.000000E+0	1.273100E+5
1.598000E-2	0.000000E+0	1.273050E+5
1.600000E-2	0.000000E+0	1.274160E+5
1.602000E-2	0.000000E+0	1.274740E+5
1.604000E-2	0.000000E+0	1.275950E+5
1.606000E-2	0.000000E+0	1.276660E+5
1.608000E-2	0.000000E+0	1.275010E+5
1.610000E-2	0.000000E+0	1.275080E+5
1.612000E-2	0.000000E+0	1.267840E+5
1.614000E-2	0.000000E+0	1.277650E+5
1.616000E-2	0.000000E+0	1.280370E+5
1.618000E-2	0.000000E+0	1.266120E+5
1.620000E-2	0.000000E+0	1.270850E+5
1.622000E-2	0.000000E+0	1.269080E+5
1.624000E-2	0.000000E+0	1.275380E+5
1.626000E-2	0.000000E+0	1.268530E+5
1.628000E-2	0.000000E+0	1.272890E+5
1.630000E-2	0.000000E+0	1.273020E+5
1.632000E-2	0.000000E+0	1.272940E+5
1.634000E-2	0.000000E+0	1.274970E+5
1.636000E-2	0.000000E+0	1.270400E+5
1.638000E-2	0.000000E+0	1.272500E+5
1.640000E-2	0.000000E+0	1.270100E+5
1.642000E-2	0.000000E+0	1.273120E+5
1.644000E-2	0.000000E+0	1.275790E+5
1.646000E-2	0.000000E+0	1.266200E+5
1.648000E-2	0.000000E+0	1.278540E+5
1.650000E-2	0.000000E+0	1.276830E+5
1.652000E-2	0.000000E+0	1.274340E+5
1.654000E-2	0.000000E+0	1.266160E+5
1.656000E-2	0.000000E+0	1.269990E+5
1.658000E-2	0.000000E+0	1.275810E+5
1.660000E-2	0.000000E+0	1.266930E+5
1.662000E-2	0.000000E+0	1.270700E+5
1.664000E-2	0.000000E+0	1.277700E+5
1.666000E-2	0.000000E+0	1.275690E+5
1.668000E-2	0.000000E+0	1.271090E+5
1.670000E-2	0.000000E+0	1.270460E+5
1.672000E-2	0.000000E+0	1.272600E+5
1.674000E-2	0.000000E+0	1.264690E+5
1.676000E-2	0.000000E+0	1.268710E+5
1.678000E-2	0.000000E+0	1.272640E+5
1.680000E-2	0.000000E+0	1.273560E+5
1.682000E-2	0.000000E+0	1.269270E+5
1.684000E-2	0.000000E+0	1.263010E+5
1.686000E-2	0.000000E+0	1.266060E+5
1.688000E-2	0.000000E+0	1.264420E+5
1.690000E-2	0.000000E+0	1.257950E+5
1.692000E-2	0.000000E+0	1.262280E+5
1.694000E-2	0.000000E+0	1.260660E+5
1.696000E-2	0.000000E+0	1.254360E+5
1.698000E-2	0.000000E+0	1.253170E+5
1.700000E-2	0.000000E+0	1.249180E+5
1.702000E-2	0.000000E+0	1.243950E+5
1.704000E-2	0.000000E+0	1.233550E+5
1.706000E-2	0.000000E+0	1.223950E+5
1.708000E-2	0.000000E+0	1.219640E+5
1.710000E-2	0.000000E+0	1.190490E+5
1.712000E-2	0.000000E+0	1.166180E+5
1.714000E-2	0.000000E+0	1.111480E+5
1.716000E-2	0.000000E+0	1.033900E+5
1.718000E-2	0.000000E+0	9.458500E+4
1.720000E-2	0.000000E+0	8.509700E+4
1.722000E-2	0.000000E+0	7.831700E+4
1.724000E-2	0.000000E+0	7.557900E+4
1.726000E-2	0.000000E+0	7.803800E+4
1.728000E-2	0.000000E+0	8.466500E+4
1.730000E-2	0.000000E+0	9.366800E+4
1.732000E-2	0.000000E+0	1.021640E+5
1.734000E-2	0.000000E+0	1.097890E+5
1.736000E-2	0.000000E+0	1.150200E+5
1.738000E-2	0.000000E+0	1.186390E+5
1.740000E-2	0.000000E+0	1.213380E+5
1.742000E-2	0.000000E+0	1.227930E+5
1.744000E-2	0.000000E+0	1.237790E+5
1.746000E-2	0.000000E+0	1.243880E+5
1.748000E-2	0.000000E+0	1.248310E+5
1.750000E-2	0.000000E+0	1.250810E+5
1.752000E-2	0.000000E+0	1.252570E+5
1.754000E-2	0.000000E+0	1.268310E+5
1.756000E-2	0.000000E+0	1.255410E+5
1.758000E-2	0.000000E+0	1.260180E+5
1.760000E-2	0.000000E+0	1.266120E+5
1.762000E-2	0.000000E+0	1.262520E+5
1.764000E-2	0.000000E+0	1.266270E+5
1.766000E-2	0.000000E+0	1.267410E+5
1.768000E-2	0.000000E+0	1.271150E+5
1.770000E-2	0.000000E+0	1.271550E+5
1.772000E-2	0.000000E+0	1.272500E+5
1.774000E-2	0.000000E+0	1.265910E+5
1.776000E-2	0.000000E+0	1.267710E+5
1.778000E-2	0.000000E+0	1.268730E+5
1.780000E-2	0.000000E+0	1.270580E+5
1.782000E-2	0.000000E+0	1.271970E+5
1.784000E-2	0.000000E+0	1.275610E+5
1.786000E-2	0.000000E+0	1.277720E+5
1.788000E-2	0.000000E+0	1.273740E+5
1.790000E-2	0.000000E+0	1.267270E+5
1.792000E-2	0.000000E+0	1.275140E+5
1.794000E-2	0.000000E+0	1.273980E+5
1.796000E-2	0.000000E+0	1.276700E+5
1.798000E-2	0.000000E+0	1.272270E+5
1.800000E-2	0.000000E+0	1.272790E+5
1.802000E-2	0.000000E+0	1.269020E+5
1.804000E-2	0.000000E+0	1.274930E+5
1.806000E-2	0.000000E+0	1.273700E+5
1.808000E-2	0.000000E+0	1.270580E+5
1.810000E-2	0.000000E+0	1.275480E+5
1.812000E-2	0.000000E+0	1.274990E+5
1.814000E-2	0.000000E+0	1.269750E+5
1.816000E-2	0.000000E+0	1.274180E+5
1.818000E-2	0.000000E+0	1.269910E+5
1.820000E-2	0.000000E+0	1.276470E+5
1.822000E-2	0.000000E+0	1.267120E+5
1.824000E-2	0.000000E+0	1.269950E+5
1.826000E-2	0.000000E+0	1.271400E+5
1.828000E-2	0.000000E+0	1.277270E+5
1.830000E-2	0.000000E+0	1.272800E+5
1.832000E-2	0.000000E+0	1.276420E+5
1.834000E-2	0.000000E+0	1.276090E+5
1.836000E-2	0.000000E+0	1.267310E+5
1.838000E-2	0.000000E+0	1.277640E+5
1.840000E-2	0.000000E+0	1.280650E+5
1.842000E-2	0.000000E+0	1.275500E+5
1.844000E-2	0.000000E+0	1.279090E+5
1.846000E-2	0.000000E+0	1.277200E+5
1.848000E-2	0.000000E+0	1.268820E+5
1.850000E-2	0.000000E+0	1.273180E+5
1.852000E-2	0.000000E+0	1.271230E+5
1.854000E-2	0.000000E+0	1.271800E+5
1.856000E-2	0.000000E+0	1.275460E+5
1.858000E-2	0.000000E+0	1.269000E+5
1.860000E-2	0.000000E+0	1.274160E+5
1.862000E-2	0.000000E+0	1.276350E+5
1.864000E-2	0.000000E+0	1.284040E+5
1.866000E-2	0.000000E+0	1.265800E+5
1.868000E-2	0.000000E+0	1.278710E+5
1.870000E-2	0.000000E+0	1.274280E+5
1.872000E-2	0.000000E+0	1.274780E+5
1.874000E-2	0.000000E+0	1.275400E+5
1.876000E-2	0.000000E+0	1.268990E+5
1.878000E-2	0.000000E+0	1.269880E+5
1.880000E-2	0.000000E+0	1.272310E+5
1.882000E-2	0.000000E+0	1.276390E+5
1.884000E-2	0.000000E+0	1.273440E+5
1.886000E-2	0.000000E+0	1.278150E+5
1.888000E-2	0.000000E+0	1.272290E+5
1.890000E-2	0.000000E+0	1.273010E+5
1.892000E-2	0.000000E+0	1.271840E+5
1.894000E-2	0.000000E+0	1.274690E+5
1.896000E-2	0.000000E+0	1.275490E+5
1.898000E-2	0.000000E+0	1.284910E+5
1.900000E-2	0.000000E+0	1.274030E+5
1.902000E-2	0.000000E+0	1.272180E+5
1.904000E-2	0.000000E+0	1.274430E+5
1.906000E-2	0.000000E+0	1.274730E+5
1.908000E-2	0.000000E+0	1.279010E+5
1.910000E-2	0.000000E+0	1.267390E+5
1.912000E-2	0.000000E+0	1.273250E+5
1.914000E-2	0.000000E+0	1.281100E+5
1.916000E-2	0.000000E+0	1.273190E+5
1.918000E-2	0.000000E+0	1.274920E+5
1.920000E-2	0.000000E+0	1.269780E+5
1.922000E-2	0.000000E+0	1.272510E+5
1.924000E-2	0.000000E+0	1.284050E+5
1.926000E-2	0.000000E+0	1.275700E+5
1.928000E-2	0.000000E+0	1.275600E+5
1.930000E-2	0.000000E+0	1.274520E+5
1.932000E-2	0.000000E+0	1.280590E+5
1.934000E-2	0.000000E+0	1.277590E+5
1.936000E-2	0.000000E+0	1.273360E+5
1.938000E-2	0.000000E+0	1.276560E+5
1.940000E-2	0.000000E+0	1.270870E+5
1.942000E-2	0.000000E+0	1.274950E+5
1.944000E-2	0.000000E+0	1.275710E+5
1.946000E-2	0.000000E+0	1.275240E+5
1.948000E-2	0.000000E+0	1.274700E+5
1.950000E-2	0.000000E+0	1.278140E+5
1.952000E-2	0.000000E+0	1.275050E+5
1.954000E-2	0.000000E+0	1.275420E+5
1.956000E-2	0.000000E+0	1.275380E+5
1.958000E-2	0.000000E+0	1.275670E+5
1.960000E-2	0.000000E+0	1.268750E+5
1.962000E-2	0.000000E+0	1.274340E+5
1.964000E-2	0.000000E+0	1.278050E+5
1.966000E-2	0.000000E+0	1.274970E+5
1.968000E-2	0.000000E+0	1.275270E+5
1.970000E-2	0.000000E+0	1.279530E+5
1.972000E-2	0.000000E+0	1.272260E+5
1.974000E-2	0.000000E+0	1.271710E+5
1.976000E-2	0.000000E+0	1.270370E+5
1.978000E-2	0.000000E+0	1.274010E+5
1.980000E-2	0.000000E+0	1.275760E+5
1.982000E-2	0.000000E+0	1.276830E+5
1.984000E-2	0.000000E+0	1.273540E+5
1.986000E-2	0.000000E+0	1.279310E+5
1.988000E-2	0.000000E+0	1.280750E+5
1.990000E-2	0.000000E+0	1.280110E+5
1.992000E-2	0.000000E+0	1.278730E+5
1.994000E-2	0.000000E+0	1.279100E+5
1.996000E-2	0.000000E+0	1.276920E+5
1.998000E-2	0.000000E+0	1.274460E+5
