

live time:  65269.800000
real time:  75608.237000
sweeps:  3263490.000000
0.000000E+0	0.000000E+0	0.000000E+0
2.000000E-5	0.000000E+0	3.239500E+4
4.000000E-5	0.000000E+0	3.268200E+4
6.000000E-5	0.000000E+0	3.267700E+4
8.000000E-5	0.000000E+0	3.286000E+4
1.000000E-4	0.000000E+0	3.267300E+4
1.200000E-4	0.000000E+0	3.263800E+4
1.400000E-4	0.000000E+0	3.276500E+4
1.600000E-4	0.000000E+0	3.321900E+4
1.800000E-4	0.000000E+0	3.297600E+4
2.000000E-4	0.000000E+0	3.268900E+4
2.200000E-4	0.000000E+0	3.278400E+4
2.400000E-4	0.000000E+0	3.291000E+4
2.600000E-4	0.000000E+0	3.282300E+4
2.800000E-4	0.000000E+0	3.287400E+4
3.000000E-4	0.000000E+0	3.280200E+4
3.200000E-4	0.000000E+0	3.261500E+4
3.400000E-4	0.000000E+0	3.283600E+4
3.600000E-4	0.000000E+0	3.277200E+4
3.800000E-4	0.000000E+0	3.279700E+4
4.000000E-4	0.000000E+0	3.286500E+4
4.200000E-4	0.000000E+0	3.265600E+4
4.400000E-4	0.000000E+0	3.266100E+4
4.600000E-4	0.000000E+0	3.289800E+4
4.800000E-4	0.000000E+0	3.275400E+4
5.000000E-4	0.000000E+0	3.243200E+4
5.200000E-4	0.000000E+0	3.282700E+4
5.400000E-4	0.000000E+0	3.268900E+4
5.600000E-4	0.000000E+0	3.304800E+4
5.800000E-4	0.000000E+0	3.271100E+4
6.000000E-4	0.000000E+0	3.267600E+4
6.200000E-4	0.000000E+0	3.277600E+4
6.400000E-4	0.000000E+0	3.273200E+4
6.600000E-4	0.000000E+0	3.267500E+4
6.800000E-4	0.000000E+0	3.246700E+4
7.000000E-4	0.000000E+0	3.289000E+4
7.200000E-4	0.000000E+0	3.261700E+4
7.400000E-4	0.000000E+0	3.279600E+4
7.600000E-4	0.000000E+0	3.283200E+4
7.800000E-4	0.000000E+0	3.277800E+4
8.000000E-4	0.000000E+0	3.291300E+4
8.200000E-4	0.000000E+0	3.253300E+4
8.400000E-4	0.000000E+0	3.272100E+4
8.600000E-4	0.000000E+0	3.280800E+4
8.800000E-4	0.000000E+0	3.295000E+4
9.000000E-4	0.000000E+0	3.255600E+4
9.200000E-4	0.000000E+0	3.272700E+4
9.400000E-4	0.000000E+0	3.293800E+4
9.600000E-4	0.000000E+0	3.278800E+4
9.800000E-4	0.000000E+0	3.266600E+4
1.000000E-3	0.000000E+0	3.263300E+4
1.020000E-3	0.000000E+0	3.251800E+4
1.040000E-3	0.000000E+0	3.312400E+4
1.060000E-3	0.000000E+0	3.281400E+4
1.080000E-3	0.000000E+0	3.261700E+4
1.100000E-3	0.000000E+0	3.281200E+4
1.120000E-3	0.000000E+0	3.301300E+4
1.140000E-3	0.000000E+0	3.306700E+4
1.160000E-3	0.000000E+0	3.249900E+4
1.180000E-3	0.000000E+0	3.265200E+4
1.200000E-3	0.000000E+0	3.286200E+4
1.220000E-3	0.000000E+0	3.269900E+4
1.240000E-3	0.000000E+0	3.261800E+4
1.260000E-3	0.000000E+0	3.288600E+4
1.280000E-3	0.000000E+0	3.287200E+4
1.300000E-3	0.000000E+0	3.312700E+4
1.320000E-3	0.000000E+0	3.279100E+4
1.340000E-3	0.000000E+0	3.298400E+4
1.360000E-3	0.000000E+0	3.280100E+4
1.380000E-3	0.000000E+0	3.290300E+4
1.400000E-3	0.000000E+0	3.289700E+4
1.420000E-3	0.000000E+0	3.270400E+4
1.440000E-3	0.000000E+0	3.303200E+4
1.460000E-3	0.000000E+0	3.261300E+4
1.480000E-3	0.000000E+0	3.238300E+4
1.500000E-3	0.000000E+0	3.247800E+4
1.520000E-3	0.000000E+0	3.276400E+4
1.540000E-3	0.000000E+0	3.261800E+4
1.560000E-3	0.000000E+0	3.281200E+4
1.580000E-3	0.000000E+0	3.275300E+4
1.600000E-3	0.000000E+0	3.295500E+4
1.620000E-3	0.000000E+0	3.306900E+4
1.640000E-3	0.000000E+0	3.271500E+4
1.660000E-3	0.000000E+0	3.314600E+4
1.680000E-3	0.000000E+0	3.303600E+4
1.700000E-3	0.000000E+0	3.264000E+4
1.720000E-3	0.000000E+0	3.269900E+4
1.740000E-3	0.000000E+0	3.300100E+4
1.760000E-3	0.000000E+0	3.261700E+4
1.780000E-3	0.000000E+0	3.297200E+4
1.800000E-3	0.000000E+0	3.250100E+4
1.820000E-3	0.000000E+0	3.301300E+4
1.840000E-3	0.000000E+0	3.284600E+4
1.860000E-3	0.000000E+0	3.276700E+4
1.880000E-3	0.000000E+0	3.290000E+4
1.900000E-3	0.000000E+0	3.303100E+4
1.920000E-3	0.000000E+0	3.286600E+4
1.940000E-3	0.000000E+0	3.292000E+4
1.960000E-3	0.000000E+0	3.268000E+4
1.980000E-3	0.000000E+0	3.307600E+4
2.000000E-3	0.000000E+0	3.290800E+4
2.020000E-3	0.000000E+0	3.289500E+4
2.040000E-3	0.000000E+0	3.295600E+4
2.060000E-3	0.000000E+0	3.305200E+4
2.080000E-3	0.000000E+0	3.228000E+4
2.100000E-3	0.000000E+0	3.276000E+4
2.120000E-3	0.000000E+0	3.289900E+4
2.140000E-3	0.000000E+0	3.253800E+4
2.160000E-3	0.000000E+0	3.251700E+4
2.180000E-3	0.000000E+0	3.287800E+4
2.200000E-3	0.000000E+0	3.263000E+4
2.220000E-3	0.000000E+0	3.267600E+4
2.240000E-3	0.000000E+0	3.256900E+4
2.260000E-3	0.000000E+0	3.259000E+4
2.280000E-3	0.000000E+0	3.294800E+4
2.300000E-3	0.000000E+0	3.269700E+4
2.320000E-3	0.000000E+0	3.279900E+4
2.340000E-3	0.000000E+0	3.264700E+4
2.360000E-3	0.000000E+0	3.290000E+4
2.380000E-3	0.000000E+0	3.247300E+4
2.400000E-3	0.000000E+0	3.296500E+4
2.420000E-3	0.000000E+0	3.283900E+4
2.440000E-3	0.000000E+0	3.274400E+4
2.460000E-3	0.000000E+0	3.259900E+4
2.480000E-3	0.000000E+0	3.245400E+4
2.500000E-3	0.000000E+0	3.295500E+4
2.520000E-3	0.000000E+0	3.291300E+4
2.540000E-3	0.000000E+0	3.277400E+4
2.560000E-3	0.000000E+0	3.263500E+4
2.580000E-3	0.000000E+0	3.284200E+4
2.600000E-3	0.000000E+0	3.259300E+4
2.620000E-3	0.000000E+0	3.268800E+4
2.640000E-3	0.000000E+0	3.278400E+4
2.660000E-3	0.000000E+0	3.270500E+4
2.680000E-3	0.000000E+0	3.297100E+4
2.700000E-3	0.000000E+0	3.278000E+4
2.720000E-3	0.000000E+0	3.251600E+4
2.740000E-3	0.000000E+0	3.271700E+4
2.760000E-3	0.000000E+0	3.288800E+4
2.780000E-3	0.000000E+0	3.273300E+4
2.800000E-3	0.000000E+0	3.262100E+4
2.820000E-3	0.000000E+0	3.244700E+4
2.840000E-3	0.000000E+0	3.298400E+4
2.860000E-3	0.000000E+0	3.260000E+4
2.880000E-3	0.000000E+0	3.289900E+4
2.900000E-3	0.000000E+0	3.234500E+4
2.920000E-3	0.000000E+0	3.299500E+4
2.940000E-3	0.000000E+0	3.277000E+4
2.960000E-3	0.000000E+0	3.269700E+4
2.980000E-3	0.000000E+0	3.264900E+4
3.000000E-3	0.000000E+0	3.271000E+4
3.020000E-3	0.000000E+0	3.305600E+4
3.040000E-3	0.000000E+0	3.277000E+4
3.060000E-3	0.000000E+0	3.276500E+4
3.080000E-3	0.000000E+0	3.254600E+4
3.100000E-3	0.000000E+0	3.272700E+4
3.120000E-3	0.000000E+0	3.301500E+4
3.140000E-3	0.000000E+0	3.283500E+4
3.160000E-3	0.000000E+0	3.257400E+4
3.180000E-3	0.000000E+0	3.299200E+4
3.200000E-3	0.000000E+0	3.269400E+4
3.220000E-3	0.000000E+0	3.247100E+4
3.240000E-3	0.000000E+0	3.268900E+4
3.260000E-3	0.000000E+0	3.289500E+4
3.280000E-3	0.000000E+0	3.292400E+4
3.300000E-3	0.000000E+0	3.278000E+4
3.320000E-3	0.000000E+0	3.285900E+4
3.340000E-3	0.000000E+0	3.280400E+4
3.360000E-3	0.000000E+0	3.271000E+4
3.380000E-3	0.000000E+0	3.270000E+4
3.400000E-3	0.000000E+0	3.278200E+4
3.420000E-3	0.000000E+0	3.285900E+4
3.440000E-3	0.000000E+0	3.260200E+4
3.460000E-3	0.000000E+0	3.275400E+4
3.480000E-3	0.000000E+0	3.302700E+4
3.500000E-3	0.000000E+0	3.303500E+4
3.520000E-3	0.000000E+0	3.283600E+4
3.540000E-3	0.000000E+0	3.294500E+4
3.560000E-3	0.000000E+0	3.257100E+4
3.580000E-3	0.000000E+0	3.295600E+4
3.600000E-3	0.000000E+0	3.260600E+4
3.620000E-3	0.000000E+0	3.279000E+4
3.640000E-3	0.000000E+0	3.297100E+4
3.660000E-3	0.000000E+0	3.270900E+4
3.680000E-3	0.000000E+0	3.281600E+4
3.700000E-3	0.000000E+0	3.280600E+4
3.720000E-3	0.000000E+0	3.256900E+4
3.740000E-3	0.000000E+0	3.242400E+4
3.760000E-3	0.000000E+0	3.281900E+4
3.780000E-3	0.000000E+0	3.295200E+4
3.800000E-3	0.000000E+0	3.252800E+4
3.820000E-3	0.000000E+0	3.249200E+4
3.840000E-3	0.000000E+0	3.304100E+4
3.860000E-3	0.000000E+0	3.260800E+4
3.880000E-3	0.000000E+0	3.262400E+4
3.900000E-3	0.000000E+0	3.282600E+4
3.920000E-3	0.000000E+0	3.249500E+4
3.940000E-3	0.000000E+0	3.257200E+4
3.960000E-3	0.000000E+0	3.284600E+4
3.980000E-3	0.000000E+0	3.275400E+4
4.000000E-3	0.000000E+0	3.257400E+4
4.020000E-3	0.000000E+0	3.274300E+4
4.040000E-3	0.000000E+0	3.261000E+4
4.060000E-3	0.000000E+0	3.260100E+4
4.080000E-3	0.000000E+0	3.285600E+4
4.100000E-3	0.000000E+0	3.253600E+4
4.120000E-3	0.000000E+0	3.261000E+4
4.140000E-3	0.000000E+0	3.293900E+4
4.160000E-3	0.000000E+0	3.236100E+4
4.180000E-3	0.000000E+0	3.296000E+4
4.200000E-3	0.000000E+0	3.273000E+4
4.220000E-3	0.000000E+0	3.293000E+4
4.240000E-3	0.000000E+0	3.249600E+4
4.260000E-3	0.000000E+0	3.264000E+4
4.280000E-3	0.000000E+0	3.292000E+4
4.300000E-3	0.000000E+0	3.250000E+4
4.320000E-3	0.000000E+0	3.306600E+4
4.340000E-3	0.000000E+0	3.283000E+4
4.360000E-3	0.000000E+0	3.295300E+4
4.380000E-3	0.000000E+0	3.254100E+4
4.400000E-3	0.000000E+0	3.287500E+4
4.420000E-3	0.000000E+0	3.275400E+4
4.440000E-3	0.000000E+0	3.273200E+4
4.460000E-3	0.000000E+0	3.273000E+4
4.480000E-3	0.000000E+0	3.254500E+4
4.500000E-3	0.000000E+0	3.247900E+4
4.520000E-3	0.000000E+0	3.295100E+4
4.540000E-3	0.000000E+0	3.277300E+4
4.560000E-3	0.000000E+0	3.264300E+4
4.580000E-3	0.000000E+0	3.286400E+4
4.600000E-3	0.000000E+0	3.285200E+4
4.620000E-3	0.000000E+0	3.268800E+4
4.640000E-3	0.000000E+0	3.270200E+4
4.660000E-3	0.000000E+0	3.268000E+4
4.680000E-3	0.000000E+0	3.257800E+4
4.700000E-3	0.000000E+0	3.263900E+4
4.720000E-3	0.000000E+0	3.283900E+4
4.740000E-3	0.000000E+0	3.250400E+4
4.760000E-3	0.000000E+0	3.274900E+4
4.780000E-3	0.000000E+0	3.240600E+4
4.800000E-3	0.000000E+0	3.295300E+4
4.820000E-3	0.000000E+0	3.250100E+4
4.840000E-3	0.000000E+0	3.284800E+4
4.860000E-3	0.000000E+0	3.288000E+4
4.880000E-3	0.000000E+0	3.252900E+4
4.900000E-3	0.000000E+0	3.264600E+4
4.920000E-3	0.000000E+0	3.280900E+4
4.940000E-3	0.000000E+0	3.288700E+4
4.960000E-3	0.000000E+0	3.269300E+4
4.980000E-3	0.000000E+0	3.246000E+4
5.000000E-3	0.000000E+0	3.213200E+4
5.020000E-3	0.000000E+0	3.267200E+4
5.040000E-3	0.000000E+0	3.295900E+4
5.060000E-3	0.000000E+0	3.318200E+4
5.080000E-3	0.000000E+0	3.267900E+4
5.100000E-3	0.000000E+0	3.282800E+4
5.120000E-3	0.000000E+0	3.301100E+4
5.140000E-3	0.000000E+0	3.283200E+4
5.160000E-3	0.000000E+0	3.273200E+4
5.180000E-3	0.000000E+0	3.259900E+4
5.200000E-3	0.000000E+0	3.266900E+4
5.220000E-3	0.000000E+0	3.254700E+4
5.240000E-3	0.000000E+0	3.272500E+4
5.260000E-3	0.000000E+0	3.286200E+4
5.280000E-3	0.000000E+0	3.257400E+4
5.300000E-3	0.000000E+0	3.270700E+4
5.320000E-3	0.000000E+0	3.247700E+4
5.340000E-3	0.000000E+0	3.247500E+4
5.360000E-3	0.000000E+0	3.262000E+4
5.380000E-3	0.000000E+0	3.260600E+4
5.400000E-3	0.000000E+0	3.270800E+4
5.420000E-3	0.000000E+0	3.251400E+4
5.440000E-3	0.000000E+0	3.254900E+4
5.460000E-3	0.000000E+0	3.255200E+4
5.480000E-3	0.000000E+0	3.193500E+4
5.500000E-3	0.000000E+0	3.245800E+4
5.520000E-3	0.000000E+0	3.236000E+4
5.540000E-3	0.000000E+0	3.237100E+4
5.560000E-3	0.000000E+0	3.219900E+4
5.580000E-3	0.000000E+0	3.215800E+4
5.600000E-3	0.000000E+0	3.247200E+4
5.620000E-3	0.000000E+0	3.157100E+4
5.640000E-3	0.000000E+0	3.138500E+4
5.660000E-3	0.000000E+0	3.101400E+4
5.680000E-3	0.000000E+0	3.053100E+4
5.700000E-3	0.000000E+0	2.959000E+4
5.720000E-3	0.000000E+0	2.824900E+4
5.740000E-3	0.000000E+0	2.640400E+4
5.760000E-3	0.000000E+0	2.384000E+4
5.780000E-3	0.000000E+0	2.122800E+4
5.800000E-3	0.000000E+0	1.939100E+4
5.820000E-3	0.000000E+0	1.896600E+4
5.840000E-3	0.000000E+0	2.007100E+4
5.860000E-3	0.000000E+0	2.193600E+4
5.880000E-3	0.000000E+0	2.470700E+4
5.900000E-3	0.000000E+0	2.700800E+4
5.920000E-3	0.000000E+0	2.872700E+4
5.940000E-3	0.000000E+0	3.025300E+4
5.960000E-3	0.000000E+0	3.089200E+4
5.980000E-3	0.000000E+0	3.130100E+4
6.000000E-3	0.000000E+0	3.181100E+4
6.020000E-3	0.000000E+0	3.170800E+4
6.040000E-3	0.000000E+0	3.213700E+4
6.060000E-3	0.000000E+0	3.235000E+4
6.080000E-3	0.000000E+0	3.220200E+4
6.100000E-3	0.000000E+0	3.240400E+4
6.120000E-3	0.000000E+0	3.262700E+4
6.140000E-3	0.000000E+0	3.254200E+4
6.160000E-3	0.000000E+0	3.224400E+4
6.180000E-3	0.000000E+0	3.243400E+4
6.200000E-3	0.000000E+0	3.240200E+4
6.220000E-3	0.000000E+0	3.238000E+4
6.240000E-3	0.000000E+0	3.292900E+4
6.260000E-3	0.000000E+0	3.277300E+4
6.280000E-3	0.000000E+0	3.238900E+4
6.300000E-3	0.000000E+0	3.260100E+4
6.320000E-3	0.000000E+0	3.234000E+4
6.340000E-3	0.000000E+0	3.283800E+4
6.360000E-3	0.000000E+0	3.258200E+4
6.380000E-3	0.000000E+0	3.258700E+4
6.400000E-3	0.000000E+0	3.262800E+4
6.420000E-3	0.000000E+0	3.293500E+4
6.440000E-3	0.000000E+0	3.278100E+4
6.460000E-3	0.000000E+0	3.270700E+4
6.480000E-3	0.000000E+0	3.285900E+4
6.500000E-3	0.000000E+0	3.286800E+4
6.520000E-3	0.000000E+0	3.298100E+4
6.540000E-3	0.000000E+0	3.299100E+4
6.560000E-3	0.000000E+0	3.254500E+4
6.580000E-3	0.000000E+0	3.283900E+4
6.600000E-3	0.000000E+0	3.285900E+4
6.620000E-3	0.000000E+0	3.270800E+4
6.640000E-3	0.000000E+0	3.281100E+4
6.660000E-3	0.000000E+0	3.314800E+4
6.680000E-3	0.000000E+0	3.271200E+4
6.700000E-3	0.000000E+0	3.261300E+4
6.720000E-3	0.000000E+0	3.272300E+4
6.740000E-3	0.000000E+0	3.282200E+4
6.760000E-3	0.000000E+0	3.277800E+4
6.780000E-3	0.000000E+0	3.280500E+4
6.800000E-3	0.000000E+0	3.278100E+4
6.820000E-3	0.000000E+0	3.266000E+4
6.840000E-3	0.000000E+0	3.247300E+4
6.860000E-3	0.000000E+0	3.318300E+4
6.880000E-3	0.000000E+0	3.292400E+4
6.900000E-3	0.000000E+0	3.274800E+4
6.920000E-3	0.000000E+0	3.280800E+4
6.940000E-3	0.000000E+0	3.266500E+4
6.960000E-3	0.000000E+0	3.245600E+4
6.980000E-3	0.000000E+0	3.290100E+4
7.000000E-3	0.000000E+0	3.260700E+4
7.020000E-3	0.000000E+0	3.279800E+4
7.040000E-3	0.000000E+0	3.261900E+4
7.060000E-3	0.000000E+0	3.265200E+4
7.080000E-3	0.000000E+0	3.287700E+4
7.100000E-3	0.000000E+0	3.239200E+4
7.120000E-3	0.000000E+0	3.297900E+4
7.140000E-3	0.000000E+0	3.298200E+4
7.160000E-3	0.000000E+0	3.293900E+4
7.180000E-3	0.000000E+0	3.286500E+4
7.200000E-3	0.000000E+0	3.294600E+4
7.220000E-3	0.000000E+0	3.296400E+4
7.240000E-3	0.000000E+0	3.270700E+4
7.260000E-3	0.000000E+0	3.300600E+4
7.280000E-3	0.000000E+0	3.290100E+4
7.300000E-3	0.000000E+0	3.285900E+4
7.320000E-3	0.000000E+0	3.247300E+4
7.340000E-3	0.000000E+0	3.283900E+4
7.360000E-3	0.000000E+0	3.262600E+4
7.380000E-3	0.000000E+0	3.283300E+4
7.400000E-3	0.000000E+0	3.289500E+4
7.420000E-3	0.000000E+0	3.280800E+4
7.440000E-3	0.000000E+0	3.290500E+4
7.460000E-3	0.000000E+0	3.260400E+4
7.480000E-3	0.000000E+0	3.252600E+4
7.500000E-3	0.000000E+0	3.253700E+4
7.520000E-3	0.000000E+0	3.282300E+4
7.540000E-3	0.000000E+0	3.265100E+4
7.560000E-3	0.000000E+0	3.295600E+4
7.580000E-3	0.000000E+0	3.255800E+4
7.600000E-3	0.000000E+0	3.262000E+4
7.620000E-3	0.000000E+0	3.300500E+4
7.640000E-3	0.000000E+0	3.272900E+4
7.660000E-3	0.000000E+0	3.272600E+4
7.680000E-3	0.000000E+0	3.299100E+4
7.700000E-3	0.000000E+0	3.280200E+4
7.720000E-3	0.000000E+0	3.279500E+4
7.740000E-3	0.000000E+0	3.255100E+4
7.760000E-3	0.000000E+0	3.256300E+4
7.780000E-3	0.000000E+0	3.269600E+4
7.800000E-3	0.000000E+0	3.278900E+4
7.820000E-3	0.000000E+0	3.280700E+4
7.840000E-3	0.000000E+0	3.273800E+4
7.860000E-3	0.000000E+0	3.300600E+4
7.880000E-3	0.000000E+0	3.283900E+4
7.900000E-3	0.000000E+0	3.292800E+4
7.920000E-3	0.000000E+0	3.266200E+4
7.940000E-3	0.000000E+0	3.273300E+4
7.960000E-3	0.000000E+0	3.282900E+4
7.980000E-3	0.000000E+0	3.281100E+4
8.000000E-3	0.000000E+0	3.271200E+4
8.020000E-3	0.000000E+0	3.334000E+4
8.040000E-3	0.000000E+0	3.236200E+4
8.060000E-3	0.000000E+0	3.266400E+4
8.080000E-3	0.000000E+0	3.325100E+4
8.100000E-3	0.000000E+0	3.261700E+4
8.120000E-3	0.000000E+0	3.290300E+4
8.140000E-3	0.000000E+0	3.298700E+4
8.160000E-3	0.000000E+0	3.281200E+4
8.180000E-3	0.000000E+0	3.262800E+4
8.200000E-3	0.000000E+0	3.280900E+4
8.220000E-3	0.000000E+0	3.264500E+4
8.240000E-3	0.000000E+0	3.304900E+4
8.260000E-3	0.000000E+0	3.257200E+4
8.280000E-3	0.000000E+0	3.295600E+4
8.300000E-3	0.000000E+0	3.278600E+4
8.320000E-3	0.000000E+0	3.273000E+4
8.340000E-3	0.000000E+0	3.278100E+4
8.360000E-3	0.000000E+0	3.252100E+4
8.380000E-3	0.000000E+0	3.309900E+4
8.400000E-3	0.000000E+0	3.237400E+4
8.420000E-3	0.000000E+0	3.278000E+4
8.440000E-3	0.000000E+0	3.314800E+4
8.460000E-3	0.000000E+0	3.259900E+4
8.480000E-3	0.000000E+0	3.297900E+4
8.500000E-3	0.000000E+0	3.303200E+4
8.520000E-3	0.000000E+0	3.259500E+4
8.540000E-3	0.000000E+0	3.275300E+4
8.560000E-3	0.000000E+0	3.283100E+4
8.580000E-3	0.000000E+0	3.253100E+4
8.600000E-3	0.000000E+0	3.285300E+4
8.620000E-3	0.000000E+0	3.278300E+4
8.640000E-3	0.000000E+0	3.281600E+4
8.660000E-3	0.000000E+0	3.272100E+4
8.680000E-3	0.000000E+0	3.285800E+4
8.700000E-3	0.000000E+0	3.270800E+4
8.720000E-3	0.000000E+0	3.271400E+4
8.740000E-3	0.000000E+0	3.301100E+4
8.760000E-3	0.000000E+0	3.282400E+4
8.780000E-3	0.000000E+0	3.291600E+4
8.800000E-3	0.000000E+0	3.251800E+4
8.820000E-3	0.000000E+0	3.262900E+4
8.840000E-3	0.000000E+0	3.279800E+4
8.860000E-3	0.000000E+0	3.275100E+4
8.880000E-3	0.000000E+0	3.263400E+4
8.900000E-3	0.000000E+0	3.304700E+4
8.920000E-3	0.000000E+0	3.280100E+4
8.940000E-3	0.000000E+0	3.261300E+4
8.960000E-3	0.000000E+0	3.245700E+4
8.980000E-3	0.000000E+0	3.270400E+4
9.000000E-3	0.000000E+0	3.272600E+4
9.020000E-3	0.000000E+0	3.267400E+4
9.040000E-3	0.000000E+0	3.313100E+4
9.060000E-3	0.000000E+0	3.267400E+4
9.080000E-3	0.000000E+0	3.283000E+4
9.100000E-3	0.000000E+0	3.271500E+4
9.120000E-3	0.000000E+0	3.314400E+4
9.140000E-3	0.000000E+0	3.299500E+4
9.160000E-3	0.000000E+0	3.270900E+4
9.180000E-3	0.000000E+0	3.282200E+4
9.200000E-3	0.000000E+0	3.295300E+4
9.220000E-3	0.000000E+0	3.273600E+4
9.240000E-3	0.000000E+0	3.280800E+4
9.260000E-3	0.000000E+0	3.270300E+4
9.280000E-3	0.000000E+0	3.280200E+4
9.300000E-3	0.000000E+0	3.272300E+4
9.320000E-3	0.000000E+0	3.272100E+4
9.340000E-3	0.000000E+0	3.276200E+4
9.360000E-3	0.000000E+0	3.277200E+4
9.380000E-3	0.000000E+0	3.319200E+4
9.400000E-3	0.000000E+0	3.273300E+4
9.420000E-3	0.000000E+0	3.261500E+4
9.440000E-3	0.000000E+0	3.255700E+4
9.460000E-3	0.000000E+0	3.291200E+4
9.480000E-3	0.000000E+0	3.264800E+4
9.500000E-3	0.000000E+0	3.309300E+4
9.520000E-3	0.000000E+0	3.291100E+4
9.540000E-3	0.000000E+0	3.263700E+4
9.560000E-3	0.000000E+0	3.257100E+4
9.580000E-3	0.000000E+0	3.276000E+4
9.600000E-3	0.000000E+0	3.279200E+4
9.620000E-3	0.000000E+0	3.255200E+4
9.640000E-3	0.000000E+0	3.291300E+4
9.660000E-3	0.000000E+0	3.296200E+4
9.680000E-3	0.000000E+0	3.271600E+4
9.700000E-3	0.000000E+0	3.255900E+4
9.720000E-3	0.000000E+0	3.290300E+4
9.740000E-3	0.000000E+0	3.268300E+4
9.760000E-3	0.000000E+0	3.254000E+4
9.780000E-3	0.000000E+0	3.255200E+4
9.800000E-3	0.000000E+0	3.277500E+4
9.820000E-3	0.000000E+0	3.253700E+4
9.840000E-3	0.000000E+0	3.285900E+4
9.860000E-3	0.000000E+0	3.281200E+4
9.880000E-3	0.000000E+0	3.316200E+4
9.900000E-3	0.000000E+0	3.286300E+4
9.920000E-3	0.000000E+0	3.274200E+4
9.940000E-3	0.000000E+0	3.262400E+4
9.960000E-3	0.000000E+0	3.260500E+4
9.980000E-3	0.000000E+0	3.270700E+4
1.000000E-2	0.000000E+0	3.294000E+4
1.002000E-2	0.000000E+0	3.256400E+4
1.004000E-2	0.000000E+0	3.273900E+4
1.006000E-2	0.000000E+0	3.288200E+4
1.008000E-2	0.000000E+0	3.276300E+4
1.010000E-2	0.000000E+0	3.255600E+4
1.012000E-2	0.000000E+0	3.271100E+4
1.014000E-2	0.000000E+0	3.303400E+4
1.016000E-2	0.000000E+0	3.291100E+4
1.018000E-2	0.000000E+0	3.277500E+4
1.020000E-2	0.000000E+0	3.310400E+4
1.022000E-2	0.000000E+0	3.277400E+4
1.024000E-2	0.000000E+0	3.288400E+4
1.026000E-2	0.000000E+0	3.258600E+4
1.028000E-2	0.000000E+0	3.309800E+4
1.030000E-2	0.000000E+0	3.280000E+4
1.032000E-2	0.000000E+0	3.263700E+4
1.034000E-2	0.000000E+0	3.270500E+4
1.036000E-2	0.000000E+0	3.285900E+4
1.038000E-2	0.000000E+0	3.286200E+4
1.040000E-2	0.000000E+0	3.269100E+4
1.042000E-2	0.000000E+0	3.263600E+4
1.044000E-2	0.000000E+0	3.294000E+4
1.046000E-2	0.000000E+0	3.273100E+4
1.048000E-2	0.000000E+0	3.318300E+4
1.050000E-2	0.000000E+0	3.283600E+4
1.052000E-2	0.000000E+0	3.263000E+4
1.054000E-2	0.000000E+0	3.292300E+4
1.056000E-2	0.000000E+0	3.307200E+4
1.058000E-2	0.000000E+0	3.280700E+4
1.060000E-2	0.000000E+0	3.244700E+4
1.062000E-2	0.000000E+0	3.279800E+4
1.064000E-2	0.000000E+0	3.285100E+4
1.066000E-2	0.000000E+0	3.277200E+4
1.068000E-2	0.000000E+0	3.247300E+4
1.070000E-2	0.000000E+0	3.263000E+4
1.072000E-2	0.000000E+0	3.278900E+4
1.074000E-2	0.000000E+0	3.269100E+4
1.076000E-2	0.000000E+0	3.279400E+4
1.078000E-2	0.000000E+0	3.263000E+4
1.080000E-2	0.000000E+0	3.277000E+4
1.082000E-2	0.000000E+0	3.276600E+4
1.084000E-2	0.000000E+0	3.292000E+4
1.086000E-2	0.000000E+0	3.267700E+4
1.088000E-2	0.000000E+0	3.295500E+4
1.090000E-2	0.000000E+0	3.306100E+4
1.092000E-2	0.000000E+0	3.279600E+4
1.094000E-2	0.000000E+0	3.280900E+4
1.096000E-2	0.000000E+0	3.302300E+4
1.098000E-2	0.000000E+0	3.294800E+4
1.100000E-2	0.000000E+0	3.268900E+4
1.102000E-2	0.000000E+0	3.284500E+4
1.104000E-2	0.000000E+0	3.282700E+4
1.106000E-2	0.000000E+0	3.260000E+4
1.108000E-2	0.000000E+0	3.286600E+4
1.110000E-2	0.000000E+0	3.266000E+4
1.112000E-2	0.000000E+0	3.262900E+4
1.114000E-2	0.000000E+0	3.264200E+4
1.116000E-2	0.000000E+0	3.265300E+4
1.118000E-2	0.000000E+0	3.270300E+4
1.120000E-2	0.000000E+0	3.260000E+4
1.122000E-2	0.000000E+0	3.267800E+4
1.124000E-2	0.000000E+0	3.296000E+4
1.126000E-2	0.000000E+0	3.301100E+4
1.128000E-2	0.000000E+0	3.281700E+4
1.130000E-2	0.000000E+0	3.261800E+4
1.132000E-2	0.000000E+0	3.285200E+4
1.134000E-2	0.000000E+0	3.270700E+4
1.136000E-2	0.000000E+0	3.267400E+4
1.138000E-2	0.000000E+0	3.259300E+4
1.140000E-2	0.000000E+0	3.274200E+4
1.142000E-2	0.000000E+0	3.296700E+4
1.144000E-2	0.000000E+0	3.262800E+4
1.146000E-2	0.000000E+0	3.291800E+4
1.148000E-2	0.000000E+0	3.261000E+4
1.150000E-2	0.000000E+0	3.292200E+4
1.152000E-2	0.000000E+0	3.279200E+4
1.154000E-2	0.000000E+0	3.260700E+4
1.156000E-2	0.000000E+0	3.273500E+4
1.158000E-2	0.000000E+0	3.283400E+4
1.160000E-2	0.000000E+0	3.301100E+4
1.162000E-2	0.000000E+0	3.273000E+4
1.164000E-2	0.000000E+0	3.250600E+4
1.166000E-2	0.000000E+0	3.242200E+4
1.168000E-2	0.000000E+0	3.286500E+4
1.170000E-2	0.000000E+0	3.298000E+4
1.172000E-2	0.000000E+0	3.234900E+4
1.174000E-2	0.000000E+0	3.270800E+4
1.176000E-2	0.000000E+0	3.259700E+4
1.178000E-2	0.000000E+0	3.255400E+4
1.180000E-2	0.000000E+0	3.275600E+4
1.182000E-2	0.000000E+0	3.318100E+4
1.184000E-2	0.000000E+0	3.270300E+4
1.186000E-2	0.000000E+0	3.273800E+4
1.188000E-2	0.000000E+0	3.284800E+4
1.190000E-2	0.000000E+0	3.280500E+4
1.192000E-2	0.000000E+0	3.256100E+4
1.194000E-2	0.000000E+0	3.284000E+4
1.196000E-2	0.000000E+0	3.274600E+4
1.198000E-2	0.000000E+0	3.243000E+4
1.200000E-2	0.000000E+0	3.279200E+4
1.202000E-2	0.000000E+0	3.288300E+4
1.204000E-2	0.000000E+0	3.257100E+4
1.206000E-2	0.000000E+0	3.298300E+4
1.208000E-2	0.000000E+0	3.259400E+4
1.210000E-2	0.000000E+0	3.264200E+4
1.212000E-2	0.000000E+0	3.300500E+4
1.214000E-2	0.000000E+0	3.246000E+4
1.216000E-2	0.000000E+0	3.274200E+4
1.218000E-2	0.000000E+0	3.271100E+4
1.220000E-2	0.000000E+0	3.251200E+4
1.222000E-2	0.000000E+0	3.263700E+4
1.224000E-2	0.000000E+0	3.289400E+4
1.226000E-2	0.000000E+0	3.253600E+4
1.228000E-2	0.000000E+0	3.248800E+4
1.230000E-2	0.000000E+0	3.273400E+4
1.232000E-2	0.000000E+0	3.290000E+4
1.234000E-2	0.000000E+0	3.273100E+4
1.236000E-2	0.000000E+0	3.280000E+4
1.238000E-2	0.000000E+0	3.261900E+4
1.240000E-2	0.000000E+0	3.264800E+4
1.242000E-2	0.000000E+0	3.246000E+4
1.244000E-2	0.000000E+0	3.273400E+4
1.246000E-2	0.000000E+0	3.272300E+4
1.248000E-2	0.000000E+0	3.266000E+4
1.250000E-2	0.000000E+0	3.302300E+4
1.252000E-2	0.000000E+0	3.271100E+4
1.254000E-2	0.000000E+0	3.258200E+4
1.256000E-2	0.000000E+0	3.313400E+4
1.258000E-2	0.000000E+0	3.302000E+4
1.260000E-2	0.000000E+0	3.304900E+4
1.262000E-2	0.000000E+0	3.264500E+4
1.264000E-2	0.000000E+0	3.259400E+4
1.266000E-2	0.000000E+0	3.239800E+4
1.268000E-2	0.000000E+0	3.268300E+4
1.270000E-2	0.000000E+0	3.277400E+4
1.272000E-2	0.000000E+0	3.278900E+4
1.274000E-2	0.000000E+0	3.271300E+4
1.276000E-2	0.000000E+0	3.280500E+4
1.278000E-2	0.000000E+0	3.254400E+4
1.280000E-2	0.000000E+0	3.277700E+4
1.282000E-2	0.000000E+0	3.247700E+4
1.284000E-2	0.000000E+0	3.274800E+4
1.286000E-2	0.000000E+0	3.267900E+4
1.288000E-2	0.000000E+0	3.279000E+4
1.290000E-2	0.000000E+0	3.263100E+4
1.292000E-2	0.000000E+0	3.274100E+4
1.294000E-2	0.000000E+0	3.280000E+4
1.296000E-2	0.000000E+0	3.273200E+4
1.298000E-2	0.000000E+0	3.286700E+4
1.300000E-2	0.000000E+0	3.253800E+4
1.302000E-2	0.000000E+0	3.288100E+4
1.304000E-2	0.000000E+0	3.273400E+4
1.306000E-2	0.000000E+0	3.263500E+4
1.308000E-2	0.000000E+0	3.299300E+4
1.310000E-2	0.000000E+0	3.267000E+4
1.312000E-2	0.000000E+0	3.258100E+4
1.314000E-2	0.000000E+0	3.266600E+4
1.316000E-2	0.000000E+0	3.290600E+4
1.318000E-2	0.000000E+0	3.258000E+4
1.320000E-2	0.000000E+0	3.280900E+4
1.322000E-2	0.000000E+0	3.265000E+4
1.324000E-2	0.000000E+0	3.277400E+4
1.326000E-2	0.000000E+0	3.290800E+4
1.328000E-2	0.000000E+0	3.293800E+4
1.330000E-2	0.000000E+0	3.282900E+4
1.332000E-2	0.000000E+0	3.278900E+4
1.334000E-2	0.000000E+0	3.292300E+4
1.336000E-2	0.000000E+0	3.278400E+4
1.338000E-2	0.000000E+0	3.272500E+4
1.340000E-2	0.000000E+0	3.317000E+4
1.342000E-2	0.000000E+0	3.306800E+4
1.344000E-2	0.000000E+0	3.286200E+4
1.346000E-2	0.000000E+0	3.287600E+4
1.348000E-2	0.000000E+0	3.280200E+4
1.350000E-2	0.000000E+0	3.276300E+4
1.352000E-2	0.000000E+0	3.275200E+4
1.354000E-2	0.000000E+0	3.266600E+4
1.356000E-2	0.000000E+0	3.273200E+4
1.358000E-2	0.000000E+0	3.254500E+4
1.360000E-2	0.000000E+0	3.289600E+4
1.362000E-2	0.000000E+0	3.260700E+4
1.364000E-2	0.000000E+0	3.272600E+4
1.366000E-2	0.000000E+0	3.267200E+4
1.368000E-2	0.000000E+0	3.284500E+4
1.370000E-2	0.000000E+0	3.299900E+4
1.372000E-2	0.000000E+0	3.260200E+4
1.374000E-2	0.000000E+0	3.276900E+4
1.376000E-2	0.000000E+0	3.309500E+4
1.378000E-2	0.000000E+0	3.299900E+4
1.380000E-2	0.000000E+0	3.261900E+4
1.382000E-2	0.000000E+0	3.261500E+4
1.384000E-2	0.000000E+0	3.239700E+4
1.386000E-2	0.000000E+0	3.285300E+4
1.388000E-2	0.000000E+0	3.280400E+4
1.390000E-2	0.000000E+0	3.281200E+4
1.392000E-2	0.000000E+0	3.264400E+4
1.394000E-2	0.000000E+0	3.279000E+4
1.396000E-2	0.000000E+0	3.266800E+4
1.398000E-2	0.000000E+0	3.290200E+4
1.400000E-2	0.000000E+0	3.278400E+4
1.402000E-2	0.000000E+0	3.273400E+4
1.404000E-2	0.000000E+0	3.304400E+4
1.406000E-2	0.000000E+0	3.291300E+4
1.408000E-2	0.000000E+0	3.278600E+4
1.410000E-2	0.000000E+0	3.263700E+4
1.412000E-2	0.000000E+0	3.253700E+4
1.414000E-2	0.000000E+0	3.266800E+4
1.416000E-2	0.000000E+0	3.282600E+4
1.418000E-2	0.000000E+0	3.280800E+4
1.420000E-2	0.000000E+0	3.289800E+4
1.422000E-2	0.000000E+0	3.308600E+4
1.424000E-2	0.000000E+0	3.265600E+4
1.426000E-2	0.000000E+0	3.298900E+4
1.428000E-2	0.000000E+0	3.279600E+4
1.430000E-2	0.000000E+0	3.277000E+4
1.432000E-2	0.000000E+0	3.284100E+4
1.434000E-2	0.000000E+0	3.277500E+4
1.436000E-2	0.000000E+0	3.279900E+4
1.438000E-2	0.000000E+0	3.264400E+4
1.440000E-2	0.000000E+0	3.300200E+4
1.442000E-2	0.000000E+0	3.270200E+4
1.444000E-2	0.000000E+0	3.286600E+4
1.446000E-2	0.000000E+0	3.278700E+4
1.448000E-2	0.000000E+0	3.264200E+4
1.450000E-2	0.000000E+0	3.259500E+4
1.452000E-2	0.000000E+0	3.260600E+4
1.454000E-2	0.000000E+0	3.279800E+4
1.456000E-2	0.000000E+0	3.271500E+4
1.458000E-2	0.000000E+0	3.259300E+4
1.460000E-2	0.000000E+0	3.264400E+4
1.462000E-2	0.000000E+0	3.283500E+4
1.464000E-2	0.000000E+0	3.254500E+4
1.466000E-2	0.000000E+0	3.262300E+4
1.468000E-2	0.000000E+0	3.303600E+4
1.470000E-2	0.000000E+0	3.235800E+4
1.472000E-2	0.000000E+0	3.262400E+4
1.474000E-2	0.000000E+0	3.285300E+4
1.476000E-2	0.000000E+0	3.271200E+4
1.478000E-2	0.000000E+0	3.284300E+4
1.480000E-2	0.000000E+0	3.314300E+4
1.482000E-2	0.000000E+0	3.263900E+4
1.484000E-2	0.000000E+0	3.271000E+4
1.486000E-2	0.000000E+0	3.289100E+4
1.488000E-2	0.000000E+0	3.254000E+4
1.490000E-2	0.000000E+0	3.281400E+4
1.492000E-2	0.000000E+0	3.266300E+4
1.494000E-2	0.000000E+0	3.260400E+4
1.496000E-2	0.000000E+0	3.292400E+4
1.498000E-2	0.000000E+0	3.280600E+4
1.500000E-2	0.000000E+0	3.284100E+4
1.502000E-2	0.000000E+0	3.273600E+4
1.504000E-2	0.000000E+0	3.275900E+4
1.506000E-2	0.000000E+0	3.269400E+4
1.508000E-2	0.000000E+0	3.265800E+4
1.510000E-2	0.000000E+0	3.289200E+4
1.512000E-2	0.000000E+0	3.234000E+4
1.514000E-2	0.000000E+0	3.236100E+4
1.516000E-2	0.000000E+0	3.289200E+4
1.518000E-2	0.000000E+0	3.271700E+4
1.520000E-2	0.000000E+0	3.258800E+4
1.522000E-2	0.000000E+0	3.260200E+4
1.524000E-2	0.000000E+0	3.269100E+4
1.526000E-2	0.000000E+0	3.239700E+4
1.528000E-2	0.000000E+0	3.299800E+4
1.530000E-2	0.000000E+0	3.307100E+4
1.532000E-2	0.000000E+0	3.283900E+4
1.534000E-2	0.000000E+0	3.270200E+4
1.536000E-2	0.000000E+0	3.295700E+4
1.538000E-2	0.000000E+0	3.291200E+4
1.540000E-2	0.000000E+0	3.256500E+4
1.542000E-2	0.000000E+0	3.262500E+4
1.544000E-2	0.000000E+0	3.263000E+4
1.546000E-2	0.000000E+0	3.233700E+4
1.548000E-2	0.000000E+0	3.278600E+4
1.550000E-2	0.000000E+0	3.287400E+4
1.552000E-2	0.000000E+0	3.264000E+4
1.554000E-2	0.000000E+0	3.289700E+4
1.556000E-2	0.000000E+0	3.276000E+4
1.558000E-2	0.000000E+0	3.305900E+4
1.560000E-2	0.000000E+0	3.257600E+4
1.562000E-2	0.000000E+0	3.260800E+4
1.564000E-2	0.000000E+0	3.250800E+4
1.566000E-2	0.000000E+0	3.296500E+4
1.568000E-2	0.000000E+0	3.260900E+4
1.570000E-2	0.000000E+0	3.280800E+4
1.572000E-2	0.000000E+0	3.274900E+4
1.574000E-2	0.000000E+0	3.253300E+4
1.576000E-2	0.000000E+0	3.245800E+4
1.578000E-2	0.000000E+0	3.273500E+4
1.580000E-2	0.000000E+0	3.285900E+4
1.582000E-2	0.000000E+0	3.294700E+4
1.584000E-2	0.000000E+0	3.282100E+4
1.586000E-2	0.000000E+0	3.283400E+4
1.588000E-2	0.000000E+0	3.302500E+4
1.590000E-2	0.000000E+0	3.277800E+4
1.592000E-2	0.000000E+0	3.295900E+4
1.594000E-2	0.000000E+0	3.284000E+4
1.596000E-2	0.000000E+0	3.278800E+4
1.598000E-2	0.000000E+0	3.280600E+4
1.600000E-2	0.000000E+0	3.279800E+4
1.602000E-2	0.000000E+0	3.248500E+4
1.604000E-2	0.000000E+0	3.272900E+4
1.606000E-2	0.000000E+0	3.284200E+4
1.608000E-2	0.000000E+0	3.262700E+4
1.610000E-2	0.000000E+0	3.254600E+4
1.612000E-2	0.000000E+0	3.273500E+4
1.614000E-2	0.000000E+0	3.257700E+4
1.616000E-2	0.000000E+0	3.282300E+4
1.618000E-2	0.000000E+0	3.230200E+4
1.620000E-2	0.000000E+0	3.240400E+4
1.622000E-2	0.000000E+0	3.250200E+4
1.624000E-2	0.000000E+0	3.230100E+4
1.626000E-2	0.000000E+0	3.291200E+4
1.628000E-2	0.000000E+0	3.255100E+4
1.630000E-2	0.000000E+0	3.247600E+4
1.632000E-2	0.000000E+0	3.257700E+4
1.634000E-2	0.000000E+0	3.293000E+4
1.636000E-2	0.000000E+0	3.222500E+4
1.638000E-2	0.000000E+0	3.258800E+4
1.640000E-2	0.000000E+0	3.248000E+4
1.642000E-2	0.000000E+0	3.285200E+4
1.644000E-2	0.000000E+0	3.293200E+4
1.646000E-2	0.000000E+0	3.253600E+4
1.648000E-2	0.000000E+0	3.295900E+4
1.650000E-2	0.000000E+0	3.286900E+4
1.652000E-2	0.000000E+0	3.253600E+4
1.654000E-2	0.000000E+0	3.228400E+4
1.656000E-2	0.000000E+0	3.270700E+4
1.658000E-2	0.000000E+0	3.298300E+4
1.660000E-2	0.000000E+0	3.265700E+4
1.662000E-2	0.000000E+0	3.279000E+4
1.664000E-2	0.000000E+0	3.291400E+4
1.666000E-2	0.000000E+0	3.289600E+4
1.668000E-2	0.000000E+0	3.259700E+4
1.670000E-2	0.000000E+0	3.273100E+4
1.672000E-2	0.000000E+0	3.276200E+4
1.674000E-2	0.000000E+0	3.257200E+4
1.676000E-2	0.000000E+0	3.257100E+4
1.678000E-2	0.000000E+0	3.245100E+4
1.680000E-2	0.000000E+0	3.287200E+4
1.682000E-2	0.000000E+0	3.256700E+4
1.684000E-2	0.000000E+0	3.255700E+4
1.686000E-2	0.000000E+0	3.236400E+4
1.688000E-2	0.000000E+0	3.239400E+4
1.690000E-2	0.000000E+0	3.238100E+4
1.692000E-2	0.000000E+0	3.240200E+4
1.694000E-2	0.000000E+0	3.242500E+4
1.696000E-2	0.000000E+0	3.218800E+4
1.698000E-2	0.000000E+0	3.178800E+4
1.700000E-2	0.000000E+0	3.200700E+4
1.702000E-2	0.000000E+0	3.173000E+4
1.704000E-2	0.000000E+0	3.135700E+4
1.706000E-2	0.000000E+0	3.094500E+4
1.708000E-2	0.000000E+0	3.095200E+4
1.710000E-2	0.000000E+0	2.954100E+4
1.712000E-2	0.000000E+0	2.886400E+4
1.714000E-2	0.000000E+0	2.663300E+4
1.716000E-2	0.000000E+0	2.394100E+4
1.718000E-2	0.000000E+0	2.139600E+4
1.720000E-2	0.000000E+0	1.941800E+4
1.722000E-2	0.000000E+0	1.906200E+4
1.724000E-2	0.000000E+0	1.969600E+4
1.726000E-2	0.000000E+0	2.189900E+4
1.728000E-2	0.000000E+0	2.432000E+4
1.730000E-2	0.000000E+0	2.722300E+4
1.732000E-2	0.000000E+0	2.837800E+4
1.734000E-2	0.000000E+0	2.985700E+4
1.736000E-2	0.000000E+0	3.048100E+4
1.738000E-2	0.000000E+0	3.069600E+4
1.740000E-2	0.000000E+0	3.151100E+4
1.742000E-2	0.000000E+0	3.174700E+4
1.744000E-2	0.000000E+0	3.188000E+4
1.746000E-2	0.000000E+0	3.204900E+4
1.748000E-2	0.000000E+0	3.234400E+4
1.750000E-2	0.000000E+0	3.217600E+4
1.752000E-2	0.000000E+0	3.218900E+4
1.754000E-2	0.000000E+0	3.278500E+4
1.756000E-2	0.000000E+0	3.230100E+4
1.758000E-2	0.000000E+0	3.222600E+4
1.760000E-2	0.000000E+0	3.262800E+4
1.762000E-2	0.000000E+0	3.242900E+4
1.764000E-2	0.000000E+0	3.226700E+4
1.766000E-2	0.000000E+0	3.236600E+4
1.768000E-2	0.000000E+0	3.254100E+4
1.770000E-2	0.000000E+0	3.236000E+4
1.772000E-2	0.000000E+0	3.266500E+4
1.774000E-2	0.000000E+0	3.233000E+4
1.776000E-2	0.000000E+0	3.259100E+4
1.778000E-2	0.000000E+0	3.266500E+4
1.780000E-2	0.000000E+0	3.277100E+4
1.782000E-2	0.000000E+0	3.270400E+4
1.784000E-2	0.000000E+0	3.268900E+4
1.786000E-2	0.000000E+0	3.287100E+4
1.788000E-2	0.000000E+0	3.271700E+4
1.790000E-2	0.000000E+0	3.272800E+4
1.792000E-2	0.000000E+0	3.281300E+4
1.794000E-2	0.000000E+0	3.279500E+4
1.796000E-2	0.000000E+0	3.272700E+4
1.798000E-2	0.000000E+0	3.282300E+4
1.800000E-2	0.000000E+0	3.271600E+4
1.802000E-2	0.000000E+0	3.223100E+4
1.804000E-2	0.000000E+0	3.261200E+4
1.806000E-2	0.000000E+0	3.246600E+4
1.808000E-2	0.000000E+0	3.253000E+4
1.810000E-2	0.000000E+0	3.260900E+4
1.812000E-2	0.000000E+0	3.280800E+4
1.814000E-2	0.000000E+0	3.260300E+4
1.816000E-2	0.000000E+0	3.281100E+4
1.818000E-2	0.000000E+0	3.274900E+4
1.820000E-2	0.000000E+0	3.252000E+4
1.822000E-2	0.000000E+0	3.252900E+4
1.824000E-2	0.000000E+0	3.273900E+4
1.826000E-2	0.000000E+0	3.228700E+4
1.828000E-2	0.000000E+0	3.291800E+4
1.830000E-2	0.000000E+0	3.227400E+4
1.832000E-2	0.000000E+0	3.238600E+4
1.834000E-2	0.000000E+0	3.256700E+4
1.836000E-2	0.000000E+0	3.225000E+4
1.838000E-2	0.000000E+0	3.262500E+4
1.840000E-2	0.000000E+0	3.313600E+4
1.842000E-2	0.000000E+0	3.273500E+4
1.844000E-2	0.000000E+0	3.254900E+4
1.846000E-2	0.000000E+0	3.272700E+4
1.848000E-2	0.000000E+0	3.255000E+4
1.850000E-2	0.000000E+0	3.277700E+4
1.852000E-2	0.000000E+0	3.269500E+4
1.854000E-2	0.000000E+0	3.271000E+4
1.856000E-2	0.000000E+0	3.302900E+4
1.858000E-2	0.000000E+0	3.248200E+4
1.860000E-2	0.000000E+0	3.258900E+4
1.862000E-2	0.000000E+0	3.264800E+4
1.864000E-2	0.000000E+0	3.304400E+4
1.866000E-2	0.000000E+0	3.224500E+4
1.868000E-2	0.000000E+0	3.306300E+4
1.870000E-2	0.000000E+0	3.268400E+4
1.872000E-2	0.000000E+0	3.267900E+4
1.874000E-2	0.000000E+0	3.271100E+4
1.876000E-2	0.000000E+0	3.260500E+4
1.878000E-2	0.000000E+0	3.262000E+4
1.880000E-2	0.000000E+0	3.280200E+4
1.882000E-2	0.000000E+0	3.281100E+4
1.884000E-2	0.000000E+0	3.268600E+4
1.886000E-2	0.000000E+0	3.302100E+4
1.888000E-2	0.000000E+0	3.265900E+4
1.890000E-2	0.000000E+0	3.276900E+4
1.892000E-2	0.000000E+0	3.248600E+4
1.894000E-2	0.000000E+0	3.289900E+4
1.896000E-2	0.000000E+0	3.267200E+4
1.898000E-2	0.000000E+0	3.290600E+4
1.900000E-2	0.000000E+0	3.276800E+4
1.902000E-2	0.000000E+0	3.260600E+4
1.904000E-2	0.000000E+0	3.280200E+4
1.906000E-2	0.000000E+0	3.255600E+4
1.908000E-2	0.000000E+0	3.284400E+4
1.910000E-2	0.000000E+0	3.238400E+4
1.912000E-2	0.000000E+0	3.241000E+4
1.914000E-2	0.000000E+0	3.307400E+4
1.916000E-2	0.000000E+0	3.253200E+4
1.918000E-2	0.000000E+0	3.285400E+4
1.920000E-2	0.000000E+0	3.248700E+4
1.922000E-2	0.000000E+0	3.279300E+4
1.924000E-2	0.000000E+0	3.290100E+4
1.926000E-2	0.000000E+0	3.244600E+4
1.928000E-2	0.000000E+0	3.301800E+4
1.930000E-2	0.000000E+0	3.275200E+4
1.932000E-2	0.000000E+0	3.274700E+4
1.934000E-2	0.000000E+0	3.301100E+4
1.936000E-2	0.000000E+0	3.277800E+4
1.938000E-2	0.000000E+0	3.280900E+4
1.940000E-2	0.000000E+0	3.265000E+4
1.942000E-2	0.000000E+0	3.272600E+4
1.944000E-2	0.000000E+0	3.277700E+4
1.946000E-2	0.000000E+0	3.276100E+4
1.948000E-2	0.000000E+0	3.267800E+4
1.950000E-2	0.000000E+0	3.289900E+4
1.952000E-2	0.000000E+0	3.304900E+4
1.954000E-2	0.000000E+0	3.275500E+4
1.956000E-2	0.000000E+0	3.256600E+4
1.958000E-2	0.000000E+0	3.275400E+4
1.960000E-2	0.000000E+0	3.237700E+4
1.962000E-2	0.000000E+0	3.268100E+4
1.964000E-2	0.000000E+0	3.276400E+4
1.966000E-2	0.000000E+0	3.274900E+4
1.968000E-2	0.000000E+0	3.271600E+4
1.970000E-2	0.000000E+0	3.270700E+4
1.972000E-2	0.000000E+0	3.246800E+4
1.974000E-2	0.000000E+0	3.267200E+4
1.976000E-2	0.000000E+0	3.234800E+4
1.978000E-2	0.000000E+0	3.265600E+4
1.980000E-2	0.000000E+0	3.291100E+4
1.982000E-2	0.000000E+0	3.277200E+4
1.984000E-2	0.000000E+0	3.276500E+4
1.986000E-2	0.000000E+0	3.275800E+4
1.988000E-2	0.000000E+0	3.280700E+4
1.990000E-2	0.000000E+0	3.271300E+4
1.992000E-2	0.000000E+0	3.271600E+4
1.994000E-2	0.000000E+0	3.282700E+4
1.996000E-2	0.000000E+0	3.298800E+4
1.998000E-2	0.000000E+0	3.248400E+4
