

live time:  285823.080000
real time:  331200.153000
sweeps:  14291154.000000
0.000000E+0	0.000000E+0	0.000000E+0
2.000000E-5	0.000000E+0	1.424670E+5
4.000000E-5	0.000000E+0	1.427880E+5
6.000000E-5	0.000000E+0	1.430170E+5
8.000000E-5	0.000000E+0	1.431520E+5
1.000000E-4	0.000000E+0	1.424440E+5
1.200000E-4	0.000000E+0	1.429880E+5
1.400000E-4	0.000000E+0	1.436040E+5
1.600000E-4	0.000000E+0	1.439880E+5
1.800000E-4	0.000000E+0	1.431470E+5
2.000000E-4	0.000000E+0	1.436060E+5
2.200000E-4	0.000000E+0	1.434890E+5
2.400000E-4	0.000000E+0	1.432820E+5
2.600000E-4	0.000000E+0	1.431840E+5
2.800000E-4	0.000000E+0	1.429840E+5
3.000000E-4	0.000000E+0	1.434310E+5
3.200000E-4	0.000000E+0	1.426840E+5
3.400000E-4	0.000000E+0	1.433980E+5
3.600000E-4	0.000000E+0	1.429420E+5
3.800000E-4	0.000000E+0	1.433880E+5
4.000000E-4	0.000000E+0	1.436090E+5
4.200000E-4	0.000000E+0	1.428470E+5
4.400000E-4	0.000000E+0	1.425910E+5
4.600000E-4	0.000000E+0	1.432130E+5
4.800000E-4	0.000000E+0	1.435880E+5
5.000000E-4	0.000000E+0	1.429730E+5
5.200000E-4	0.000000E+0	1.434050E+5
5.400000E-4	0.000000E+0	1.431990E+5
5.600000E-4	0.000000E+0	1.432790E+5
5.800000E-4	0.000000E+0	1.431160E+5
6.000000E-4	0.000000E+0	1.426290E+5
6.200000E-4	0.000000E+0	1.426930E+5
6.400000E-4	0.000000E+0	1.429690E+5
6.600000E-4	0.000000E+0	1.428880E+5
6.800000E-4	0.000000E+0	1.428490E+5
7.000000E-4	0.000000E+0	1.431790E+5
7.200000E-4	0.000000E+0	1.433960E+5
7.400000E-4	0.000000E+0	1.427060E+5
7.600000E-4	0.000000E+0	1.427460E+5
7.800000E-4	0.000000E+0	1.430950E+5
8.000000E-4	0.000000E+0	1.432470E+5
8.200000E-4	0.000000E+0	1.430680E+5
8.400000E-4	0.000000E+0	1.431730E+5
8.600000E-4	0.000000E+0	1.435230E+5
8.800000E-4	0.000000E+0	1.431570E+5
9.000000E-4	0.000000E+0	1.422000E+5
9.200000E-4	0.000000E+0	1.429480E+5
9.400000E-4	0.000000E+0	1.435780E+5
9.600000E-4	0.000000E+0	1.431350E+5
9.800000E-4	0.000000E+0	1.434170E+5
1.000000E-3	0.000000E+0	1.427480E+5
1.020000E-3	0.000000E+0	1.432160E+5
1.040000E-3	0.000000E+0	1.436590E+5
1.060000E-3	0.000000E+0	1.430620E+5
1.080000E-3	0.000000E+0	1.427410E+5
1.100000E-3	0.000000E+0	1.433440E+5
1.120000E-3	0.000000E+0	1.426070E+5
1.140000E-3	0.000000E+0	1.426370E+5
1.160000E-3	0.000000E+0	1.429910E+5
1.180000E-3	0.000000E+0	1.428360E+5
1.200000E-3	0.000000E+0	1.433790E+5
1.220000E-3	0.000000E+0	1.427310E+5
1.240000E-3	0.000000E+0	1.434540E+5
1.260000E-3	0.000000E+0	1.428800E+5
1.280000E-3	0.000000E+0	1.432020E+5
1.300000E-3	0.000000E+0	1.433370E+5
1.320000E-3	0.000000E+0	1.428300E+5
1.340000E-3	0.000000E+0	1.435280E+5
1.360000E-3	0.000000E+0	1.426690E+5
1.380000E-3	0.000000E+0	1.433980E+5
1.400000E-3	0.000000E+0	1.434170E+5
1.420000E-3	0.000000E+0	1.430650E+5
1.440000E-3	0.000000E+0	1.432720E+5
1.460000E-3	0.000000E+0	1.435500E+5
1.480000E-3	0.000000E+0	1.430770E+5
1.500000E-3	0.000000E+0	1.420810E+5
1.520000E-3	0.000000E+0	1.429370E+5
1.540000E-3	0.000000E+0	1.434890E+5
1.560000E-3	0.000000E+0	1.435020E+5
1.580000E-3	0.000000E+0	1.429160E+5
1.600000E-3	0.000000E+0	1.434580E+5
1.620000E-3	0.000000E+0	1.439910E+5
1.640000E-3	0.000000E+0	1.431090E+5
1.660000E-3	0.000000E+0	1.430780E+5
1.680000E-3	0.000000E+0	1.432680E+5
1.700000E-3	0.000000E+0	1.426150E+5
1.720000E-3	0.000000E+0	1.428320E+5
1.740000E-3	0.000000E+0	1.430380E+5
1.760000E-3	0.000000E+0	1.436110E+5
1.780000E-3	0.000000E+0	1.435240E+5
1.800000E-3	0.000000E+0	1.428000E+5
1.820000E-3	0.000000E+0	1.439530E+5
1.840000E-3	0.000000E+0	1.435690E+5
1.860000E-3	0.000000E+0	1.434600E+5
1.880000E-3	0.000000E+0	1.434230E+5
1.900000E-3	0.000000E+0	1.433210E+5
1.920000E-3	0.000000E+0	1.434530E+5
1.940000E-3	0.000000E+0	1.429350E+5
1.960000E-3	0.000000E+0	1.433570E+5
1.980000E-3	0.000000E+0	1.436600E+5
2.000000E-3	0.000000E+0	1.432180E+5
2.020000E-3	0.000000E+0	1.433960E+5
2.040000E-3	0.000000E+0	1.429570E+5
2.060000E-3	0.000000E+0	1.440410E+5
2.080000E-3	0.000000E+0	1.425870E+5
2.100000E-3	0.000000E+0	1.425800E+5
2.120000E-3	0.000000E+0	1.434030E+5
2.140000E-3	0.000000E+0	1.433620E+5
2.160000E-3	0.000000E+0	1.431090E+5
2.180000E-3	0.000000E+0	1.433470E+5
2.200000E-3	0.000000E+0	1.431010E+5
2.220000E-3	0.000000E+0	1.425270E+5
2.240000E-3	0.000000E+0	1.434700E+5
2.260000E-3	0.000000E+0	1.433900E+5
2.280000E-3	0.000000E+0	1.434510E+5
2.300000E-3	0.000000E+0	1.435570E+5
2.320000E-3	0.000000E+0	1.431390E+5
2.340000E-3	0.000000E+0	1.423010E+5
2.360000E-3	0.000000E+0	1.432740E+5
2.380000E-3	0.000000E+0	1.429900E+5
2.400000E-3	0.000000E+0	1.436180E+5
2.420000E-3	0.000000E+0	1.431450E+5
2.440000E-3	0.000000E+0	1.427620E+5
2.460000E-3	0.000000E+0	1.428850E+5
2.480000E-3	0.000000E+0	1.428950E+5
2.500000E-3	0.000000E+0	1.431200E+5
2.520000E-3	0.000000E+0	1.432150E+5
2.540000E-3	0.000000E+0	1.431580E+5
2.560000E-3	0.000000E+0	1.425160E+5
2.580000E-3	0.000000E+0	1.433640E+5
2.600000E-3	0.000000E+0	1.434950E+5
2.620000E-3	0.000000E+0	1.428140E+5
2.640000E-3	0.000000E+0	1.431950E+5
2.660000E-3	0.000000E+0	1.427650E+5
2.680000E-3	0.000000E+0	1.436360E+5
2.700000E-3	0.000000E+0	1.431020E+5
2.720000E-3	0.000000E+0	1.426630E+5
2.740000E-3	0.000000E+0	1.428690E+5
2.760000E-3	0.000000E+0	1.435190E+5
2.780000E-3	0.000000E+0	1.431780E+5
2.800000E-3	0.000000E+0	1.427210E+5
2.820000E-3	0.000000E+0	1.427250E+5
2.840000E-3	0.000000E+0	1.429960E+5
2.860000E-3	0.000000E+0	1.432830E+5
2.880000E-3	0.000000E+0	1.436850E+5
2.900000E-3	0.000000E+0	1.425190E+5
2.920000E-3	0.000000E+0	1.430370E+5
2.940000E-3	0.000000E+0	1.431640E+5
2.960000E-3	0.000000E+0	1.432120E+5
2.980000E-3	0.000000E+0	1.430140E+5
3.000000E-3	0.000000E+0	1.426730E+5
3.020000E-3	0.000000E+0	1.432330E+5
3.040000E-3	0.000000E+0	1.432090E+5
3.060000E-3	0.000000E+0	1.430410E+5
3.080000E-3	0.000000E+0	1.429320E+5
3.100000E-3	0.000000E+0	1.432400E+5
3.120000E-3	0.000000E+0	1.429200E+5
3.140000E-3	0.000000E+0	1.425170E+5
3.160000E-3	0.000000E+0	1.426420E+5
3.180000E-3	0.000000E+0	1.425220E+5
3.200000E-3	0.000000E+0	1.435570E+5
3.220000E-3	0.000000E+0	1.428480E+5
3.240000E-3	0.000000E+0	1.431000E+5
3.260000E-3	0.000000E+0	1.432460E+5
3.280000E-3	0.000000E+0	1.434080E+5
3.300000E-3	0.000000E+0	1.431760E+5
3.320000E-3	0.000000E+0	1.432410E+5
3.340000E-3	0.000000E+0	1.428790E+5
3.360000E-3	0.000000E+0	1.432830E+5
3.380000E-3	0.000000E+0	1.424850E+5
3.400000E-3	0.000000E+0	1.430200E+5
3.420000E-3	0.000000E+0	1.433550E+5
3.440000E-3	0.000000E+0	1.429490E+5
3.460000E-3	0.000000E+0	1.434030E+5
3.480000E-3	0.000000E+0	1.434310E+5
3.500000E-3	0.000000E+0	1.436750E+5
3.520000E-3	0.000000E+0	1.432310E+5
3.540000E-3	0.000000E+0	1.439960E+5
3.560000E-3	0.000000E+0	1.433000E+5
3.580000E-3	0.000000E+0	1.431850E+5
3.600000E-3	0.000000E+0	1.421610E+5
3.620000E-3	0.000000E+0	1.432080E+5
3.640000E-3	0.000000E+0	1.434800E+5
3.660000E-3	0.000000E+0	1.432370E+5
3.680000E-3	0.000000E+0	1.436300E+5
3.700000E-3	0.000000E+0	1.429580E+5
3.720000E-3	0.000000E+0	1.426950E+5
3.740000E-3	0.000000E+0	1.430410E+5
3.760000E-3	0.000000E+0	1.433280E+5
3.780000E-3	0.000000E+0	1.429040E+5
3.800000E-3	0.000000E+0	1.426380E+5
3.820000E-3	0.000000E+0	1.428730E+5
3.840000E-3	0.000000E+0	1.433660E+5
3.860000E-3	0.000000E+0	1.433990E+5
3.880000E-3	0.000000E+0	1.428790E+5
3.900000E-3	0.000000E+0	1.422720E+5
3.920000E-3	0.000000E+0	1.436220E+5
3.940000E-3	0.000000E+0	1.432120E+5
3.960000E-3	0.000000E+0	1.430190E+5
3.980000E-3	0.000000E+0	1.429690E+5
4.000000E-3	0.000000E+0	1.428480E+5
4.020000E-3	0.000000E+0	1.434380E+5
4.040000E-3	0.000000E+0	1.430390E+5
4.060000E-3	0.000000E+0	1.425770E+5
4.080000E-3	0.000000E+0	1.430940E+5
4.100000E-3	0.000000E+0	1.432580E+5
4.120000E-3	0.000000E+0	1.429590E+5
4.140000E-3	0.000000E+0	1.434270E+5
4.160000E-3	0.000000E+0	1.428470E+5
4.180000E-3	0.000000E+0	1.432740E+5
4.200000E-3	0.000000E+0	1.425890E+5
4.220000E-3	0.000000E+0	1.435760E+5
4.240000E-3	0.000000E+0	1.428590E+5
4.260000E-3	0.000000E+0	1.430870E+5
4.280000E-3	0.000000E+0	1.437460E+5
4.300000E-3	0.000000E+0	1.430970E+5
4.320000E-3	0.000000E+0	1.435750E+5
4.340000E-3	0.000000E+0	1.430550E+5
4.360000E-3	0.000000E+0	1.435680E+5
4.380000E-3	0.000000E+0	1.423680E+5
4.400000E-3	0.000000E+0	1.438270E+5
4.420000E-3	0.000000E+0	1.429420E+5
4.440000E-3	0.000000E+0	1.432900E+5
4.460000E-3	0.000000E+0	1.435720E+5
4.480000E-3	0.000000E+0	1.431630E+5
4.500000E-3	0.000000E+0	1.424430E+5
4.520000E-3	0.000000E+0	1.434390E+5
4.540000E-3	0.000000E+0	1.433840E+5
4.560000E-3	0.000000E+0	1.436680E+5
4.580000E-3	0.000000E+0	1.436080E+5
4.600000E-3	0.000000E+0	1.436230E+5
4.620000E-3	0.000000E+0	1.431640E+5
4.640000E-3	0.000000E+0	1.437140E+5
4.660000E-3	0.000000E+0	1.429700E+5
4.680000E-3	0.000000E+0	1.433000E+5
4.700000E-3	0.000000E+0	1.429420E+5
4.720000E-3	0.000000E+0	1.432260E+5
4.740000E-3	0.000000E+0	1.428530E+5
4.760000E-3	0.000000E+0	1.426450E+5
4.780000E-3	0.000000E+0	1.423860E+5
4.800000E-3	0.000000E+0	1.437160E+5
4.820000E-3	0.000000E+0	1.430830E+5
4.840000E-3	0.000000E+0	1.430550E+5
4.860000E-3	0.000000E+0	1.434140E+5
4.880000E-3	0.000000E+0	1.433480E+5
4.900000E-3	0.000000E+0	1.436070E+5
4.920000E-3	0.000000E+0	1.429350E+5
4.940000E-3	0.000000E+0	1.436830E+5
4.960000E-3	0.000000E+0	1.433080E+5
4.980000E-3	0.000000E+0	1.428460E+5
5.000000E-3	0.000000E+0	1.426740E+5
5.020000E-3	0.000000E+0	1.430080E+5
5.040000E-3	0.000000E+0	1.429510E+5
5.060000E-3	0.000000E+0	1.436530E+5
5.080000E-3	0.000000E+0	1.429730E+5
5.100000E-3	0.000000E+0	1.431770E+5
5.120000E-3	0.000000E+0	1.437770E+5
5.140000E-3	0.000000E+0	1.427900E+5
5.160000E-3	0.000000E+0	1.436090E+5
5.180000E-3	0.000000E+0	1.425530E+5
5.200000E-3	0.000000E+0	1.425560E+5
5.220000E-3	0.000000E+0	1.426560E+5
5.240000E-3	0.000000E+0	1.424160E+5
5.260000E-3	0.000000E+0	1.430730E+5
5.280000E-3	0.000000E+0	1.423310E+5
5.300000E-3	0.000000E+0	1.423490E+5
5.320000E-3	0.000000E+0	1.427550E+5
5.340000E-3	0.000000E+0	1.423630E+5
5.360000E-3	0.000000E+0	1.429600E+5
5.380000E-3	0.000000E+0	1.423150E+5
5.400000E-3	0.000000E+0	1.421730E+5
5.420000E-3	0.000000E+0	1.421590E+5
5.440000E-3	0.000000E+0	1.417630E+5
5.460000E-3	0.000000E+0	1.421760E+5
5.480000E-3	0.000000E+0	1.417160E+5
5.500000E-3	0.000000E+0	1.409790E+5
5.520000E-3	0.000000E+0	1.417600E+5
5.540000E-3	0.000000E+0	1.412570E+5
5.560000E-3	0.000000E+0	1.415650E+5
5.580000E-3	0.000000E+0	1.408050E+5
5.600000E-3	0.000000E+0	1.410600E+5
5.620000E-3	0.000000E+0	1.394150E+5
5.640000E-3	0.000000E+0	1.387050E+5
5.660000E-3	0.000000E+0	1.369940E+5
5.680000E-3	0.000000E+0	1.348960E+5
5.700000E-3	0.000000E+0	1.323870E+5
5.720000E-3	0.000000E+0	1.272950E+5
5.740000E-3	0.000000E+0	1.204680E+5
5.760000E-3	0.000000E+0	1.121520E+5
5.780000E-3	0.000000E+0	1.014490E+5
5.800000E-3	0.000000E+0	9.221000E+4
5.820000E-3	0.000000E+0	8.673800E+4
5.840000E-3	0.000000E+0	8.636000E+4
5.860000E-3	0.000000E+0	9.042000E+4
5.880000E-3	0.000000E+0	9.926900E+4
5.900000E-3	0.000000E+0	1.098790E+5
5.920000E-3	0.000000E+0	1.197440E+5
5.940000E-3	0.000000E+0	1.276850E+5
5.960000E-3	0.000000E+0	1.318800E+5
5.980000E-3	0.000000E+0	1.355420E+5
6.000000E-3	0.000000E+0	1.378680E+5
6.020000E-3	0.000000E+0	1.388240E+5
6.040000E-3	0.000000E+0	1.395430E+5
6.060000E-3	0.000000E+0	1.400020E+5
6.080000E-3	0.000000E+0	1.408230E+5
6.100000E-3	0.000000E+0	1.409240E+5
6.120000E-3	0.000000E+0	1.413560E+5
6.140000E-3	0.000000E+0	1.417800E+5
6.160000E-3	0.000000E+0	1.415090E+5
6.180000E-3	0.000000E+0	1.421520E+5
6.200000E-3	0.000000E+0	1.421390E+5
6.220000E-3	0.000000E+0	1.420760E+5
6.240000E-3	0.000000E+0	1.419990E+5
6.260000E-3	0.000000E+0	1.425580E+5
6.280000E-3	0.000000E+0	1.428870E+5
6.300000E-3	0.000000E+0	1.426360E+5
6.320000E-3	0.000000E+0	1.420300E+5
6.340000E-3	0.000000E+0	1.428590E+5
6.360000E-3	0.000000E+0	1.423220E+5
6.380000E-3	0.000000E+0	1.426070E+5
6.400000E-3	0.000000E+0	1.430750E+5
6.420000E-3	0.000000E+0	1.435250E+5
6.440000E-3	0.000000E+0	1.421460E+5
6.460000E-3	0.000000E+0	1.427590E+5
6.480000E-3	0.000000E+0	1.431600E+5
6.500000E-3	0.000000E+0	1.428460E+5
6.520000E-3	0.000000E+0	1.427960E+5
6.540000E-3	0.000000E+0	1.430490E+5
6.560000E-3	0.000000E+0	1.430000E+5
6.580000E-3	0.000000E+0	1.429170E+5
6.600000E-3	0.000000E+0	1.426110E+5
6.620000E-3	0.000000E+0	1.428110E+5
6.640000E-3	0.000000E+0	1.427000E+5
6.660000E-3	0.000000E+0	1.431530E+5
6.680000E-3	0.000000E+0	1.426590E+5
6.700000E-3	0.000000E+0	1.428640E+5
6.720000E-3	0.000000E+0	1.426820E+5
6.740000E-3	0.000000E+0	1.431080E+5
6.760000E-3	0.000000E+0	1.433700E+5
6.780000E-3	0.000000E+0	1.432690E+5
6.800000E-3	0.000000E+0	1.428740E+5
6.820000E-3	0.000000E+0	1.429200E+5
6.840000E-3	0.000000E+0	1.428020E+5
6.860000E-3	0.000000E+0	1.437760E+5
6.880000E-3	0.000000E+0	1.428800E+5
6.900000E-3	0.000000E+0	1.431320E+5
6.920000E-3	0.000000E+0	1.438090E+5
6.940000E-3	0.000000E+0	1.428990E+5
6.960000E-3	0.000000E+0	1.419630E+5
6.980000E-3	0.000000E+0	1.431730E+5
7.000000E-3	0.000000E+0	1.433880E+5
7.020000E-3	0.000000E+0	1.429290E+5
7.040000E-3	0.000000E+0	1.425280E+5
7.060000E-3	0.000000E+0	1.431430E+5
7.080000E-3	0.000000E+0	1.430830E+5
7.100000E-3	0.000000E+0	1.425500E+5
7.120000E-3	0.000000E+0	1.428020E+5
7.140000E-3	0.000000E+0	1.435950E+5
7.160000E-3	0.000000E+0	1.437290E+5
7.180000E-3	0.000000E+0	1.436460E+5
7.200000E-3	0.000000E+0	1.426720E+5
7.220000E-3	0.000000E+0	1.432160E+5
7.240000E-3	0.000000E+0	1.432770E+5
7.260000E-3	0.000000E+0	1.435380E+5
7.280000E-3	0.000000E+0	1.426920E+5
7.300000E-3	0.000000E+0	1.431180E+5
7.320000E-3	0.000000E+0	1.433690E+5
7.340000E-3	0.000000E+0	1.429090E+5
7.360000E-3	0.000000E+0	1.429480E+5
7.380000E-3	0.000000E+0	1.432120E+5
7.400000E-3	0.000000E+0	1.430270E+5
7.420000E-3	0.000000E+0	1.433940E+5
7.440000E-3	0.000000E+0	1.432680E+5
7.460000E-3	0.000000E+0	1.428760E+5
7.480000E-3	0.000000E+0	1.433580E+5
7.500000E-3	0.000000E+0	1.421560E+5
7.520000E-3	0.000000E+0	1.435170E+5
7.540000E-3	0.000000E+0	1.431260E+5
7.560000E-3	0.000000E+0	1.433210E+5
7.580000E-3	0.000000E+0	1.427200E+5
7.600000E-3	0.000000E+0	1.426960E+5
7.620000E-3	0.000000E+0	1.436000E+5
7.640000E-3	0.000000E+0	1.433830E+5
7.660000E-3	0.000000E+0	1.436800E+5
7.680000E-3	0.000000E+0	1.435580E+5
7.700000E-3	0.000000E+0	1.430240E+5
7.720000E-3	0.000000E+0	1.433740E+5
7.740000E-3	0.000000E+0	1.427760E+5
7.760000E-3	0.000000E+0	1.436530E+5
7.780000E-3	0.000000E+0	1.428240E+5
7.800000E-3	0.000000E+0	1.436640E+5
7.820000E-3	0.000000E+0	1.431640E+5
7.840000E-3	0.000000E+0	1.432070E+5
7.860000E-3	0.000000E+0	1.432080E+5
7.880000E-3	0.000000E+0	1.434500E+5
7.900000E-3	0.000000E+0	1.437000E+5
7.920000E-3	0.000000E+0	1.432000E+5
7.940000E-3	0.000000E+0	1.430490E+5
7.960000E-3	0.000000E+0	1.432680E+5
7.980000E-3	0.000000E+0	1.426790E+5
8.000000E-3	0.000000E+0	1.424610E+5
8.020000E-3	0.000000E+0	1.427950E+5
8.040000E-3	0.000000E+0	1.425940E+5
8.060000E-3	0.000000E+0	1.430120E+5
8.080000E-3	0.000000E+0	1.443150E+5
8.100000E-3	0.000000E+0	1.425930E+5
8.120000E-3	0.000000E+0	1.429490E+5
8.140000E-3	0.000000E+0	1.431790E+5
8.160000E-3	0.000000E+0	1.430010E+5
8.180000E-3	0.000000E+0	1.427590E+5
8.200000E-3	0.000000E+0	1.430160E+5
8.220000E-3	0.000000E+0	1.425520E+5
8.240000E-3	0.000000E+0	1.431510E+5
8.260000E-3	0.000000E+0	1.424370E+5
8.280000E-3	0.000000E+0	1.435620E+5
8.300000E-3	0.000000E+0	1.435460E+5
8.320000E-3	0.000000E+0	1.430670E+5
8.340000E-3	0.000000E+0	1.434450E+5
8.360000E-3	0.000000E+0	1.428400E+5
8.380000E-3	0.000000E+0	1.437210E+5
8.400000E-3	0.000000E+0	1.434170E+5
8.420000E-3	0.000000E+0	1.431160E+5
8.440000E-3	0.000000E+0	1.432650E+5
8.460000E-3	0.000000E+0	1.432980E+5
8.480000E-3	0.000000E+0	1.432470E+5
8.500000E-3	0.000000E+0	1.431180E+5
8.520000E-3	0.000000E+0	1.428500E+5
8.540000E-3	0.000000E+0	1.434690E+5
8.560000E-3	0.000000E+0	1.435730E+5
8.580000E-3	0.000000E+0	1.428180E+5
8.600000E-3	0.000000E+0	1.432010E+5
8.620000E-3	0.000000E+0	1.431110E+5
8.640000E-3	0.000000E+0	1.432860E+5
8.660000E-3	0.000000E+0	1.431050E+5
8.680000E-3	0.000000E+0	1.433550E+5
8.700000E-3	0.000000E+0	1.435220E+5
8.720000E-3	0.000000E+0	1.431590E+5
8.740000E-3	0.000000E+0	1.432640E+5
8.760000E-3	0.000000E+0	1.441080E+5
8.780000E-3	0.000000E+0	1.428300E+5
8.800000E-3	0.000000E+0	1.430710E+5
8.820000E-3	0.000000E+0	1.435150E+5
8.840000E-3	0.000000E+0	1.434940E+5
8.860000E-3	0.000000E+0	1.432540E+5
8.880000E-3	0.000000E+0	1.429860E+5
8.900000E-3	0.000000E+0	1.440510E+5
8.920000E-3	0.000000E+0	1.432360E+5
8.940000E-3	0.000000E+0	1.430570E+5
8.960000E-3	0.000000E+0	1.431970E+5
8.980000E-3	0.000000E+0	1.424090E+5
9.000000E-3	0.000000E+0	1.430620E+5
9.020000E-3	0.000000E+0	1.432100E+5
9.040000E-3	0.000000E+0	1.435030E+5
9.060000E-3	0.000000E+0	1.430590E+5
9.080000E-3	0.000000E+0	1.434720E+5
9.100000E-3	0.000000E+0	1.430690E+5
9.120000E-3	0.000000E+0	1.434420E+5
9.140000E-3	0.000000E+0	1.431180E+5
9.160000E-3	0.000000E+0	1.419320E+5
9.180000E-3	0.000000E+0	1.428030E+5
9.200000E-3	0.000000E+0	1.434590E+5
9.220000E-3	0.000000E+0	1.431200E+5
9.240000E-3	0.000000E+0	1.429800E+5
9.260000E-3	0.000000E+0	1.432430E+5
9.280000E-3	0.000000E+0	1.428410E+5
9.300000E-3	0.000000E+0	1.433320E+5
9.320000E-3	0.000000E+0	1.431430E+5
9.340000E-3	0.000000E+0	1.434240E+5
9.360000E-3	0.000000E+0	1.429380E+5
9.380000E-3	0.000000E+0	1.433590E+5
9.400000E-3	0.000000E+0	1.430380E+5
9.420000E-3	0.000000E+0	1.427900E+5
9.440000E-3	0.000000E+0	1.428730E+5
9.460000E-3	0.000000E+0	1.432320E+5
9.480000E-3	0.000000E+0	1.428810E+5
9.500000E-3	0.000000E+0	1.436120E+5
9.520000E-3	0.000000E+0	1.432170E+5
9.540000E-3	0.000000E+0	1.423090E+5
9.560000E-3	0.000000E+0	1.432830E+5
9.580000E-3	0.000000E+0	1.436320E+5
9.600000E-3	0.000000E+0	1.425360E+5
9.620000E-3	0.000000E+0	1.432330E+5
9.640000E-3	0.000000E+0	1.433710E+5
9.660000E-3	0.000000E+0	1.432280E+5
9.680000E-3	0.000000E+0	1.424940E+5
9.700000E-3	0.000000E+0	1.434040E+5
9.720000E-3	0.000000E+0	1.434400E+5
9.740000E-3	0.000000E+0	1.439200E+5
9.760000E-3	0.000000E+0	1.429260E+5
9.780000E-3	0.000000E+0	1.431870E+5
9.800000E-3	0.000000E+0	1.433260E+5
9.820000E-3	0.000000E+0	1.428120E+5
9.840000E-3	0.000000E+0	1.434290E+5
9.860000E-3	0.000000E+0	1.435050E+5
9.880000E-3	0.000000E+0	1.436390E+5
9.900000E-3	0.000000E+0	1.435640E+5
9.920000E-3	0.000000E+0	1.438780E+5
9.940000E-3	0.000000E+0	1.425160E+5
9.960000E-3	0.000000E+0	1.423630E+5
9.980000E-3	0.000000E+0	1.432200E+5
1.000000E-2	0.000000E+0	1.432480E+5
1.002000E-2	0.000000E+0	1.428030E+5
1.004000E-2	0.000000E+0	1.430000E+5
1.006000E-2	0.000000E+0	1.428200E+5
1.008000E-2	0.000000E+0	1.433480E+5
1.010000E-2	0.000000E+0	1.433600E+5
1.012000E-2	0.000000E+0	1.431000E+5
1.014000E-2	0.000000E+0	1.438410E+5
1.016000E-2	0.000000E+0	1.436910E+5
1.018000E-2	0.000000E+0	1.431150E+5
1.020000E-2	0.000000E+0	1.437950E+5
1.022000E-2	0.000000E+0	1.436210E+5
1.024000E-2	0.000000E+0	1.433130E+5
1.026000E-2	0.000000E+0	1.431020E+5
1.028000E-2	0.000000E+0	1.432010E+5
1.030000E-2	0.000000E+0	1.430660E+5
1.032000E-2	0.000000E+0	1.434720E+5
1.034000E-2	0.000000E+0	1.433550E+5
1.036000E-2	0.000000E+0	1.432370E+5
1.038000E-2	0.000000E+0	1.430970E+5
1.040000E-2	0.000000E+0	1.433510E+5
1.042000E-2	0.000000E+0	1.428600E+5
1.044000E-2	0.000000E+0	1.436410E+5
1.046000E-2	0.000000E+0	1.431400E+5
1.048000E-2	0.000000E+0	1.437530E+5
1.050000E-2	0.000000E+0	1.428890E+5
1.052000E-2	0.000000E+0	1.430120E+5
1.054000E-2	0.000000E+0	1.429200E+5
1.056000E-2	0.000000E+0	1.434420E+5
1.058000E-2	0.000000E+0	1.432340E+5
1.060000E-2	0.000000E+0	1.421620E+5
1.062000E-2	0.000000E+0	1.427260E+5
1.064000E-2	0.000000E+0	1.429770E+5
1.066000E-2	0.000000E+0	1.434030E+5
1.068000E-2	0.000000E+0	1.430640E+5
1.070000E-2	0.000000E+0	1.426900E+5
1.072000E-2	0.000000E+0	1.429840E+5
1.074000E-2	0.000000E+0	1.431250E+5
1.076000E-2	0.000000E+0	1.431530E+5
1.078000E-2	0.000000E+0	1.429860E+5
1.080000E-2	0.000000E+0	1.430640E+5
1.082000E-2	0.000000E+0	1.428650E+5
1.084000E-2	0.000000E+0	1.426670E+5
1.086000E-2	0.000000E+0	1.426110E+5
1.088000E-2	0.000000E+0	1.432870E+5
1.090000E-2	0.000000E+0	1.433880E+5
1.092000E-2	0.000000E+0	1.426820E+5
1.094000E-2	0.000000E+0	1.430080E+5
1.096000E-2	0.000000E+0	1.432880E+5
1.098000E-2	0.000000E+0	1.433200E+5
1.100000E-2	0.000000E+0	1.433250E+5
1.102000E-2	0.000000E+0	1.424200E+5
1.104000E-2	0.000000E+0	1.435250E+5
1.106000E-2	0.000000E+0	1.425200E+5
1.108000E-2	0.000000E+0	1.437640E+5
1.110000E-2	0.000000E+0	1.435280E+5
1.112000E-2	0.000000E+0	1.428520E+5
1.114000E-2	0.000000E+0	1.431110E+5
1.116000E-2	0.000000E+0	1.426720E+5
1.118000E-2	0.000000E+0	1.429910E+5
1.120000E-2	0.000000E+0	1.426850E+5
1.122000E-2	0.000000E+0	1.427140E+5
1.124000E-2	0.000000E+0	1.435740E+5
1.126000E-2	0.000000E+0	1.436170E+5
1.128000E-2	0.000000E+0	1.436510E+5
1.130000E-2	0.000000E+0	1.426000E+5
1.132000E-2	0.000000E+0	1.436600E+5
1.134000E-2	0.000000E+0	1.434690E+5
1.136000E-2	0.000000E+0	1.428200E+5
1.138000E-2	0.000000E+0	1.429840E+5
1.140000E-2	0.000000E+0	1.432080E+5
1.142000E-2	0.000000E+0	1.430270E+5
1.144000E-2	0.000000E+0	1.428810E+5
1.146000E-2	0.000000E+0	1.435640E+5
1.148000E-2	0.000000E+0	1.431900E+5
1.150000E-2	0.000000E+0	1.430020E+5
1.152000E-2	0.000000E+0	1.430170E+5
1.154000E-2	0.000000E+0	1.429310E+5
1.156000E-2	0.000000E+0	1.432820E+5
1.158000E-2	0.000000E+0	1.431250E+5
1.160000E-2	0.000000E+0	1.432760E+5
1.162000E-2	0.000000E+0	1.431090E+5
1.164000E-2	0.000000E+0	1.431480E+5
1.166000E-2	0.000000E+0	1.422070E+5
1.168000E-2	0.000000E+0	1.434290E+5
1.170000E-2	0.000000E+0	1.436540E+5
1.172000E-2	0.000000E+0	1.425330E+5
1.174000E-2	0.000000E+0	1.430000E+5
1.176000E-2	0.000000E+0	1.429520E+5
1.178000E-2	0.000000E+0	1.434160E+5
1.180000E-2	0.000000E+0	1.429640E+5
1.182000E-2	0.000000E+0	1.436010E+5
1.184000E-2	0.000000E+0	1.431920E+5
1.186000E-2	0.000000E+0	1.426290E+5
1.188000E-2	0.000000E+0	1.425440E+5
1.190000E-2	0.000000E+0	1.431160E+5
1.192000E-2	0.000000E+0	1.428560E+5
1.194000E-2	0.000000E+0	1.432740E+5
1.196000E-2	0.000000E+0	1.428660E+5
1.198000E-2	0.000000E+0	1.429200E+5
1.200000E-2	0.000000E+0	1.426230E+5
1.202000E-2	0.000000E+0	1.428490E+5
1.204000E-2	0.000000E+0	1.430950E+5
1.206000E-2	0.000000E+0	1.436100E+5
1.208000E-2	0.000000E+0	1.432880E+5
1.210000E-2	0.000000E+0	1.433780E+5
1.212000E-2	0.000000E+0	1.423960E+5
1.214000E-2	0.000000E+0	1.427290E+5
1.216000E-2	0.000000E+0	1.433700E+5
1.218000E-2	0.000000E+0	1.429440E+5
1.220000E-2	0.000000E+0	1.432520E+5
1.222000E-2	0.000000E+0	1.434150E+5
1.224000E-2	0.000000E+0	1.428930E+5
1.226000E-2	0.000000E+0	1.422520E+5
1.228000E-2	0.000000E+0	1.432290E+5
1.230000E-2	0.000000E+0	1.423440E+5
1.232000E-2	0.000000E+0	1.432070E+5
1.234000E-2	0.000000E+0	1.433020E+5
1.236000E-2	0.000000E+0	1.430640E+5
1.238000E-2	0.000000E+0	1.427750E+5
1.240000E-2	0.000000E+0	1.426920E+5
1.242000E-2	0.000000E+0	1.434340E+5
1.244000E-2	0.000000E+0	1.431540E+5
1.246000E-2	0.000000E+0	1.422720E+5
1.248000E-2	0.000000E+0	1.432330E+5
1.250000E-2	0.000000E+0	1.432750E+5
1.252000E-2	0.000000E+0	1.430590E+5
1.254000E-2	0.000000E+0	1.424490E+5
1.256000E-2	0.000000E+0	1.431430E+5
1.258000E-2	0.000000E+0	1.434810E+5
1.260000E-2	0.000000E+0	1.437640E+5
1.262000E-2	0.000000E+0	1.423390E+5
1.264000E-2	0.000000E+0	1.432810E+5
1.266000E-2	0.000000E+0	1.431750E+5
1.268000E-2	0.000000E+0	1.433710E+5
1.270000E-2	0.000000E+0	1.432640E+5
1.272000E-2	0.000000E+0	1.427370E+5
1.274000E-2	0.000000E+0	1.428780E+5
1.276000E-2	0.000000E+0	1.436630E+5
1.278000E-2	0.000000E+0	1.431330E+5
1.280000E-2	0.000000E+0	1.431050E+5
1.282000E-2	0.000000E+0	1.423910E+5
1.284000E-2	0.000000E+0	1.434760E+5
1.286000E-2	0.000000E+0	1.434740E+5
1.288000E-2	0.000000E+0	1.431690E+5
1.290000E-2	0.000000E+0	1.426280E+5
1.292000E-2	0.000000E+0	1.429470E+5
1.294000E-2	0.000000E+0	1.428810E+5
1.296000E-2	0.000000E+0	1.430200E+5
1.298000E-2	0.000000E+0	1.432860E+5
1.300000E-2	0.000000E+0	1.424670E+5
1.302000E-2	0.000000E+0	1.432290E+5
1.304000E-2	0.000000E+0	1.431840E+5
1.306000E-2	0.000000E+0	1.427360E+5
1.308000E-2	0.000000E+0	1.438730E+5
1.310000E-2	0.000000E+0	1.434990E+5
1.312000E-2	0.000000E+0	1.429710E+5
1.314000E-2	0.000000E+0	1.430380E+5
1.316000E-2	0.000000E+0	1.431360E+5
1.318000E-2	0.000000E+0	1.428600E+5
1.320000E-2	0.000000E+0	1.432920E+5
1.322000E-2	0.000000E+0	1.426580E+5
1.324000E-2	0.000000E+0	1.426420E+5
1.326000E-2	0.000000E+0	1.433020E+5
1.328000E-2	0.000000E+0	1.435660E+5
1.330000E-2	0.000000E+0	1.433810E+5
1.332000E-2	0.000000E+0	1.434620E+5
1.334000E-2	0.000000E+0	1.429310E+5
1.336000E-2	0.000000E+0	1.428900E+5
1.338000E-2	0.000000E+0	1.426140E+5
1.340000E-2	0.000000E+0	1.434730E+5
1.342000E-2	0.000000E+0	1.436530E+5
1.344000E-2	0.000000E+0	1.432260E+5
1.346000E-2	0.000000E+0	1.429010E+5
1.348000E-2	0.000000E+0	1.427120E+5
1.350000E-2	0.000000E+0	1.431190E+5
1.352000E-2	0.000000E+0	1.432250E+5
1.354000E-2	0.000000E+0	1.430830E+5
1.356000E-2	0.000000E+0	1.429390E+5
1.358000E-2	0.000000E+0	1.415010E+5
1.360000E-2	0.000000E+0	1.426880E+5
1.362000E-2	0.000000E+0	1.425300E+5
1.364000E-2	0.000000E+0	1.426830E+5
1.366000E-2	0.000000E+0	1.427220E+5
1.368000E-2	0.000000E+0	1.434040E+5
1.370000E-2	0.000000E+0	1.434060E+5
1.372000E-2	0.000000E+0	1.428380E+5
1.374000E-2	0.000000E+0	1.428510E+5
1.376000E-2	0.000000E+0	1.432250E+5
1.378000E-2	0.000000E+0	1.437670E+5
1.380000E-2	0.000000E+0	1.423590E+5
1.382000E-2	0.000000E+0	1.423590E+5
1.384000E-2	0.000000E+0	1.425140E+5
1.386000E-2	0.000000E+0	1.433940E+5
1.388000E-2	0.000000E+0	1.430580E+5
1.390000E-2	0.000000E+0	1.433490E+5
1.392000E-2	0.000000E+0	1.426290E+5
1.394000E-2	0.000000E+0	1.436310E+5
1.396000E-2	0.000000E+0	1.426770E+5
1.398000E-2	0.000000E+0	1.433630E+5
1.400000E-2	0.000000E+0	1.430340E+5
1.402000E-2	0.000000E+0	1.430520E+5
1.404000E-2	0.000000E+0	1.435300E+5
1.406000E-2	0.000000E+0	1.425090E+5
1.408000E-2	0.000000E+0	1.435620E+5
1.410000E-2	0.000000E+0	1.428890E+5
1.412000E-2	0.000000E+0	1.425770E+5
1.414000E-2	0.000000E+0	1.424940E+5
1.416000E-2	0.000000E+0	1.436170E+5
1.418000E-2	0.000000E+0	1.432020E+5
1.420000E-2	0.000000E+0	1.434330E+5
1.422000E-2	0.000000E+0	1.428190E+5
1.424000E-2	0.000000E+0	1.426960E+5
1.426000E-2	0.000000E+0	1.433620E+5
1.428000E-2	0.000000E+0	1.434170E+5
1.430000E-2	0.000000E+0	1.429410E+5
1.432000E-2	0.000000E+0	1.437550E+5
1.434000E-2	0.000000E+0	1.427390E+5
1.436000E-2	0.000000E+0	1.430110E+5
1.438000E-2	0.000000E+0	1.429140E+5
1.440000E-2	0.000000E+0	1.426370E+5
1.442000E-2	0.000000E+0	1.432690E+5
1.444000E-2	0.000000E+0	1.434570E+5
1.446000E-2	0.000000E+0	1.431350E+5
1.448000E-2	0.000000E+0	1.426790E+5
1.450000E-2	0.000000E+0	1.428820E+5
1.452000E-2	0.000000E+0	1.433330E+5
1.454000E-2	0.000000E+0	1.431030E+5
1.456000E-2	0.000000E+0	1.428910E+5
1.458000E-2	0.000000E+0	1.424850E+5
1.460000E-2	0.000000E+0	1.426480E+5
1.462000E-2	0.000000E+0	1.435650E+5
1.464000E-2	0.000000E+0	1.432360E+5
1.466000E-2	0.000000E+0	1.427490E+5
1.468000E-2	0.000000E+0	1.432770E+5
1.470000E-2	0.000000E+0	1.427300E+5
1.472000E-2	0.000000E+0	1.426980E+5
1.474000E-2	0.000000E+0	1.431100E+5
1.476000E-2	0.000000E+0	1.425350E+5
1.478000E-2	0.000000E+0	1.434550E+5
1.480000E-2	0.000000E+0	1.430970E+5
1.482000E-2	0.000000E+0	1.431010E+5
1.484000E-2	0.000000E+0	1.426260E+5
1.486000E-2	0.000000E+0	1.432300E+5
1.488000E-2	0.000000E+0	1.425510E+5
1.490000E-2	0.000000E+0	1.430080E+5
1.492000E-2	0.000000E+0	1.429870E+5
1.494000E-2	0.000000E+0	1.434520E+5
1.496000E-2	0.000000E+0	1.432260E+5
1.498000E-2	0.000000E+0	1.431350E+5
1.500000E-2	0.000000E+0	1.432830E+5
1.502000E-2	0.000000E+0	1.433520E+5
1.504000E-2	0.000000E+0	1.439180E+5
1.506000E-2	0.000000E+0	1.431950E+5
1.508000E-2	0.000000E+0	1.430690E+5
1.510000E-2	0.000000E+0	1.432060E+5
1.512000E-2	0.000000E+0	1.433190E+5
1.514000E-2	0.000000E+0	1.422140E+5
1.516000E-2	0.000000E+0	1.431130E+5
1.518000E-2	0.000000E+0	1.433070E+5
1.520000E-2	0.000000E+0	1.428300E+5
1.522000E-2	0.000000E+0	1.430670E+5
1.524000E-2	0.000000E+0	1.436310E+5
1.526000E-2	0.000000E+0	1.426650E+5
1.528000E-2	0.000000E+0	1.433560E+5
1.530000E-2	0.000000E+0	1.434880E+5
1.532000E-2	0.000000E+0	1.432050E+5
1.534000E-2	0.000000E+0	1.429980E+5
1.536000E-2	0.000000E+0	1.428820E+5
1.538000E-2	0.000000E+0	1.430560E+5
1.540000E-2	0.000000E+0	1.429250E+5
1.542000E-2	0.000000E+0	1.425470E+5
1.544000E-2	0.000000E+0	1.431820E+5
1.546000E-2	0.000000E+0	1.424180E+5
1.548000E-2	0.000000E+0	1.425990E+5
1.550000E-2	0.000000E+0	1.432010E+5
1.552000E-2	0.000000E+0	1.429520E+5
1.554000E-2	0.000000E+0	1.427440E+5
1.556000E-2	0.000000E+0	1.435450E+5
1.558000E-2	0.000000E+0	1.430070E+5
1.560000E-2	0.000000E+0	1.428850E+5
1.562000E-2	0.000000E+0	1.424500E+5
1.564000E-2	0.000000E+0	1.426070E+5
1.566000E-2	0.000000E+0	1.430400E+5
1.568000E-2	0.000000E+0	1.426640E+5
1.570000E-2	0.000000E+0	1.431500E+5
1.572000E-2	0.000000E+0	1.430170E+5
1.574000E-2	0.000000E+0	1.430470E+5
1.576000E-2	0.000000E+0	1.425210E+5
1.578000E-2	0.000000E+0	1.426300E+5
1.580000E-2	0.000000E+0	1.434000E+5
1.582000E-2	0.000000E+0	1.431390E+5
1.584000E-2	0.000000E+0	1.426740E+5
1.586000E-2	0.000000E+0	1.427530E+5
1.588000E-2	0.000000E+0	1.424440E+5
1.590000E-2	0.000000E+0	1.430870E+5
1.592000E-2	0.000000E+0	1.425640E+5
1.594000E-2	0.000000E+0	1.428420E+5
1.596000E-2	0.000000E+0	1.426080E+5
1.598000E-2	0.000000E+0	1.427210E+5
1.600000E-2	0.000000E+0	1.428910E+5
1.602000E-2	0.000000E+0	1.428870E+5
1.604000E-2	0.000000E+0	1.430610E+5
1.606000E-2	0.000000E+0	1.432230E+5
1.608000E-2	0.000000E+0	1.432150E+5
1.610000E-2	0.000000E+0	1.431490E+5
1.612000E-2	0.000000E+0	1.422410E+5
1.614000E-2	0.000000E+0	1.432100E+5
1.616000E-2	0.000000E+0	1.433440E+5
1.618000E-2	0.000000E+0	1.419800E+5
1.620000E-2	0.000000E+0	1.424360E+5
1.622000E-2	0.000000E+0	1.423700E+5
1.624000E-2	0.000000E+0	1.431390E+5
1.626000E-2	0.000000E+0	1.421730E+5
1.628000E-2	0.000000E+0	1.426120E+5
1.630000E-2	0.000000E+0	1.428160E+5
1.632000E-2	0.000000E+0	1.428270E+5
1.634000E-2	0.000000E+0	1.428600E+5
1.636000E-2	0.000000E+0	1.425210E+5
1.638000E-2	0.000000E+0	1.428190E+5
1.640000E-2	0.000000E+0	1.426770E+5
1.642000E-2	0.000000E+0	1.426030E+5
1.644000E-2	0.000000E+0	1.429570E+5
1.646000E-2	0.000000E+0	1.419670E+5
1.648000E-2	0.000000E+0	1.433520E+5
1.650000E-2	0.000000E+0	1.430200E+5
1.652000E-2	0.000000E+0	1.428780E+5
1.654000E-2	0.000000E+0	1.420770E+5
1.656000E-2	0.000000E+0	1.424030E+5
1.658000E-2	0.000000E+0	1.430020E+5
1.660000E-2	0.000000E+0	1.420820E+5
1.662000E-2	0.000000E+0	1.424210E+5
1.664000E-2	0.000000E+0	1.431390E+5
1.666000E-2	0.000000E+0	1.429840E+5
1.668000E-2	0.000000E+0	1.425360E+5
1.670000E-2	0.000000E+0	1.424960E+5
1.672000E-2	0.000000E+0	1.428060E+5
1.674000E-2	0.000000E+0	1.418480E+5
1.676000E-2	0.000000E+0	1.421630E+5
1.678000E-2	0.000000E+0	1.426120E+5
1.680000E-2	0.000000E+0	1.426050E+5
1.682000E-2	0.000000E+0	1.423650E+5
1.684000E-2	0.000000E+0	1.418290E+5
1.686000E-2	0.000000E+0	1.418850E+5
1.688000E-2	0.000000E+0	1.417220E+5
1.690000E-2	0.000000E+0	1.410590E+5
1.692000E-2	0.000000E+0	1.414950E+5
1.694000E-2	0.000000E+0	1.413130E+5
1.696000E-2	0.000000E+0	1.406110E+5
1.698000E-2	0.000000E+0	1.404590E+5
1.700000E-2	0.000000E+0	1.401430E+5
1.702000E-2	0.000000E+0	1.392930E+5
1.704000E-2	0.000000E+0	1.380080E+5
1.706000E-2	0.000000E+0	1.368120E+5
1.708000E-2	0.000000E+0	1.360800E+5
1.710000E-2	0.000000E+0	1.323480E+5
1.712000E-2	0.000000E+0	1.290170E+5
1.714000E-2	0.000000E+0	1.224580E+5
1.716000E-2	0.000000E+0	1.133560E+5
1.718000E-2	0.000000E+0	1.037080E+5
1.720000E-2	0.000000E+0	9.408100E+4
1.722000E-2	0.000000E+0	8.776700E+4
1.724000E-2	0.000000E+0	8.617600E+4
1.726000E-2	0.000000E+0	8.985000E+4
1.728000E-2	0.000000E+0	9.742200E+4
1.730000E-2	0.000000E+0	1.073750E+5
1.732000E-2	0.000000E+0	1.163510E+5
1.734000E-2	0.000000E+0	1.242280E+5
1.736000E-2	0.000000E+0	1.298430E+5
1.738000E-2	0.000000E+0	1.336420E+5
1.740000E-2	0.000000E+0	1.365030E+5
1.742000E-2	0.000000E+0	1.376860E+5
1.744000E-2	0.000000E+0	1.389220E+5
1.746000E-2	0.000000E+0	1.395200E+5
1.748000E-2	0.000000E+0	1.400990E+5
1.750000E-2	0.000000E+0	1.402660E+5
1.752000E-2	0.000000E+0	1.404720E+5
1.754000E-2	0.000000E+0	1.419520E+5
1.756000E-2	0.000000E+0	1.408500E+5
1.758000E-2	0.000000E+0	1.413470E+5
1.760000E-2	0.000000E+0	1.420600E+5
1.762000E-2	0.000000E+0	1.417710E+5
1.764000E-2	0.000000E+0	1.418070E+5
1.766000E-2	0.000000E+0	1.422420E+5
1.768000E-2	0.000000E+0	1.421950E+5
1.770000E-2	0.000000E+0	1.426100E+5
1.772000E-2	0.000000E+0	1.426920E+5
1.774000E-2	0.000000E+0	1.419850E+5
1.776000E-2	0.000000E+0	1.421990E+5
1.778000E-2	0.000000E+0	1.421700E+5
1.780000E-2	0.000000E+0	1.424660E+5
1.782000E-2	0.000000E+0	1.427270E+5
1.784000E-2	0.000000E+0	1.427080E+5
1.786000E-2	0.000000E+0	1.430310E+5
1.788000E-2	0.000000E+0	1.428020E+5
1.790000E-2	0.000000E+0	1.422280E+5
1.792000E-2	0.000000E+0	1.429700E+5
1.794000E-2	0.000000E+0	1.430150E+5
1.796000E-2	0.000000E+0	1.431790E+5
1.798000E-2	0.000000E+0	1.425790E+5
1.800000E-2	0.000000E+0	1.427660E+5
1.802000E-2	0.000000E+0	1.423430E+5
1.804000E-2	0.000000E+0	1.429520E+5
1.806000E-2	0.000000E+0	1.428480E+5
1.808000E-2	0.000000E+0	1.426560E+5
1.810000E-2	0.000000E+0	1.428590E+5
1.812000E-2	0.000000E+0	1.430700E+5
1.814000E-2	0.000000E+0	1.425200E+5
1.816000E-2	0.000000E+0	1.427790E+5
1.818000E-2	0.000000E+0	1.425390E+5
1.820000E-2	0.000000E+0	1.431160E+5
1.822000E-2	0.000000E+0	1.421080E+5
1.824000E-2	0.000000E+0	1.423850E+5
1.826000E-2	0.000000E+0	1.425200E+5
1.828000E-2	0.000000E+0	1.430480E+5
1.830000E-2	0.000000E+0	1.427500E+5
1.832000E-2	0.000000E+0	1.430400E+5
1.834000E-2	0.000000E+0	1.431080E+5
1.836000E-2	0.000000E+0	1.421320E+5
1.838000E-2	0.000000E+0	1.431390E+5
1.840000E-2	0.000000E+0	1.434930E+5
1.842000E-2	0.000000E+0	1.430620E+5
1.844000E-2	0.000000E+0	1.434960E+5
1.846000E-2	0.000000E+0	1.431570E+5
1.848000E-2	0.000000E+0	1.421200E+5
1.850000E-2	0.000000E+0	1.426780E+5
1.852000E-2	0.000000E+0	1.426870E+5
1.854000E-2	0.000000E+0	1.426330E+5
1.856000E-2	0.000000E+0	1.431500E+5
1.858000E-2	0.000000E+0	1.423330E+5
1.860000E-2	0.000000E+0	1.429220E+5
1.862000E-2	0.000000E+0	1.430850E+5
1.864000E-2	0.000000E+0	1.440580E+5
1.866000E-2	0.000000E+0	1.421600E+5
1.868000E-2	0.000000E+0	1.432240E+5
1.870000E-2	0.000000E+0	1.430450E+5
1.872000E-2	0.000000E+0	1.430550E+5
1.874000E-2	0.000000E+0	1.430310E+5
1.876000E-2	0.000000E+0	1.423790E+5
1.878000E-2	0.000000E+0	1.423790E+5
1.880000E-2	0.000000E+0	1.427570E+5
1.882000E-2	0.000000E+0	1.431140E+5
1.884000E-2	0.000000E+0	1.425790E+5
1.886000E-2	0.000000E+0	1.431810E+5
1.888000E-2	0.000000E+0	1.426270E+5
1.890000E-2	0.000000E+0	1.425980E+5
1.892000E-2	0.000000E+0	1.427750E+5
1.894000E-2	0.000000E+0	1.429790E+5
1.896000E-2	0.000000E+0	1.429640E+5
1.898000E-2	0.000000E+0	1.437170E+5
1.900000E-2	0.000000E+0	1.427280E+5
1.902000E-2	0.000000E+0	1.424430E+5
1.904000E-2	0.000000E+0	1.429380E+5
1.906000E-2	0.000000E+0	1.430140E+5
1.908000E-2	0.000000E+0	1.432680E+5
1.910000E-2	0.000000E+0	1.420290E+5
1.912000E-2	0.000000E+0	1.429520E+5
1.914000E-2	0.000000E+0	1.433700E+5
1.916000E-2	0.000000E+0	1.428640E+5
1.918000E-2	0.000000E+0	1.427690E+5
1.920000E-2	0.000000E+0	1.423930E+5
1.922000E-2	0.000000E+0	1.426990E+5
1.924000E-2	0.000000E+0	1.436580E+5
1.926000E-2	0.000000E+0	1.428100E+5
1.928000E-2	0.000000E+0	1.431480E+5
1.930000E-2	0.000000E+0	1.428260E+5
1.932000E-2	0.000000E+0	1.433730E+5
1.934000E-2	0.000000E+0	1.435460E+5
1.936000E-2	0.000000E+0	1.427890E+5
1.938000E-2	0.000000E+0	1.431440E+5
1.940000E-2	0.000000E+0	1.425170E+5
1.942000E-2	0.000000E+0	1.429860E+5
1.944000E-2	0.000000E+0	1.430350E+5
1.946000E-2	0.000000E+0	1.431240E+5
1.948000E-2	0.000000E+0	1.428910E+5
1.950000E-2	0.000000E+0	1.432680E+5
1.952000E-2	0.000000E+0	1.427460E+5
1.954000E-2	0.000000E+0	1.429190E+5
1.956000E-2	0.000000E+0	1.430200E+5
1.958000E-2	0.000000E+0	1.427010E+5
1.960000E-2	0.000000E+0	1.426360E+5
1.962000E-2	0.000000E+0	1.427940E+5
1.964000E-2	0.000000E+0	1.431580E+5
1.966000E-2	0.000000E+0	1.427610E+5
1.968000E-2	0.000000E+0	1.431150E+5
1.970000E-2	0.000000E+0	1.435950E+5
1.972000E-2	0.000000E+0	1.425560E+5
1.974000E-2	0.000000E+0	1.427590E+5
1.976000E-2	0.000000E+0	1.425420E+5
1.978000E-2	0.000000E+0	1.429810E+5
1.980000E-2	0.000000E+0	1.429850E+5
1.982000E-2	0.000000E+0	1.433190E+5
1.984000E-2	0.000000E+0	1.427830E+5
1.986000E-2	0.000000E+0	1.434310E+5
1.988000E-2	0.000000E+0	1.434700E+5
1.990000E-2	0.000000E+0	1.433800E+5
1.992000E-2	0.000000E+0	1.432370E+5
1.994000E-2	0.000000E+0	1.433420E+5
1.996000E-2	0.000000E+0	1.431480E+5
1.998000E-2	0.000000E+0	1.429040E+5
