

live time:  217460.900000
real time:  252000.112000
sweeps:  10873045.000000
0.000000E+0	0.000000E+0	0.000000E+0
2.000000E-5	0.000000E+0	1.086360E+5
4.000000E-5	0.000000E+0	1.085670E+5
6.000000E-5	0.000000E+0	1.088480E+5
8.000000E-5	0.000000E+0	1.092550E+5
1.000000E-4	0.000000E+0	1.083800E+5
1.200000E-4	0.000000E+0	1.089090E+5
1.400000E-4	0.000000E+0	1.094030E+5
1.600000E-4	0.000000E+0	1.095410E+5
1.800000E-4	0.000000E+0	1.091770E+5
2.000000E-4	0.000000E+0	1.091770E+5
2.200000E-4	0.000000E+0	1.094310E+5
2.400000E-4	0.000000E+0	1.092100E+5
2.600000E-4	0.000000E+0	1.095180E+5
2.800000E-4	0.000000E+0	1.090390E+5
3.000000E-4	0.000000E+0	1.092860E+5
3.200000E-4	0.000000E+0	1.086710E+5
3.400000E-4	0.000000E+0	1.092380E+5
3.600000E-4	0.000000E+0	1.086720E+5
3.800000E-4	0.000000E+0	1.092930E+5
4.000000E-4	0.000000E+0	1.095200E+5
4.200000E-4	0.000000E+0	1.091440E+5
4.400000E-4	0.000000E+0	1.085330E+5
4.600000E-4	0.000000E+0	1.090060E+5
4.800000E-4	0.000000E+0	1.093270E+5
5.000000E-4	0.000000E+0	1.090940E+5
5.200000E-4	0.000000E+0	1.093150E+5
5.400000E-4	0.000000E+0	1.091770E+5
5.600000E-4	0.000000E+0	1.092430E+5
5.800000E-4	0.000000E+0	1.087600E+5
6.000000E-4	0.000000E+0	1.087040E+5
6.200000E-4	0.000000E+0	1.088560E+5
6.400000E-4	0.000000E+0	1.089410E+5
6.600000E-4	0.000000E+0	1.087300E+5
6.800000E-4	0.000000E+0	1.086540E+5
7.000000E-4	0.000000E+0	1.090830E+5
7.200000E-4	0.000000E+0	1.092660E+5
7.400000E-4	0.000000E+0	1.088890E+5
7.600000E-4	0.000000E+0	1.087320E+5
7.800000E-4	0.000000E+0	1.089340E+5
8.000000E-4	0.000000E+0	1.093100E+5
8.200000E-4	0.000000E+0	1.087960E+5
8.400000E-4	0.000000E+0	1.090830E+5
8.600000E-4	0.000000E+0	1.091310E+5
8.800000E-4	0.000000E+0	1.092290E+5
9.000000E-4	0.000000E+0	1.083100E+5
9.200000E-4	0.000000E+0	1.089030E+5
9.400000E-4	0.000000E+0	1.094230E+5
9.600000E-4	0.000000E+0	1.089430E+5
9.800000E-4	0.000000E+0	1.091850E+5
1.000000E-3	0.000000E+0	1.087350E+5
1.020000E-3	0.000000E+0	1.092060E+5
1.040000E-3	0.000000E+0	1.093730E+5
1.060000E-3	0.000000E+0	1.088510E+5
1.080000E-3	0.000000E+0	1.087950E+5
1.100000E-3	0.000000E+0	1.091170E+5
1.120000E-3	0.000000E+0	1.089470E+5
1.140000E-3	0.000000E+0	1.090970E+5
1.160000E-3	0.000000E+0	1.091100E+5
1.180000E-3	0.000000E+0	1.088490E+5
1.200000E-3	0.000000E+0	1.093590E+5
1.220000E-3	0.000000E+0	1.088570E+5
1.240000E-3	0.000000E+0	1.090300E+5
1.260000E-3	0.000000E+0	1.086030E+5
1.280000E-3	0.000000E+0	1.091180E+5
1.300000E-3	0.000000E+0	1.093320E+5
1.320000E-3	0.000000E+0	1.089710E+5
1.340000E-3	0.000000E+0	1.094780E+5
1.360000E-3	0.000000E+0	1.090290E+5
1.380000E-3	0.000000E+0	1.090180E+5
1.400000E-3	0.000000E+0	1.093160E+5
1.420000E-3	0.000000E+0	1.090440E+5
1.440000E-3	0.000000E+0	1.092060E+5
1.460000E-3	0.000000E+0	1.094030E+5
1.480000E-3	0.000000E+0	1.089780E+5
1.500000E-3	0.000000E+0	1.080980E+5
1.520000E-3	0.000000E+0	1.089760E+5
1.540000E-3	0.000000E+0	1.091130E+5
1.560000E-3	0.000000E+0	1.091210E+5
1.580000E-3	0.000000E+0	1.088710E+5
1.600000E-3	0.000000E+0	1.095190E+5
1.620000E-3	0.000000E+0	1.099400E+5
1.640000E-3	0.000000E+0	1.091960E+5
1.660000E-3	0.000000E+0	1.089420E+5
1.680000E-3	0.000000E+0	1.089460E+5
1.700000E-3	0.000000E+0	1.087460E+5
1.720000E-3	0.000000E+0	1.086210E+5
1.740000E-3	0.000000E+0	1.090920E+5
1.760000E-3	0.000000E+0	1.096170E+5
1.780000E-3	0.000000E+0	1.094470E+5
1.800000E-3	0.000000E+0	1.088550E+5
1.820000E-3	0.000000E+0	1.094980E+5
1.840000E-3	0.000000E+0	1.095220E+5
1.860000E-3	0.000000E+0	1.090260E+5
1.880000E-3	0.000000E+0	1.092740E+5
1.900000E-3	0.000000E+0	1.090880E+5
1.920000E-3	0.000000E+0	1.091860E+5
1.940000E-3	0.000000E+0	1.090390E+5
1.960000E-3	0.000000E+0	1.091120E+5
1.980000E-3	0.000000E+0	1.096900E+5
2.000000E-3	0.000000E+0	1.091670E+5
2.020000E-3	0.000000E+0	1.093410E+5
2.040000E-3	0.000000E+0	1.090920E+5
2.060000E-3	0.000000E+0	1.100400E+5
2.080000E-3	0.000000E+0	1.084810E+5
2.100000E-3	0.000000E+0	1.086520E+5
2.120000E-3	0.000000E+0	1.092700E+5
2.140000E-3	0.000000E+0	1.090620E+5
2.160000E-3	0.000000E+0	1.089570E+5
2.180000E-3	0.000000E+0	1.092100E+5
2.200000E-3	0.000000E+0	1.087910E+5
2.220000E-3	0.000000E+0	1.084410E+5
2.240000E-3	0.000000E+0	1.091430E+5
2.260000E-3	0.000000E+0	1.090820E+5
2.280000E-3	0.000000E+0	1.093940E+5
2.300000E-3	0.000000E+0	1.096400E+5
2.320000E-3	0.000000E+0	1.088590E+5
2.340000E-3	0.000000E+0	1.084450E+5
2.360000E-3	0.000000E+0	1.089820E+5
2.380000E-3	0.000000E+0	1.085760E+5
2.400000E-3	0.000000E+0	1.092720E+5
2.420000E-3	0.000000E+0	1.090310E+5
2.440000E-3	0.000000E+0	1.088430E+5
2.460000E-3	0.000000E+0	1.090360E+5
2.480000E-3	0.000000E+0	1.087340E+5
2.500000E-3	0.000000E+0	1.090140E+5
2.520000E-3	0.000000E+0	1.092270E+5
2.540000E-3	0.000000E+0	1.091960E+5
2.560000E-3	0.000000E+0	1.086190E+5
2.580000E-3	0.000000E+0	1.092980E+5
2.600000E-3	0.000000E+0	1.093380E+5
2.620000E-3	0.000000E+0	1.085970E+5
2.640000E-3	0.000000E+0	1.092320E+5
2.660000E-3	0.000000E+0	1.087010E+5
2.680000E-3	0.000000E+0	1.097080E+5
2.700000E-3	0.000000E+0	1.089510E+5
2.720000E-3	0.000000E+0	1.085330E+5
2.740000E-3	0.000000E+0	1.090110E+5
2.760000E-3	0.000000E+0	1.094390E+5
2.780000E-3	0.000000E+0	1.088940E+5
2.800000E-3	0.000000E+0	1.086980E+5
2.820000E-3	0.000000E+0	1.085170E+5
2.840000E-3	0.000000E+0	1.090690E+5
2.860000E-3	0.000000E+0	1.090170E+5
2.880000E-3	0.000000E+0	1.094670E+5
2.900000E-3	0.000000E+0	1.084510E+5
2.920000E-3	0.000000E+0	1.091710E+5
2.940000E-3	0.000000E+0	1.089480E+5
2.960000E-3	0.000000E+0	1.089850E+5
2.980000E-3	0.000000E+0	1.090140E+5
3.000000E-3	0.000000E+0	1.087020E+5
3.020000E-3	0.000000E+0	1.094380E+5
3.040000E-3	0.000000E+0	1.092170E+5
3.060000E-3	0.000000E+0	1.091170E+5
3.080000E-3	0.000000E+0	1.087830E+5
3.100000E-3	0.000000E+0	1.095280E+5
3.120000E-3	0.000000E+0	1.090280E+5
3.140000E-3	0.000000E+0	1.086780E+5
3.160000E-3	0.000000E+0	1.088410E+5
3.180000E-3	0.000000E+0	1.088450E+5
3.200000E-3	0.000000E+0	1.093160E+5
3.220000E-3	0.000000E+0	1.088390E+5
3.240000E-3	0.000000E+0	1.089630E+5
3.260000E-3	0.000000E+0	1.091220E+5
3.280000E-3	0.000000E+0	1.094190E+5
3.300000E-3	0.000000E+0	1.093760E+5
3.320000E-3	0.000000E+0	1.092710E+5
3.340000E-3	0.000000E+0	1.089000E+5
3.360000E-3	0.000000E+0	1.091900E+5
3.380000E-3	0.000000E+0	1.087100E+5
3.400000E-3	0.000000E+0	1.090990E+5
3.420000E-3	0.000000E+0	1.089960E+5
3.440000E-3	0.000000E+0	1.087350E+5
3.460000E-3	0.000000E+0	1.093820E+5
3.480000E-3	0.000000E+0	1.095520E+5
3.500000E-3	0.000000E+0	1.093400E+5
3.520000E-3	0.000000E+0	1.091610E+5
3.540000E-3	0.000000E+0	1.098880E+5
3.560000E-3	0.000000E+0	1.088270E+5
3.580000E-3	0.000000E+0	1.091080E+5
3.600000E-3	0.000000E+0	1.080430E+5
3.620000E-3	0.000000E+0	1.090750E+5
3.640000E-3	0.000000E+0	1.091360E+5
3.660000E-3	0.000000E+0	1.090740E+5
3.680000E-3	0.000000E+0	1.092930E+5
3.700000E-3	0.000000E+0	1.089940E+5
3.720000E-3	0.000000E+0	1.085190E+5
3.740000E-3	0.000000E+0	1.089970E+5
3.760000E-3	0.000000E+0	1.091200E+5
3.780000E-3	0.000000E+0	1.091150E+5
3.800000E-3	0.000000E+0	1.086740E+5
3.820000E-3	0.000000E+0	1.086950E+5
3.840000E-3	0.000000E+0	1.092050E+5
3.860000E-3	0.000000E+0	1.090790E+5
3.880000E-3	0.000000E+0	1.086280E+5
3.900000E-3	0.000000E+0	1.083890E+5
3.920000E-3	0.000000E+0	1.093660E+5
3.940000E-3	0.000000E+0	1.091230E+5
3.960000E-3	0.000000E+0	1.089950E+5
3.980000E-3	0.000000E+0	1.090790E+5
4.000000E-3	0.000000E+0	1.088580E+5
4.020000E-3	0.000000E+0	1.093230E+5
4.040000E-3	0.000000E+0	1.089560E+5
4.060000E-3	0.000000E+0	1.085740E+5
4.080000E-3	0.000000E+0	1.089300E+5
4.100000E-3	0.000000E+0	1.090650E+5
4.120000E-3	0.000000E+0	1.088220E+5
4.140000E-3	0.000000E+0	1.092430E+5
4.160000E-3	0.000000E+0	1.086650E+5
4.180000E-3	0.000000E+0	1.091170E+5
4.200000E-3	0.000000E+0	1.085110E+5
4.220000E-3	0.000000E+0	1.092980E+5
4.240000E-3	0.000000E+0	1.086970E+5
4.260000E-3	0.000000E+0	1.087460E+5
4.280000E-3	0.000000E+0	1.097380E+5
4.300000E-3	0.000000E+0	1.089100E+5
4.320000E-3	0.000000E+0	1.095490E+5
4.340000E-3	0.000000E+0	1.090050E+5
4.360000E-3	0.000000E+0	1.092180E+5
4.380000E-3	0.000000E+0	1.084670E+5
4.400000E-3	0.000000E+0	1.099540E+5
4.420000E-3	0.000000E+0	1.088910E+5
4.440000E-3	0.000000E+0	1.091410E+5
4.460000E-3	0.000000E+0	1.093470E+5
4.480000E-3	0.000000E+0	1.089390E+5
4.500000E-3	0.000000E+0	1.086050E+5
4.520000E-3	0.000000E+0	1.092870E+5
4.540000E-3	0.000000E+0	1.093030E+5
4.560000E-3	0.000000E+0	1.093850E+5
4.580000E-3	0.000000E+0	1.095100E+5
4.600000E-3	0.000000E+0	1.096230E+5
4.620000E-3	0.000000E+0	1.088980E+5
4.640000E-3	0.000000E+0	1.094630E+5
4.660000E-3	0.000000E+0	1.088440E+5
4.680000E-3	0.000000E+0	1.089970E+5
4.700000E-3	0.000000E+0	1.089750E+5
4.720000E-3	0.000000E+0	1.092300E+5
4.740000E-3	0.000000E+0	1.089380E+5
4.760000E-3	0.000000E+0	1.087300E+5
4.780000E-3	0.000000E+0	1.085110E+5
4.800000E-3	0.000000E+0	1.094610E+5
4.820000E-3	0.000000E+0	1.087740E+5
4.840000E-3	0.000000E+0	1.088760E+5
4.860000E-3	0.000000E+0	1.089860E+5
4.880000E-3	0.000000E+0	1.090420E+5
4.900000E-3	0.000000E+0	1.094820E+5
4.920000E-3	0.000000E+0	1.088110E+5
4.940000E-3	0.000000E+0	1.097020E+5
4.960000E-3	0.000000E+0	1.090260E+5
4.980000E-3	0.000000E+0	1.087940E+5
5.000000E-3	0.000000E+0	1.084200E+5
5.020000E-3	0.000000E+0	1.088220E+5
5.040000E-3	0.000000E+0	1.089290E+5
5.060000E-3	0.000000E+0	1.096270E+5
5.080000E-3	0.000000E+0	1.091310E+5
5.100000E-3	0.000000E+0	1.091490E+5
5.120000E-3	0.000000E+0	1.095370E+5
5.140000E-3	0.000000E+0	1.089740E+5
5.160000E-3	0.000000E+0	1.095630E+5
5.180000E-3	0.000000E+0	1.085020E+5
5.200000E-3	0.000000E+0	1.085860E+5
5.220000E-3	0.000000E+0	1.087560E+5
5.240000E-3	0.000000E+0	1.084220E+5
5.260000E-3	0.000000E+0	1.091070E+5
5.280000E-3	0.000000E+0	1.081930E+5
5.300000E-3	0.000000E+0	1.083200E+5
5.320000E-3	0.000000E+0	1.085100E+5
5.340000E-3	0.000000E+0	1.084320E+5
5.360000E-3	0.000000E+0	1.084940E+5
5.380000E-3	0.000000E+0	1.084910E+5
5.400000E-3	0.000000E+0	1.084090E+5
5.420000E-3	0.000000E+0	1.084710E+5
5.440000E-3	0.000000E+0	1.079500E+5
5.460000E-3	0.000000E+0	1.085640E+5
5.480000E-3	0.000000E+0	1.077140E+5
5.500000E-3	0.000000E+0	1.075550E+5
5.520000E-3	0.000000E+0	1.080360E+5
5.540000E-3	0.000000E+0	1.077670E+5
5.560000E-3	0.000000E+0	1.081410E+5
5.580000E-3	0.000000E+0	1.073790E+5
5.600000E-3	0.000000E+0	1.078420E+5
5.620000E-3	0.000000E+0	1.062900E+5
5.640000E-3	0.000000E+0	1.057420E+5
5.660000E-3	0.000000E+0	1.047900E+5
5.680000E-3	0.000000E+0	1.029410E+5
5.700000E-3	0.000000E+0	1.019140E+5
5.720000E-3	0.000000E+0	9.841200E+4
5.740000E-3	0.000000E+0	9.385000E+4
5.760000E-3	0.000000E+0	8.798800E+4
5.780000E-3	0.000000E+0	7.968900E+4
5.800000E-3	0.000000E+0	7.177300E+4
5.820000E-3	0.000000E+0	6.635700E+4
5.840000E-3	0.000000E+0	6.450700E+4
5.860000E-3	0.000000E+0	6.667100E+4
5.880000E-3	0.000000E+0	7.273600E+4
5.900000E-3	0.000000E+0	8.127200E+4
5.920000E-3	0.000000E+0	8.931500E+4
5.940000E-3	0.000000E+0	9.595700E+4
5.960000E-3	0.000000E+0	9.959600E+4
5.980000E-3	0.000000E+0	1.026880E+5
6.000000E-3	0.000000E+0	1.046000E+5
6.020000E-3	0.000000E+0	1.051660E+5
6.040000E-3	0.000000E+0	1.059570E+5
6.060000E-3	0.000000E+0	1.065650E+5
6.080000E-3	0.000000E+0	1.070780E+5
6.100000E-3	0.000000E+0	1.071910E+5
6.120000E-3	0.000000E+0	1.074520E+5
6.140000E-3	0.000000E+0	1.078590E+5
6.160000E-3	0.000000E+0	1.074880E+5
6.180000E-3	0.000000E+0	1.081330E+5
6.200000E-3	0.000000E+0	1.082720E+5
6.220000E-3	0.000000E+0	1.078190E+5
6.240000E-3	0.000000E+0	1.083350E+5
6.260000E-3	0.000000E+0	1.086800E+5
6.280000E-3	0.000000E+0	1.084430E+5
6.300000E-3	0.000000E+0	1.087270E+5
6.320000E-3	0.000000E+0	1.082440E+5
6.340000E-3	0.000000E+0	1.088160E+5
6.360000E-3	0.000000E+0	1.084810E+5
6.380000E-3	0.000000E+0	1.089390E+5
6.400000E-3	0.000000E+0	1.091440E+5
6.420000E-3	0.000000E+0	1.094510E+5
6.440000E-3	0.000000E+0	1.080540E+5
6.460000E-3	0.000000E+0	1.086630E+5
6.480000E-3	0.000000E+0	1.090800E+5
6.500000E-3	0.000000E+0	1.086300E+5
6.520000E-3	0.000000E+0	1.085580E+5
6.540000E-3	0.000000E+0	1.090560E+5
6.560000E-3	0.000000E+0	1.089600E+5
6.580000E-3	0.000000E+0	1.087970E+5
6.600000E-3	0.000000E+0	1.085720E+5
6.620000E-3	0.000000E+0	1.088080E+5
6.640000E-3	0.000000E+0	1.087100E+5
6.660000E-3	0.000000E+0	1.089460E+5
6.680000E-3	0.000000E+0	1.087280E+5
6.700000E-3	0.000000E+0	1.089440E+5
6.720000E-3	0.000000E+0	1.088120E+5
6.740000E-3	0.000000E+0	1.089800E+5
6.760000E-3	0.000000E+0	1.089680E+5
6.780000E-3	0.000000E+0	1.092290E+5
6.800000E-3	0.000000E+0	1.087980E+5
6.820000E-3	0.000000E+0	1.090180E+5
6.840000E-3	0.000000E+0	1.088690E+5
6.860000E-3	0.000000E+0	1.098010E+5
6.880000E-3	0.000000E+0	1.087170E+5
6.900000E-3	0.000000E+0	1.089710E+5
6.920000E-3	0.000000E+0	1.095640E+5
6.940000E-3	0.000000E+0	1.088700E+5
6.960000E-3	0.000000E+0	1.078810E+5
6.980000E-3	0.000000E+0	1.091450E+5
7.000000E-3	0.000000E+0	1.094440E+5
7.020000E-3	0.000000E+0	1.091460E+5
7.040000E-3	0.000000E+0	1.086730E+5
7.060000E-3	0.000000E+0	1.090650E+5
7.080000E-3	0.000000E+0	1.090920E+5
7.100000E-3	0.000000E+0	1.084220E+5
7.120000E-3	0.000000E+0	1.088250E+5
7.140000E-3	0.000000E+0	1.093160E+5
7.160000E-3	0.000000E+0	1.093080E+5
7.180000E-3	0.000000E+0	1.095010E+5
7.200000E-3	0.000000E+0	1.084590E+5
7.220000E-3	0.000000E+0	1.090640E+5
7.240000E-3	0.000000E+0	1.090150E+5
7.260000E-3	0.000000E+0	1.094770E+5
7.280000E-3	0.000000E+0	1.091010E+5
7.300000E-3	0.000000E+0	1.090980E+5
7.320000E-3	0.000000E+0	1.090300E+5
7.340000E-3	0.000000E+0	1.092720E+5
7.360000E-3	0.000000E+0	1.090290E+5
7.380000E-3	0.000000E+0	1.093710E+5
7.400000E-3	0.000000E+0	1.089060E+5
7.420000E-3	0.000000E+0	1.091370E+5
7.440000E-3	0.000000E+0	1.090810E+5
7.460000E-3	0.000000E+0	1.087440E+5
7.480000E-3	0.000000E+0	1.090860E+5
7.500000E-3	0.000000E+0	1.082330E+5
7.520000E-3	0.000000E+0	1.091260E+5
7.540000E-3	0.000000E+0	1.091280E+5
7.560000E-3	0.000000E+0	1.092760E+5
7.580000E-3	0.000000E+0	1.088420E+5
7.600000E-3	0.000000E+0	1.086360E+5
7.620000E-3	0.000000E+0	1.095240E+5
7.640000E-3	0.000000E+0	1.089740E+5
7.660000E-3	0.000000E+0	1.095420E+5
7.680000E-3	0.000000E+0	1.093300E+5
7.700000E-3	0.000000E+0	1.088400E+5
7.720000E-3	0.000000E+0	1.090310E+5
7.740000E-3	0.000000E+0	1.086530E+5
7.760000E-3	0.000000E+0	1.095420E+5
7.780000E-3	0.000000E+0	1.088140E+5
7.800000E-3	0.000000E+0	1.093910E+5
7.820000E-3	0.000000E+0	1.088710E+5
7.840000E-3	0.000000E+0	1.091420E+5
7.860000E-3	0.000000E+0	1.089320E+5
7.880000E-3	0.000000E+0	1.092390E+5
7.900000E-3	0.000000E+0	1.095500E+5
7.920000E-3	0.000000E+0	1.089380E+5
7.940000E-3	0.000000E+0	1.090020E+5
7.960000E-3	0.000000E+0	1.089840E+5
7.980000E-3	0.000000E+0	1.087680E+5
8.000000E-3	0.000000E+0	1.084920E+5
8.020000E-3	0.000000E+0	1.086440E+5
8.040000E-3	0.000000E+0	1.083090E+5
8.060000E-3	0.000000E+0	1.092220E+5
8.080000E-3	0.000000E+0	1.101230E+5
8.100000E-3	0.000000E+0	1.086260E+5
8.120000E-3	0.000000E+0	1.087470E+5
8.140000E-3	0.000000E+0	1.092990E+5
8.160000E-3	0.000000E+0	1.088920E+5
8.180000E-3	0.000000E+0	1.086900E+5
8.200000E-3	0.000000E+0	1.089900E+5
8.220000E-3	0.000000E+0	1.086930E+5
8.240000E-3	0.000000E+0	1.092620E+5
8.260000E-3	0.000000E+0	1.084220E+5
8.280000E-3	0.000000E+0	1.094380E+5
8.300000E-3	0.000000E+0	1.093210E+5
8.320000E-3	0.000000E+0	1.090410E+5
8.340000E-3	0.000000E+0	1.094610E+5
8.360000E-3	0.000000E+0	1.085350E+5
8.380000E-3	0.000000E+0	1.094590E+5
8.400000E-3	0.000000E+0	1.092000E+5
8.420000E-3	0.000000E+0	1.089040E+5
8.440000E-3	0.000000E+0	1.093130E+5
8.460000E-3	0.000000E+0	1.092130E+5
8.480000E-3	0.000000E+0	1.090090E+5
8.500000E-3	0.000000E+0	1.091970E+5
8.520000E-3	0.000000E+0	1.090360E+5
8.540000E-3	0.000000E+0	1.092930E+5
8.560000E-3	0.000000E+0	1.095270E+5
8.580000E-3	0.000000E+0	1.088120E+5
8.600000E-3	0.000000E+0	1.092440E+5
8.620000E-3	0.000000E+0	1.088870E+5
8.640000E-3	0.000000E+0	1.093510E+5
8.660000E-3	0.000000E+0	1.087820E+5
8.680000E-3	0.000000E+0	1.090530E+5
8.700000E-3	0.000000E+0	1.092310E+5
8.720000E-3	0.000000E+0	1.089740E+5
8.740000E-3	0.000000E+0	1.092320E+5
8.760000E-3	0.000000E+0	1.099800E+5
8.780000E-3	0.000000E+0	1.087400E+5
8.800000E-3	0.000000E+0	1.092060E+5
8.820000E-3	0.000000E+0	1.092020E+5
8.840000E-3	0.000000E+0	1.091340E+5
8.860000E-3	0.000000E+0	1.089840E+5
8.880000E-3	0.000000E+0	1.089410E+5
8.900000E-3	0.000000E+0	1.099520E+5
8.920000E-3	0.000000E+0	1.090370E+5
8.940000E-3	0.000000E+0	1.089740E+5
8.960000E-3	0.000000E+0	1.090440E+5
8.980000E-3	0.000000E+0	1.086760E+5
9.000000E-3	0.000000E+0	1.088800E+5
9.020000E-3	0.000000E+0	1.090610E+5
9.040000E-3	0.000000E+0	1.095620E+5
9.060000E-3	0.000000E+0	1.088810E+5
9.080000E-3	0.000000E+0	1.092150E+5
9.100000E-3	0.000000E+0	1.088730E+5
9.120000E-3	0.000000E+0	1.091940E+5
9.140000E-3	0.000000E+0	1.092200E+5
9.160000E-3	0.000000E+0	1.080020E+5
9.180000E-3	0.000000E+0	1.087470E+5
9.200000E-3	0.000000E+0	1.093490E+5
9.220000E-3	0.000000E+0	1.088980E+5
9.240000E-3	0.000000E+0	1.089180E+5
9.260000E-3	0.000000E+0	1.090370E+5
9.280000E-3	0.000000E+0	1.089580E+5
9.300000E-3	0.000000E+0	1.090000E+5
9.320000E-3	0.000000E+0	1.088090E+5
9.340000E-3	0.000000E+0	1.092330E+5
9.360000E-3	0.000000E+0	1.090600E+5
9.380000E-3	0.000000E+0	1.092450E+5
9.400000E-3	0.000000E+0	1.089220E+5
9.420000E-3	0.000000E+0	1.089330E+5
9.440000E-3	0.000000E+0	1.086510E+5
9.460000E-3	0.000000E+0	1.092200E+5
9.480000E-3	0.000000E+0	1.089470E+5
9.500000E-3	0.000000E+0	1.096090E+5
9.520000E-3	0.000000E+0	1.092540E+5
9.540000E-3	0.000000E+0	1.083490E+5
9.560000E-3	0.000000E+0	1.092480E+5
9.580000E-3	0.000000E+0	1.093480E+5
9.600000E-3	0.000000E+0	1.085190E+5
9.620000E-3	0.000000E+0	1.090760E+5
9.640000E-3	0.000000E+0	1.093120E+5
9.660000E-3	0.000000E+0	1.090530E+5
9.680000E-3	0.000000E+0	1.082190E+5
9.700000E-3	0.000000E+0	1.090250E+5
9.720000E-3	0.000000E+0	1.090730E+5
9.740000E-3	0.000000E+0	1.096210E+5
9.760000E-3	0.000000E+0	1.086500E+5
9.780000E-3	0.000000E+0	1.090080E+5
9.800000E-3	0.000000E+0	1.093080E+5
9.820000E-3	0.000000E+0	1.089060E+5
9.840000E-3	0.000000E+0	1.092410E+5
9.860000E-3	0.000000E+0	1.095330E+5
9.880000E-3	0.000000E+0	1.093380E+5
9.900000E-3	0.000000E+0	1.092720E+5
9.920000E-3	0.000000E+0	1.095760E+5
9.940000E-3	0.000000E+0	1.086500E+5
9.960000E-3	0.000000E+0	1.084540E+5
9.980000E-3	0.000000E+0	1.088700E+5
1.000000E-2	0.000000E+0	1.091020E+5
1.002000E-2	0.000000E+0	1.087490E+5
1.004000E-2	0.000000E+0	1.090430E+5
1.006000E-2	0.000000E+0	1.087610E+5
1.008000E-2	0.000000E+0	1.094880E+5
1.010000E-2	0.000000E+0	1.094350E+5
1.012000E-2	0.000000E+0	1.091740E+5
1.014000E-2	0.000000E+0	1.099030E+5
1.016000E-2	0.000000E+0	1.095130E+5
1.018000E-2	0.000000E+0	1.093310E+5
1.020000E-2	0.000000E+0	1.096650E+5
1.022000E-2	0.000000E+0	1.094880E+5
1.024000E-2	0.000000E+0	1.091290E+5
1.026000E-2	0.000000E+0	1.090680E+5
1.028000E-2	0.000000E+0	1.091600E+5
1.030000E-2	0.000000E+0	1.090730E+5
1.032000E-2	0.000000E+0	1.092200E+5
1.034000E-2	0.000000E+0	1.094360E+5
1.036000E-2	0.000000E+0	1.089740E+5
1.038000E-2	0.000000E+0	1.092080E+5
1.040000E-2	0.000000E+0	1.094090E+5
1.042000E-2	0.000000E+0	1.089760E+5
1.044000E-2	0.000000E+0	1.095280E+5
1.046000E-2	0.000000E+0	1.089040E+5
1.048000E-2	0.000000E+0	1.095170E+5
1.050000E-2	0.000000E+0	1.086860E+5
1.052000E-2	0.000000E+0	1.092630E+5
1.054000E-2	0.000000E+0	1.091990E+5
1.056000E-2	0.000000E+0	1.091750E+5
1.058000E-2	0.000000E+0	1.090990E+5
1.060000E-2	0.000000E+0	1.082390E+5
1.062000E-2	0.000000E+0	1.087170E+5
1.064000E-2	0.000000E+0	1.089330E+5
1.066000E-2	0.000000E+0	1.093600E+5
1.068000E-2	0.000000E+0	1.086480E+5
1.070000E-2	0.000000E+0	1.086170E+5
1.072000E-2	0.000000E+0	1.086730E+5
1.074000E-2	0.000000E+0	1.092130E+5
1.076000E-2	0.000000E+0	1.090440E+5
1.078000E-2	0.000000E+0	1.087190E+5
1.080000E-2	0.000000E+0	1.090490E+5
1.082000E-2	0.000000E+0	1.085990E+5
1.084000E-2	0.000000E+0	1.087020E+5
1.086000E-2	0.000000E+0	1.084790E+5
1.088000E-2	0.000000E+0	1.090370E+5
1.090000E-2	0.000000E+0	1.094650E+5
1.092000E-2	0.000000E+0	1.088160E+5
1.094000E-2	0.000000E+0	1.091720E+5
1.096000E-2	0.000000E+0	1.091260E+5
1.098000E-2	0.000000E+0	1.089420E+5
1.100000E-2	0.000000E+0	1.090950E+5
1.102000E-2	0.000000E+0	1.084190E+5
1.104000E-2	0.000000E+0	1.093420E+5
1.106000E-2	0.000000E+0	1.084750E+5
1.108000E-2	0.000000E+0	1.096610E+5
1.110000E-2	0.000000E+0	1.093010E+5
1.112000E-2	0.000000E+0	1.087620E+5
1.114000E-2	0.000000E+0	1.088190E+5
1.116000E-2	0.000000E+0	1.090450E+5
1.118000E-2	0.000000E+0	1.089200E+5
1.120000E-2	0.000000E+0	1.088510E+5
1.122000E-2	0.000000E+0	1.087250E+5
1.124000E-2	0.000000E+0	1.096700E+5
1.126000E-2	0.000000E+0	1.093770E+5
1.128000E-2	0.000000E+0	1.097400E+5
1.130000E-2	0.000000E+0	1.084440E+5
1.132000E-2	0.000000E+0	1.096220E+5
1.134000E-2	0.000000E+0	1.092210E+5
1.136000E-2	0.000000E+0	1.090140E+5
1.138000E-2	0.000000E+0	1.089450E+5
1.140000E-2	0.000000E+0	1.091170E+5
1.142000E-2	0.000000E+0	1.088640E+5
1.144000E-2	0.000000E+0	1.090800E+5
1.146000E-2	0.000000E+0	1.092820E+5
1.148000E-2	0.000000E+0	1.091420E+5
1.150000E-2	0.000000E+0	1.091450E+5
1.152000E-2	0.000000E+0	1.090580E+5
1.154000E-2	0.000000E+0	1.087710E+5
1.156000E-2	0.000000E+0	1.090610E+5
1.158000E-2	0.000000E+0	1.090480E+5
1.160000E-2	0.000000E+0	1.092390E+5
1.162000E-2	0.000000E+0	1.091720E+5
1.164000E-2	0.000000E+0	1.089580E+5
1.166000E-2	0.000000E+0	1.082070E+5
1.168000E-2	0.000000E+0	1.094720E+5
1.170000E-2	0.000000E+0	1.094960E+5
1.172000E-2	0.000000E+0	1.087370E+5
1.174000E-2	0.000000E+0	1.087640E+5
1.176000E-2	0.000000E+0	1.089360E+5
1.178000E-2	0.000000E+0	1.090890E+5
1.180000E-2	0.000000E+0	1.087420E+5
1.182000E-2	0.000000E+0	1.095010E+5
1.184000E-2	0.000000E+0	1.089700E+5
1.186000E-2	0.000000E+0	1.088230E+5
1.188000E-2	0.000000E+0	1.085130E+5
1.190000E-2	0.000000E+0	1.092240E+5
1.192000E-2	0.000000E+0	1.088030E+5
1.194000E-2	0.000000E+0	1.093740E+5
1.196000E-2	0.000000E+0	1.085210E+5
1.198000E-2	0.000000E+0	1.086780E+5
1.200000E-2	0.000000E+0	1.087880E+5
1.202000E-2	0.000000E+0	1.091850E+5
1.204000E-2	0.000000E+0	1.088750E+5
1.206000E-2	0.000000E+0	1.095660E+5
1.208000E-2	0.000000E+0	1.091820E+5
1.210000E-2	0.000000E+0	1.091570E+5
1.212000E-2	0.000000E+0	1.087010E+5
1.214000E-2	0.000000E+0	1.087710E+5
1.216000E-2	0.000000E+0	1.090480E+5
1.218000E-2	0.000000E+0	1.087740E+5
1.220000E-2	0.000000E+0	1.091690E+5
1.222000E-2	0.000000E+0	1.090000E+5
1.224000E-2	0.000000E+0	1.090960E+5
1.226000E-2	0.000000E+0	1.083990E+5
1.228000E-2	0.000000E+0	1.089800E+5
1.230000E-2	0.000000E+0	1.086340E+5
1.232000E-2	0.000000E+0	1.091770E+5
1.234000E-2	0.000000E+0	1.093820E+5
1.236000E-2	0.000000E+0	1.090570E+5
1.238000E-2	0.000000E+0	1.088040E+5
1.240000E-2	0.000000E+0	1.085010E+5
1.242000E-2	0.000000E+0	1.094570E+5
1.244000E-2	0.000000E+0	1.089940E+5
1.246000E-2	0.000000E+0	1.082650E+5
1.248000E-2	0.000000E+0	1.089000E+5
1.250000E-2	0.000000E+0	1.091340E+5
1.252000E-2	0.000000E+0	1.091380E+5
1.254000E-2	0.000000E+0	1.084030E+5
1.256000E-2	0.000000E+0	1.090460E+5
1.258000E-2	0.000000E+0	1.094480E+5
1.260000E-2	0.000000E+0	1.091710E+5
1.262000E-2	0.000000E+0	1.084910E+5
1.264000E-2	0.000000E+0	1.089210E+5
1.266000E-2	0.000000E+0	1.090020E+5
1.268000E-2	0.000000E+0	1.090480E+5
1.270000E-2	0.000000E+0	1.089420E+5
1.272000E-2	0.000000E+0	1.089710E+5
1.274000E-2	0.000000E+0	1.090140E+5
1.276000E-2	0.000000E+0	1.093130E+5
1.278000E-2	0.000000E+0	1.091280E+5
1.280000E-2	0.000000E+0	1.090730E+5
1.282000E-2	0.000000E+0	1.083520E+5
1.284000E-2	0.000000E+0	1.090680E+5
1.286000E-2	0.000000E+0	1.094230E+5
1.288000E-2	0.000000E+0	1.090570E+5
1.290000E-2	0.000000E+0	1.085740E+5
1.292000E-2	0.000000E+0	1.091170E+5
1.294000E-2	0.000000E+0	1.090700E+5
1.296000E-2	0.000000E+0	1.089570E+5
1.298000E-2	0.000000E+0	1.090890E+5
1.300000E-2	0.000000E+0	1.085040E+5
1.302000E-2	0.000000E+0	1.095160E+5
1.304000E-2	0.000000E+0	1.091080E+5
1.306000E-2	0.000000E+0	1.086890E+5
1.308000E-2	0.000000E+0	1.096420E+5
1.310000E-2	0.000000E+0	1.093560E+5
1.312000E-2	0.000000E+0	1.089180E+5
1.314000E-2	0.000000E+0	1.087700E+5
1.316000E-2	0.000000E+0	1.090110E+5
1.318000E-2	0.000000E+0	1.088570E+5
1.320000E-2	0.000000E+0	1.090890E+5
1.322000E-2	0.000000E+0	1.089490E+5
1.324000E-2	0.000000E+0	1.087090E+5
1.326000E-2	0.000000E+0	1.091210E+5
1.328000E-2	0.000000E+0	1.094320E+5
1.330000E-2	0.000000E+0	1.092140E+5
1.332000E-2	0.000000E+0	1.096630E+5
1.334000E-2	0.000000E+0	1.089430E+5
1.336000E-2	0.000000E+0	1.088190E+5
1.338000E-2	0.000000E+0	1.084560E+5
1.340000E-2	0.000000E+0	1.091630E+5
1.342000E-2	0.000000E+0	1.095350E+5
1.344000E-2	0.000000E+0	1.091850E+5
1.346000E-2	0.000000E+0	1.090520E+5
1.348000E-2	0.000000E+0	1.089050E+5
1.350000E-2	0.000000E+0	1.090140E+5
1.352000E-2	0.000000E+0	1.090940E+5
1.354000E-2	0.000000E+0	1.091490E+5
1.356000E-2	0.000000E+0	1.088300E+5
1.358000E-2	0.000000E+0	1.080190E+5
1.360000E-2	0.000000E+0	1.089150E+5
1.362000E-2	0.000000E+0	1.083540E+5
1.364000E-2	0.000000E+0	1.087490E+5
1.366000E-2	0.000000E+0	1.086040E+5
1.368000E-2	0.000000E+0	1.092180E+5
1.370000E-2	0.000000E+0	1.091570E+5
1.372000E-2	0.000000E+0	1.089630E+5
1.374000E-2	0.000000E+0	1.086450E+5
1.376000E-2	0.000000E+0	1.090990E+5
1.378000E-2	0.000000E+0	1.096570E+5
1.380000E-2	0.000000E+0	1.085120E+5
1.382000E-2	0.000000E+0	1.085620E+5
1.384000E-2	0.000000E+0	1.085780E+5
1.386000E-2	0.000000E+0	1.094790E+5
1.388000E-2	0.000000E+0	1.089740E+5
1.390000E-2	0.000000E+0	1.090340E+5
1.392000E-2	0.000000E+0	1.087490E+5
1.394000E-2	0.000000E+0	1.096440E+5
1.396000E-2	0.000000E+0	1.085250E+5
1.398000E-2	0.000000E+0	1.096140E+5
1.400000E-2	0.000000E+0	1.090410E+5
1.402000E-2	0.000000E+0	1.088940E+5
1.404000E-2	0.000000E+0	1.093840E+5
1.406000E-2	0.000000E+0	1.087580E+5
1.408000E-2	0.000000E+0	1.094690E+5
1.410000E-2	0.000000E+0	1.088850E+5
1.412000E-2	0.000000E+0	1.087030E+5
1.414000E-2	0.000000E+0	1.086200E+5
1.416000E-2	0.000000E+0	1.094370E+5
1.418000E-2	0.000000E+0	1.089730E+5
1.420000E-2	0.000000E+0	1.093440E+5
1.422000E-2	0.000000E+0	1.087600E+5
1.424000E-2	0.000000E+0	1.087840E+5
1.426000E-2	0.000000E+0	1.091710E+5
1.428000E-2	0.000000E+0	1.091850E+5
1.430000E-2	0.000000E+0	1.087820E+5
1.432000E-2	0.000000E+0	1.094970E+5
1.434000E-2	0.000000E+0	1.088770E+5
1.436000E-2	0.000000E+0	1.089510E+5
1.438000E-2	0.000000E+0	1.088940E+5
1.440000E-2	0.000000E+0	1.089500E+5
1.442000E-2	0.000000E+0	1.092640E+5
1.444000E-2	0.000000E+0	1.094130E+5
1.446000E-2	0.000000E+0	1.090640E+5
1.448000E-2	0.000000E+0	1.088460E+5
1.450000E-2	0.000000E+0	1.087460E+5
1.452000E-2	0.000000E+0	1.091700E+5
1.454000E-2	0.000000E+0	1.088270E+5
1.456000E-2	0.000000E+0	1.089800E+5
1.458000E-2	0.000000E+0	1.086590E+5
1.460000E-2	0.000000E+0	1.085930E+5
1.462000E-2	0.000000E+0	1.093820E+5
1.464000E-2	0.000000E+0	1.092130E+5
1.466000E-2	0.000000E+0	1.088600E+5
1.468000E-2	0.000000E+0	1.091910E+5
1.470000E-2	0.000000E+0	1.082700E+5
1.472000E-2	0.000000E+0	1.088370E+5
1.474000E-2	0.000000E+0	1.091680E+5
1.476000E-2	0.000000E+0	1.088680E+5
1.478000E-2	0.000000E+0	1.097150E+5
1.480000E-2	0.000000E+0	1.090220E+5
1.482000E-2	0.000000E+0	1.089160E+5
1.484000E-2	0.000000E+0	1.089510E+5
1.486000E-2	0.000000E+0	1.091480E+5
1.488000E-2	0.000000E+0	1.085890E+5
1.490000E-2	0.000000E+0	1.090130E+5
1.492000E-2	0.000000E+0	1.090430E+5
1.494000E-2	0.000000E+0	1.092210E+5
1.496000E-2	0.000000E+0	1.092640E+5
1.498000E-2	0.000000E+0	1.091430E+5
1.500000E-2	0.000000E+0	1.090240E+5
1.502000E-2	0.000000E+0	1.090410E+5
1.504000E-2	0.000000E+0	1.098250E+5
1.506000E-2	0.000000E+0	1.089010E+5
1.508000E-2	0.000000E+0	1.092320E+5
1.510000E-2	0.000000E+0	1.090310E+5
1.512000E-2	0.000000E+0	1.089980E+5
1.514000E-2	0.000000E+0	1.084260E+5
1.516000E-2	0.000000E+0	1.091370E+5
1.518000E-2	0.000000E+0	1.093920E+5
1.520000E-2	0.000000E+0	1.086890E+5
1.522000E-2	0.000000E+0	1.088290E+5
1.524000E-2	0.000000E+0	1.092440E+5
1.526000E-2	0.000000E+0	1.082310E+5
1.528000E-2	0.000000E+0	1.095260E+5
1.530000E-2	0.000000E+0	1.093430E+5
1.532000E-2	0.000000E+0	1.090930E+5
1.534000E-2	0.000000E+0	1.091500E+5
1.536000E-2	0.000000E+0	1.089830E+5
1.538000E-2	0.000000E+0	1.088650E+5
1.540000E-2	0.000000E+0	1.089170E+5
1.542000E-2	0.000000E+0	1.086310E+5
1.544000E-2	0.000000E+0	1.091100E+5
1.546000E-2	0.000000E+0	1.085130E+5
1.548000E-2	0.000000E+0	1.088130E+5
1.550000E-2	0.000000E+0	1.091450E+5
1.552000E-2	0.000000E+0	1.087460E+5
1.554000E-2	0.000000E+0	1.087490E+5
1.556000E-2	0.000000E+0	1.094450E+5
1.558000E-2	0.000000E+0	1.093030E+5
1.560000E-2	0.000000E+0	1.089980E+5
1.562000E-2	0.000000E+0	1.086060E+5
1.564000E-2	0.000000E+0	1.087150E+5
1.566000E-2	0.000000E+0	1.089100E+5
1.568000E-2	0.000000E+0	1.086060E+5
1.570000E-2	0.000000E+0	1.091140E+5
1.572000E-2	0.000000E+0	1.090360E+5
1.574000E-2	0.000000E+0	1.089720E+5
1.576000E-2	0.000000E+0	1.085190E+5
1.578000E-2	0.000000E+0	1.087610E+5
1.580000E-2	0.000000E+0	1.094250E+5
1.582000E-2	0.000000E+0	1.089180E+5
1.584000E-2	0.000000E+0	1.087710E+5
1.586000E-2	0.000000E+0	1.088330E+5
1.588000E-2	0.000000E+0	1.089700E+5
1.590000E-2	0.000000E+0	1.089870E+5
1.592000E-2	0.000000E+0	1.086710E+5
1.594000E-2	0.000000E+0	1.088880E+5
1.596000E-2	0.000000E+0	1.087530E+5
1.598000E-2	0.000000E+0	1.088400E+5
1.600000E-2	0.000000E+0	1.086940E+5
1.602000E-2	0.000000E+0	1.087140E+5
1.604000E-2	0.000000E+0	1.090060E+5
1.606000E-2	0.000000E+0	1.091730E+5
1.608000E-2	0.000000E+0	1.088260E+5
1.610000E-2	0.000000E+0	1.089270E+5
1.612000E-2	0.000000E+0	1.082490E+5
1.614000E-2	0.000000E+0	1.089980E+5
1.616000E-2	0.000000E+0	1.093350E+5
1.618000E-2	0.000000E+0	1.079730E+5
1.620000E-2	0.000000E+0	1.085980E+5
1.622000E-2	0.000000E+0	1.083410E+5
1.624000E-2	0.000000E+0	1.089220E+5
1.626000E-2	0.000000E+0	1.083500E+5
1.628000E-2	0.000000E+0	1.087170E+5
1.630000E-2	0.000000E+0	1.086570E+5
1.632000E-2	0.000000E+0	1.089240E+5
1.634000E-2	0.000000E+0	1.087390E+5
1.636000E-2	0.000000E+0	1.084070E+5
1.638000E-2	0.000000E+0	1.088250E+5
1.640000E-2	0.000000E+0	1.083290E+5
1.642000E-2	0.000000E+0	1.086450E+5
1.644000E-2	0.000000E+0	1.088810E+5
1.646000E-2	0.000000E+0	1.081190E+5
1.648000E-2	0.000000E+0	1.094990E+5
1.650000E-2	0.000000E+0	1.090780E+5
1.652000E-2	0.000000E+0	1.089180E+5
1.654000E-2	0.000000E+0	1.081230E+5
1.656000E-2	0.000000E+0	1.085140E+5
1.658000E-2	0.000000E+0	1.090080E+5
1.660000E-2	0.000000E+0	1.082360E+5
1.662000E-2	0.000000E+0	1.084650E+5
1.664000E-2	0.000000E+0	1.089370E+5
1.666000E-2	0.000000E+0	1.089340E+5
1.668000E-2	0.000000E+0	1.085210E+5
1.670000E-2	0.000000E+0	1.085630E+5
1.672000E-2	0.000000E+0	1.086280E+5
1.674000E-2	0.000000E+0	1.082090E+5
1.676000E-2	0.000000E+0	1.083760E+5
1.678000E-2	0.000000E+0	1.087560E+5
1.680000E-2	0.000000E+0	1.087350E+5
1.682000E-2	0.000000E+0	1.084610E+5
1.684000E-2	0.000000E+0	1.080790E+5
1.686000E-2	0.000000E+0	1.080910E+5
1.688000E-2	0.000000E+0	1.081250E+5
1.690000E-2	0.000000E+0	1.075690E+5
1.692000E-2	0.000000E+0	1.078200E+5
1.694000E-2	0.000000E+0	1.076700E+5
1.696000E-2	0.000000E+0	1.072120E+5
1.698000E-2	0.000000E+0	1.070180E+5
1.700000E-2	0.000000E+0	1.067940E+5
1.702000E-2	0.000000E+0	1.063970E+5
1.704000E-2	0.000000E+0	1.054190E+5
1.706000E-2	0.000000E+0	1.048020E+5
1.708000E-2	0.000000E+0	1.040370E+5
1.710000E-2	0.000000E+0	1.019010E+5
1.712000E-2	0.000000E+0	9.992200E+4
1.714000E-2	0.000000E+0	9.545300E+4
1.716000E-2	0.000000E+0	8.912000E+4
1.718000E-2	0.000000E+0	8.188900E+4
1.720000E-2	0.000000E+0	7.350500E+4
1.722000E-2	0.000000E+0	6.746800E+4
1.724000E-2	0.000000E+0	6.461700E+4
1.726000E-2	0.000000E+0	6.629900E+4
1.728000E-2	0.000000E+0	7.133600E+4
1.730000E-2	0.000000E+0	7.914900E+4
1.732000E-2	0.000000E+0	8.638900E+4
1.734000E-2	0.000000E+0	9.343700E+4
1.736000E-2	0.000000E+0	9.802900E+4
1.738000E-2	0.000000E+0	1.010500E+5
1.740000E-2	0.000000E+0	1.036230E+5
1.742000E-2	0.000000E+0	1.048280E+5
1.744000E-2	0.000000E+0	1.055340E+5
1.746000E-2	0.000000E+0	1.061660E+5
1.748000E-2	0.000000E+0	1.066570E+5
1.750000E-2	0.000000E+0	1.069480E+5
1.752000E-2	0.000000E+0	1.067690E+5
1.754000E-2	0.000000E+0	1.083920E+5
1.756000E-2	0.000000E+0	1.071760E+5
1.758000E-2	0.000000E+0	1.076170E+5
1.760000E-2	0.000000E+0	1.083600E+5
1.762000E-2	0.000000E+0	1.078060E+5
1.764000E-2	0.000000E+0	1.080000E+5
1.766000E-2	0.000000E+0	1.081150E+5
1.768000E-2	0.000000E+0	1.083820E+5
1.770000E-2	0.000000E+0	1.084230E+5
1.772000E-2	0.000000E+0	1.088920E+5
1.774000E-2	0.000000E+0	1.080280E+5
1.776000E-2	0.000000E+0	1.082990E+5
1.778000E-2	0.000000E+0	1.085190E+5
1.780000E-2	0.000000E+0	1.086090E+5
1.782000E-2	0.000000E+0	1.087390E+5
1.784000E-2	0.000000E+0	1.090350E+5
1.786000E-2	0.000000E+0	1.093040E+5
1.788000E-2	0.000000E+0	1.087870E+5
1.790000E-2	0.000000E+0	1.083430E+5
1.792000E-2	0.000000E+0	1.088260E+5
1.794000E-2	0.000000E+0	1.087570E+5
1.796000E-2	0.000000E+0	1.090530E+5
1.798000E-2	0.000000E+0	1.085560E+5
1.800000E-2	0.000000E+0	1.086910E+5
1.802000E-2	0.000000E+0	1.083740E+5
1.804000E-2	0.000000E+0	1.086480E+5
1.806000E-2	0.000000E+0	1.087820E+5
1.808000E-2	0.000000E+0	1.084660E+5
1.810000E-2	0.000000E+0	1.091140E+5
1.812000E-2	0.000000E+0	1.090580E+5
1.814000E-2	0.000000E+0	1.082900E+5
1.816000E-2	0.000000E+0	1.088930E+5
1.818000E-2	0.000000E+0	1.084880E+5
1.820000E-2	0.000000E+0	1.089350E+5
1.822000E-2	0.000000E+0	1.082070E+5
1.824000E-2	0.000000E+0	1.084340E+5
1.826000E-2	0.000000E+0	1.086780E+5
1.828000E-2	0.000000E+0	1.090540E+5
1.830000E-2	0.000000E+0	1.087240E+5
1.832000E-2	0.000000E+0	1.089590E+5
1.834000E-2	0.000000E+0	1.088460E+5
1.836000E-2	0.000000E+0	1.082170E+5
1.838000E-2	0.000000E+0	1.090930E+5
1.840000E-2	0.000000E+0	1.094120E+5
1.842000E-2	0.000000E+0	1.091450E+5
1.844000E-2	0.000000E+0	1.091920E+5
1.846000E-2	0.000000E+0	1.091830E+5
1.848000E-2	0.000000E+0	1.082240E+5
1.850000E-2	0.000000E+0	1.090530E+5
1.852000E-2	0.000000E+0	1.084920E+5
1.854000E-2	0.000000E+0	1.086090E+5
1.856000E-2	0.000000E+0	1.089470E+5
1.858000E-2	0.000000E+0	1.083000E+5
1.860000E-2	0.000000E+0	1.087660E+5
1.862000E-2	0.000000E+0	1.088810E+5
1.864000E-2	0.000000E+0	1.098900E+5
1.866000E-2	0.000000E+0	1.079900E+5
1.868000E-2	0.000000E+0	1.092990E+5
1.870000E-2	0.000000E+0	1.086540E+5
1.872000E-2	0.000000E+0	1.087920E+5
1.874000E-2	0.000000E+0	1.088810E+5
1.876000E-2	0.000000E+0	1.084160E+5
1.878000E-2	0.000000E+0	1.084670E+5
1.880000E-2	0.000000E+0	1.087020E+5
1.882000E-2	0.000000E+0	1.088750E+5
1.884000E-2	0.000000E+0	1.085620E+5
1.886000E-2	0.000000E+0	1.090720E+5
1.888000E-2	0.000000E+0	1.087300E+5
1.890000E-2	0.000000E+0	1.087560E+5
1.892000E-2	0.000000E+0	1.085740E+5
1.894000E-2	0.000000E+0	1.089200E+5
1.896000E-2	0.000000E+0	1.089410E+5
1.898000E-2	0.000000E+0	1.099810E+5
1.900000E-2	0.000000E+0	1.089830E+5
1.902000E-2	0.000000E+0	1.086350E+5
1.904000E-2	0.000000E+0	1.090270E+5
1.906000E-2	0.000000E+0	1.089260E+5
1.908000E-2	0.000000E+0	1.092730E+5
1.910000E-2	0.000000E+0	1.082320E+5
1.912000E-2	0.000000E+0	1.086140E+5
1.914000E-2	0.000000E+0	1.095080E+5
1.916000E-2	0.000000E+0	1.086190E+5
1.918000E-2	0.000000E+0	1.089560E+5
1.920000E-2	0.000000E+0	1.086440E+5
1.922000E-2	0.000000E+0	1.089630E+5
1.924000E-2	0.000000E+0	1.097830E+5
1.926000E-2	0.000000E+0	1.091050E+5
1.928000E-2	0.000000E+0	1.088280E+5
1.930000E-2	0.000000E+0	1.087820E+5
1.932000E-2	0.000000E+0	1.092320E+5
1.934000E-2	0.000000E+0	1.090950E+5
1.936000E-2	0.000000E+0	1.087200E+5
1.938000E-2	0.000000E+0	1.091160E+5
1.940000E-2	0.000000E+0	1.086370E+5
1.942000E-2	0.000000E+0	1.088620E+5
1.944000E-2	0.000000E+0	1.087240E+5
1.946000E-2	0.000000E+0	1.089110E+5
1.948000E-2	0.000000E+0	1.090500E+5
1.950000E-2	0.000000E+0	1.093010E+5
1.952000E-2	0.000000E+0	1.090540E+5
1.954000E-2	0.000000E+0	1.092310E+5
1.956000E-2	0.000000E+0	1.089970E+5
1.958000E-2	0.000000E+0	1.087900E+5
1.960000E-2	0.000000E+0	1.082950E+5
1.962000E-2	0.000000E+0	1.088270E+5
1.964000E-2	0.000000E+0	1.090880E+5
1.966000E-2	0.000000E+0	1.091780E+5
1.968000E-2	0.000000E+0	1.086570E+5
1.970000E-2	0.000000E+0	1.092370E+5
1.972000E-2	0.000000E+0	1.085170E+5
1.974000E-2	0.000000E+0	1.086670E+5
1.976000E-2	0.000000E+0	1.085030E+5
1.978000E-2	0.000000E+0	1.088660E+5
1.980000E-2	0.000000E+0	1.090050E+5
1.982000E-2	0.000000E+0	1.090230E+5
1.984000E-2	0.000000E+0	1.085550E+5
1.986000E-2	0.000000E+0	1.091240E+5
1.988000E-2	0.000000E+0	1.093130E+5
1.990000E-2	0.000000E+0	1.094380E+5
1.992000E-2	0.000000E+0	1.091660E+5
1.994000E-2	0.000000E+0	1.092570E+5
1.996000E-2	0.000000E+0	1.087960E+5
1.998000E-2	0.000000E+0	1.086780E+5
