

live time:  71462.340000
real time:  82800.180000
sweeps:  3573117.000000
0.000000E+0	0.000000E+0	0.000000E+0
2.000000E-5	0.000000E+0	9.274700E+4
4.000000E-5	0.000000E+0	9.334000E+4
6.000000E-5	0.000000E+0	9.354400E+4
8.000000E-5	0.000000E+0	9.317200E+4
1.000000E-4	0.000000E+0	9.346500E+4
1.200000E-4	0.000000E+0	9.299000E+4
1.400000E-4	0.000000E+0	9.364500E+4
1.600000E-4	0.000000E+0	9.361700E+4
1.800000E-4	0.000000E+0	9.342300E+4
2.000000E-4	0.000000E+0	9.390400E+4
2.200000E-4	0.000000E+0	9.323400E+4
2.400000E-4	0.000000E+0	9.356600E+4
2.600000E-4	0.000000E+0	9.350200E+4
2.800000E-4	0.000000E+0	9.334600E+4
3.000000E-4	0.000000E+0	9.335500E+4
3.200000E-4	0.000000E+0	9.354500E+4
3.400000E-4	0.000000E+0	9.319500E+4
3.600000E-4	0.000000E+0	9.331000E+4
3.800000E-4	0.000000E+0	9.294800E+4
4.000000E-4	0.000000E+0	9.344000E+4
4.200000E-4	0.000000E+0	9.326600E+4
4.400000E-4	0.000000E+0	9.375900E+4
4.600000E-4	0.000000E+0	9.391400E+4
4.800000E-4	0.000000E+0	9.298700E+4
5.000000E-4	0.000000E+0	9.342300E+4
5.200000E-4	0.000000E+0	9.330200E+4
5.400000E-4	0.000000E+0	9.281300E+4
5.600000E-4	0.000000E+0	9.314600E+4
5.800000E-4	0.000000E+0	9.330700E+4
6.000000E-4	0.000000E+0	9.345300E+4
6.200000E-4	0.000000E+0	9.304400E+4
6.400000E-4	0.000000E+0	9.367000E+4
6.600000E-4	0.000000E+0	9.295600E+4
6.800000E-4	0.000000E+0	9.392600E+4
7.000000E-4	0.000000E+0	9.317500E+4
7.200000E-4	0.000000E+0	9.370500E+4
7.400000E-4	0.000000E+0	9.324300E+4
7.600000E-4	0.000000E+0	9.312100E+4
7.800000E-4	0.000000E+0	9.331900E+4
8.000000E-4	0.000000E+0	9.291200E+4
8.200000E-4	0.000000E+0	9.335100E+4
8.400000E-4	0.000000E+0	9.297200E+4
8.600000E-4	0.000000E+0	9.393200E+4
8.800000E-4	0.000000E+0	9.330700E+4
9.000000E-4	0.000000E+0	9.357400E+4
9.200000E-4	0.000000E+0	9.377100E+4
9.400000E-4	0.000000E+0	9.379900E+4
9.600000E-4	0.000000E+0	9.327900E+4
9.800000E-4	0.000000E+0	9.351900E+4
1.000000E-3	0.000000E+0	9.396100E+4
1.020000E-3	0.000000E+0	9.347600E+4
1.040000E-3	0.000000E+0	9.378500E+4
1.060000E-3	0.000000E+0	9.320400E+4
1.080000E-3	0.000000E+0	9.351200E+4
1.100000E-3	0.000000E+0	9.378200E+4
1.120000E-3	0.000000E+0	9.327700E+4
1.140000E-3	0.000000E+0	9.293600E+4
1.160000E-3	0.000000E+0	9.299400E+4
1.180000E-3	0.000000E+0	9.313000E+4
1.200000E-3	0.000000E+0	9.371000E+4
1.220000E-3	0.000000E+0	9.380400E+4
1.240000E-3	0.000000E+0	9.346400E+4
1.260000E-3	0.000000E+0	9.301000E+4
1.280000E-3	0.000000E+0	9.313800E+4
1.300000E-3	0.000000E+0	9.318500E+4
1.320000E-3	0.000000E+0	9.354400E+4
1.340000E-3	0.000000E+0	9.331700E+4
1.360000E-3	0.000000E+0	9.295800E+4
1.380000E-3	0.000000E+0	9.319500E+4
1.400000E-3	0.000000E+0	9.357700E+4
1.420000E-3	0.000000E+0	9.338800E+4
1.440000E-3	0.000000E+0	9.315600E+4
1.460000E-3	0.000000E+0	9.354900E+4
1.480000E-3	0.000000E+0	9.307000E+4
1.500000E-3	0.000000E+0	9.395200E+4
1.520000E-3	0.000000E+0	9.303000E+4
1.540000E-3	0.000000E+0	9.332000E+4
1.560000E-3	0.000000E+0	9.346900E+4
1.580000E-3	0.000000E+0	9.321100E+4
1.600000E-3	0.000000E+0	9.290400E+4
1.620000E-3	0.000000E+0	9.332000E+4
1.640000E-3	0.000000E+0	9.374000E+4
1.660000E-3	0.000000E+0	9.316900E+4
1.680000E-3	0.000000E+0	9.310200E+4
1.700000E-3	0.000000E+0	9.346200E+4
1.720000E-3	0.000000E+0	9.380400E+4
1.740000E-3	0.000000E+0	9.306300E+4
1.760000E-3	0.000000E+0	9.319400E+4
1.780000E-3	0.000000E+0	9.345500E+4
1.800000E-3	0.000000E+0	9.317800E+4
1.820000E-3	0.000000E+0	9.287100E+4
1.840000E-3	0.000000E+0	9.331800E+4
1.860000E-3	0.000000E+0	9.323300E+4
1.880000E-3	0.000000E+0	9.338500E+4
1.900000E-3	0.000000E+0	9.338800E+4
1.920000E-3	0.000000E+0	9.346400E+4
1.940000E-3	0.000000E+0	9.348700E+4
1.960000E-3	0.000000E+0	9.338000E+4
1.980000E-3	0.000000E+0	9.315900E+4
2.000000E-3	0.000000E+0	9.308000E+4
2.020000E-3	0.000000E+0	9.351500E+4
2.040000E-3	0.000000E+0	9.331200E+4
2.060000E-3	0.000000E+0	9.371500E+4
2.080000E-3	0.000000E+0	9.332100E+4
2.100000E-3	0.000000E+0	9.334100E+4
2.120000E-3	0.000000E+0	9.369600E+4
2.140000E-3	0.000000E+0	9.368600E+4
2.160000E-3	0.000000E+0	9.304400E+4
2.180000E-3	0.000000E+0	9.335300E+4
2.200000E-3	0.000000E+0	9.290100E+4
2.220000E-3	0.000000E+0	9.382500E+4
2.240000E-3	0.000000E+0	9.329500E+4
2.260000E-3	0.000000E+0	9.298300E+4
2.280000E-3	0.000000E+0	9.374500E+4
2.300000E-3	0.000000E+0	9.400200E+4
2.320000E-3	0.000000E+0	9.323400E+4
2.340000E-3	0.000000E+0	9.312400E+4
2.360000E-3	0.000000E+0	9.309900E+4
2.380000E-3	0.000000E+0	9.387200E+4
2.400000E-3	0.000000E+0	9.296700E+4
2.420000E-3	0.000000E+0	9.306900E+4
2.440000E-3	0.000000E+0	9.316800E+4
2.460000E-3	0.000000E+0	9.351300E+4
2.480000E-3	0.000000E+0	9.317800E+4
2.500000E-3	0.000000E+0	9.319900E+4
2.520000E-3	0.000000E+0	9.329000E+4
2.540000E-3	0.000000E+0	9.327300E+4
2.560000E-3	0.000000E+0	9.311500E+4
2.580000E-3	0.000000E+0	9.335000E+4
2.600000E-3	0.000000E+0	9.364800E+4
2.620000E-3	0.000000E+0	9.279400E+4
2.640000E-3	0.000000E+0	9.318300E+4
2.660000E-3	0.000000E+0	9.292900E+4
2.680000E-3	0.000000E+0	9.309200E+4
2.700000E-3	0.000000E+0	9.316100E+4
2.720000E-3	0.000000E+0	9.362900E+4
2.740000E-3	0.000000E+0	9.271400E+4
2.760000E-3	0.000000E+0	9.334600E+4
2.780000E-3	0.000000E+0	9.347200E+4
2.800000E-3	0.000000E+0	9.240100E+4
2.820000E-3	0.000000E+0	9.378800E+4
2.840000E-3	0.000000E+0	9.344100E+4
2.860000E-3	0.000000E+0	9.314500E+4
2.880000E-3	0.000000E+0	9.302700E+4
2.900000E-3	0.000000E+0	9.321200E+4
2.920000E-3	0.000000E+0	9.349400E+4
2.940000E-3	0.000000E+0	9.331100E+4
2.960000E-3	0.000000E+0	9.333500E+4
2.980000E-3	0.000000E+0	9.356500E+4
3.000000E-3	0.000000E+0	9.397800E+4
3.020000E-3	0.000000E+0	9.375500E+4
3.040000E-3	0.000000E+0	9.344900E+4
3.060000E-3	0.000000E+0	9.344900E+4
3.080000E-3	0.000000E+0	9.325800E+4
3.100000E-3	0.000000E+0	9.342700E+4
3.120000E-3	0.000000E+0	9.336500E+4
3.140000E-3	0.000000E+0	9.330100E+4
3.160000E-3	0.000000E+0	9.310600E+4
3.180000E-3	0.000000E+0	9.380200E+4
3.200000E-3	0.000000E+0	9.290500E+4
3.220000E-3	0.000000E+0	9.318200E+4
3.240000E-3	0.000000E+0	9.374800E+4
3.260000E-3	0.000000E+0	9.306700E+4
3.280000E-3	0.000000E+0	9.309000E+4
3.300000E-3	0.000000E+0	9.337900E+4
3.320000E-3	0.000000E+0	9.290700E+4
3.340000E-3	0.000000E+0	9.286700E+4
3.360000E-3	0.000000E+0	9.357100E+4
3.380000E-3	0.000000E+0	9.326000E+4
3.400000E-3	0.000000E+0	9.256900E+4
3.420000E-3	0.000000E+0	9.277100E+4
3.440000E-3	0.000000E+0	9.309300E+4
3.460000E-3	0.000000E+0	9.356400E+4
3.480000E-3	0.000000E+0	9.302300E+4
3.500000E-3	0.000000E+0	9.290300E+4
3.520000E-3	0.000000E+0	9.343400E+4
3.540000E-3	0.000000E+0	9.320600E+4
3.560000E-3	0.000000E+0	9.241300E+4
3.580000E-3	0.000000E+0	9.282000E+4
3.600000E-3	0.000000E+0	9.300200E+4
3.620000E-3	0.000000E+0	9.320100E+4
3.640000E-3	0.000000E+0	9.279800E+4
3.660000E-3	0.000000E+0	9.325600E+4
3.680000E-3	0.000000E+0	9.336300E+4
3.700000E-3	0.000000E+0	9.258600E+4
3.720000E-3	0.000000E+0	9.278700E+4
3.740000E-3	0.000000E+0	9.367300E+4
3.760000E-3	0.000000E+0	9.285000E+4
3.780000E-3	0.000000E+0	9.335200E+4
3.800000E-3	0.000000E+0	9.293400E+4
3.820000E-3	0.000000E+0	9.219000E+4
3.840000E-3	0.000000E+0	9.265500E+4
3.860000E-3	0.000000E+0	9.171900E+4
3.880000E-3	0.000000E+0	9.241600E+4
3.900000E-3	0.000000E+0	9.263000E+4
3.920000E-3	0.000000E+0	9.198500E+4
3.940000E-3	0.000000E+0	9.197200E+4
3.960000E-3	0.000000E+0	9.147600E+4
3.980000E-3	0.000000E+0	9.136000E+4
4.000000E-3	0.000000E+0	9.036800E+4
4.020000E-3	0.000000E+0	8.976600E+4
4.040000E-3	0.000000E+0	8.840200E+4
4.060000E-3	0.000000E+0	8.640400E+4
4.080000E-3	0.000000E+0	8.355000E+4
4.100000E-3	0.000000E+0	7.947200E+4
4.120000E-3	0.000000E+0	7.404400E+4
4.140000E-3	0.000000E+0	6.835200E+4
4.160000E-3	0.000000E+0	6.584900E+4
4.180000E-3	0.000000E+0	6.744100E+4
4.200000E-3	0.000000E+0	7.281800E+4
4.220000E-3	0.000000E+0	7.748500E+4
4.240000E-3	0.000000E+0	8.123300E+4
4.260000E-3	0.000000E+0	8.385500E+4
4.280000E-3	0.000000E+0	8.516400E+4
4.300000E-3	0.000000E+0	8.643000E+4
4.320000E-3	0.000000E+0	8.828000E+4
4.340000E-3	0.000000E+0	8.983300E+4
4.360000E-3	0.000000E+0	9.030400E+4
4.380000E-3	0.000000E+0	9.067500E+4
4.400000E-3	0.000000E+0	9.170400E+4
4.420000E-3	0.000000E+0	9.197600E+4
4.440000E-3	0.000000E+0	9.189100E+4
4.460000E-3	0.000000E+0	9.210700E+4
4.480000E-3	0.000000E+0	9.213800E+4
4.500000E-3	0.000000E+0	9.196100E+4
4.520000E-3	0.000000E+0	9.239800E+4
4.540000E-3	0.000000E+0	9.164200E+4
4.560000E-3	0.000000E+0	9.244600E+4
4.580000E-3	0.000000E+0	9.218900E+4
4.600000E-3	0.000000E+0	9.194700E+4
4.620000E-3	0.000000E+0	9.108100E+4
4.640000E-3	0.000000E+0	9.086700E+4
4.660000E-3	0.000000E+0	9.060000E+4
4.680000E-3	0.000000E+0	9.073200E+4
4.700000E-3	0.000000E+0	8.939500E+4
4.720000E-3	0.000000E+0	8.848000E+4
4.740000E-3	0.000000E+0	8.697900E+4
4.760000E-3	0.000000E+0	8.347800E+4
4.780000E-3	0.000000E+0	7.936500E+4
4.800000E-3	0.000000E+0	7.354900E+4
4.820000E-3	0.000000E+0	6.782700E+4
4.840000E-3	0.000000E+0	6.439900E+4
4.860000E-3	0.000000E+0	6.617300E+4
4.880000E-3	0.000000E+0	7.138200E+4
4.900000E-3	0.000000E+0	7.650400E+4
4.920000E-3	0.000000E+0	8.044800E+4
4.940000E-3	0.000000E+0	8.526900E+4
4.960000E-3	0.000000E+0	8.724300E+4
4.980000E-3	0.000000E+0	8.904700E+4
5.000000E-3	0.000000E+0	9.060600E+4
5.020000E-3	0.000000E+0	9.098800E+4
5.040000E-3	0.000000E+0	9.126800E+4
5.060000E-3	0.000000E+0	9.127100E+4
5.080000E-3	0.000000E+0	9.201400E+4
5.100000E-3	0.000000E+0	9.242800E+4
5.120000E-3	0.000000E+0	9.220300E+4
5.140000E-3	0.000000E+0	9.189900E+4
5.160000E-3	0.000000E+0	9.165800E+4
5.180000E-3	0.000000E+0	9.208200E+4
5.200000E-3	0.000000E+0	9.218300E+4
5.220000E-3	0.000000E+0	9.335400E+4
5.240000E-3	0.000000E+0	9.281100E+4
5.260000E-3	0.000000E+0	9.270900E+4
5.280000E-3	0.000000E+0	9.231000E+4
5.300000E-3	0.000000E+0	9.173400E+4
5.320000E-3	0.000000E+0	9.235400E+4
5.340000E-3	0.000000E+0	9.165400E+4
5.360000E-3	0.000000E+0	9.122000E+4
5.380000E-3	0.000000E+0	9.080400E+4
5.400000E-3	0.000000E+0	9.019300E+4
5.420000E-3	0.000000E+0	8.877100E+4
5.440000E-3	0.000000E+0	8.605000E+4
5.460000E-3	0.000000E+0	8.258900E+4
5.480000E-3	0.000000E+0	7.870200E+4
5.500000E-3	0.000000E+0	7.783700E+4
5.520000E-3	0.000000E+0	8.079800E+4
5.540000E-3	0.000000E+0	8.508700E+4
5.560000E-3	0.000000E+0	8.795500E+4
5.580000E-3	0.000000E+0	9.012400E+4
5.600000E-3	0.000000E+0	9.054300E+4
5.620000E-3	0.000000E+0	9.127700E+4
5.640000E-3	0.000000E+0	9.256000E+4
5.660000E-3	0.000000E+0	9.172600E+4
5.680000E-3	0.000000E+0	9.218000E+4
5.700000E-3	0.000000E+0	9.234300E+4
5.720000E-3	0.000000E+0	9.227800E+4
5.740000E-3	0.000000E+0	9.184500E+4
5.760000E-3	0.000000E+0	9.248600E+4
5.780000E-3	0.000000E+0	9.226600E+4
5.800000E-3	0.000000E+0	9.185700E+4
5.820000E-3	0.000000E+0	9.237500E+4
5.840000E-3	0.000000E+0	9.195500E+4
5.860000E-3	0.000000E+0	9.092800E+4
5.880000E-3	0.000000E+0	8.967000E+4
5.900000E-3	0.000000E+0	8.897400E+4
5.920000E-3	0.000000E+0	8.599100E+4
5.940000E-3	0.000000E+0	8.303600E+4
5.960000E-3	0.000000E+0	7.895200E+4
5.980000E-3	0.000000E+0	7.843600E+4
6.000000E-3	0.000000E+0	8.068800E+4
6.020000E-3	0.000000E+0	8.466100E+4
6.040000E-3	0.000000E+0	8.810300E+4
6.060000E-3	0.000000E+0	8.985000E+4
6.080000E-3	0.000000E+0	9.076500E+4
6.100000E-3	0.000000E+0	9.136100E+4
6.120000E-3	0.000000E+0	9.224200E+4
6.140000E-3	0.000000E+0	9.248400E+4
6.160000E-3	0.000000E+0	9.220100E+4
6.180000E-3	0.000000E+0	9.193500E+4
6.200000E-3	0.000000E+0	9.268300E+4
6.220000E-3	0.000000E+0	9.263800E+4
6.240000E-3	0.000000E+0	9.264400E+4
6.260000E-3	0.000000E+0	9.177900E+4
6.280000E-3	0.000000E+0	9.259500E+4
6.300000E-3	0.000000E+0	9.233000E+4
6.320000E-3	0.000000E+0	9.212400E+4
6.340000E-3	0.000000E+0	9.234800E+4
6.360000E-3	0.000000E+0	9.221800E+4
6.380000E-3	0.000000E+0	9.145800E+4
6.400000E-3	0.000000E+0	9.184000E+4
6.420000E-3	0.000000E+0	9.135100E+4
6.440000E-3	0.000000E+0	9.054700E+4
6.460000E-3	0.000000E+0	8.995700E+4
6.480000E-3	0.000000E+0	8.849100E+4
6.500000E-3	0.000000E+0	8.706200E+4
6.520000E-3	0.000000E+0	8.450400E+4
6.540000E-3	0.000000E+0	8.162300E+4
6.560000E-3	0.000000E+0	7.888300E+4
6.580000E-3	0.000000E+0	7.459900E+4
6.600000E-3	0.000000E+0	6.998900E+4
6.620000E-3	0.000000E+0	6.532300E+4
6.640000E-3	0.000000E+0	6.579200E+4
6.660000E-3	0.000000E+0	7.078800E+4
6.680000E-3	0.000000E+0	7.719600E+4
6.700000E-3	0.000000E+0	8.201200E+4
6.720000E-3	0.000000E+0	8.601800E+4
6.740000E-3	0.000000E+0	8.832800E+4
6.760000E-3	0.000000E+0	8.897700E+4
6.780000E-3	0.000000E+0	9.010200E+4
6.800000E-3	0.000000E+0	9.117900E+4
6.820000E-3	0.000000E+0	9.127900E+4
6.840000E-3	0.000000E+0	9.100100E+4
6.860000E-3	0.000000E+0	9.159400E+4
6.880000E-3	0.000000E+0	9.133800E+4
6.900000E-3	0.000000E+0	9.198000E+4
6.920000E-3	0.000000E+0	9.200800E+4
6.940000E-3	0.000000E+0	9.232900E+4
6.960000E-3	0.000000E+0	9.218500E+4
6.980000E-3	0.000000E+0	9.176800E+4
7.000000E-3	0.000000E+0	9.240800E+4
7.020000E-3	0.000000E+0	9.178300E+4
7.040000E-3	0.000000E+0	9.118600E+4
7.060000E-3	0.000000E+0	9.138600E+4
7.080000E-3	0.000000E+0	9.091600E+4
7.100000E-3	0.000000E+0	9.031700E+4
7.120000E-3	0.000000E+0	8.908900E+4
7.140000E-3	0.000000E+0	8.774500E+4
7.160000E-3	0.000000E+0	8.641900E+4
7.180000E-3	0.000000E+0	8.550600E+4
7.200000E-3	0.000000E+0	8.490800E+4
7.220000E-3	0.000000E+0	8.380900E+4
7.240000E-3	0.000000E+0	8.124300E+4
7.260000E-3	0.000000E+0	7.702700E+4
7.280000E-3	0.000000E+0	7.295500E+4
7.300000E-3	0.000000E+0	6.745900E+4
7.320000E-3	0.000000E+0	6.621800E+4
7.340000E-3	0.000000E+0	6.860200E+4
7.360000E-3	0.000000E+0	7.345700E+4
7.380000E-3	0.000000E+0	7.910200E+4
7.400000E-3	0.000000E+0	8.378300E+4
7.420000E-3	0.000000E+0	8.677900E+4
7.440000E-3	0.000000E+0	8.870100E+4
7.460000E-3	0.000000E+0	8.957400E+4
7.480000E-3	0.000000E+0	8.987100E+4
7.500000E-3	0.000000E+0	9.088400E+4
7.520000E-3	0.000000E+0	9.192700E+4
7.540000E-3	0.000000E+0	9.221900E+4
7.560000E-3	0.000000E+0	9.194300E+4
7.580000E-3	0.000000E+0	9.248000E+4
7.600000E-3	0.000000E+0	9.221500E+4
7.620000E-3	0.000000E+0	9.308700E+4
7.640000E-3	0.000000E+0	9.212500E+4
7.660000E-3	0.000000E+0	9.281600E+4
7.680000E-3	0.000000E+0	9.296000E+4
7.700000E-3	0.000000E+0	9.316500E+4
7.720000E-3	0.000000E+0	9.280900E+4
7.740000E-3	0.000000E+0	9.293100E+4
7.760000E-3	0.000000E+0	9.276400E+4
7.780000E-3	0.000000E+0	9.289100E+4
7.800000E-3	0.000000E+0	9.324300E+4
7.820000E-3	0.000000E+0	9.313200E+4
7.840000E-3	0.000000E+0	9.319300E+4
7.860000E-3	0.000000E+0	9.262200E+4
7.880000E-3	0.000000E+0	9.305600E+4
7.900000E-3	0.000000E+0	9.319500E+4
7.920000E-3	0.000000E+0	9.287400E+4
7.940000E-3	0.000000E+0	9.299000E+4
7.960000E-3	0.000000E+0	9.357800E+4
7.980000E-3	0.000000E+0	9.327900E+4
8.000000E-3	0.000000E+0	9.259700E+4
8.020000E-3	0.000000E+0	9.385000E+4
8.040000E-3	0.000000E+0	9.357300E+4
8.060000E-3	0.000000E+0	9.279700E+4
8.080000E-3	0.000000E+0	9.301000E+4
8.100000E-3	0.000000E+0	9.310400E+4
8.120000E-3	0.000000E+0	9.324000E+4
8.140000E-3	0.000000E+0	9.339800E+4
8.160000E-3	0.000000E+0	9.307400E+4
8.180000E-3	0.000000E+0	9.341400E+4
8.200000E-3	0.000000E+0	9.329900E+4
8.220000E-3	0.000000E+0	9.342400E+4
8.240000E-3	0.000000E+0	9.350500E+4
8.260000E-3	0.000000E+0	9.359500E+4
8.280000E-3	0.000000E+0	9.290200E+4
8.300000E-3	0.000000E+0	9.348500E+4
8.320000E-3	0.000000E+0	9.261700E+4
8.340000E-3	0.000000E+0	9.310000E+4
8.360000E-3	0.000000E+0	9.318100E+4
8.380000E-3	0.000000E+0	9.351600E+4
8.400000E-3	0.000000E+0	9.377900E+4
8.420000E-3	0.000000E+0	9.376500E+4
8.440000E-3	0.000000E+0	9.321400E+4
8.460000E-3	0.000000E+0	9.335900E+4
8.480000E-3	0.000000E+0	9.351500E+4
8.500000E-3	0.000000E+0	9.300000E+4
8.520000E-3	0.000000E+0	9.305600E+4
8.540000E-3	0.000000E+0	9.383700E+4
8.560000E-3	0.000000E+0	9.310900E+4
8.580000E-3	0.000000E+0	9.337600E+4
8.600000E-3	0.000000E+0	9.316300E+4
8.620000E-3	0.000000E+0	9.309900E+4
8.640000E-3	0.000000E+0	9.350100E+4
8.660000E-3	0.000000E+0	9.333900E+4
8.680000E-3	0.000000E+0	9.311100E+4
8.700000E-3	0.000000E+0	9.277200E+4
8.720000E-3	0.000000E+0	9.355700E+4
8.740000E-3	0.000000E+0	9.337700E+4
8.760000E-3	0.000000E+0	9.322400E+4
8.780000E-3	0.000000E+0	9.359800E+4
8.800000E-3	0.000000E+0	9.376000E+4
8.820000E-3	0.000000E+0	9.282900E+4
8.840000E-3	0.000000E+0	9.359100E+4
8.860000E-3	0.000000E+0	9.335400E+4
8.880000E-3	0.000000E+0	9.325400E+4
8.900000E-3	0.000000E+0	9.325700E+4
8.920000E-3	0.000000E+0	9.310000E+4
8.940000E-3	0.000000E+0	9.307500E+4
8.960000E-3	0.000000E+0	9.367800E+4
8.980000E-3	0.000000E+0	9.359400E+4
9.000000E-3	0.000000E+0	9.390000E+4
9.020000E-3	0.000000E+0	9.337000E+4
9.040000E-3	0.000000E+0	9.334800E+4
9.060000E-3	0.000000E+0	9.299400E+4
9.080000E-3	0.000000E+0	9.297400E+4
9.100000E-3	0.000000E+0	9.255300E+4
9.120000E-3	0.000000E+0	9.335700E+4
9.140000E-3	0.000000E+0	9.344200E+4
9.160000E-3	0.000000E+0	9.380100E+4
9.180000E-3	0.000000E+0	9.354300E+4
9.200000E-3	0.000000E+0	9.313800E+4
9.220000E-3	0.000000E+0	9.336900E+4
9.240000E-3	0.000000E+0	9.386500E+4
9.260000E-3	0.000000E+0	9.329000E+4
9.280000E-3	0.000000E+0	9.390600E+4
9.300000E-3	0.000000E+0	9.302700E+4
9.320000E-3	0.000000E+0	9.361100E+4
9.340000E-3	0.000000E+0	9.328000E+4
9.360000E-3	0.000000E+0	9.352900E+4
9.380000E-3	0.000000E+0	9.317700E+4
9.400000E-3	0.000000E+0	9.295400E+4
9.420000E-3	0.000000E+0	9.311300E+4
9.440000E-3	0.000000E+0	9.250400E+4
9.460000E-3	0.000000E+0	9.342100E+4
9.480000E-3	0.000000E+0	9.330900E+4
9.500000E-3	0.000000E+0	9.287600E+4
9.520000E-3	0.000000E+0	9.263600E+4
9.540000E-3	0.000000E+0	9.350100E+4
9.560000E-3	0.000000E+0	9.363800E+4
9.580000E-3	0.000000E+0	9.371700E+4
9.600000E-3	0.000000E+0	9.304400E+4
9.620000E-3	0.000000E+0	9.354200E+4
9.640000E-3	0.000000E+0	9.325800E+4
9.660000E-3	0.000000E+0	9.339200E+4
9.680000E-3	0.000000E+0	9.365300E+4
9.700000E-3	0.000000E+0	9.355500E+4
9.720000E-3	0.000000E+0	9.366300E+4
9.740000E-3	0.000000E+0	9.315400E+4
9.760000E-3	0.000000E+0	9.327400E+4
9.780000E-3	0.000000E+0	9.275000E+4
9.800000E-3	0.000000E+0	9.336400E+4
9.820000E-3	0.000000E+0	9.357000E+4
9.840000E-3	0.000000E+0	9.294700E+4
9.860000E-3	0.000000E+0	9.335900E+4
9.880000E-3	0.000000E+0	9.317700E+4
9.900000E-3	0.000000E+0	9.383300E+4
9.920000E-3	0.000000E+0	9.327400E+4
9.940000E-3	0.000000E+0	9.312700E+4
9.960000E-3	0.000000E+0	9.343500E+4
9.980000E-3	0.000000E+0	9.304900E+4
1.000000E-2	0.000000E+0	9.313300E+4
1.002000E-2	0.000000E+0	9.338500E+4
1.004000E-2	0.000000E+0	9.353200E+4
1.006000E-2	0.000000E+0	9.368100E+4
1.008000E-2	0.000000E+0	9.326500E+4
1.010000E-2	0.000000E+0	9.326900E+4
1.012000E-2	0.000000E+0	9.333500E+4
1.014000E-2	0.000000E+0	9.251600E+4
1.016000E-2	0.000000E+0	9.352100E+4
1.018000E-2	0.000000E+0	9.329100E+4
1.020000E-2	0.000000E+0	9.317500E+4
1.022000E-2	0.000000E+0	9.394600E+4
1.024000E-2	0.000000E+0	9.321000E+4
1.026000E-2	0.000000E+0	9.289900E+4
1.028000E-2	0.000000E+0	9.374900E+4
1.030000E-2	0.000000E+0	9.391000E+4
1.032000E-2	0.000000E+0	9.323300E+4
1.034000E-2	0.000000E+0	9.255500E+4
1.036000E-2	0.000000E+0	9.303500E+4
1.038000E-2	0.000000E+0	9.285100E+4
1.040000E-2	0.000000E+0	9.341800E+4
1.042000E-2	0.000000E+0	9.392500E+4
1.044000E-2	0.000000E+0	9.398900E+4
1.046000E-2	0.000000E+0	9.360900E+4
1.048000E-2	0.000000E+0	9.427500E+4
1.050000E-2	0.000000E+0	9.303800E+4
1.052000E-2	0.000000E+0	9.337000E+4
1.054000E-2	0.000000E+0	9.315400E+4
1.056000E-2	0.000000E+0	9.332200E+4
1.058000E-2	0.000000E+0	9.335500E+4
1.060000E-2	0.000000E+0	9.312400E+4
1.062000E-2	0.000000E+0	9.383000E+4
1.064000E-2	0.000000E+0	9.385800E+4
1.066000E-2	0.000000E+0	9.304400E+4
1.068000E-2	0.000000E+0	9.257200E+4
1.070000E-2	0.000000E+0	9.355000E+4
1.072000E-2	0.000000E+0	9.325000E+4
1.074000E-2	0.000000E+0	9.345200E+4
1.076000E-2	0.000000E+0	9.328700E+4
1.078000E-2	0.000000E+0	9.365200E+4
1.080000E-2	0.000000E+0	9.292100E+4
1.082000E-2	0.000000E+0	9.325400E+4
1.084000E-2	0.000000E+0	9.306500E+4
1.086000E-2	0.000000E+0	9.333700E+4
1.088000E-2	0.000000E+0	9.358000E+4
1.090000E-2	0.000000E+0	9.293000E+4
1.092000E-2	0.000000E+0	9.371000E+4
1.094000E-2	0.000000E+0	9.357100E+4
1.096000E-2	0.000000E+0	9.270300E+4
1.098000E-2	0.000000E+0	9.406100E+4
1.100000E-2	0.000000E+0	9.314700E+4
1.102000E-2	0.000000E+0	9.256000E+4
1.104000E-2	0.000000E+0	9.374800E+4
1.106000E-2	0.000000E+0	9.331400E+4
1.108000E-2	0.000000E+0	9.354700E+4
1.110000E-2	0.000000E+0	9.343300E+4
1.112000E-2	0.000000E+0	9.282300E+4
1.114000E-2	0.000000E+0	9.335600E+4
1.116000E-2	0.000000E+0	9.285900E+4
1.118000E-2	0.000000E+0	9.346200E+4
1.120000E-2	0.000000E+0	9.364000E+4
1.122000E-2	0.000000E+0	9.358500E+4
1.124000E-2	0.000000E+0	9.352200E+4
1.126000E-2	0.000000E+0	9.387100E+4
1.128000E-2	0.000000E+0	9.420600E+4
1.130000E-2	0.000000E+0	9.323900E+4
1.132000E-2	0.000000E+0	9.327200E+4
1.134000E-2	0.000000E+0	9.365800E+4
1.136000E-2	0.000000E+0	9.292000E+4
1.138000E-2	0.000000E+0	9.318600E+4
1.140000E-2	0.000000E+0	9.302800E+4
1.142000E-2	0.000000E+0	9.299300E+4
1.144000E-2	0.000000E+0	9.307100E+4
1.146000E-2	0.000000E+0	9.286200E+4
1.148000E-2	0.000000E+0	9.291300E+4
1.150000E-2	0.000000E+0	9.341600E+4
1.152000E-2	0.000000E+0	9.353500E+4
1.154000E-2	0.000000E+0	9.286900E+4
1.156000E-2	0.000000E+0	9.319000E+4
1.158000E-2	0.000000E+0	9.319400E+4
1.160000E-2	0.000000E+0	9.344900E+4
1.162000E-2	0.000000E+0	9.350900E+4
1.164000E-2	0.000000E+0	9.329700E+4
1.166000E-2	0.000000E+0	9.314900E+4
1.168000E-2	0.000000E+0	9.306200E+4
1.170000E-2	0.000000E+0	9.317600E+4
1.172000E-2	0.000000E+0	9.339100E+4
1.174000E-2	0.000000E+0	9.367100E+4
1.176000E-2	0.000000E+0	9.310200E+4
1.178000E-2	0.000000E+0	9.370400E+4
1.180000E-2	0.000000E+0	9.343000E+4
1.182000E-2	0.000000E+0	9.341000E+4
1.184000E-2	0.000000E+0	9.304200E+4
1.186000E-2	0.000000E+0	9.322500E+4
1.188000E-2	0.000000E+0	9.365400E+4
1.190000E-2	0.000000E+0	9.393500E+4
1.192000E-2	0.000000E+0	9.276100E+4
1.194000E-2	0.000000E+0	9.298900E+4
1.196000E-2	0.000000E+0	9.375400E+4
1.198000E-2	0.000000E+0	9.333100E+4
1.200000E-2	0.000000E+0	9.309000E+4
1.202000E-2	0.000000E+0	9.307900E+4
1.204000E-2	0.000000E+0	9.360300E+4
1.206000E-2	0.000000E+0	9.354100E+4
1.208000E-2	0.000000E+0	9.269600E+4
1.210000E-2	0.000000E+0	9.252300E+4
1.212000E-2	0.000000E+0	9.269000E+4
1.214000E-2	0.000000E+0	9.300800E+4
1.216000E-2	0.000000E+0	9.384400E+4
1.218000E-2	0.000000E+0	9.329600E+4
1.220000E-2	0.000000E+0	9.304000E+4
1.222000E-2	0.000000E+0	9.272900E+4
1.224000E-2	0.000000E+0	9.332200E+4
1.226000E-2	0.000000E+0	9.331800E+4
1.228000E-2	0.000000E+0	9.293600E+4
1.230000E-2	0.000000E+0	9.331900E+4
1.232000E-2	0.000000E+0	9.365700E+4
1.234000E-2	0.000000E+0	9.278200E+4
1.236000E-2	0.000000E+0	9.391100E+4
1.238000E-2	0.000000E+0	9.284300E+4
1.240000E-2	0.000000E+0	9.343600E+4
1.242000E-2	0.000000E+0	9.312500E+4
1.244000E-2	0.000000E+0	9.338500E+4
1.246000E-2	0.000000E+0	9.316100E+4
1.248000E-2	0.000000E+0	9.333200E+4
1.250000E-2	0.000000E+0	9.332100E+4
1.252000E-2	0.000000E+0	9.303400E+4
1.254000E-2	0.000000E+0	9.354400E+4
1.256000E-2	0.000000E+0	9.281200E+4
1.258000E-2	0.000000E+0	9.316300E+4
1.260000E-2	0.000000E+0	9.387100E+4
1.262000E-2	0.000000E+0	9.356900E+4
1.264000E-2	0.000000E+0	9.365600E+4
1.266000E-2	0.000000E+0	9.389600E+4
1.268000E-2	0.000000E+0	9.300300E+4
1.270000E-2	0.000000E+0	9.352900E+4
1.272000E-2	0.000000E+0	9.260000E+4
1.274000E-2	0.000000E+0	9.329600E+4
1.276000E-2	0.000000E+0	9.356800E+4
1.278000E-2	0.000000E+0	9.357000E+4
1.280000E-2	0.000000E+0	9.324600E+4
1.282000E-2	0.000000E+0	9.273900E+4
1.284000E-2	0.000000E+0	9.329300E+4
1.286000E-2	0.000000E+0	9.322300E+4
1.288000E-2	0.000000E+0	9.332200E+4
1.290000E-2	0.000000E+0	9.371600E+4
1.292000E-2	0.000000E+0	9.307400E+4
1.294000E-2	0.000000E+0	9.228700E+4
1.296000E-2	0.000000E+0	9.340900E+4
1.298000E-2	0.000000E+0	9.292300E+4
1.300000E-2	0.000000E+0	9.344700E+4
1.302000E-2	0.000000E+0	9.318200E+4
1.304000E-2	0.000000E+0	9.317800E+4
1.306000E-2	0.000000E+0	9.377500E+4
1.308000E-2	0.000000E+0	9.340200E+4
1.310000E-2	0.000000E+0	9.358800E+4
1.312000E-2	0.000000E+0	9.365400E+4
1.314000E-2	0.000000E+0	9.350800E+4
1.316000E-2	0.000000E+0	9.359900E+4
1.318000E-2	0.000000E+0	9.372100E+4
1.320000E-2	0.000000E+0	9.320500E+4
1.322000E-2	0.000000E+0	9.302900E+4
1.324000E-2	0.000000E+0	9.300200E+4
1.326000E-2	0.000000E+0	9.280000E+4
1.328000E-2	0.000000E+0	9.332700E+4
1.330000E-2	0.000000E+0	9.328300E+4
1.332000E-2	0.000000E+0	9.302700E+4
1.334000E-2	0.000000E+0	9.292200E+4
1.336000E-2	0.000000E+0	9.320200E+4
1.338000E-2	0.000000E+0	9.319400E+4
1.340000E-2	0.000000E+0	9.330800E+4
1.342000E-2	0.000000E+0	9.269600E+4
1.344000E-2	0.000000E+0	9.266400E+4
1.346000E-2	0.000000E+0	9.334800E+4
1.348000E-2	0.000000E+0	9.290600E+4
1.350000E-2	0.000000E+0	9.357100E+4
1.352000E-2	0.000000E+0	9.371700E+4
1.354000E-2	0.000000E+0	9.352000E+4
1.356000E-2	0.000000E+0	9.325700E+4
1.358000E-2	0.000000E+0	9.300400E+4
1.360000E-2	0.000000E+0	9.337200E+4
1.362000E-2	0.000000E+0	9.287000E+4
1.364000E-2	0.000000E+0	9.325700E+4
1.366000E-2	0.000000E+0	9.345300E+4
1.368000E-2	0.000000E+0	9.291600E+4
1.370000E-2	0.000000E+0	9.343500E+4
1.372000E-2	0.000000E+0	9.349500E+4
1.374000E-2	0.000000E+0	9.303100E+4
1.376000E-2	0.000000E+0	9.315900E+4
1.378000E-2	0.000000E+0	9.361700E+4
1.380000E-2	0.000000E+0	9.307900E+4
1.382000E-2	0.000000E+0	9.354000E+4
1.384000E-2	0.000000E+0	9.334100E+4
1.386000E-2	0.000000E+0	9.363800E+4
1.388000E-2	0.000000E+0	9.310400E+4
1.390000E-2	0.000000E+0	9.239000E+4
1.392000E-2	0.000000E+0	9.339900E+4
1.394000E-2	0.000000E+0	9.271700E+4
1.396000E-2	0.000000E+0	9.300100E+4
1.398000E-2	0.000000E+0	9.302500E+4
1.400000E-2	0.000000E+0	9.316800E+4
1.402000E-2	0.000000E+0	9.347800E+4
1.404000E-2	0.000000E+0	9.312900E+4
1.406000E-2	0.000000E+0	9.329200E+4
1.408000E-2	0.000000E+0	9.337200E+4
1.410000E-2	0.000000E+0	9.340100E+4
1.412000E-2	0.000000E+0	9.308400E+4
1.414000E-2	0.000000E+0	9.349700E+4
1.416000E-2	0.000000E+0	9.248100E+4
1.418000E-2	0.000000E+0	9.338900E+4
1.420000E-2	0.000000E+0	9.308900E+4
1.422000E-2	0.000000E+0	9.293900E+4
1.424000E-2	0.000000E+0	9.323900E+4
1.426000E-2	0.000000E+0	9.310700E+4
1.428000E-2	0.000000E+0	9.308900E+4
1.430000E-2	0.000000E+0	9.286700E+4
1.432000E-2	0.000000E+0	9.312500E+4
1.434000E-2	0.000000E+0	9.308800E+4
1.436000E-2	0.000000E+0	9.303700E+4
1.438000E-2	0.000000E+0	9.306700E+4
1.440000E-2	0.000000E+0	9.348900E+4
1.442000E-2	0.000000E+0	9.372200E+4
1.444000E-2	0.000000E+0	9.308900E+4
1.446000E-2	0.000000E+0	9.292400E+4
1.448000E-2	0.000000E+0	9.309100E+4
1.450000E-2	0.000000E+0	9.318500E+4
1.452000E-2	0.000000E+0	9.334100E+4
1.454000E-2	0.000000E+0	9.363000E+4
1.456000E-2	0.000000E+0	9.342000E+4
1.458000E-2	0.000000E+0	9.368200E+4
1.460000E-2	0.000000E+0	9.302300E+4
1.462000E-2	0.000000E+0	9.315700E+4
1.464000E-2	0.000000E+0	9.341100E+4
1.466000E-2	0.000000E+0	9.318200E+4
1.468000E-2	0.000000E+0	9.302800E+4
1.470000E-2	0.000000E+0	9.280400E+4
1.472000E-2	0.000000E+0	9.302200E+4
1.474000E-2	0.000000E+0	9.293300E+4
1.476000E-2	0.000000E+0	9.303000E+4
1.478000E-2	0.000000E+0	9.309000E+4
1.480000E-2	0.000000E+0	9.280200E+4
1.482000E-2	0.000000E+0	9.331500E+4
1.484000E-2	0.000000E+0	9.285000E+4
1.486000E-2	0.000000E+0	9.311500E+4
1.488000E-2	0.000000E+0	9.263700E+4
1.490000E-2	0.000000E+0	9.337300E+4
1.492000E-2	0.000000E+0	9.285400E+4
1.494000E-2	0.000000E+0	9.291700E+4
1.496000E-2	0.000000E+0	9.324600E+4
1.498000E-2	0.000000E+0	9.312100E+4
1.500000E-2	0.000000E+0	9.281900E+4
1.502000E-2	0.000000E+0	9.322900E+4
1.504000E-2	0.000000E+0	9.286800E+4
1.506000E-2	0.000000E+0	9.310300E+4
1.508000E-2	0.000000E+0	9.292500E+4
1.510000E-2	0.000000E+0	9.281100E+4
1.512000E-2	0.000000E+0	9.240700E+4
1.514000E-2	0.000000E+0	9.265700E+4
1.516000E-2	0.000000E+0	9.260400E+4
1.518000E-2	0.000000E+0	9.278300E+4
1.520000E-2	0.000000E+0	9.233000E+4
1.522000E-2	0.000000E+0	9.262900E+4
1.524000E-2	0.000000E+0	9.271000E+4
1.526000E-2	0.000000E+0	9.265400E+4
1.528000E-2	0.000000E+0	9.242500E+4
1.530000E-2	0.000000E+0	9.246100E+4
1.532000E-2	0.000000E+0	9.233000E+4
1.534000E-2	0.000000E+0	9.190400E+4
1.536000E-2	0.000000E+0	9.181900E+4
1.538000E-2	0.000000E+0	9.155900E+4
1.540000E-2	0.000000E+0	9.128300E+4
1.542000E-2	0.000000E+0	9.115600E+4
1.544000E-2	0.000000E+0	9.020200E+4
1.546000E-2	0.000000E+0	8.886400E+4
1.548000E-2	0.000000E+0	8.811300E+4
1.550000E-2	0.000000E+0	8.577800E+4
1.552000E-2	0.000000E+0	8.217500E+4
1.554000E-2	0.000000E+0	7.796900E+4
1.556000E-2	0.000000E+0	7.273800E+4
1.558000E-2	0.000000E+0	6.815600E+4
1.560000E-2	0.000000E+0	6.604800E+4
1.562000E-2	0.000000E+0	6.844500E+4
1.564000E-2	0.000000E+0	7.283400E+4
1.566000E-2	0.000000E+0	7.747300E+4
1.568000E-2	0.000000E+0	8.213200E+4
1.570000E-2	0.000000E+0	8.391500E+4
1.572000E-2	0.000000E+0	8.499400E+4
1.574000E-2	0.000000E+0	8.566200E+4
1.576000E-2	0.000000E+0	8.595400E+4
1.578000E-2	0.000000E+0	8.852400E+4
1.580000E-2	0.000000E+0	8.887000E+4
1.582000E-2	0.000000E+0	9.049700E+4
1.584000E-2	0.000000E+0	9.100600E+4
1.586000E-2	0.000000E+0	9.113300E+4
1.588000E-2	0.000000E+0	9.130400E+4
1.590000E-2	0.000000E+0	9.159500E+4
1.592000E-2	0.000000E+0	9.163300E+4
1.594000E-2	0.000000E+0	9.179700E+4
1.596000E-2	0.000000E+0	9.169300E+4
1.598000E-2	0.000000E+0	9.173600E+4
1.600000E-2	0.000000E+0	9.175700E+4
1.602000E-2	0.000000E+0	9.178700E+4
1.604000E-2	0.000000E+0	9.193500E+4
1.606000E-2	0.000000E+0	9.199800E+4
1.608000E-2	0.000000E+0	9.218800E+4
1.610000E-2	0.000000E+0	9.112000E+4
1.612000E-2	0.000000E+0	9.091400E+4
1.614000E-2	0.000000E+0	9.033700E+4
1.616000E-2	0.000000E+0	8.909200E+4
1.618000E-2	0.000000E+0	8.776400E+4
1.620000E-2	0.000000E+0	8.561900E+4
1.622000E-2	0.000000E+0	8.273400E+4
1.624000E-2	0.000000E+0	7.766200E+4
1.626000E-2	0.000000E+0	7.176500E+4
1.628000E-2	0.000000E+0	6.621300E+4
1.630000E-2	0.000000E+0	6.463200E+4
1.632000E-2	0.000000E+0	6.813600E+4
1.634000E-2	0.000000E+0	7.441100E+4
1.636000E-2	0.000000E+0	7.826000E+4
1.638000E-2	0.000000E+0	8.123300E+4
1.640000E-2	0.000000E+0	8.388800E+4
1.642000E-2	0.000000E+0	8.625400E+4
1.644000E-2	0.000000E+0	8.855900E+4
1.646000E-2	0.000000E+0	8.945400E+4
1.648000E-2	0.000000E+0	9.072900E+4
1.650000E-2	0.000000E+0	9.123700E+4
1.652000E-2	0.000000E+0	9.128200E+4
1.654000E-2	0.000000E+0	9.158700E+4
1.656000E-2	0.000000E+0	9.168200E+4
1.658000E-2	0.000000E+0	9.241200E+4
1.660000E-2	0.000000E+0	9.206800E+4
1.662000E-2	0.000000E+0	9.165100E+4
1.664000E-2	0.000000E+0	9.298200E+4
1.666000E-2	0.000000E+0	9.215300E+4
1.668000E-2	0.000000E+0	9.256700E+4
1.670000E-2	0.000000E+0	9.192700E+4
1.672000E-2	0.000000E+0	9.278600E+4
1.674000E-2	0.000000E+0	9.235800E+4
1.676000E-2	0.000000E+0	9.263000E+4
1.678000E-2	0.000000E+0	9.244800E+4
1.680000E-2	0.000000E+0	9.150800E+4
1.682000E-2	0.000000E+0	9.186800E+4
1.684000E-2	0.000000E+0	9.076400E+4
1.686000E-2	0.000000E+0	9.027600E+4
1.688000E-2	0.000000E+0	8.863100E+4
1.690000E-2	0.000000E+0	8.643300E+4
1.692000E-2	0.000000E+0	8.304400E+4
1.694000E-2	0.000000E+0	7.974900E+4
1.696000E-2	0.000000E+0	7.791700E+4
1.698000E-2	0.000000E+0	8.017000E+4
1.700000E-2	0.000000E+0	8.383200E+4
1.702000E-2	0.000000E+0	8.756100E+4
1.704000E-2	0.000000E+0	8.881200E+4
1.706000E-2	0.000000E+0	9.029500E+4
1.708000E-2	0.000000E+0	9.144700E+4
1.710000E-2	0.000000E+0	9.121000E+4
1.712000E-2	0.000000E+0	9.170300E+4
1.714000E-2	0.000000E+0	9.211700E+4
1.716000E-2	0.000000E+0	9.157800E+4
1.718000E-2	0.000000E+0	9.219800E+4
1.720000E-2	0.000000E+0	9.151500E+4
1.722000E-2	0.000000E+0	9.149900E+4
1.724000E-2	0.000000E+0	9.197500E+4
1.726000E-2	0.000000E+0	9.174800E+4
1.728000E-2	0.000000E+0	9.166600E+4
1.730000E-2	0.000000E+0	9.142500E+4
1.732000E-2	0.000000E+0	9.109300E+4
1.734000E-2	0.000000E+0	9.022100E+4
1.736000E-2	0.000000E+0	8.915600E+4
1.738000E-2	0.000000E+0	8.712700E+4
1.740000E-2	0.000000E+0	8.381200E+4
1.742000E-2	0.000000E+0	8.025800E+4
1.744000E-2	0.000000E+0	7.795100E+4
1.746000E-2	0.000000E+0	7.901000E+4
1.748000E-2	0.000000E+0	8.314000E+4
1.750000E-2	0.000000E+0	8.681300E+4
1.752000E-2	0.000000E+0	8.939300E+4
1.754000E-2	0.000000E+0	8.974100E+4
1.756000E-2	0.000000E+0	9.188900E+4
1.758000E-2	0.000000E+0	9.208200E+4
1.760000E-2	0.000000E+0	9.108000E+4
1.762000E-2	0.000000E+0	9.164000E+4
1.764000E-2	0.000000E+0	9.225700E+4
1.766000E-2	0.000000E+0	9.224400E+4
1.768000E-2	0.000000E+0	9.263000E+4
1.770000E-2	0.000000E+0	9.285800E+4
1.772000E-2	0.000000E+0	9.251200E+4
1.774000E-2	0.000000E+0	9.231800E+4
1.776000E-2	0.000000E+0	9.219200E+4
1.778000E-2	0.000000E+0	9.229200E+4
1.780000E-2	0.000000E+0	9.240100E+4
1.782000E-2	0.000000E+0	9.222600E+4
1.784000E-2	0.000000E+0	9.219900E+4
1.786000E-2	0.000000E+0	9.192600E+4
1.788000E-2	0.000000E+0	9.158800E+4
1.790000E-2	0.000000E+0	9.077800E+4
1.792000E-2	0.000000E+0	8.994900E+4
1.794000E-2	0.000000E+0	9.004500E+4
1.796000E-2	0.000000E+0	8.784100E+4
1.798000E-2	0.000000E+0	8.719700E+4
1.800000E-2	0.000000E+0	8.360700E+4
1.802000E-2	0.000000E+0	7.991400E+4
1.804000E-2	0.000000E+0	7.516700E+4
1.806000E-2	0.000000E+0	7.033500E+4
1.808000E-2	0.000000E+0	6.572900E+4
1.810000E-2	0.000000E+0	6.422800E+4
1.812000E-2	0.000000E+0	6.786500E+4
1.814000E-2	0.000000E+0	7.341800E+4
1.816000E-2	0.000000E+0	7.989200E+4
1.818000E-2	0.000000E+0	8.354200E+4
1.820000E-2	0.000000E+0	8.710700E+4
1.822000E-2	0.000000E+0	8.896400E+4
1.824000E-2	0.000000E+0	9.000300E+4
1.826000E-2	0.000000E+0	9.069600E+4
1.828000E-2	0.000000E+0	9.101300E+4
1.830000E-2	0.000000E+0	9.123100E+4
1.832000E-2	0.000000E+0	9.159800E+4
1.834000E-2	0.000000E+0	9.175100E+4
1.836000E-2	0.000000E+0	9.149100E+4
1.838000E-2	0.000000E+0	9.155200E+4
1.840000E-2	0.000000E+0	9.154800E+4
1.842000E-2	0.000000E+0	9.202100E+4
1.844000E-2	0.000000E+0	9.180200E+4
1.846000E-2	0.000000E+0	9.130600E+4
1.848000E-2	0.000000E+0	9.169900E+4
1.850000E-2	0.000000E+0	9.151500E+4
1.852000E-2	0.000000E+0	9.138500E+4
1.854000E-2	0.000000E+0	9.107000E+4
1.856000E-2	0.000000E+0	9.091900E+4
1.858000E-2	0.000000E+0	9.058400E+4
1.860000E-2	0.000000E+0	8.843700E+4
1.862000E-2	0.000000E+0	8.797000E+4
1.864000E-2	0.000000E+0	8.671900E+4
1.866000E-2	0.000000E+0	8.453700E+4
1.868000E-2	0.000000E+0	8.228700E+4
1.870000E-2	0.000000E+0	8.133300E+4
1.872000E-2	0.000000E+0	7.749900E+4
1.874000E-2	0.000000E+0	7.378100E+4
1.876000E-2	0.000000E+0	6.833400E+4
1.878000E-2	0.000000E+0	6.620800E+4
1.880000E-2	0.000000E+0	6.700700E+4
1.882000E-2	0.000000E+0	7.238600E+4
1.884000E-2	0.000000E+0	7.797900E+4
1.886000E-2	0.000000E+0	8.255500E+4
1.888000E-2	0.000000E+0	8.628000E+4
1.890000E-2	0.000000E+0	8.807900E+4
1.892000E-2	0.000000E+0	8.924200E+4
1.894000E-2	0.000000E+0	8.996500E+4
1.896000E-2	0.000000E+0	9.079900E+4
1.898000E-2	0.000000E+0	9.160600E+4
1.900000E-2	0.000000E+0	9.156500E+4
1.902000E-2	0.000000E+0	9.170700E+4
1.904000E-2	0.000000E+0	9.286700E+4
1.906000E-2	0.000000E+0	9.250300E+4
1.908000E-2	0.000000E+0	9.238600E+4
1.910000E-2	0.000000E+0	9.246900E+4
1.912000E-2	0.000000E+0	9.266100E+4
1.914000E-2	0.000000E+0	9.236600E+4
1.916000E-2	0.000000E+0	9.280300E+4
1.918000E-2	0.000000E+0	9.302200E+4
1.920000E-2	0.000000E+0	9.234400E+4
1.922000E-2	0.000000E+0	9.222300E+4
1.924000E-2	0.000000E+0	9.299600E+4
1.926000E-2	0.000000E+0	9.283000E+4
1.928000E-2	0.000000E+0	9.310200E+4
1.930000E-2	0.000000E+0	9.279800E+4
1.932000E-2	0.000000E+0	9.253200E+4
1.934000E-2	0.000000E+0	9.320800E+4
1.936000E-2	0.000000E+0	9.271800E+4
1.938000E-2	0.000000E+0	9.309000E+4
1.940000E-2	0.000000E+0	9.342300E+4
1.942000E-2	0.000000E+0	9.286900E+4
1.944000E-2	0.000000E+0	9.353800E+4
1.946000E-2	0.000000E+0	9.310800E+4
1.948000E-2	0.000000E+0	9.260400E+4
1.950000E-2	0.000000E+0	9.349800E+4
1.952000E-2	0.000000E+0	9.319100E+4
1.954000E-2	0.000000E+0	9.312900E+4
1.956000E-2	0.000000E+0	9.304500E+4
1.958000E-2	0.000000E+0	9.293600E+4
1.960000E-2	0.000000E+0	9.338700E+4
1.962000E-2	0.000000E+0	9.340400E+4
1.964000E-2	0.000000E+0	9.318100E+4
1.966000E-2	0.000000E+0	9.346200E+4
1.968000E-2	0.000000E+0	9.308700E+4
1.970000E-2	0.000000E+0	9.330700E+4
1.972000E-2	0.000000E+0	9.315600E+4
1.974000E-2	0.000000E+0	9.313100E+4
1.976000E-2	0.000000E+0	9.356900E+4
1.978000E-2	0.000000E+0	9.357000E+4
1.980000E-2	0.000000E+0	9.317200E+4
1.982000E-2	0.000000E+0	9.287900E+4
1.984000E-2	0.000000E+0	9.304400E+4
1.986000E-2	0.000000E+0	9.351900E+4
1.988000E-2	0.000000E+0	9.308600E+4
1.990000E-2	0.000000E+0	9.366900E+4
1.992000E-2	0.000000E+0	9.291000E+4
1.994000E-2	0.000000E+0	9.239600E+4
1.996000E-2	0.000000E+0	9.288900E+4
1.998000E-2	0.000000E+0	9.357800E+4
