Data run ended at:  Sunday, April 04, 2021	8:13:18 PM
Total number of sweeps:  4039012	live time (sec):  80780.240000	real time (sec):  93604.633000


time (sec)	counts
0.000000E+0	0.000000E+0
2.000000E-5	1.049600E+5
4.000000E-5	1.054560E+5
6.000000E-5	1.056720E+5
8.000000E-5	1.052500E+5
1.000000E-4	1.056570E+5
1.200000E-4	1.052150E+5
1.400000E-4	1.057080E+5
1.600000E-4	1.056720E+5
1.800000E-4	1.057560E+5
2.000000E-4	1.061330E+5
2.200000E-4	1.054790E+5
2.400000E-4	1.057140E+5
2.600000E-4	1.057020E+5
2.800000E-4	1.054680E+5
3.000000E-4	1.054580E+5
3.200000E-4	1.056660E+5
3.400000E-4	1.053370E+5
3.600000E-4	1.055880E+5
3.800000E-4	1.051160E+5
4.000000E-4	1.056750E+5
4.200000E-4	1.053740E+5
4.400000E-4	1.057690E+5
4.600000E-4	1.062010E+5
4.800000E-4	1.051520E+5
5.000000E-4	1.055300E+5
5.200000E-4	1.054500E+5
5.400000E-4	1.050350E+5
5.600000E-4	1.053430E+5
5.800000E-4	1.054770E+5
6.000000E-4	1.055010E+5
6.200000E-4	1.051260E+5
6.400000E-4	1.058030E+5
6.600000E-4	1.052140E+5
6.800000E-4	1.062390E+5
7.000000E-4	1.055060E+5
7.200000E-4	1.057830E+5
7.400000E-4	1.053900E+5
7.600000E-4	1.052660E+5
7.800000E-4	1.054710E+5
8.000000E-4	1.050900E+5
8.200000E-4	1.054420E+5
8.400000E-4	1.050110E+5
8.600000E-4	1.061730E+5
8.800000E-4	1.054090E+5
9.000000E-4	1.057410E+5
9.200000E-4	1.059500E+5
9.400000E-4	1.059230E+5
9.600000E-4	1.054080E+5
9.800000E-4	1.056520E+5
1.000000E-3	1.060170E+5
1.020000E-3	1.056550E+5
1.040000E-3	1.058530E+5
1.060000E-3	1.055610E+5
1.080000E-3	1.057520E+5
1.100000E-3	1.059760E+5
1.120000E-3	1.053150E+5
1.140000E-3	1.051700E+5
1.160000E-3	1.051840E+5
1.180000E-3	1.052800E+5
1.200000E-3	1.057860E+5
1.220000E-3	1.060180E+5
1.240000E-3	1.055110E+5
1.260000E-3	1.051320E+5
1.280000E-3	1.054210E+5
1.300000E-3	1.051440E+5
1.320000E-3	1.057930E+5
1.340000E-3	1.055970E+5
1.360000E-3	1.050680E+5
1.380000E-3	1.053120E+5
1.400000E-3	1.058720E+5
1.420000E-3	1.056660E+5
1.440000E-3	1.053200E+5
1.460000E-3	1.057540E+5
1.480000E-3	1.050920E+5
1.500000E-3	1.060510E+5
1.520000E-3	1.052320E+5
1.540000E-3	1.054950E+5
1.560000E-3	1.056860E+5
1.580000E-3	1.053460E+5
1.600000E-3	1.050480E+5
1.620000E-3	1.055410E+5
1.640000E-3	1.058360E+5
1.660000E-3	1.053020E+5
1.680000E-3	1.051650E+5
1.700000E-3	1.055160E+5
1.720000E-3	1.060330E+5
1.740000E-3	1.050620E+5
1.760000E-3	1.052830E+5
1.780000E-3	1.056380E+5
1.800000E-3	1.052880E+5
1.820000E-3	1.049390E+5
1.840000E-3	1.055770E+5
1.860000E-3	1.053310E+5
1.880000E-3	1.055580E+5
1.900000E-3	1.055350E+5
1.920000E-3	1.056900E+5
1.940000E-3	1.055650E+5
1.960000E-3	1.056340E+5
1.980000E-3	1.052840E+5
2.000000E-3	1.053400E+5
2.020000E-3	1.056280E+5
2.040000E-3	1.054520E+5
2.060000E-3	1.057870E+5
2.080000E-3	1.056260E+5
2.100000E-3	1.055150E+5
2.120000E-3	1.059860E+5
2.140000E-3	1.058170E+5
2.160000E-3	1.051870E+5
2.180000E-3	1.054360E+5
2.200000E-3	1.048310E+5
2.220000E-3	1.058360E+5
2.240000E-3	1.053350E+5
2.260000E-3	1.052400E+5
2.280000E-3	1.058980E+5
2.300000E-3	1.060880E+5
2.320000E-3	1.053260E+5
2.340000E-3	1.052250E+5
2.360000E-3	1.052500E+5
2.380000E-3	1.060030E+5
2.400000E-3	1.050330E+5
2.420000E-3	1.052720E+5
2.440000E-3	1.053440E+5
2.460000E-3	1.057150E+5
2.480000E-3	1.052710E+5
2.500000E-3	1.052280E+5
2.520000E-3	1.055020E+5
2.540000E-3	1.054570E+5
2.560000E-3	1.053220E+5
2.580000E-3	1.052790E+5
2.600000E-3	1.059680E+5
2.620000E-3	1.049330E+5
2.640000E-3	1.054660E+5
2.660000E-3	1.053280E+5
2.680000E-3	1.052160E+5
2.700000E-3	1.051370E+5
2.720000E-3	1.056460E+5
2.740000E-3	1.048660E+5
2.760000E-3	1.053310E+5
2.780000E-3	1.055760E+5
2.800000E-3	1.043730E+5
2.820000E-3	1.059060E+5
2.840000E-3	1.055690E+5
2.860000E-3	1.052860E+5
2.880000E-3	1.052650E+5
2.900000E-3	1.053900E+5
2.920000E-3	1.057500E+5
2.940000E-3	1.056000E+5
2.960000E-3	1.056270E+5
2.980000E-3	1.057840E+5
3.000000E-3	1.062450E+5
3.020000E-3	1.057070E+5
3.040000E-3	1.055340E+5
3.060000E-3	1.057090E+5
3.080000E-3	1.056130E+5
3.100000E-3	1.057070E+5
3.120000E-3	1.056670E+5
3.140000E-3	1.056470E+5
3.160000E-3	1.052390E+5
3.180000E-3	1.059280E+5
3.200000E-3	1.049830E+5
3.220000E-3	1.054470E+5
3.240000E-3	1.057010E+5
3.260000E-3	1.052050E+5
3.280000E-3	1.052660E+5
3.300000E-3	1.055760E+5
3.320000E-3	1.050790E+5
3.340000E-3	1.051000E+5
3.360000E-3	1.057680E+5
3.380000E-3	1.053830E+5
3.400000E-3	1.047500E+5
3.420000E-3	1.048540E+5
3.440000E-3	1.050080E+5
3.460000E-3	1.058710E+5
3.480000E-3	1.050620E+5
3.500000E-3	1.050740E+5
3.520000E-3	1.053750E+5
3.540000E-3	1.052750E+5
3.560000E-3	1.046810E+5
3.580000E-3	1.049380E+5
3.600000E-3	1.051400E+5
3.620000E-3	1.054730E+5
3.640000E-3	1.048360E+5
3.660000E-3	1.054280E+5
3.680000E-3	1.054900E+5
3.700000E-3	1.047470E+5
3.720000E-3	1.048400E+5
3.740000E-3	1.056080E+5
3.760000E-3	1.049320E+5
3.780000E-3	1.056070E+5
3.800000E-3	1.048220E+5
3.820000E-3	1.044060E+5
3.840000E-3	1.048180E+5
3.860000E-3	1.038190E+5
3.880000E-3	1.044510E+5
3.900000E-3	1.044880E+5
3.920000E-3	1.041360E+5
3.940000E-3	1.039420E+5
3.960000E-3	1.034230E+5
3.980000E-3	1.031440E+5
4.000000E-3	1.022940E+5
4.020000E-3	1.015330E+5
4.040000E-3	9.996800E+4
4.060000E-3	9.772000E+4
4.080000E-3	9.460900E+4
4.100000E-3	8.982700E+4
4.120000E-3	8.364300E+4
4.140000E-3	7.725300E+4
4.160000E-3	7.444600E+4
4.180000E-3	7.621900E+4
4.200000E-3	8.222500E+4
4.220000E-3	8.755600E+4
4.240000E-3	9.175600E+4
4.260000E-3	9.473500E+4
4.280000E-3	9.621200E+4
4.300000E-3	9.775300E+4
4.320000E-3	9.982300E+4
4.340000E-3	1.014980E+5
4.360000E-3	1.020420E+5
4.380000E-3	1.027260E+5
4.400000E-3	1.037100E+5
4.420000E-3	1.039490E+5
4.440000E-3	1.037610E+5
4.460000E-3	1.040310E+5
4.480000E-3	1.041110E+5
4.500000E-3	1.040090E+5
4.520000E-3	1.042880E+5
4.540000E-3	1.036940E+5
4.560000E-3	1.044510E+5
4.580000E-3	1.039450E+5
4.600000E-3	1.040180E+5
4.620000E-3	1.031090E+5
4.640000E-3	1.027390E+5
4.660000E-3	1.025870E+5
4.680000E-3	1.024640E+5
4.700000E-3	1.010160E+5
4.720000E-3	1.000740E+5
4.740000E-3	9.821700E+4
4.760000E-3	9.438400E+4
4.780000E-3	8.986600E+4
4.800000E-3	8.317800E+4
4.820000E-3	7.680100E+4
4.840000E-3	7.266600E+4
4.860000E-3	7.487200E+4
4.880000E-3	8.055400E+4
4.900000E-3	8.632800E+4
4.920000E-3	9.108100E+4
4.940000E-3	9.636600E+4
4.960000E-3	9.860200E+4
4.980000E-3	1.004070E+5
5.000000E-3	1.023070E+5
5.020000E-3	1.026420E+5
5.040000E-3	1.031740E+5
5.060000E-3	1.030410E+5
5.080000E-3	1.040280E+5
5.100000E-3	1.044230E+5
5.120000E-3	1.041850E+5
5.140000E-3	1.040940E+5
5.160000E-3	1.035070E+5
5.180000E-3	1.042140E+5
5.200000E-3	1.043470E+5
5.220000E-3	1.054400E+5
5.240000E-3	1.049950E+5
5.260000E-3	1.044970E+5
5.280000E-3	1.044370E+5
5.300000E-3	1.035670E+5
5.320000E-3	1.042780E+5
5.340000E-3	1.036350E+5
5.360000E-3	1.031900E+5
5.380000E-3	1.024410E+5
5.400000E-3	1.018900E+5
5.420000E-3	1.003950E+5
5.440000E-3	9.739700E+4
5.460000E-3	9.359800E+4
5.480000E-3	8.895000E+4
5.500000E-3	8.785000E+4
5.520000E-3	9.133200E+4
5.540000E-3	9.594500E+4
5.560000E-3	9.944100E+4
5.580000E-3	1.017020E+5
5.600000E-3	1.023240E+5
5.620000E-3	1.031660E+5
5.640000E-3	1.046620E+5
5.660000E-3	1.036360E+5
5.680000E-3	1.040250E+5
5.700000E-3	1.041650E+5
5.720000E-3	1.042590E+5
5.740000E-3	1.038300E+5
5.760000E-3	1.044950E+5
5.780000E-3	1.041950E+5
5.800000E-3	1.038560E+5
5.820000E-3	1.044440E+5
5.840000E-3	1.037880E+5
5.860000E-3	1.029600E+5
5.880000E-3	1.015100E+5
5.900000E-3	1.005040E+5
5.920000E-3	9.750600E+4
5.940000E-3	9.404500E+4
5.960000E-3	8.946800E+4
5.980000E-3	8.865900E+4
6.000000E-3	9.114200E+4
6.020000E-3	9.560900E+4
6.040000E-3	9.949300E+4
6.060000E-3	1.014860E+5
6.080000E-3	1.026280E+5
6.100000E-3	1.031800E+5
6.120000E-3	1.041330E+5
6.140000E-3	1.044050E+5
6.160000E-3	1.042520E+5
6.180000E-3	1.039360E+5
6.200000E-3	1.046680E+5
6.220000E-3	1.047840E+5
6.240000E-3	1.046910E+5
6.260000E-3	1.037620E+5
6.280000E-3	1.048520E+5
6.300000E-3	1.044540E+5
6.320000E-3	1.043490E+5
6.340000E-3	1.042440E+5
6.360000E-3	1.044760E+5
6.380000E-3	1.035020E+5
6.400000E-3	1.038700E+5
6.420000E-3	1.031870E+5
6.440000E-3	1.022770E+5
6.460000E-3	1.017050E+5
6.480000E-3	1.002300E+5
6.500000E-3	9.843500E+4
6.520000E-3	9.574100E+4
6.540000E-3	9.252600E+4
6.560000E-3	8.939900E+4
6.580000E-3	8.472600E+4
6.600000E-3	7.941500E+4
6.620000E-3	7.422600E+4
6.640000E-3	7.417600E+4
6.660000E-3	7.965100E+4
6.680000E-3	8.661400E+4
6.700000E-3	9.241800E+4
6.720000E-3	9.709300E+4
6.740000E-3	9.960000E+4
6.760000E-3	1.005110E+5
6.780000E-3	1.018050E+5
6.800000E-3	1.030640E+5
6.820000E-3	1.032280E+5
6.840000E-3	1.028290E+5
6.860000E-3	1.036530E+5
6.880000E-3	1.033280E+5
6.900000E-3	1.037770E+5
6.920000E-3	1.040100E+5
6.940000E-3	1.042170E+5
6.960000E-3	1.040470E+5
6.980000E-3	1.035700E+5
7.000000E-3	1.042090E+5
7.020000E-3	1.037010E+5
7.040000E-3	1.031140E+5
7.060000E-3	1.033370E+5
7.080000E-3	1.028070E+5
7.100000E-3	1.019970E+5
7.120000E-3	1.009210E+5
7.140000E-3	9.944200E+4
7.160000E-3	9.787200E+4
7.180000E-3	9.666800E+4
7.200000E-3	9.599300E+4
7.220000E-3	9.483200E+4
7.240000E-3	9.198000E+4
7.260000E-3	8.754700E+4
7.280000E-3	8.294300E+4
7.300000E-3	7.661200E+4
7.320000E-3	7.495700E+4
7.340000E-3	7.712200E+4
7.360000E-3	8.256400E+4
7.380000E-3	8.902900E+4
7.400000E-3	9.421500E+4
7.420000E-3	9.780500E+4
7.440000E-3	1.001420E+5
7.460000E-3	1.012580E+5
7.480000E-3	1.013860E+5
7.500000E-3	1.027020E+5
7.520000E-3	1.037350E+5
7.540000E-3	1.040010E+5
7.560000E-3	1.038820E+5
7.580000E-3	1.046640E+5
7.600000E-3	1.041520E+5
7.620000E-3	1.051830E+5
7.640000E-3	1.041110E+5
7.660000E-3	1.048080E+5
7.680000E-3	1.050740E+5
7.700000E-3	1.052720E+5
7.720000E-3	1.050030E+5
7.740000E-3	1.049620E+5
7.760000E-3	1.049320E+5
7.780000E-3	1.049840E+5
7.800000E-3	1.054630E+5
7.820000E-3	1.053060E+5
7.840000E-3	1.051940E+5
7.860000E-3	1.045950E+5
7.880000E-3	1.050990E+5
7.900000E-3	1.053820E+5
7.920000E-3	1.051640E+5
7.940000E-3	1.049940E+5
7.960000E-3	1.057260E+5
7.980000E-3	1.055810E+5
8.000000E-3	1.047780E+5
8.020000E-3	1.060460E+5
8.040000E-3	1.055700E+5
8.060000E-3	1.050140E+5
8.080000E-3	1.049440E+5
8.100000E-3	1.051680E+5
8.120000E-3	1.053100E+5
8.140000E-3	1.053470E+5
8.160000E-3	1.052200E+5
8.180000E-3	1.055340E+5
8.200000E-3	1.052770E+5
8.220000E-3	1.055080E+5
8.240000E-3	1.056520E+5
8.260000E-3	1.057940E+5
8.280000E-3	1.051260E+5
8.300000E-3	1.055730E+5
8.320000E-3	1.048280E+5
8.340000E-3	1.051050E+5
8.360000E-3	1.053120E+5
8.380000E-3	1.056530E+5
8.400000E-3	1.058750E+5
8.420000E-3	1.058640E+5
8.440000E-3	1.053290E+5
8.460000E-3	1.056990E+5
8.480000E-3	1.056340E+5
8.500000E-3	1.049250E+5
8.520000E-3	1.051170E+5
8.540000E-3	1.059220E+5
8.560000E-3	1.053890E+5
8.580000E-3	1.055620E+5
8.600000E-3	1.054990E+5
8.620000E-3	1.052930E+5
8.640000E-3	1.053780E+5
8.660000E-3	1.055360E+5
8.680000E-3	1.052600E+5
8.700000E-3	1.049000E+5
8.720000E-3	1.057360E+5
8.740000E-3	1.055590E+5
8.760000E-3	1.052860E+5
8.780000E-3	1.059380E+5
8.800000E-3	1.059200E+5
8.820000E-3	1.052120E+5
8.840000E-3	1.057430E+5
8.860000E-3	1.053720E+5
8.880000E-3	1.052690E+5
8.900000E-3	1.053880E+5
8.920000E-3	1.054510E+5
8.940000E-3	1.053690E+5
8.960000E-3	1.058680E+5
8.980000E-3	1.057220E+5
9.000000E-3	1.062720E+5
9.020000E-3	1.055800E+5
9.040000E-3	1.056390E+5
9.060000E-3	1.051020E+5
9.080000E-3	1.053600E+5
9.100000E-3	1.045970E+5
9.120000E-3	1.054280E+5
9.140000E-3	1.054700E+5
9.160000E-3	1.060690E+5
9.180000E-3	1.057420E+5
9.200000E-3	1.053330E+5
9.220000E-3	1.053920E+5
9.240000E-3	1.060850E+5
9.260000E-3	1.055730E+5
9.280000E-3	1.061050E+5
9.300000E-3	1.053170E+5
9.320000E-3	1.057680E+5
9.340000E-3	1.054580E+5
9.360000E-3	1.056860E+5
9.380000E-3	1.053790E+5
9.400000E-3	1.050700E+5
9.420000E-3	1.053560E+5
9.440000E-3	1.047090E+5
9.460000E-3	1.054760E+5
9.480000E-3	1.057130E+5
9.500000E-3	1.050510E+5
9.520000E-3	1.048000E+5
9.540000E-3	1.056860E+5
9.560000E-3	1.058590E+5
9.580000E-3	1.057690E+5
9.600000E-3	1.052090E+5
9.620000E-3	1.056040E+5
9.640000E-3	1.054510E+5
9.660000E-3	1.056570E+5
9.680000E-3	1.058330E+5
9.700000E-3	1.057800E+5
9.720000E-3	1.059790E+5
9.740000E-3	1.054000E+5
9.760000E-3	1.054180E+5
9.780000E-3	1.047890E+5
9.800000E-3	1.055180E+5
9.820000E-3	1.056900E+5
9.840000E-3	1.051660E+5
9.860000E-3	1.053990E+5
9.880000E-3	1.055090E+5
9.900000E-3	1.060220E+5
9.920000E-3	1.054660E+5
9.940000E-3	1.052740E+5
9.960000E-3	1.056680E+5
9.980000E-3	1.052990E+5
1.000000E-2	1.052870E+5
1.002000E-2	1.054790E+5
1.004000E-2	1.057400E+5
1.006000E-2	1.056690E+5
1.008000E-2	1.052540E+5
1.010000E-2	1.053570E+5
1.012000E-2	1.055580E+5
1.014000E-2	1.047500E+5
1.016000E-2	1.057970E+5
1.018000E-2	1.056610E+5
1.020000E-2	1.052290E+5
1.022000E-2	1.060270E+5
1.024000E-2	1.052620E+5
1.026000E-2	1.049500E+5
1.028000E-2	1.060410E+5
1.030000E-2	1.059680E+5
1.032000E-2	1.052190E+5
1.034000E-2	1.047110E+5
1.036000E-2	1.051420E+5
1.038000E-2	1.050290E+5
1.040000E-2	1.054250E+5
1.042000E-2	1.061980E+5
1.044000E-2	1.061980E+5
1.046000E-2	1.056530E+5
1.048000E-2	1.062360E+5
1.050000E-2	1.052240E+5
1.052000E-2	1.057170E+5
1.054000E-2	1.053210E+5
1.056000E-2	1.054840E+5
1.058000E-2	1.055290E+5
1.060000E-2	1.051570E+5
1.062000E-2	1.061140E+5
1.064000E-2	1.059890E+5
1.066000E-2	1.050620E+5
1.068000E-2	1.047800E+5
1.070000E-2	1.056660E+5
1.072000E-2	1.054690E+5
1.074000E-2	1.056200E+5
1.076000E-2	1.055190E+5
1.078000E-2	1.057770E+5
1.080000E-2	1.050970E+5
1.082000E-2	1.052410E+5
1.084000E-2	1.051690E+5
1.086000E-2	1.054080E+5
1.088000E-2	1.058730E+5
1.090000E-2	1.052130E+5
1.092000E-2	1.057700E+5
1.094000E-2	1.057230E+5
1.096000E-2	1.047920E+5
1.098000E-2	1.062790E+5
1.100000E-2	1.053520E+5
1.102000E-2	1.048680E+5
1.104000E-2	1.058850E+5
1.106000E-2	1.054920E+5
1.108000E-2	1.056690E+5
1.110000E-2	1.056540E+5
1.112000E-2	1.051150E+5
1.114000E-2	1.056600E+5
1.116000E-2	1.049840E+5
1.118000E-2	1.055870E+5
1.120000E-2	1.057250E+5
1.122000E-2	1.056160E+5
1.124000E-2	1.055700E+5
1.126000E-2	1.060720E+5
1.128000E-2	1.063610E+5
1.130000E-2	1.054340E+5
1.132000E-2	1.055610E+5
1.134000E-2	1.057790E+5
1.136000E-2	1.050200E+5
1.138000E-2	1.054530E+5
1.140000E-2	1.051570E+5
1.142000E-2	1.051850E+5
1.144000E-2	1.052170E+5
1.146000E-2	1.050880E+5
1.148000E-2	1.051620E+5
1.150000E-2	1.059120E+5
1.152000E-2	1.056760E+5
1.154000E-2	1.051830E+5
1.156000E-2	1.052200E+5
1.158000E-2	1.053140E+5
1.160000E-2	1.053670E+5
1.162000E-2	1.055010E+5
1.164000E-2	1.055140E+5
1.166000E-2	1.052780E+5
1.168000E-2	1.051160E+5
1.170000E-2	1.052250E+5
1.172000E-2	1.054820E+5
1.174000E-2	1.059550E+5
1.176000E-2	1.052520E+5
1.178000E-2	1.059290E+5
1.180000E-2	1.056630E+5
1.182000E-2	1.057170E+5
1.184000E-2	1.052830E+5
1.186000E-2	1.053110E+5
1.188000E-2	1.057910E+5
1.190000E-2	1.061130E+5
1.192000E-2	1.049830E+5
1.194000E-2	1.050480E+5
1.196000E-2	1.057520E+5
1.198000E-2	1.055000E+5
1.200000E-2	1.052560E+5
1.202000E-2	1.050990E+5
1.204000E-2	1.056490E+5
1.206000E-2	1.056620E+5
1.208000E-2	1.048780E+5
1.210000E-2	1.047080E+5
1.212000E-2	1.046830E+5
1.214000E-2	1.051480E+5
1.216000E-2	1.059860E+5
1.218000E-2	1.053760E+5
1.220000E-2	1.050310E+5
1.222000E-2	1.049260E+5
1.224000E-2	1.053630E+5
1.226000E-2	1.053960E+5
1.228000E-2	1.051200E+5
1.230000E-2	1.053330E+5
1.232000E-2	1.056530E+5
1.234000E-2	1.049660E+5
1.236000E-2	1.060670E+5
1.238000E-2	1.047390E+5
1.240000E-2	1.055690E+5
1.242000E-2	1.051580E+5
1.244000E-2	1.053900E+5
1.246000E-2	1.051390E+5
1.248000E-2	1.057400E+5
1.250000E-2	1.054910E+5
1.252000E-2	1.051660E+5
1.254000E-2	1.057990E+5
1.256000E-2	1.047930E+5
1.258000E-2	1.053000E+5
1.260000E-2	1.060780E+5
1.262000E-2	1.057730E+5
1.264000E-2	1.057330E+5
1.266000E-2	1.062030E+5
1.268000E-2	1.050960E+5
1.270000E-2	1.056490E+5
1.272000E-2	1.048600E+5
1.274000E-2	1.054150E+5
1.276000E-2	1.057870E+5
1.278000E-2	1.059950E+5
1.280000E-2	1.054070E+5
1.282000E-2	1.051560E+5
1.284000E-2	1.053540E+5
1.286000E-2	1.053070E+5
1.288000E-2	1.052490E+5
1.290000E-2	1.056480E+5
1.292000E-2	1.052730E+5
1.294000E-2	1.044620E+5
1.296000E-2	1.054890E+5
1.298000E-2	1.049640E+5
1.300000E-2	1.055780E+5
1.302000E-2	1.053280E+5
1.304000E-2	1.053840E+5
1.306000E-2	1.058930E+5
1.308000E-2	1.055030E+5
1.310000E-2	1.058120E+5
1.312000E-2	1.058910E+5
1.314000E-2	1.058170E+5
1.316000E-2	1.059570E+5
1.318000E-2	1.059060E+5
1.320000E-2	1.053780E+5
1.322000E-2	1.052380E+5
1.324000E-2	1.052630E+5
1.326000E-2	1.047760E+5
1.328000E-2	1.055650E+5
1.330000E-2	1.055800E+5
1.332000E-2	1.051310E+5
1.334000E-2	1.051420E+5
1.336000E-2	1.055560E+5
1.338000E-2	1.054240E+5
1.340000E-2	1.053960E+5
1.342000E-2	1.049150E+5
1.344000E-2	1.048580E+5
1.346000E-2	1.055000E+5
1.348000E-2	1.049000E+5
1.350000E-2	1.057120E+5
1.352000E-2	1.059280E+5
1.354000E-2	1.056760E+5
1.356000E-2	1.051930E+5
1.358000E-2	1.051380E+5
1.360000E-2	1.054870E+5
1.362000E-2	1.051070E+5
1.364000E-2	1.053880E+5
1.366000E-2	1.056770E+5
1.368000E-2	1.049670E+5
1.370000E-2	1.053430E+5
1.372000E-2	1.056580E+5
1.374000E-2	1.052010E+5
1.376000E-2	1.054800E+5
1.378000E-2	1.056770E+5
1.380000E-2	1.053590E+5
1.382000E-2	1.057770E+5
1.384000E-2	1.055840E+5
1.386000E-2	1.056330E+5
1.388000E-2	1.050630E+5
1.390000E-2	1.045840E+5
1.392000E-2	1.057040E+5
1.394000E-2	1.048980E+5
1.396000E-2	1.052840E+5
1.398000E-2	1.052650E+5
1.400000E-2	1.053500E+5
1.402000E-2	1.056570E+5
1.404000E-2	1.051940E+5
1.406000E-2	1.054460E+5
1.408000E-2	1.055150E+5
1.410000E-2	1.055750E+5
1.412000E-2	1.051970E+5
1.414000E-2	1.057270E+5
1.416000E-2	1.046580E+5
1.418000E-2	1.054470E+5
1.420000E-2	1.052680E+5
1.422000E-2	1.050870E+5
1.424000E-2	1.053250E+5
1.426000E-2	1.054970E+5
1.428000E-2	1.051740E+5
1.430000E-2	1.049620E+5
1.432000E-2	1.052870E+5
1.434000E-2	1.051550E+5
1.436000E-2	1.051320E+5
1.438000E-2	1.050040E+5
1.440000E-2	1.055680E+5
1.442000E-2	1.058960E+5
1.444000E-2	1.051960E+5
1.446000E-2	1.051770E+5
1.448000E-2	1.052970E+5
1.450000E-2	1.051840E+5
1.452000E-2	1.056850E+5
1.454000E-2	1.057620E+5
1.456000E-2	1.054540E+5
1.458000E-2	1.057100E+5
1.460000E-2	1.052200E+5
1.462000E-2	1.052950E+5
1.464000E-2	1.056680E+5
1.466000E-2	1.053190E+5
1.468000E-2	1.052020E+5
1.470000E-2	1.049520E+5
1.472000E-2	1.053760E+5
1.474000E-2	1.050640E+5
1.476000E-2	1.051730E+5
1.478000E-2	1.052400E+5
1.480000E-2	1.050950E+5
1.482000E-2	1.055950E+5
1.484000E-2	1.050080E+5
1.486000E-2	1.052810E+5
1.488000E-2	1.046680E+5
1.490000E-2	1.054310E+5
1.492000E-2	1.048690E+5
1.494000E-2	1.047780E+5
1.496000E-2	1.053850E+5
1.498000E-2	1.049770E+5
1.500000E-2	1.050640E+5
1.502000E-2	1.054820E+5
1.504000E-2	1.050990E+5
1.506000E-2	1.051970E+5
1.508000E-2	1.050250E+5
1.510000E-2	1.048590E+5
1.512000E-2	1.043870E+5
1.514000E-2	1.044860E+5
1.516000E-2	1.047930E+5
1.518000E-2	1.048100E+5
1.520000E-2	1.043290E+5
1.522000E-2	1.046960E+5
1.524000E-2	1.046780E+5
1.526000E-2	1.046340E+5
1.528000E-2	1.045650E+5
1.530000E-2	1.045930E+5
1.532000E-2	1.044650E+5
1.534000E-2	1.039200E+5
1.536000E-2	1.036910E+5
1.538000E-2	1.034440E+5
1.540000E-2	1.032190E+5
1.542000E-2	1.030060E+5
1.544000E-2	1.017350E+5
1.546000E-2	1.005480E+5
1.548000E-2	9.956200E+4
1.550000E-2	9.684500E+4
1.552000E-2	9.269300E+4
1.554000E-2	8.813000E+4
1.556000E-2	8.205400E+4
1.558000E-2	7.691500E+4
1.560000E-2	7.453800E+4
1.562000E-2	7.732800E+4
1.564000E-2	8.243500E+4
1.566000E-2	8.770200E+4
1.568000E-2	9.295900E+4
1.570000E-2	9.497100E+4
1.572000E-2	9.614700E+4
1.574000E-2	9.682900E+4
1.576000E-2	9.730600E+4
1.578000E-2	1.001110E+5
1.580000E-2	1.005770E+5
1.582000E-2	1.022350E+5
1.584000E-2	1.029930E+5
1.586000E-2	1.031560E+5
1.588000E-2	1.031370E+5
1.590000E-2	1.036710E+5
1.592000E-2	1.035870E+5
1.594000E-2	1.036640E+5
1.596000E-2	1.036030E+5
1.598000E-2	1.035030E+5
1.600000E-2	1.037860E+5
1.602000E-2	1.039050E+5
1.604000E-2	1.039160E+5
1.606000E-2	1.037560E+5
1.608000E-2	1.040950E+5
1.610000E-2	1.032100E+5
1.612000E-2	1.027960E+5
1.614000E-2	1.020490E+5
1.616000E-2	1.004640E+5
1.618000E-2	9.931500E+4
1.620000E-2	9.671400E+4
1.622000E-2	9.338000E+4
1.624000E-2	8.744500E+4
1.626000E-2	8.075300E+4
1.628000E-2	7.471900E+4
1.630000E-2	7.301700E+4
1.632000E-2	7.711800E+4
1.634000E-2	8.405100E+4
1.636000E-2	8.856900E+4
1.638000E-2	9.194600E+4
1.640000E-2	9.466400E+4
1.642000E-2	9.762100E+4
1.644000E-2	9.999600E+4
1.646000E-2	1.012080E+5
1.648000E-2	1.023730E+5
1.650000E-2	1.031770E+5
1.652000E-2	1.030660E+5
1.654000E-2	1.035040E+5
1.656000E-2	1.035970E+5
1.658000E-2	1.044670E+5
1.660000E-2	1.041750E+5
1.662000E-2	1.038710E+5
1.664000E-2	1.049890E+5
1.666000E-2	1.038940E+5
1.668000E-2	1.045450E+5
1.670000E-2	1.040320E+5
1.672000E-2	1.049110E+5
1.674000E-2	1.046570E+5
1.676000E-2	1.044940E+5
1.678000E-2	1.045200E+5
1.680000E-2	1.034380E+5
1.682000E-2	1.038210E+5
1.684000E-2	1.026270E+5
1.686000E-2	1.020110E+5
1.688000E-2	1.004300E+5
1.690000E-2	9.781500E+4
1.692000E-2	9.380600E+4
1.694000E-2	9.031400E+4
1.696000E-2	8.810700E+4
1.698000E-2	9.081000E+4
1.700000E-2	9.471600E+4
1.702000E-2	9.889500E+4
1.704000E-2	1.003640E+5
1.706000E-2	1.021670E+5
1.708000E-2	1.034770E+5
1.710000E-2	1.030230E+5
1.712000E-2	1.035930E+5
1.714000E-2	1.040810E+5
1.716000E-2	1.036990E+5
1.718000E-2	1.041550E+5
1.720000E-2	1.034070E+5
1.722000E-2	1.033580E+5
1.724000E-2	1.040320E+5
1.726000E-2	1.036330E+5
1.728000E-2	1.037010E+5
1.730000E-2	1.034050E+5
1.732000E-2	1.028930E+5
1.734000E-2	1.019510E+5
1.736000E-2	1.008830E+5
1.738000E-2	9.850100E+4
1.740000E-2	9.487700E+4
1.742000E-2	9.068800E+4
1.744000E-2	8.798400E+4
1.746000E-2	8.913700E+4
1.748000E-2	9.388700E+4
1.750000E-2	9.818700E+4
1.752000E-2	1.010160E+5
1.754000E-2	1.015640E+5
1.756000E-2	1.037750E+5
1.758000E-2	1.041720E+5
1.760000E-2	1.031900E+5
1.762000E-2	1.036120E+5
1.764000E-2	1.041820E+5
1.766000E-2	1.040940E+5
1.768000E-2	1.045960E+5
1.770000E-2	1.049120E+5
1.772000E-2	1.044330E+5
1.774000E-2	1.044550E+5
1.776000E-2	1.042290E+5
1.778000E-2	1.040950E+5
1.780000E-2	1.043270E+5
1.782000E-2	1.041260E+5
1.784000E-2	1.042090E+5
1.786000E-2	1.039440E+5
1.788000E-2	1.035030E+5
1.790000E-2	1.025900E+5
1.792000E-2	1.017680E+5
1.794000E-2	1.020410E+5
1.796000E-2	9.934500E+4
1.798000E-2	9.847100E+4
1.800000E-2	9.456700E+4
1.802000E-2	9.027100E+4
1.804000E-2	8.505300E+4
1.806000E-2	7.974500E+4
1.808000E-2	7.440800E+4
1.810000E-2	7.268500E+4
1.812000E-2	7.634900E+4
1.814000E-2	8.297200E+4
1.816000E-2	9.003400E+4
1.818000E-2	9.432200E+4
1.820000E-2	9.844600E+4
1.822000E-2	1.006320E+5
1.824000E-2	1.016860E+5
1.826000E-2	1.024320E+5
1.828000E-2	1.026670E+5
1.830000E-2	1.032370E+5
1.832000E-2	1.037200E+5
1.834000E-2	1.036170E+5
1.836000E-2	1.034640E+5
1.838000E-2	1.036270E+5
1.840000E-2	1.036590E+5
1.842000E-2	1.040060E+5
1.844000E-2	1.037900E+5
1.846000E-2	1.032840E+5
1.848000E-2	1.036000E+5
1.850000E-2	1.035540E+5
1.852000E-2	1.034090E+5
1.854000E-2	1.030630E+5
1.856000E-2	1.026080E+5
1.858000E-2	1.022190E+5
1.860000E-2	1.000800E+5
1.862000E-2	9.954100E+4
1.864000E-2	9.800500E+4
1.866000E-2	9.563600E+4
1.868000E-2	9.323000E+4
1.870000E-2	9.201400E+4
1.872000E-2	8.800000E+4
1.874000E-2	8.357500E+4
1.876000E-2	7.734100E+4
1.878000E-2	7.472100E+4
1.880000E-2	7.569300E+4
1.882000E-2	8.162300E+4
1.884000E-2	8.796300E+4
1.886000E-2	9.307700E+4
1.888000E-2	9.723700E+4
1.890000E-2	9.942400E+4
1.892000E-2	1.009860E+5
1.894000E-2	1.018800E+5
1.896000E-2	1.025180E+5
1.898000E-2	1.036900E+5
1.900000E-2	1.033010E+5
1.902000E-2	1.036710E+5
1.904000E-2	1.047620E+5
1.906000E-2	1.047520E+5
1.908000E-2	1.045330E+5
1.910000E-2	1.043180E+5
1.912000E-2	1.045130E+5
1.914000E-2	1.044140E+5
1.916000E-2	1.048490E+5
1.918000E-2	1.050720E+5
1.920000E-2	1.043990E+5
1.922000E-2	1.043870E+5
1.924000E-2	1.051480E+5
1.926000E-2	1.049180E+5
1.928000E-2	1.051990E+5
1.930000E-2	1.052010E+5
1.932000E-2	1.047050E+5
1.934000E-2	1.052560E+5
1.936000E-2	1.047120E+5
1.938000E-2	1.051010E+5
1.940000E-2	1.054390E+5
1.942000E-2	1.050120E+5
1.944000E-2	1.055530E+5
1.946000E-2	1.052670E+5
1.948000E-2	1.048850E+5
1.950000E-2	1.056190E+5
1.952000E-2	1.053480E+5
1.954000E-2	1.051740E+5
1.956000E-2	1.050900E+5
1.958000E-2	1.049490E+5
1.960000E-2	1.055030E+5
1.962000E-2	1.054740E+5
1.964000E-2	1.053630E+5
1.966000E-2	1.056360E+5
1.968000E-2	1.053400E+5
1.970000E-2	1.055000E+5
1.972000E-2	1.049340E+5
1.974000E-2	1.052710E+5
1.976000E-2	1.057950E+5
1.978000E-2	1.055200E+5
1.980000E-2	1.054210E+5
1.982000E-2	1.050070E+5
1.984000E-2	1.051060E+5
1.986000E-2	1.055800E+5
1.988000E-2	1.051620E+5
1.990000E-2	1.059560E+5
1.992000E-2	1.049700E+5
1.994000E-2	1.045670E+5
1.996000E-2	1.050790E+5
1.998000E-2	1.057920E+5
