

live time:  12435.720000
real time:  14404.123000
sweeps:  621786.000000
0.000000E+0	0.000000E+0	0.000000E+0
2.000000E-5	0.000000E+0	1.599600E+4
4.000000E-5	0.000000E+0	1.628800E+4
6.000000E-5	0.000000E+0	1.622900E+4
8.000000E-5	0.000000E+0	1.615300E+4
1.000000E-4	0.000000E+0	1.645200E+4
1.200000E-4	0.000000E+0	1.631600E+4
1.400000E-4	0.000000E+0	1.641300E+4
1.600000E-4	0.000000E+0	1.640200E+4
1.800000E-4	0.000000E+0	1.644700E+4
2.000000E-4	0.000000E+0	1.645200E+4
2.200000E-4	0.000000E+0	1.619200E+4
2.400000E-4	0.000000E+0	1.639000E+4
2.600000E-4	0.000000E+0	1.629400E+4
2.800000E-4	0.000000E+0	1.631200E+4
3.000000E-4	0.000000E+0	1.624600E+4
3.200000E-4	0.000000E+0	1.627200E+4
3.400000E-4	0.000000E+0	1.621100E+4
3.600000E-4	0.000000E+0	1.593500E+4
3.800000E-4	0.000000E+0	1.615200E+4
4.000000E-4	0.000000E+0	1.649800E+4
4.200000E-4	0.000000E+0	1.629400E+4
4.400000E-4	0.000000E+0	1.617400E+4
4.600000E-4	0.000000E+0	1.627600E+4
4.800000E-4	0.000000E+0	1.618600E+4
5.000000E-4	0.000000E+0	1.631400E+4
5.200000E-4	0.000000E+0	1.618600E+4
5.400000E-4	0.000000E+0	1.613400E+4
5.600000E-4	0.000000E+0	1.640400E+4
5.800000E-4	0.000000E+0	1.647200E+4
6.000000E-4	0.000000E+0	1.629400E+4
6.200000E-4	0.000000E+0	1.601200E+4
6.400000E-4	0.000000E+0	1.640100E+4
6.600000E-4	0.000000E+0	1.600300E+4
6.800000E-4	0.000000E+0	1.640300E+4
7.000000E-4	0.000000E+0	1.629000E+4
7.200000E-4	0.000000E+0	1.629600E+4
7.400000E-4	0.000000E+0	1.625300E+4
7.600000E-4	0.000000E+0	1.626600E+4
7.800000E-4	0.000000E+0	1.601600E+4
8.000000E-4	0.000000E+0	1.617300E+4
8.200000E-4	0.000000E+0	1.641100E+4
8.400000E-4	0.000000E+0	1.626100E+4
8.600000E-4	0.000000E+0	1.614400E+4
8.800000E-4	0.000000E+0	1.643000E+4
9.000000E-4	0.000000E+0	1.637600E+4
9.200000E-4	0.000000E+0	1.637400E+4
9.400000E-4	0.000000E+0	1.641000E+4
9.600000E-4	0.000000E+0	1.614600E+4
9.800000E-4	0.000000E+0	1.610300E+4
1.000000E-3	0.000000E+0	1.649700E+4
1.020000E-3	0.000000E+0	1.636200E+4
1.040000E-3	0.000000E+0	1.635200E+4
1.060000E-3	0.000000E+0	1.623200E+4
1.080000E-3	0.000000E+0	1.632800E+4
1.100000E-3	0.000000E+0	1.623000E+4
1.120000E-3	0.000000E+0	1.622600E+4
1.140000E-3	0.000000E+0	1.622600E+4
1.160000E-3	0.000000E+0	1.623400E+4
1.180000E-3	0.000000E+0	1.623800E+4
1.200000E-3	0.000000E+0	1.626400E+4
1.220000E-3	0.000000E+0	1.620200E+4
1.240000E-3	0.000000E+0	1.626800E+4
1.260000E-3	0.000000E+0	1.626200E+4
1.280000E-3	0.000000E+0	1.634100E+4
1.300000E-3	0.000000E+0	1.643700E+4
1.320000E-3	0.000000E+0	1.609100E+4
1.340000E-3	0.000000E+0	1.636900E+4
1.360000E-3	0.000000E+0	1.616300E+4
1.380000E-3	0.000000E+0	1.611700E+4
1.400000E-3	0.000000E+0	1.620400E+4
1.420000E-3	0.000000E+0	1.629300E+4
1.440000E-3	0.000000E+0	1.616400E+4
1.460000E-3	0.000000E+0	1.634400E+4
1.480000E-3	0.000000E+0	1.625800E+4
1.500000E-3	0.000000E+0	1.637200E+4
1.520000E-3	0.000000E+0	1.621300E+4
1.540000E-3	0.000000E+0	1.626500E+4
1.560000E-3	0.000000E+0	1.614500E+4
1.580000E-3	0.000000E+0	1.621900E+4
1.600000E-3	0.000000E+0	1.650200E+4
1.620000E-3	0.000000E+0	1.615400E+4
1.640000E-3	0.000000E+0	1.636200E+4
1.660000E-3	0.000000E+0	1.631100E+4
1.680000E-3	0.000000E+0	1.615000E+4
1.700000E-3	0.000000E+0	1.628200E+4
1.720000E-3	0.000000E+0	1.650600E+4
1.740000E-3	0.000000E+0	1.614700E+4
1.760000E-3	0.000000E+0	1.628100E+4
1.780000E-3	0.000000E+0	1.642800E+4
1.800000E-3	0.000000E+0	1.628700E+4
1.820000E-3	0.000000E+0	1.617300E+4
1.840000E-3	0.000000E+0	1.616900E+4
1.860000E-3	0.000000E+0	1.608300E+4
1.880000E-3	0.000000E+0	1.620500E+4
1.900000E-3	0.000000E+0	1.655400E+4
1.920000E-3	0.000000E+0	1.630900E+4
1.940000E-3	0.000000E+0	1.610400E+4
1.960000E-3	0.000000E+0	1.615100E+4
1.980000E-3	0.000000E+0	1.641700E+4
2.000000E-3	0.000000E+0	1.622500E+4
2.020000E-3	0.000000E+0	1.635500E+4
2.040000E-3	0.000000E+0	1.617700E+4
2.060000E-3	0.000000E+0	1.643300E+4
2.080000E-3	0.000000E+0	1.644900E+4
2.100000E-3	0.000000E+0	1.620700E+4
2.120000E-3	0.000000E+0	1.638000E+4
2.140000E-3	0.000000E+0	1.611500E+4
2.160000E-3	0.000000E+0	1.626600E+4
2.180000E-3	0.000000E+0	1.640200E+4
2.200000E-3	0.000000E+0	1.626900E+4
2.220000E-3	0.000000E+0	1.656700E+4
2.240000E-3	0.000000E+0	1.625300E+4
2.260000E-3	0.000000E+0	1.625000E+4
2.280000E-3	0.000000E+0	1.627800E+4
2.300000E-3	0.000000E+0	1.645400E+4
2.320000E-3	0.000000E+0	1.632800E+4
2.340000E-3	0.000000E+0	1.618400E+4
2.360000E-3	0.000000E+0	1.618200E+4
2.380000E-3	0.000000E+0	1.620500E+4
2.400000E-3	0.000000E+0	1.627300E+4
2.420000E-3	0.000000E+0	1.608000E+4
2.440000E-3	0.000000E+0	1.629200E+4
2.460000E-3	0.000000E+0	1.625800E+4
2.480000E-3	0.000000E+0	1.619600E+4
2.500000E-3	0.000000E+0	1.630300E+4
2.520000E-3	0.000000E+0	1.601900E+4
2.540000E-3	0.000000E+0	1.616900E+4
2.560000E-3	0.000000E+0	1.627000E+4
2.580000E-3	0.000000E+0	1.612100E+4
2.600000E-3	0.000000E+0	1.626200E+4
2.620000E-3	0.000000E+0	1.613100E+4
2.640000E-3	0.000000E+0	1.632000E+4
2.660000E-3	0.000000E+0	1.631100E+4
2.680000E-3	0.000000E+0	1.641400E+4
2.700000E-3	0.000000E+0	1.629200E+4
2.720000E-3	0.000000E+0	1.606600E+4
2.740000E-3	0.000000E+0	1.616500E+4
2.760000E-3	0.000000E+0	1.614900E+4
2.780000E-3	0.000000E+0	1.635700E+4
2.800000E-3	0.000000E+0	1.588700E+4
2.820000E-3	0.000000E+0	1.633900E+4
2.840000E-3	0.000000E+0	1.596100E+4
2.860000E-3	0.000000E+0	1.637300E+4
2.880000E-3	0.000000E+0	1.612500E+4
2.900000E-3	0.000000E+0	1.632400E+4
2.920000E-3	0.000000E+0	1.660700E+4
2.940000E-3	0.000000E+0	1.607500E+4
2.960000E-3	0.000000E+0	1.639900E+4
2.980000E-3	0.000000E+0	1.628700E+4
3.000000E-3	0.000000E+0	1.625500E+4
3.020000E-3	0.000000E+0	1.639700E+4
3.040000E-3	0.000000E+0	1.649300E+4
3.060000E-3	0.000000E+0	1.629200E+4
3.080000E-3	0.000000E+0	1.626200E+4
3.100000E-3	0.000000E+0	1.622800E+4
3.120000E-3	0.000000E+0	1.643200E+4
3.140000E-3	0.000000E+0	1.645100E+4
3.160000E-3	0.000000E+0	1.609400E+4
3.180000E-3	0.000000E+0	1.634000E+4
3.200000E-3	0.000000E+0	1.614400E+4
3.220000E-3	0.000000E+0	1.621200E+4
3.240000E-3	0.000000E+0	1.649400E+4
3.260000E-3	0.000000E+0	1.622100E+4
3.280000E-3	0.000000E+0	1.609000E+4
3.300000E-3	0.000000E+0	1.629800E+4
3.320000E-3	0.000000E+0	1.604500E+4
3.340000E-3	0.000000E+0	1.619600E+4
3.360000E-3	0.000000E+0	1.638400E+4
3.380000E-3	0.000000E+0	1.625900E+4
3.400000E-3	0.000000E+0	1.600900E+4
3.420000E-3	0.000000E+0	1.610900E+4
3.440000E-3	0.000000E+0	1.634600E+4
3.460000E-3	0.000000E+0	1.629200E+4
3.480000E-3	0.000000E+0	1.615300E+4
3.500000E-3	0.000000E+0	1.617900E+4
3.520000E-3	0.000000E+0	1.649200E+4
3.540000E-3	0.000000E+0	1.611500E+4
3.560000E-3	0.000000E+0	1.622000E+4
3.580000E-3	0.000000E+0	1.612700E+4
3.600000E-3	0.000000E+0	1.626300E+4
3.620000E-3	0.000000E+0	1.626200E+4
3.640000E-3	0.000000E+0	1.613200E+4
3.660000E-3	0.000000E+0	1.598500E+4
3.680000E-3	0.000000E+0	1.623200E+4
3.700000E-3	0.000000E+0	1.618100E+4
3.720000E-3	0.000000E+0	1.629800E+4
3.740000E-3	0.000000E+0	1.645000E+4
3.760000E-3	0.000000E+0	1.630100E+4
3.780000E-3	0.000000E+0	1.633900E+4
3.800000E-3	0.000000E+0	1.628000E+4
3.820000E-3	0.000000E+0	1.607600E+4
3.840000E-3	0.000000E+0	1.624700E+4
3.860000E-3	0.000000E+0	1.579500E+4
3.880000E-3	0.000000E+0	1.611400E+4
3.900000E-3	0.000000E+0	1.616000E+4
3.920000E-3	0.000000E+0	1.603400E+4
3.940000E-3	0.000000E+0	1.589200E+4
3.960000E-3	0.000000E+0	1.590800E+4
3.980000E-3	0.000000E+0	1.598200E+4
4.000000E-3	0.000000E+0	1.588800E+4
4.020000E-3	0.000000E+0	1.565800E+4
4.040000E-3	0.000000E+0	1.539400E+4
4.060000E-3	0.000000E+0	1.530800E+4
4.080000E-3	0.000000E+0	1.468900E+4
4.100000E-3	0.000000E+0	1.386500E+4
4.120000E-3	0.000000E+0	1.312500E+4
4.140000E-3	0.000000E+0	1.184700E+4
4.160000E-3	0.000000E+0	1.150600E+4
4.180000E-3	0.000000E+0	1.156600E+4
4.200000E-3	0.000000E+0	1.266100E+4
4.220000E-3	0.000000E+0	1.365000E+4
4.240000E-3	0.000000E+0	1.415200E+4
4.260000E-3	0.000000E+0	1.441600E+4
4.280000E-3	0.000000E+0	1.475300E+4
4.300000E-3	0.000000E+0	1.497500E+4
4.320000E-3	0.000000E+0	1.535000E+4
4.340000E-3	0.000000E+0	1.549000E+4
4.360000E-3	0.000000E+0	1.562300E+4
4.380000E-3	0.000000E+0	1.576100E+4
4.400000E-3	0.000000E+0	1.615800E+4
4.420000E-3	0.000000E+0	1.601900E+4
4.440000E-3	0.000000E+0	1.594800E+4
4.460000E-3	0.000000E+0	1.612400E+4
4.480000E-3	0.000000E+0	1.629600E+4
4.500000E-3	0.000000E+0	1.613700E+4
4.520000E-3	0.000000E+0	1.623800E+4
4.540000E-3	0.000000E+0	1.593300E+4
4.560000E-3	0.000000E+0	1.584900E+4
4.580000E-3	0.000000E+0	1.616500E+4
4.600000E-3	0.000000E+0	1.607900E+4
4.620000E-3	0.000000E+0	1.586900E+4
4.640000E-3	0.000000E+0	1.597300E+4
4.660000E-3	0.000000E+0	1.562600E+4
4.680000E-3	0.000000E+0	1.587200E+4
4.700000E-3	0.000000E+0	1.565500E+4
4.720000E-3	0.000000E+0	1.547100E+4
4.740000E-3	0.000000E+0	1.524700E+4
4.760000E-3	0.000000E+0	1.428000E+4
4.780000E-3	0.000000E+0	1.400300E+4
4.800000E-3	0.000000E+0	1.284300E+4
4.820000E-3	0.000000E+0	1.183400E+4
4.840000E-3	0.000000E+0	1.119100E+4
4.860000E-3	0.000000E+0	1.137200E+4
4.880000E-3	0.000000E+0	1.231100E+4
4.900000E-3	0.000000E+0	1.335300E+4
4.920000E-3	0.000000E+0	1.381500E+4
4.940000E-3	0.000000E+0	1.468400E+4
4.960000E-3	0.000000E+0	1.534400E+4
4.980000E-3	0.000000E+0	1.542600E+4
5.000000E-3	0.000000E+0	1.576000E+4
5.020000E-3	0.000000E+0	1.608200E+4
5.040000E-3	0.000000E+0	1.603600E+4
5.060000E-3	0.000000E+0	1.591100E+4
5.080000E-3	0.000000E+0	1.605300E+4
5.100000E-3	0.000000E+0	1.608600E+4
5.120000E-3	0.000000E+0	1.605100E+4
5.140000E-3	0.000000E+0	1.609600E+4
5.160000E-3	0.000000E+0	1.589100E+4
5.180000E-3	0.000000E+0	1.599700E+4
5.200000E-3	0.000000E+0	1.608300E+4
5.220000E-3	0.000000E+0	1.633400E+4
5.240000E-3	0.000000E+0	1.618100E+4
5.260000E-3	0.000000E+0	1.627400E+4
5.280000E-3	0.000000E+0	1.623700E+4
5.300000E-3	0.000000E+0	1.590800E+4
5.320000E-3	0.000000E+0	1.598800E+4
5.340000E-3	0.000000E+0	1.579500E+4
5.360000E-3	0.000000E+0	1.576300E+4
5.380000E-3	0.000000E+0	1.578900E+4
5.400000E-3	0.000000E+0	1.574500E+4
5.420000E-3	0.000000E+0	1.548600E+4
5.440000E-3	0.000000E+0	1.489000E+4
5.460000E-3	0.000000E+0	1.428500E+4
5.480000E-3	0.000000E+0	1.341100E+4
5.500000E-3	0.000000E+0	1.352800E+4
5.520000E-3	0.000000E+0	1.423300E+4
5.540000E-3	0.000000E+0	1.476300E+4
5.560000E-3	0.000000E+0	1.541500E+4
5.580000E-3	0.000000E+0	1.585200E+4
5.600000E-3	0.000000E+0	1.605900E+4
5.620000E-3	0.000000E+0	1.589000E+4
5.640000E-3	0.000000E+0	1.607000E+4
5.660000E-3	0.000000E+0	1.590100E+4
5.680000E-3	0.000000E+0	1.614000E+4
5.700000E-3	0.000000E+0	1.606900E+4
5.720000E-3	0.000000E+0	1.612300E+4
5.740000E-3	0.000000E+0	1.609200E+4
5.760000E-3	0.000000E+0	1.613700E+4
5.780000E-3	0.000000E+0	1.606400E+4
5.800000E-3	0.000000E+0	1.606900E+4
5.820000E-3	0.000000E+0	1.601100E+4
5.840000E-3	0.000000E+0	1.613500E+4
5.860000E-3	0.000000E+0	1.572700E+4
5.880000E-3	0.000000E+0	1.541300E+4
5.900000E-3	0.000000E+0	1.547900E+4
5.920000E-3	0.000000E+0	1.481500E+4
5.940000E-3	0.000000E+0	1.433100E+4
5.960000E-3	0.000000E+0	1.383600E+4
5.980000E-3	0.000000E+0	1.378300E+4
6.000000E-3	0.000000E+0	1.428500E+4
6.020000E-3	0.000000E+0	1.495300E+4
6.040000E-3	0.000000E+0	1.533200E+4
6.060000E-3	0.000000E+0	1.569000E+4
6.080000E-3	0.000000E+0	1.598200E+4
6.100000E-3	0.000000E+0	1.577400E+4
6.120000E-3	0.000000E+0	1.612700E+4
6.140000E-3	0.000000E+0	1.609700E+4
6.160000E-3	0.000000E+0	1.597800E+4
6.180000E-3	0.000000E+0	1.612300E+4
6.200000E-3	0.000000E+0	1.605200E+4
6.220000E-3	0.000000E+0	1.615500E+4
6.240000E-3	0.000000E+0	1.606000E+4
6.260000E-3	0.000000E+0	1.589700E+4
6.280000E-3	0.000000E+0	1.609900E+4
6.300000E-3	0.000000E+0	1.598800E+4
6.320000E-3	0.000000E+0	1.607700E+4
6.340000E-3	0.000000E+0	1.588000E+4
6.360000E-3	0.000000E+0	1.622900E+4
6.380000E-3	0.000000E+0	1.577900E+4
6.400000E-3	0.000000E+0	1.609500E+4
6.420000E-3	0.000000E+0	1.596600E+4
6.440000E-3	0.000000E+0	1.565700E+4
6.460000E-3	0.000000E+0	1.564800E+4
6.480000E-3	0.000000E+0	1.548500E+4
6.500000E-3	0.000000E+0	1.479500E+4
6.520000E-3	0.000000E+0	1.462200E+4
6.540000E-3	0.000000E+0	1.404100E+4
6.560000E-3	0.000000E+0	1.355700E+4
6.580000E-3	0.000000E+0	1.286400E+4
6.600000E-3	0.000000E+0	1.187500E+4
6.620000E-3	0.000000E+0	1.123200E+4
6.640000E-3	0.000000E+0	1.153300E+4
6.660000E-3	0.000000E+0	1.257700E+4
6.680000E-3	0.000000E+0	1.388000E+4
6.700000E-3	0.000000E+0	1.445000E+4
6.720000E-3	0.000000E+0	1.514900E+4
6.740000E-3	0.000000E+0	1.543800E+4
6.760000E-3	0.000000E+0	1.563900E+4
6.780000E-3	0.000000E+0	1.573900E+4
6.800000E-3	0.000000E+0	1.587400E+4
6.820000E-3	0.000000E+0	1.594300E+4
6.840000E-3	0.000000E+0	1.608400E+4
6.860000E-3	0.000000E+0	1.598300E+4
6.880000E-3	0.000000E+0	1.588600E+4
6.900000E-3	0.000000E+0	1.600300E+4
6.920000E-3	0.000000E+0	1.607800E+4
6.940000E-3	0.000000E+0	1.588700E+4
6.960000E-3	0.000000E+0	1.621600E+4
6.980000E-3	0.000000E+0	1.596100E+4
7.000000E-3	0.000000E+0	1.619400E+4
7.020000E-3	0.000000E+0	1.592900E+4
7.040000E-3	0.000000E+0	1.589000E+4
7.060000E-3	0.000000E+0	1.596500E+4
7.080000E-3	0.000000E+0	1.579200E+4
7.100000E-3	0.000000E+0	1.580300E+4
7.120000E-3	0.000000E+0	1.529600E+4
7.140000E-3	0.000000E+0	1.506900E+4
7.160000E-3	0.000000E+0	1.506400E+4
7.180000E-3	0.000000E+0	1.471800E+4
7.200000E-3	0.000000E+0	1.478400E+4
7.220000E-3	0.000000E+0	1.449600E+4
7.240000E-3	0.000000E+0	1.386000E+4
7.260000E-3	0.000000E+0	1.315000E+4
7.280000E-3	0.000000E+0	1.252600E+4
7.300000E-3	0.000000E+0	1.148600E+4
7.320000E-3	0.000000E+0	1.153200E+4
7.340000E-3	0.000000E+0	1.224100E+4
7.360000E-3	0.000000E+0	1.319300E+4
7.380000E-3	0.000000E+0	1.419500E+4
7.400000E-3	0.000000E+0	1.484500E+4
7.420000E-3	0.000000E+0	1.554000E+4
7.440000E-3	0.000000E+0	1.568800E+4
7.460000E-3	0.000000E+0	1.558200E+4
7.480000E-3	0.000000E+0	1.568900E+4
7.500000E-3	0.000000E+0	1.602200E+4
7.520000E-3	0.000000E+0	1.593000E+4
7.540000E-3	0.000000E+0	1.605500E+4
7.560000E-3	0.000000E+0	1.609200E+4
7.580000E-3	0.000000E+0	1.615900E+4
7.600000E-3	0.000000E+0	1.599900E+4
7.620000E-3	0.000000E+0	1.633800E+4
7.640000E-3	0.000000E+0	1.605900E+4
7.660000E-3	0.000000E+0	1.618200E+4
7.680000E-3	0.000000E+0	1.628900E+4
7.700000E-3	0.000000E+0	1.610100E+4
7.720000E-3	0.000000E+0	1.613800E+4
7.740000E-3	0.000000E+0	1.615300E+4
7.760000E-3	0.000000E+0	1.590500E+4
7.780000E-3	0.000000E+0	1.611700E+4
7.800000E-3	0.000000E+0	1.626400E+4
7.820000E-3	0.000000E+0	1.635400E+4
7.840000E-3	0.000000E+0	1.623000E+4
7.860000E-3	0.000000E+0	1.627600E+4
7.880000E-3	0.000000E+0	1.614100E+4
7.900000E-3	0.000000E+0	1.633900E+4
7.920000E-3	0.000000E+0	1.600600E+4
7.940000E-3	0.000000E+0	1.615900E+4
7.960000E-3	0.000000E+0	1.631700E+4
7.980000E-3	0.000000E+0	1.614200E+4
8.000000E-3	0.000000E+0	1.612900E+4
8.020000E-3	0.000000E+0	1.631800E+4
8.040000E-3	0.000000E+0	1.622800E+4
8.060000E-3	0.000000E+0	1.617900E+4
8.080000E-3	0.000000E+0	1.595800E+4
8.100000E-3	0.000000E+0	1.630300E+4
8.120000E-3	0.000000E+0	1.613600E+4
8.140000E-3	0.000000E+0	1.626500E+4
8.160000E-3	0.000000E+0	1.635600E+4
8.180000E-3	0.000000E+0	1.623300E+4
8.200000E-3	0.000000E+0	1.626100E+4
8.220000E-3	0.000000E+0	1.656400E+4
8.240000E-3	0.000000E+0	1.631200E+4
8.260000E-3	0.000000E+0	1.628400E+4
8.280000E-3	0.000000E+0	1.620900E+4
8.300000E-3	0.000000E+0	1.630800E+4
8.320000E-3	0.000000E+0	1.605300E+4
8.340000E-3	0.000000E+0	1.614800E+4
8.360000E-3	0.000000E+0	1.616700E+4
8.380000E-3	0.000000E+0	1.610300E+4
8.400000E-3	0.000000E+0	1.638000E+4
8.420000E-3	0.000000E+0	1.643600E+4
8.440000E-3	0.000000E+0	1.617900E+4
8.460000E-3	0.000000E+0	1.631000E+4
8.480000E-3	0.000000E+0	1.628100E+4
8.500000E-3	0.000000E+0	1.614900E+4
8.520000E-3	0.000000E+0	1.615900E+4
8.540000E-3	0.000000E+0	1.643400E+4
8.560000E-3	0.000000E+0	1.638600E+4
8.580000E-3	0.000000E+0	1.627400E+4
8.600000E-3	0.000000E+0	1.606500E+4
8.620000E-3	0.000000E+0	1.613700E+4
8.640000E-3	0.000000E+0	1.638200E+4
8.660000E-3	0.000000E+0	1.617600E+4
8.680000E-3	0.000000E+0	1.628000E+4
8.700000E-3	0.000000E+0	1.617800E+4
8.720000E-3	0.000000E+0	1.628300E+4
8.740000E-3	0.000000E+0	1.620900E+4
8.760000E-3	0.000000E+0	1.630200E+4
8.780000E-3	0.000000E+0	1.641200E+4
8.800000E-3	0.000000E+0	1.626100E+4
8.820000E-3	0.000000E+0	1.615100E+4
8.840000E-3	0.000000E+0	1.618400E+4
8.860000E-3	0.000000E+0	1.633200E+4
8.880000E-3	0.000000E+0	1.625900E+4
8.900000E-3	0.000000E+0	1.642400E+4
8.920000E-3	0.000000E+0	1.640000E+4
8.940000E-3	0.000000E+0	1.610800E+4
8.960000E-3	0.000000E+0	1.636900E+4
8.980000E-3	0.000000E+0	1.646100E+4
9.000000E-3	0.000000E+0	1.632500E+4
9.020000E-3	0.000000E+0	1.633500E+4
9.040000E-3	0.000000E+0	1.644000E+4
9.060000E-3	0.000000E+0	1.604600E+4
9.080000E-3	0.000000E+0	1.623800E+4
9.100000E-3	0.000000E+0	1.613800E+4
9.120000E-3	0.000000E+0	1.638200E+4
9.140000E-3	0.000000E+0	1.600200E+4
9.160000E-3	0.000000E+0	1.623700E+4
9.180000E-3	0.000000E+0	1.619000E+4
9.200000E-3	0.000000E+0	1.625900E+4
9.220000E-3	0.000000E+0	1.646100E+4
9.240000E-3	0.000000E+0	1.623200E+4
9.260000E-3	0.000000E+0	1.618800E+4
9.280000E-3	0.000000E+0	1.649400E+4
9.300000E-3	0.000000E+0	1.629600E+4
9.320000E-3	0.000000E+0	1.637900E+4
9.340000E-3	0.000000E+0	1.627600E+4
9.360000E-3	0.000000E+0	1.602300E+4
9.380000E-3	0.000000E+0	1.640200E+4
9.400000E-3	0.000000E+0	1.625800E+4
9.420000E-3	0.000000E+0	1.626800E+4
9.440000E-3	0.000000E+0	1.607000E+4
9.460000E-3	0.000000E+0	1.613100E+4
9.480000E-3	0.000000E+0	1.619800E+4
9.500000E-3	0.000000E+0	1.630500E+4
9.520000E-3	0.000000E+0	1.631100E+4
9.540000E-3	0.000000E+0	1.619900E+4
9.560000E-3	0.000000E+0	1.632800E+4
9.580000E-3	0.000000E+0	1.647500E+4
9.600000E-3	0.000000E+0	1.647900E+4
9.620000E-3	0.000000E+0	1.625800E+4
9.640000E-3	0.000000E+0	1.616800E+4
9.660000E-3	0.000000E+0	1.626100E+4
9.680000E-3	0.000000E+0	1.646500E+4
9.700000E-3	0.000000E+0	1.632300E+4
9.720000E-3	0.000000E+0	1.629400E+4
9.740000E-3	0.000000E+0	1.604600E+4
9.760000E-3	0.000000E+0	1.620300E+4
9.780000E-3	0.000000E+0	1.594300E+4
9.800000E-3	0.000000E+0	1.619300E+4
9.820000E-3	0.000000E+0	1.637100E+4
9.840000E-3	0.000000E+0	1.607200E+4
9.860000E-3	0.000000E+0	1.637200E+4
9.880000E-3	0.000000E+0	1.650200E+4
9.900000E-3	0.000000E+0	1.632700E+4
9.920000E-3	0.000000E+0	1.634500E+4
9.940000E-3	0.000000E+0	1.627700E+4
9.960000E-3	0.000000E+0	1.651100E+4
9.980000E-3	0.000000E+0	1.610600E+4
1.000000E-2	0.000000E+0	1.635500E+4
1.002000E-2	0.000000E+0	1.619900E+4
1.004000E-2	0.000000E+0	1.635200E+4
1.006000E-2	0.000000E+0	1.647600E+4
1.008000E-2	0.000000E+0	1.614300E+4
1.010000E-2	0.000000E+0	1.628900E+4
1.012000E-2	0.000000E+0	1.633100E+4
1.014000E-2	0.000000E+0	1.604400E+4
1.016000E-2	0.000000E+0	1.637100E+4
1.018000E-2	0.000000E+0	1.618000E+4
1.020000E-2	0.000000E+0	1.616000E+4
1.022000E-2	0.000000E+0	1.635600E+4
1.024000E-2	0.000000E+0	1.618900E+4
1.026000E-2	0.000000E+0	1.612300E+4
1.028000E-2	0.000000E+0	1.649900E+4
1.030000E-2	0.000000E+0	1.628100E+4
1.032000E-2	0.000000E+0	1.623600E+4
1.034000E-2	0.000000E+0	1.617200E+4
1.036000E-2	0.000000E+0	1.633100E+4
1.038000E-2	0.000000E+0	1.627000E+4
1.040000E-2	0.000000E+0	1.637200E+4
1.042000E-2	0.000000E+0	1.613400E+4
1.044000E-2	0.000000E+0	1.637300E+4
1.046000E-2	0.000000E+0	1.641200E+4
1.048000E-2	0.000000E+0	1.624500E+4
1.050000E-2	0.000000E+0	1.637300E+4
1.052000E-2	0.000000E+0	1.643100E+4
1.054000E-2	0.000000E+0	1.632900E+4
1.056000E-2	0.000000E+0	1.649400E+4
1.058000E-2	0.000000E+0	1.623800E+4
1.060000E-2	0.000000E+0	1.601900E+4
1.062000E-2	0.000000E+0	1.646600E+4
1.064000E-2	0.000000E+0	1.649200E+4
1.066000E-2	0.000000E+0	1.612100E+4
1.068000E-2	0.000000E+0	1.603300E+4
1.070000E-2	0.000000E+0	1.621500E+4
1.072000E-2	0.000000E+0	1.638300E+4
1.074000E-2	0.000000E+0	1.631600E+4
1.076000E-2	0.000000E+0	1.633200E+4
1.078000E-2	0.000000E+0	1.619900E+4
1.080000E-2	0.000000E+0	1.615000E+4
1.082000E-2	0.000000E+0	1.632200E+4
1.084000E-2	0.000000E+0	1.620200E+4
1.086000E-2	0.000000E+0	1.612500E+4
1.088000E-2	0.000000E+0	1.628700E+4
1.090000E-2	0.000000E+0	1.619400E+4
1.092000E-2	0.000000E+0	1.623100E+4
1.094000E-2	0.000000E+0	1.632500E+4
1.096000E-2	0.000000E+0	1.604700E+4
1.098000E-2	0.000000E+0	1.652600E+4
1.100000E-2	0.000000E+0	1.623700E+4
1.102000E-2	0.000000E+0	1.622300E+4
1.104000E-2	0.000000E+0	1.624000E+4
1.106000E-2	0.000000E+0	1.628100E+4
1.108000E-2	0.000000E+0	1.645100E+4
1.110000E-2	0.000000E+0	1.623800E+4
1.112000E-2	0.000000E+0	1.617200E+4
1.114000E-2	0.000000E+0	1.622900E+4
1.116000E-2	0.000000E+0	1.605200E+4
1.118000E-2	0.000000E+0	1.646600E+4
1.120000E-2	0.000000E+0	1.633600E+4
1.122000E-2	0.000000E+0	1.624200E+4
1.124000E-2	0.000000E+0	1.620300E+4
1.126000E-2	0.000000E+0	1.634400E+4
1.128000E-2	0.000000E+0	1.647600E+4
1.130000E-2	0.000000E+0	1.614000E+4
1.132000E-2	0.000000E+0	1.613900E+4
1.134000E-2	0.000000E+0	1.639200E+4
1.136000E-2	0.000000E+0	1.589500E+4
1.138000E-2	0.000000E+0	1.620900E+4
1.140000E-2	0.000000E+0	1.612000E+4
1.142000E-2	0.000000E+0	1.618200E+4
1.144000E-2	0.000000E+0	1.620600E+4
1.146000E-2	0.000000E+0	1.613300E+4
1.148000E-2	0.000000E+0	1.599700E+4
1.150000E-2	0.000000E+0	1.608600E+4
1.152000E-2	0.000000E+0	1.634900E+4
1.154000E-2	0.000000E+0	1.619300E+4
1.156000E-2	0.000000E+0	1.626200E+4
1.158000E-2	0.000000E+0	1.621900E+4
1.160000E-2	0.000000E+0	1.630300E+4
1.162000E-2	0.000000E+0	1.615000E+4
1.164000E-2	0.000000E+0	1.621300E+4
1.166000E-2	0.000000E+0	1.620300E+4
1.168000E-2	0.000000E+0	1.627100E+4
1.170000E-2	0.000000E+0	1.615500E+4
1.172000E-2	0.000000E+0	1.618400E+4
1.174000E-2	0.000000E+0	1.621600E+4
1.176000E-2	0.000000E+0	1.641800E+4
1.178000E-2	0.000000E+0	1.612400E+4
1.180000E-2	0.000000E+0	1.621600E+4
1.182000E-2	0.000000E+0	1.652100E+4
1.184000E-2	0.000000E+0	1.634400E+4
1.186000E-2	0.000000E+0	1.620700E+4
1.188000E-2	0.000000E+0	1.629500E+4
1.190000E-2	0.000000E+0	1.641100E+4
1.192000E-2	0.000000E+0	1.620400E+4
1.194000E-2	0.000000E+0	1.612900E+4
1.196000E-2	0.000000E+0	1.623900E+4
1.198000E-2	0.000000E+0	1.617900E+4
1.200000E-2	0.000000E+0	1.608100E+4
1.202000E-2	0.000000E+0	1.632900E+4
1.204000E-2	0.000000E+0	1.648700E+4
1.206000E-2	0.000000E+0	1.645600E+4
1.208000E-2	0.000000E+0	1.637300E+4
1.210000E-2	0.000000E+0	1.610800E+4
1.212000E-2	0.000000E+0	1.605600E+4
1.214000E-2	0.000000E+0	1.623500E+4
1.216000E-2	0.000000E+0	1.637900E+4
1.218000E-2	0.000000E+0	1.623300E+4
1.220000E-2	0.000000E+0	1.619000E+4
1.222000E-2	0.000000E+0	1.601400E+4
1.224000E-2	0.000000E+0	1.630200E+4
1.226000E-2	0.000000E+0	1.612000E+4
1.228000E-2	0.000000E+0	1.611500E+4
1.230000E-2	0.000000E+0	1.614200E+4
1.232000E-2	0.000000E+0	1.613300E+4
1.234000E-2	0.000000E+0	1.625700E+4
1.236000E-2	0.000000E+0	1.622200E+4
1.238000E-2	0.000000E+0	1.615400E+4
1.240000E-2	0.000000E+0	1.623900E+4
1.242000E-2	0.000000E+0	1.606500E+4
1.244000E-2	0.000000E+0	1.644900E+4
1.246000E-2	0.000000E+0	1.623200E+4
1.248000E-2	0.000000E+0	1.613500E+4
1.250000E-2	0.000000E+0	1.621500E+4
1.252000E-2	0.000000E+0	1.634800E+4
1.254000E-2	0.000000E+0	1.628200E+4
1.256000E-2	0.000000E+0	1.606400E+4
1.258000E-2	0.000000E+0	1.639600E+4
1.260000E-2	0.000000E+0	1.639100E+4
1.262000E-2	0.000000E+0	1.633100E+4
1.264000E-2	0.000000E+0	1.645600E+4
1.266000E-2	0.000000E+0	1.650200E+4
1.268000E-2	0.000000E+0	1.627100E+4
1.270000E-2	0.000000E+0	1.639000E+4
1.272000E-2	0.000000E+0	1.622700E+4
1.274000E-2	0.000000E+0	1.640200E+4
1.276000E-2	0.000000E+0	1.626600E+4
1.278000E-2	0.000000E+0	1.646000E+4
1.280000E-2	0.000000E+0	1.624800E+4
1.282000E-2	0.000000E+0	1.610300E+4
1.284000E-2	0.000000E+0	1.628900E+4
1.286000E-2	0.000000E+0	1.610400E+4
1.288000E-2	0.000000E+0	1.627200E+4
1.290000E-2	0.000000E+0	1.634200E+4
1.292000E-2	0.000000E+0	1.611500E+4
1.294000E-2	0.000000E+0	1.600700E+4
1.296000E-2	0.000000E+0	1.637900E+4
1.298000E-2	0.000000E+0	1.620100E+4
1.300000E-2	0.000000E+0	1.610000E+4
1.302000E-2	0.000000E+0	1.638000E+4
1.304000E-2	0.000000E+0	1.636200E+4
1.306000E-2	0.000000E+0	1.642800E+4
1.308000E-2	0.000000E+0	1.633500E+4
1.310000E-2	0.000000E+0	1.645000E+4
1.312000E-2	0.000000E+0	1.635600E+4
1.314000E-2	0.000000E+0	1.610700E+4
1.316000E-2	0.000000E+0	1.633100E+4
1.318000E-2	0.000000E+0	1.639600E+4
1.320000E-2	0.000000E+0	1.642000E+4
1.322000E-2	0.000000E+0	1.588300E+4
1.324000E-2	0.000000E+0	1.625700E+4
1.326000E-2	0.000000E+0	1.612200E+4
1.328000E-2	0.000000E+0	1.646200E+4
1.330000E-2	0.000000E+0	1.612200E+4
1.332000E-2	0.000000E+0	1.631700E+4
1.334000E-2	0.000000E+0	1.603500E+4
1.336000E-2	0.000000E+0	1.620600E+4
1.338000E-2	0.000000E+0	1.621300E+4
1.340000E-2	0.000000E+0	1.637700E+4
1.342000E-2	0.000000E+0	1.617000E+4
1.344000E-2	0.000000E+0	1.614900E+4
1.346000E-2	0.000000E+0	1.620200E+4
1.348000E-2	0.000000E+0	1.602700E+4
1.350000E-2	0.000000E+0	1.631000E+4
1.352000E-2	0.000000E+0	1.650800E+4
1.354000E-2	0.000000E+0	1.627300E+4
1.356000E-2	0.000000E+0	1.618100E+4
1.358000E-2	0.000000E+0	1.623600E+4
1.360000E-2	0.000000E+0	1.660500E+4
1.362000E-2	0.000000E+0	1.631900E+4
1.364000E-2	0.000000E+0	1.631500E+4
1.366000E-2	0.000000E+0	1.637900E+4
1.368000E-2	0.000000E+0	1.633900E+4
1.370000E-2	0.000000E+0	1.632600E+4
1.372000E-2	0.000000E+0	1.627900E+4
1.374000E-2	0.000000E+0	1.632300E+4
1.376000E-2	0.000000E+0	1.625400E+4
1.378000E-2	0.000000E+0	1.663000E+4
1.380000E-2	0.000000E+0	1.631000E+4
1.382000E-2	0.000000E+0	1.631600E+4
1.384000E-2	0.000000E+0	1.624800E+4
1.386000E-2	0.000000E+0	1.627200E+4
1.388000E-2	0.000000E+0	1.613700E+4
1.390000E-2	0.000000E+0	1.616400E+4
1.392000E-2	0.000000E+0	1.613300E+4
1.394000E-2	0.000000E+0	1.611600E+4
1.396000E-2	0.000000E+0	1.612800E+4
1.398000E-2	0.000000E+0	1.619800E+4
1.400000E-2	0.000000E+0	1.604800E+4
1.402000E-2	0.000000E+0	1.619900E+4
1.404000E-2	0.000000E+0	1.625700E+4
1.406000E-2	0.000000E+0	1.622200E+4
1.408000E-2	0.000000E+0	1.626100E+4
1.410000E-2	0.000000E+0	1.633500E+4
1.412000E-2	0.000000E+0	1.611200E+4
1.414000E-2	0.000000E+0	1.631300E+4
1.416000E-2	0.000000E+0	1.607600E+4
1.418000E-2	0.000000E+0	1.617700E+4
1.420000E-2	0.000000E+0	1.620500E+4
1.422000E-2	0.000000E+0	1.604100E+4
1.424000E-2	0.000000E+0	1.612900E+4
1.426000E-2	0.000000E+0	1.616200E+4
1.428000E-2	0.000000E+0	1.637100E+4
1.430000E-2	0.000000E+0	1.629400E+4
1.432000E-2	0.000000E+0	1.611200E+4
1.434000E-2	0.000000E+0	1.627400E+4
1.436000E-2	0.000000E+0	1.655600E+4
1.438000E-2	0.000000E+0	1.614100E+4
1.440000E-2	0.000000E+0	1.623100E+4
1.442000E-2	0.000000E+0	1.640000E+4
1.444000E-2	0.000000E+0	1.623000E+4
1.446000E-2	0.000000E+0	1.605000E+4
1.448000E-2	0.000000E+0	1.650200E+4
1.450000E-2	0.000000E+0	1.641900E+4
1.452000E-2	0.000000E+0	1.625400E+4
1.454000E-2	0.000000E+0	1.628800E+4
1.456000E-2	0.000000E+0	1.619700E+4
1.458000E-2	0.000000E+0	1.628500E+4
1.460000E-2	0.000000E+0	1.612300E+4
1.462000E-2	0.000000E+0	1.615900E+4
1.464000E-2	0.000000E+0	1.629400E+4
1.466000E-2	0.000000E+0	1.635400E+4
1.468000E-2	0.000000E+0	1.616700E+4
1.470000E-2	0.000000E+0	1.613200E+4
1.472000E-2	0.000000E+0	1.617800E+4
1.474000E-2	0.000000E+0	1.617100E+4
1.476000E-2	0.000000E+0	1.627500E+4
1.478000E-2	0.000000E+0	1.598500E+4
1.480000E-2	0.000000E+0	1.614100E+4
1.482000E-2	0.000000E+0	1.598100E+4
1.484000E-2	0.000000E+0	1.624600E+4
1.486000E-2	0.000000E+0	1.616200E+4
1.488000E-2	0.000000E+0	1.611200E+4
1.490000E-2	0.000000E+0	1.638200E+4
1.492000E-2	0.000000E+0	1.613600E+4
1.494000E-2	0.000000E+0	1.607700E+4
1.496000E-2	0.000000E+0	1.614300E+4
1.498000E-2	0.000000E+0	1.631500E+4
1.500000E-2	0.000000E+0	1.615900E+4
1.502000E-2	0.000000E+0	1.620400E+4
1.504000E-2	0.000000E+0	1.605200E+4
1.506000E-2	0.000000E+0	1.621200E+4
1.508000E-2	0.000000E+0	1.630000E+4
1.510000E-2	0.000000E+0	1.602600E+4
1.512000E-2	0.000000E+0	1.603000E+4
1.514000E-2	0.000000E+0	1.617800E+4
1.516000E-2	0.000000E+0	1.611500E+4
1.518000E-2	0.000000E+0	1.610900E+4
1.520000E-2	0.000000E+0	1.597100E+4
1.522000E-2	0.000000E+0	1.618300E+4
1.524000E-2	0.000000E+0	1.597300E+4
1.526000E-2	0.000000E+0	1.626900E+4
1.528000E-2	0.000000E+0	1.605700E+4
1.530000E-2	0.000000E+0	1.591600E+4
1.532000E-2	0.000000E+0	1.621400E+4
1.534000E-2	0.000000E+0	1.582900E+4
1.536000E-2	0.000000E+0	1.609100E+4
1.538000E-2	0.000000E+0	1.604800E+4
1.540000E-2	0.000000E+0	1.585700E+4
1.542000E-2	0.000000E+0	1.587900E+4
1.544000E-2	0.000000E+0	1.578400E+4
1.546000E-2	0.000000E+0	1.552100E+4
1.548000E-2	0.000000E+0	1.554100E+4
1.550000E-2	0.000000E+0	1.505700E+4
1.552000E-2	0.000000E+0	1.472500E+4
1.554000E-2	0.000000E+0	1.384600E+4
1.556000E-2	0.000000E+0	1.283300E+4
1.558000E-2	0.000000E+0	1.196800E+4
1.560000E-2	0.000000E+0	1.145500E+4
1.562000E-2	0.000000E+0	1.175500E+4
1.564000E-2	0.000000E+0	1.255800E+4
1.566000E-2	0.000000E+0	1.341900E+4
1.568000E-2	0.000000E+0	1.403200E+4
1.570000E-2	0.000000E+0	1.468800E+4
1.572000E-2	0.000000E+0	1.479400E+4
1.574000E-2	0.000000E+0	1.488100E+4
1.576000E-2	0.000000E+0	1.517700E+4
1.578000E-2	0.000000E+0	1.545000E+4
1.580000E-2	0.000000E+0	1.543800E+4
1.582000E-2	0.000000E+0	1.575700E+4
1.584000E-2	0.000000E+0	1.576000E+4
1.586000E-2	0.000000E+0	1.591400E+4
1.588000E-2	0.000000E+0	1.578100E+4
1.590000E-2	0.000000E+0	1.597500E+4
1.592000E-2	0.000000E+0	1.611100E+4
1.594000E-2	0.000000E+0	1.620500E+4
1.596000E-2	0.000000E+0	1.604800E+4
1.598000E-2	0.000000E+0	1.595200E+4
1.600000E-2	0.000000E+0	1.600500E+4
1.602000E-2	0.000000E+0	1.609900E+4
1.604000E-2	0.000000E+0	1.605200E+4
1.606000E-2	0.000000E+0	1.608300E+4
1.608000E-2	0.000000E+0	1.616200E+4
1.610000E-2	0.000000E+0	1.578500E+4
1.612000E-2	0.000000E+0	1.599000E+4
1.614000E-2	0.000000E+0	1.585900E+4
1.616000E-2	0.000000E+0	1.549300E+4
1.618000E-2	0.000000E+0	1.549600E+4
1.620000E-2	0.000000E+0	1.502900E+4
1.622000E-2	0.000000E+0	1.446900E+4
1.624000E-2	0.000000E+0	1.355400E+4
1.626000E-2	0.000000E+0	1.276700E+4
1.628000E-2	0.000000E+0	1.151100E+4
1.630000E-2	0.000000E+0	1.127300E+4
1.632000E-2	0.000000E+0	1.170000E+4
1.634000E-2	0.000000E+0	1.284400E+4
1.636000E-2	0.000000E+0	1.343500E+4
1.638000E-2	0.000000E+0	1.399800E+4
1.640000E-2	0.000000E+0	1.456300E+4
1.642000E-2	0.000000E+0	1.489500E+4
1.644000E-2	0.000000E+0	1.540500E+4
1.646000E-2	0.000000E+0	1.553900E+4
1.648000E-2	0.000000E+0	1.551100E+4
1.650000E-2	0.000000E+0	1.582400E+4
1.652000E-2	0.000000E+0	1.627000E+4
1.654000E-2	0.000000E+0	1.588100E+4
1.656000E-2	0.000000E+0	1.621700E+4
1.658000E-2	0.000000E+0	1.612000E+4
1.660000E-2	0.000000E+0	1.578100E+4
1.662000E-2	0.000000E+0	1.598600E+4
1.664000E-2	0.000000E+0	1.634600E+4
1.666000E-2	0.000000E+0	1.601100E+4
1.668000E-2	0.000000E+0	1.614300E+4
1.670000E-2	0.000000E+0	1.602700E+4
1.672000E-2	0.000000E+0	1.619400E+4
1.674000E-2	0.000000E+0	1.617100E+4
1.676000E-2	0.000000E+0	1.602100E+4
1.678000E-2	0.000000E+0	1.611800E+4
1.680000E-2	0.000000E+0	1.575600E+4
1.682000E-2	0.000000E+0	1.599900E+4
1.684000E-2	0.000000E+0	1.580200E+4
1.686000E-2	0.000000E+0	1.571000E+4
1.688000E-2	0.000000E+0	1.559900E+4
1.690000E-2	0.000000E+0	1.505600E+4
1.692000E-2	0.000000E+0	1.435900E+4
1.694000E-2	0.000000E+0	1.402700E+4
1.696000E-2	0.000000E+0	1.360800E+4
1.698000E-2	0.000000E+0	1.387100E+4
1.700000E-2	0.000000E+0	1.434400E+4
1.702000E-2	0.000000E+0	1.523800E+4
1.704000E-2	0.000000E+0	1.547700E+4
1.706000E-2	0.000000E+0	1.576300E+4
1.708000E-2	0.000000E+0	1.597800E+4
1.710000E-2	0.000000E+0	1.569600E+4
1.712000E-2	0.000000E+0	1.594500E+4
1.714000E-2	0.000000E+0	1.611500E+4
1.716000E-2	0.000000E+0	1.585400E+4
1.718000E-2	0.000000E+0	1.596600E+4
1.720000E-2	0.000000E+0	1.608100E+4
1.722000E-2	0.000000E+0	1.594100E+4
1.724000E-2	0.000000E+0	1.613300E+4
1.726000E-2	0.000000E+0	1.591700E+4
1.728000E-2	0.000000E+0	1.605300E+4
1.730000E-2	0.000000E+0	1.592100E+4
1.732000E-2	0.000000E+0	1.593000E+4
1.734000E-2	0.000000E+0	1.577500E+4
1.736000E-2	0.000000E+0	1.563400E+4
1.738000E-2	0.000000E+0	1.538900E+4
1.740000E-2	0.000000E+0	1.462400E+4
1.742000E-2	0.000000E+0	1.414500E+4
1.744000E-2	0.000000E+0	1.343200E+4
1.746000E-2	0.000000E+0	1.361100E+4
1.748000E-2	0.000000E+0	1.449700E+4
1.750000E-2	0.000000E+0	1.497700E+4
1.752000E-2	0.000000E+0	1.565100E+4
1.754000E-2	0.000000E+0	1.556500E+4
1.756000E-2	0.000000E+0	1.593400E+4
1.758000E-2	0.000000E+0	1.609600E+4
1.760000E-2	0.000000E+0	1.566800E+4
1.762000E-2	0.000000E+0	1.601700E+4
1.764000E-2	0.000000E+0	1.619700E+4
1.766000E-2	0.000000E+0	1.598100E+4
1.768000E-2	0.000000E+0	1.596300E+4
1.770000E-2	0.000000E+0	1.622000E+4
1.772000E-2	0.000000E+0	1.632300E+4
1.774000E-2	0.000000E+0	1.601700E+4
1.776000E-2	0.000000E+0	1.603500E+4
1.778000E-2	0.000000E+0	1.597100E+4
1.780000E-2	0.000000E+0	1.597500E+4
1.782000E-2	0.000000E+0	1.605200E+4
1.784000E-2	0.000000E+0	1.610600E+4
1.786000E-2	0.000000E+0	1.592400E+4
1.788000E-2	0.000000E+0	1.601800E+4
1.790000E-2	0.000000E+0	1.568300E+4
1.792000E-2	0.000000E+0	1.580200E+4
1.794000E-2	0.000000E+0	1.589100E+4
1.796000E-2	0.000000E+0	1.542300E+4
1.798000E-2	0.000000E+0	1.509300E+4
1.800000E-2	0.000000E+0	1.456900E+4
1.802000E-2	0.000000E+0	1.396500E+4
1.804000E-2	0.000000E+0	1.301500E+4
1.806000E-2	0.000000E+0	1.213400E+4
1.808000E-2	0.000000E+0	1.138300E+4
1.810000E-2	0.000000E+0	1.111300E+4
1.812000E-2	0.000000E+0	1.186100E+4
1.814000E-2	0.000000E+0	1.294600E+4
1.816000E-2	0.000000E+0	1.414000E+4
1.818000E-2	0.000000E+0	1.461500E+4
1.820000E-2	0.000000E+0	1.521200E+4
1.822000E-2	0.000000E+0	1.540500E+4
1.824000E-2	0.000000E+0	1.577100E+4
1.826000E-2	0.000000E+0	1.587200E+4
1.828000E-2	0.000000E+0	1.587800E+4
1.830000E-2	0.000000E+0	1.612400E+4
1.832000E-2	0.000000E+0	1.589200E+4
1.834000E-2	0.000000E+0	1.601900E+4
1.836000E-2	0.000000E+0	1.581000E+4
1.838000E-2	0.000000E+0	1.589200E+4
1.840000E-2	0.000000E+0	1.567000E+4
1.842000E-2	0.000000E+0	1.592800E+4
1.844000E-2	0.000000E+0	1.615500E+4
1.846000E-2	0.000000E+0	1.599400E+4
1.848000E-2	0.000000E+0	1.589600E+4
1.850000E-2	0.000000E+0	1.604100E+4
1.852000E-2	0.000000E+0	1.586900E+4
1.854000E-2	0.000000E+0	1.583800E+4
1.856000E-2	0.000000E+0	1.562700E+4
1.858000E-2	0.000000E+0	1.587900E+4
1.860000E-2	0.000000E+0	1.537300E+4
1.862000E-2	0.000000E+0	1.513700E+4
1.864000E-2	0.000000E+0	1.506800E+4
1.866000E-2	0.000000E+0	1.460600E+4
1.868000E-2	0.000000E+0	1.426200E+4
1.870000E-2	0.000000E+0	1.402300E+4
1.872000E-2	0.000000E+0	1.324800E+4
1.874000E-2	0.000000E+0	1.269700E+4
1.876000E-2	0.000000E+0	1.173700E+4
1.878000E-2	0.000000E+0	1.130400E+4
1.880000E-2	0.000000E+0	1.165300E+4
1.882000E-2	0.000000E+0	1.288300E+4
1.884000E-2	0.000000E+0	1.380400E+4
1.886000E-2	0.000000E+0	1.450400E+4
1.888000E-2	0.000000E+0	1.495300E+4
1.890000E-2	0.000000E+0	1.535000E+4
1.892000E-2	0.000000E+0	1.563600E+4
1.894000E-2	0.000000E+0	1.584600E+4
1.896000E-2	0.000000E+0	1.600900E+4
1.898000E-2	0.000000E+0	1.587400E+4
1.900000E-2	0.000000E+0	1.599700E+4
1.902000E-2	0.000000E+0	1.609700E+4
1.904000E-2	0.000000E+0	1.635300E+4
1.906000E-2	0.000000E+0	1.604800E+4
1.908000E-2	0.000000E+0	1.616700E+4
1.910000E-2	0.000000E+0	1.615200E+4
1.912000E-2	0.000000E+0	1.604800E+4
1.914000E-2	0.000000E+0	1.608500E+4
1.916000E-2	0.000000E+0	1.602600E+4
1.918000E-2	0.000000E+0	1.633100E+4
1.920000E-2	0.000000E+0	1.598800E+4
1.922000E-2	0.000000E+0	1.594000E+4
1.924000E-2	0.000000E+0	1.603700E+4
1.926000E-2	0.000000E+0	1.615600E+4
1.928000E-2	0.000000E+0	1.630800E+4
1.930000E-2	0.000000E+0	1.621100E+4
1.932000E-2	0.000000E+0	1.619900E+4
1.934000E-2	0.000000E+0	1.606800E+4
1.936000E-2	0.000000E+0	1.626500E+4
1.938000E-2	0.000000E+0	1.620700E+4
1.940000E-2	0.000000E+0	1.632200E+4
1.942000E-2	0.000000E+0	1.610700E+4
1.944000E-2	0.000000E+0	1.649000E+4
1.946000E-2	0.000000E+0	1.608000E+4
1.948000E-2	0.000000E+0	1.627000E+4
1.950000E-2	0.000000E+0	1.608300E+4
1.952000E-2	0.000000E+0	1.635400E+4
1.954000E-2	0.000000E+0	1.627900E+4
1.956000E-2	0.000000E+0	1.633700E+4
1.958000E-2	0.000000E+0	1.605400E+4
1.960000E-2	0.000000E+0	1.629700E+4
1.962000E-2	0.000000E+0	1.615200E+4
1.964000E-2	0.000000E+0	1.616200E+4
1.966000E-2	0.000000E+0	1.631700E+4
1.968000E-2	0.000000E+0	1.629200E+4
1.970000E-2	0.000000E+0	1.618100E+4
1.972000E-2	0.000000E+0	1.621400E+4
1.974000E-2	0.000000E+0	1.589300E+4
1.976000E-2	0.000000E+0	1.626800E+4
1.978000E-2	0.000000E+0	1.647900E+4
1.980000E-2	0.000000E+0	1.618500E+4
1.982000E-2	0.000000E+0	1.628100E+4
1.984000E-2	0.000000E+0	1.612900E+4
1.986000E-2	0.000000E+0	1.643100E+4
1.988000E-2	0.000000E+0	1.622800E+4
1.990000E-2	0.000000E+0	1.632000E+4
1.992000E-2	0.000000E+0	1.609300E+4
1.994000E-2	0.000000E+0	1.609300E+4
1.996000E-2	0.000000E+0	1.619500E+4
1.998000E-2	0.000000E+0	1.628900E+4
