

live time:  49717.040000
real time:  57605.261000
sweeps:  2485852.000000
0.000000E+0	0.000000E+0	0.000000E+0
2.000000E-5	0.000000E+0	6.439200E+4
4.000000E-5	0.000000E+0	6.499100E+4
6.000000E-5	0.000000E+0	6.505500E+4
8.000000E-5	0.000000E+0	6.472300E+4
1.000000E-4	0.000000E+0	6.510900E+4
1.200000E-4	0.000000E+0	6.468800E+4
1.400000E-4	0.000000E+0	6.521900E+4
1.600000E-4	0.000000E+0	6.550500E+4
1.800000E-4	0.000000E+0	6.531500E+4
2.000000E-4	0.000000E+0	6.519000E+4
2.200000E-4	0.000000E+0	6.521800E+4
2.400000E-4	0.000000E+0	6.514700E+4
2.600000E-4	0.000000E+0	6.509500E+4
2.800000E-4	0.000000E+0	6.499200E+4
3.000000E-4	0.000000E+0	6.494000E+4
3.200000E-4	0.000000E+0	6.526000E+4
3.400000E-4	0.000000E+0	6.476500E+4
3.600000E-4	0.000000E+0	6.477400E+4
3.800000E-4	0.000000E+0	6.471400E+4
4.000000E-4	0.000000E+0	6.512500E+4
4.200000E-4	0.000000E+0	6.490400E+4
4.400000E-4	0.000000E+0	6.538900E+4
4.600000E-4	0.000000E+0	6.543700E+4
4.800000E-4	0.000000E+0	6.450200E+4
5.000000E-4	0.000000E+0	6.508200E+4
5.200000E-4	0.000000E+0	6.496500E+4
5.400000E-4	0.000000E+0	6.429700E+4
5.600000E-4	0.000000E+0	6.475900E+4
5.800000E-4	0.000000E+0	6.512300E+4
6.000000E-4	0.000000E+0	6.494500E+4
6.200000E-4	0.000000E+0	6.484800E+4
6.400000E-4	0.000000E+0	6.531000E+4
6.600000E-4	0.000000E+0	6.460700E+4
6.800000E-4	0.000000E+0	6.539600E+4
7.000000E-4	0.000000E+0	6.497800E+4
7.200000E-4	0.000000E+0	6.516500E+4
7.400000E-4	0.000000E+0	6.490600E+4
7.600000E-4	0.000000E+0	6.480500E+4
7.800000E-4	0.000000E+0	6.472800E+4
8.000000E-4	0.000000E+0	6.460200E+4
8.200000E-4	0.000000E+0	6.508200E+4
8.400000E-4	0.000000E+0	6.484900E+4
8.600000E-4	0.000000E+0	6.543300E+4
8.800000E-4	0.000000E+0	6.518800E+4
9.000000E-4	0.000000E+0	6.506300E+4
9.200000E-4	0.000000E+0	6.529900E+4
9.400000E-4	0.000000E+0	6.552000E+4
9.600000E-4	0.000000E+0	6.504200E+4
9.800000E-4	0.000000E+0	6.478200E+4
1.000000E-3	0.000000E+0	6.547600E+4
1.020000E-3	0.000000E+0	6.518900E+4
1.040000E-3	0.000000E+0	6.517600E+4
1.060000E-3	0.000000E+0	6.475400E+4
1.080000E-3	0.000000E+0	6.505000E+4
1.100000E-3	0.000000E+0	6.534700E+4
1.120000E-3	0.000000E+0	6.470800E+4
1.140000E-3	0.000000E+0	6.515500E+4
1.160000E-3	0.000000E+0	6.471700E+4
1.180000E-3	0.000000E+0	6.466800E+4
1.200000E-3	0.000000E+0	6.520400E+4
1.220000E-3	0.000000E+0	6.540900E+4
1.240000E-3	0.000000E+0	6.510900E+4
1.260000E-3	0.000000E+0	6.488500E+4
1.280000E-3	0.000000E+0	6.478200E+4
1.300000E-3	0.000000E+0	6.480700E+4
1.320000E-3	0.000000E+0	6.504800E+4
1.340000E-3	0.000000E+0	6.490900E+4
1.360000E-3	0.000000E+0	6.466800E+4
1.380000E-3	0.000000E+0	6.492400E+4
1.400000E-3	0.000000E+0	6.518100E+4
1.420000E-3	0.000000E+0	6.522900E+4
1.440000E-3	0.000000E+0	6.467000E+4
1.460000E-3	0.000000E+0	6.515300E+4
1.480000E-3	0.000000E+0	6.475200E+4
1.500000E-3	0.000000E+0	6.526500E+4
1.520000E-3	0.000000E+0	6.501500E+4
1.540000E-3	0.000000E+0	6.503300E+4
1.560000E-3	0.000000E+0	6.511400E+4
1.580000E-3	0.000000E+0	6.471400E+4
1.600000E-3	0.000000E+0	6.476500E+4
1.620000E-3	0.000000E+0	6.456200E+4
1.640000E-3	0.000000E+0	6.522100E+4
1.660000E-3	0.000000E+0	6.480400E+4
1.680000E-3	0.000000E+0	6.484000E+4
1.700000E-3	0.000000E+0	6.528300E+4
1.720000E-3	0.000000E+0	6.520900E+4
1.740000E-3	0.000000E+0	6.477900E+4
1.760000E-3	0.000000E+0	6.491200E+4
1.780000E-3	0.000000E+0	6.515200E+4
1.800000E-3	0.000000E+0	6.482800E+4
1.820000E-3	0.000000E+0	6.457000E+4
1.840000E-3	0.000000E+0	6.486200E+4
1.860000E-3	0.000000E+0	6.489200E+4
1.880000E-3	0.000000E+0	6.508400E+4
1.900000E-3	0.000000E+0	6.534800E+4
1.920000E-3	0.000000E+0	6.505800E+4
1.940000E-3	0.000000E+0	6.517700E+4
1.960000E-3	0.000000E+0	6.518100E+4
1.980000E-3	0.000000E+0	6.488400E+4
2.000000E-3	0.000000E+0	6.444700E+4
2.020000E-3	0.000000E+0	6.499300E+4
2.040000E-3	0.000000E+0	6.509800E+4
2.060000E-3	0.000000E+0	6.532400E+4
2.080000E-3	0.000000E+0	6.507200E+4
2.100000E-3	0.000000E+0	6.528200E+4
2.120000E-3	0.000000E+0	6.516000E+4
2.140000E-3	0.000000E+0	6.522600E+4
2.160000E-3	0.000000E+0	6.480800E+4
2.180000E-3	0.000000E+0	6.498400E+4
2.200000E-3	0.000000E+0	6.455300E+4
2.220000E-3	0.000000E+0	6.534700E+4
2.240000E-3	0.000000E+0	6.485800E+4
2.260000E-3	0.000000E+0	6.459000E+4
2.280000E-3	0.000000E+0	6.518600E+4
2.300000E-3	0.000000E+0	6.531800E+4
2.320000E-3	0.000000E+0	6.514500E+4
2.340000E-3	0.000000E+0	6.488000E+4
2.360000E-3	0.000000E+0	6.501200E+4
2.380000E-3	0.000000E+0	6.530300E+4
2.400000E-3	0.000000E+0	6.483800E+4
2.420000E-3	0.000000E+0	6.460500E+4
2.440000E-3	0.000000E+0	6.500500E+4
2.460000E-3	0.000000E+0	6.491700E+4
2.480000E-3	0.000000E+0	6.461300E+4
2.500000E-3	0.000000E+0	6.492400E+4
2.520000E-3	0.000000E+0	6.456800E+4
2.540000E-3	0.000000E+0	6.472600E+4
2.560000E-3	0.000000E+0	6.480600E+4
2.580000E-3	0.000000E+0	6.470000E+4
2.600000E-3	0.000000E+0	6.514000E+4
2.620000E-3	0.000000E+0	6.440100E+4
2.640000E-3	0.000000E+0	6.509300E+4
2.660000E-3	0.000000E+0	6.444500E+4
2.680000E-3	0.000000E+0	6.500300E+4
2.700000E-3	0.000000E+0	6.498900E+4
2.720000E-3	0.000000E+0	6.508900E+4
2.740000E-3	0.000000E+0	6.459800E+4
2.760000E-3	0.000000E+0	6.483600E+4
2.780000E-3	0.000000E+0	6.504100E+4
2.800000E-3	0.000000E+0	6.396300E+4
2.820000E-3	0.000000E+0	6.525100E+4
2.840000E-3	0.000000E+0	6.481900E+4
2.860000E-3	0.000000E+0	6.513100E+4
2.880000E-3	0.000000E+0	6.478800E+4
2.900000E-3	0.000000E+0	6.489900E+4
2.920000E-3	0.000000E+0	6.549200E+4
2.940000E-3	0.000000E+0	6.493800E+4
2.960000E-3	0.000000E+0	6.506800E+4
2.980000E-3	0.000000E+0	6.485300E+4
3.000000E-3	0.000000E+0	6.528500E+4
3.020000E-3	0.000000E+0	6.549100E+4
3.040000E-3	0.000000E+0	6.523200E+4
3.060000E-3	0.000000E+0	6.507600E+4
3.080000E-3	0.000000E+0	6.482800E+4
3.100000E-3	0.000000E+0	6.500800E+4
3.120000E-3	0.000000E+0	6.511100E+4
3.140000E-3	0.000000E+0	6.514900E+4
3.160000E-3	0.000000E+0	6.481500E+4
3.180000E-3	0.000000E+0	6.535900E+4
3.200000E-3	0.000000E+0	6.479600E+4
3.220000E-3	0.000000E+0	6.483700E+4
3.240000E-3	0.000000E+0	6.542600E+4
3.260000E-3	0.000000E+0	6.486400E+4
3.280000E-3	0.000000E+0	6.485200E+4
3.300000E-3	0.000000E+0	6.503300E+4
3.320000E-3	0.000000E+0	6.453300E+4
3.340000E-3	0.000000E+0	6.456400E+4
3.360000E-3	0.000000E+0	6.491700E+4
3.380000E-3	0.000000E+0	6.484100E+4
3.400000E-3	0.000000E+0	6.423200E+4
3.420000E-3	0.000000E+0	6.481700E+4
3.440000E-3	0.000000E+0	6.485300E+4
3.460000E-3	0.000000E+0	6.521900E+4
3.480000E-3	0.000000E+0	6.476000E+4
3.500000E-3	0.000000E+0	6.450700E+4
3.520000E-3	0.000000E+0	6.523900E+4
3.540000E-3	0.000000E+0	6.487300E+4
3.560000E-3	0.000000E+0	6.432300E+4
3.580000E-3	0.000000E+0	6.460200E+4
3.600000E-3	0.000000E+0	6.468100E+4
3.620000E-3	0.000000E+0	6.488600E+4
3.640000E-3	0.000000E+0	6.473200E+4
3.660000E-3	0.000000E+0	6.490300E+4
3.680000E-3	0.000000E+0	6.501800E+4
3.700000E-3	0.000000E+0	6.445900E+4
3.720000E-3	0.000000E+0	6.464000E+4
3.740000E-3	0.000000E+0	6.533100E+4
3.760000E-3	0.000000E+0	6.463600E+4
3.780000E-3	0.000000E+0	6.496300E+4
3.800000E-3	0.000000E+0	6.469600E+4
3.820000E-3	0.000000E+0	6.406400E+4
3.840000E-3	0.000000E+0	6.442300E+4
3.860000E-3	0.000000E+0	6.380000E+4
3.880000E-3	0.000000E+0	6.431100E+4
3.900000E-3	0.000000E+0	6.452800E+4
3.920000E-3	0.000000E+0	6.410600E+4
3.940000E-3	0.000000E+0	6.407200E+4
3.960000E-3	0.000000E+0	6.357200E+4
3.980000E-3	0.000000E+0	6.353300E+4
4.000000E-3	0.000000E+0	6.300000E+4
4.020000E-3	0.000000E+0	6.234000E+4
4.040000E-3	0.000000E+0	6.169200E+4
4.060000E-3	0.000000E+0	6.027400E+4
4.080000E-3	0.000000E+0	5.802500E+4
4.100000E-3	0.000000E+0	5.506300E+4
4.120000E-3	0.000000E+0	5.122100E+4
4.140000E-3	0.000000E+0	4.747200E+4
4.160000E-3	0.000000E+0	4.596700E+4
4.180000E-3	0.000000E+0	4.700100E+4
4.200000E-3	0.000000E+0	5.074800E+4
4.220000E-3	0.000000E+0	5.411100E+4
4.240000E-3	0.000000E+0	5.677000E+4
4.260000E-3	0.000000E+0	5.850700E+4
4.280000E-3	0.000000E+0	5.917600E+4
4.300000E-3	0.000000E+0	6.043500E+4
4.320000E-3	0.000000E+0	6.162800E+4
4.340000E-3	0.000000E+0	6.250800E+4
4.360000E-3	0.000000E+0	6.309500E+4
4.380000E-3	0.000000E+0	6.290300E+4
4.400000E-3	0.000000E+0	6.390600E+4
4.420000E-3	0.000000E+0	6.387400E+4
4.440000E-3	0.000000E+0	6.392200E+4
4.460000E-3	0.000000E+0	6.442000E+4
4.480000E-3	0.000000E+0	6.440400E+4
4.500000E-3	0.000000E+0	6.428600E+4
4.520000E-3	0.000000E+0	6.449700E+4
4.540000E-3	0.000000E+0	6.376100E+4
4.560000E-3	0.000000E+0	6.410500E+4
4.580000E-3	0.000000E+0	6.422400E+4
4.600000E-3	0.000000E+0	6.410700E+4
4.620000E-3	0.000000E+0	6.320500E+4
4.640000E-3	0.000000E+0	6.329500E+4
4.660000E-3	0.000000E+0	6.304700E+4
4.680000E-3	0.000000E+0	6.294600E+4
4.700000E-3	0.000000E+0	6.221500E+4
4.720000E-3	0.000000E+0	6.151300E+4
4.740000E-3	0.000000E+0	6.045200E+4
4.760000E-3	0.000000E+0	5.792300E+4
4.780000E-3	0.000000E+0	5.511100E+4
4.800000E-3	0.000000E+0	5.066400E+4
4.820000E-3	0.000000E+0	4.683600E+4
4.840000E-3	0.000000E+0	4.471000E+4
4.860000E-3	0.000000E+0	4.633900E+4
4.880000E-3	0.000000E+0	4.994200E+4
4.900000E-3	0.000000E+0	5.346400E+4
4.920000E-3	0.000000E+0	5.625400E+4
4.940000E-3	0.000000E+0	5.933800E+4
4.960000E-3	0.000000E+0	6.081700E+4
4.980000E-3	0.000000E+0	6.195800E+4
5.000000E-3	0.000000E+0	6.315400E+4
5.020000E-3	0.000000E+0	6.338800E+4
5.040000E-3	0.000000E+0	6.364400E+4
5.060000E-3	0.000000E+0	6.373000E+4
5.080000E-3	0.000000E+0	6.428900E+4
5.100000E-3	0.000000E+0	6.448100E+4
5.120000E-3	0.000000E+0	6.417100E+4
5.140000E-3	0.000000E+0	6.387300E+4
5.160000E-3	0.000000E+0	6.376300E+4
5.180000E-3	0.000000E+0	6.415600E+4
5.200000E-3	0.000000E+0	6.407500E+4
5.220000E-3	0.000000E+0	6.488100E+4
5.240000E-3	0.000000E+0	6.438600E+4
5.260000E-3	0.000000E+0	6.429700E+4
5.280000E-3	0.000000E+0	6.425900E+4
5.300000E-3	0.000000E+0	6.378600E+4
5.320000E-3	0.000000E+0	6.411000E+4
5.340000E-3	0.000000E+0	6.368600E+4
5.360000E-3	0.000000E+0	6.341400E+4
5.380000E-3	0.000000E+0	6.326700E+4
5.400000E-3	0.000000E+0	6.257400E+4
5.420000E-3	0.000000E+0	6.156200E+4
5.440000E-3	0.000000E+0	5.952200E+4
5.460000E-3	0.000000E+0	5.722500E+4
5.480000E-3	0.000000E+0	5.452600E+4
5.500000E-3	0.000000E+0	5.427500E+4
5.520000E-3	0.000000E+0	5.657900E+4
5.540000E-3	0.000000E+0	5.959400E+4
5.560000E-3	0.000000E+0	6.147900E+4
5.580000E-3	0.000000E+0	6.290300E+4
5.600000E-3	0.000000E+0	6.308000E+4
5.620000E-3	0.000000E+0	6.339900E+4
5.640000E-3	0.000000E+0	6.434300E+4
5.660000E-3	0.000000E+0	6.390800E+4
5.680000E-3	0.000000E+0	6.439300E+4
5.700000E-3	0.000000E+0	6.407200E+4
5.720000E-3	0.000000E+0	6.421600E+4
5.740000E-3	0.000000E+0	6.393600E+4
5.760000E-3	0.000000E+0	6.440100E+4
5.780000E-3	0.000000E+0	6.412200E+4
5.800000E-3	0.000000E+0	6.379600E+4
5.820000E-3	0.000000E+0	6.428500E+4
5.840000E-3	0.000000E+0	6.394100E+4
5.860000E-3	0.000000E+0	6.332800E+4
5.880000E-3	0.000000E+0	6.233200E+4
5.900000E-3	0.000000E+0	6.171200E+4
5.920000E-3	0.000000E+0	5.936500E+4
5.940000E-3	0.000000E+0	5.756100E+4
5.960000E-3	0.000000E+0	5.481100E+4
5.980000E-3	0.000000E+0	5.444300E+4
6.000000E-3	0.000000E+0	5.648900E+4
6.020000E-3	0.000000E+0	5.926000E+4
6.040000E-3	0.000000E+0	6.161800E+4
6.060000E-3	0.000000E+0	6.261000E+4
6.080000E-3	0.000000E+0	6.332100E+4
6.100000E-3	0.000000E+0	6.369800E+4
6.120000E-3	0.000000E+0	6.424100E+4
6.140000E-3	0.000000E+0	6.427300E+4
6.160000E-3	0.000000E+0	6.408300E+4
6.180000E-3	0.000000E+0	6.396600E+4
6.200000E-3	0.000000E+0	6.458200E+4
6.220000E-3	0.000000E+0	6.438200E+4
6.240000E-3	0.000000E+0	6.435300E+4
6.260000E-3	0.000000E+0	6.367000E+4
6.280000E-3	0.000000E+0	6.451700E+4
6.300000E-3	0.000000E+0	6.427300E+4
6.320000E-3	0.000000E+0	6.394700E+4
6.340000E-3	0.000000E+0	6.413400E+4
6.360000E-3	0.000000E+0	6.436000E+4
6.380000E-3	0.000000E+0	6.352400E+4
6.400000E-3	0.000000E+0	6.409900E+4
6.420000E-3	0.000000E+0	6.355100E+4
6.440000E-3	0.000000E+0	6.293100E+4
6.460000E-3	0.000000E+0	6.268500E+4
6.480000E-3	0.000000E+0	6.132100E+4
6.500000E-3	0.000000E+0	6.028700E+4
6.520000E-3	0.000000E+0	5.828400E+4
6.540000E-3	0.000000E+0	5.647200E+4
6.560000E-3	0.000000E+0	5.445000E+4
6.580000E-3	0.000000E+0	5.164100E+4
6.600000E-3	0.000000E+0	4.786500E+4
6.620000E-3	0.000000E+0	4.516400E+4
6.640000E-3	0.000000E+0	4.614300E+4
6.660000E-3	0.000000E+0	4.985600E+4
6.680000E-3	0.000000E+0	5.445100E+4
6.700000E-3	0.000000E+0	5.747700E+4
6.720000E-3	0.000000E+0	6.031000E+4
6.740000E-3	0.000000E+0	6.160400E+4
6.760000E-3	0.000000E+0	6.208700E+4
6.780000E-3	0.000000E+0	6.272600E+4
6.800000E-3	0.000000E+0	6.320000E+4
6.820000E-3	0.000000E+0	6.356700E+4
6.840000E-3	0.000000E+0	6.335300E+4
6.860000E-3	0.000000E+0	6.390700E+4
6.880000E-3	0.000000E+0	6.374700E+4
6.900000E-3	0.000000E+0	6.392600E+4
6.920000E-3	0.000000E+0	6.419000E+4
6.940000E-3	0.000000E+0	6.414600E+4
6.960000E-3	0.000000E+0	6.437200E+4
6.980000E-3	0.000000E+0	6.379800E+4
7.000000E-3	0.000000E+0	6.405800E+4
7.020000E-3	0.000000E+0	6.390300E+4
7.040000E-3	0.000000E+0	6.364400E+4
7.060000E-3	0.000000E+0	6.380900E+4
7.080000E-3	0.000000E+0	6.317100E+4
7.100000E-3	0.000000E+0	6.300100E+4
7.120000E-3	0.000000E+0	6.185800E+4
7.140000E-3	0.000000E+0	6.083700E+4
7.160000E-3	0.000000E+0	5.975100E+4
7.180000E-3	0.000000E+0	5.939500E+4
7.200000E-3	0.000000E+0	5.899500E+4
7.220000E-3	0.000000E+0	5.809000E+4
7.240000E-3	0.000000E+0	5.619900E+4
7.260000E-3	0.000000E+0	5.310000E+4
7.280000E-3	0.000000E+0	5.012200E+4
7.300000E-3	0.000000E+0	4.660400E+4
7.320000E-3	0.000000E+0	4.583200E+4
7.340000E-3	0.000000E+0	4.810100E+4
7.360000E-3	0.000000E+0	5.184300E+4
7.380000E-3	0.000000E+0	5.576500E+4
7.400000E-3	0.000000E+0	5.876900E+4
7.420000E-3	0.000000E+0	6.077400E+4
7.440000E-3	0.000000E+0	6.199200E+4
7.460000E-3	0.000000E+0	6.229700E+4
7.480000E-3	0.000000E+0	6.276600E+4
7.500000E-3	0.000000E+0	6.329100E+4
7.520000E-3	0.000000E+0	6.407500E+4
7.540000E-3	0.000000E+0	6.423400E+4
7.560000E-3	0.000000E+0	6.403200E+4
7.580000E-3	0.000000E+0	6.405900E+4
7.600000E-3	0.000000E+0	6.425300E+4
7.620000E-3	0.000000E+0	6.485900E+4
7.640000E-3	0.000000E+0	6.412300E+4
7.660000E-3	0.000000E+0	6.448900E+4
7.680000E-3	0.000000E+0	6.477800E+4
7.700000E-3	0.000000E+0	6.466000E+4
7.720000E-3	0.000000E+0	6.445100E+4
7.740000E-3	0.000000E+0	6.503600E+4
7.760000E-3	0.000000E+0	6.453900E+4
7.780000E-3	0.000000E+0	6.463200E+4
7.800000E-3	0.000000E+0	6.508600E+4
7.820000E-3	0.000000E+0	6.525400E+4
7.840000E-3	0.000000E+0	6.476700E+4
7.860000E-3	0.000000E+0	6.444700E+4
7.880000E-3	0.000000E+0	6.507200E+4
7.900000E-3	0.000000E+0	6.486700E+4
7.920000E-3	0.000000E+0	6.448100E+4
7.940000E-3	0.000000E+0	6.465400E+4
7.960000E-3	0.000000E+0	6.499000E+4
7.980000E-3	0.000000E+0	6.498200E+4
8.000000E-3	0.000000E+0	6.436800E+4
8.020000E-3	0.000000E+0	6.548900E+4
8.040000E-3	0.000000E+0	6.505100E+4
8.060000E-3	0.000000E+0	6.456000E+4
8.080000E-3	0.000000E+0	6.457500E+4
8.100000E-3	0.000000E+0	6.461200E+4
8.120000E-3	0.000000E+0	6.500300E+4
8.140000E-3	0.000000E+0	6.476500E+4
8.160000E-3	0.000000E+0	6.471500E+4
8.180000E-3	0.000000E+0	6.500900E+4
8.200000E-3	0.000000E+0	6.489400E+4
8.220000E-3	0.000000E+0	6.507400E+4
8.240000E-3	0.000000E+0	6.497100E+4
8.260000E-3	0.000000E+0	6.510700E+4
8.280000E-3	0.000000E+0	6.445500E+4
8.300000E-3	0.000000E+0	6.512300E+4
8.320000E-3	0.000000E+0	6.422100E+4
8.340000E-3	0.000000E+0	6.471200E+4
8.360000E-3	0.000000E+0	6.470200E+4
8.380000E-3	0.000000E+0	6.521200E+4
8.400000E-3	0.000000E+0	6.517900E+4
8.420000E-3	0.000000E+0	6.548100E+4
8.440000E-3	0.000000E+0	6.483000E+4
8.460000E-3	0.000000E+0	6.483400E+4
8.480000E-3	0.000000E+0	6.503700E+4
8.500000E-3	0.000000E+0	6.467600E+4
8.520000E-3	0.000000E+0	6.484300E+4
8.540000E-3	0.000000E+0	6.514000E+4
8.560000E-3	0.000000E+0	6.470100E+4
8.580000E-3	0.000000E+0	6.491300E+4
8.600000E-3	0.000000E+0	6.483200E+4
8.620000E-3	0.000000E+0	6.479800E+4
8.640000E-3	0.000000E+0	6.509000E+4
8.660000E-3	0.000000E+0	6.490500E+4
8.680000E-3	0.000000E+0	6.472400E+4
8.700000E-3	0.000000E+0	6.448300E+4
8.720000E-3	0.000000E+0	6.507800E+4
8.740000E-3	0.000000E+0	6.479700E+4
8.760000E-3	0.000000E+0	6.497900E+4
8.780000E-3	0.000000E+0	6.510900E+4
8.800000E-3	0.000000E+0	6.545500E+4
8.820000E-3	0.000000E+0	6.439200E+4
8.840000E-3	0.000000E+0	6.512600E+4
8.860000E-3	0.000000E+0	6.502100E+4
8.880000E-3	0.000000E+0	6.485000E+4
8.900000E-3	0.000000E+0	6.471100E+4
8.920000E-3	0.000000E+0	6.478500E+4
8.940000E-3	0.000000E+0	6.460300E+4
8.960000E-3	0.000000E+0	6.511100E+4
8.980000E-3	0.000000E+0	6.499600E+4
9.000000E-3	0.000000E+0	6.542300E+4
9.020000E-3	0.000000E+0	6.498700E+4
9.040000E-3	0.000000E+0	6.518400E+4
9.060000E-3	0.000000E+0	6.447900E+4
9.080000E-3	0.000000E+0	6.467100E+4
9.100000E-3	0.000000E+0	6.427500E+4
9.120000E-3	0.000000E+0	6.507000E+4
9.140000E-3	0.000000E+0	6.515600E+4
9.160000E-3	0.000000E+0	6.508400E+4
9.180000E-3	0.000000E+0	6.508700E+4
9.200000E-3	0.000000E+0	6.476400E+4
9.220000E-3	0.000000E+0	6.500100E+4
9.240000E-3	0.000000E+0	6.525400E+4
9.260000E-3	0.000000E+0	6.484400E+4
9.280000E-3	0.000000E+0	6.547800E+4
9.300000E-3	0.000000E+0	6.498600E+4
9.320000E-3	0.000000E+0	6.525300E+4
9.340000E-3	0.000000E+0	6.497200E+4
9.360000E-3	0.000000E+0	6.506900E+4
9.380000E-3	0.000000E+0	6.492800E+4
9.400000E-3	0.000000E+0	6.466200E+4
9.420000E-3	0.000000E+0	6.498700E+4
9.440000E-3	0.000000E+0	6.421200E+4
9.460000E-3	0.000000E+0	6.502100E+4
9.480000E-3	0.000000E+0	6.479600E+4
9.500000E-3	0.000000E+0	6.474700E+4
9.520000E-3	0.000000E+0	6.431200E+4
9.540000E-3	0.000000E+0	6.476800E+4
9.560000E-3	0.000000E+0	6.533300E+4
9.580000E-3	0.000000E+0	6.541100E+4
9.600000E-3	0.000000E+0	6.474600E+4
9.620000E-3	0.000000E+0	6.511000E+4
9.640000E-3	0.000000E+0	6.491200E+4
9.660000E-3	0.000000E+0	6.486700E+4
9.680000E-3	0.000000E+0	6.532500E+4
9.700000E-3	0.000000E+0	6.506800E+4
9.720000E-3	0.000000E+0	6.525500E+4
9.740000E-3	0.000000E+0	6.492300E+4
9.760000E-3	0.000000E+0	6.483700E+4
9.780000E-3	0.000000E+0	6.480700E+4
9.800000E-3	0.000000E+0	6.512500E+4
9.820000E-3	0.000000E+0	6.512600E+4
9.840000E-3	0.000000E+0	6.484000E+4
9.860000E-3	0.000000E+0	6.499600E+4
9.880000E-3	0.000000E+0	6.501400E+4
9.900000E-3	0.000000E+0	6.534500E+4
9.920000E-3	0.000000E+0	6.500500E+4
9.940000E-3	0.000000E+0	6.473300E+4
9.960000E-3	0.000000E+0	6.517100E+4
9.980000E-3	0.000000E+0	6.466600E+4
1.000000E-2	0.000000E+0	6.496900E+4
1.002000E-2	0.000000E+0	6.496800E+4
1.004000E-2	0.000000E+0	6.506900E+4
1.006000E-2	0.000000E+0	6.536100E+4
1.008000E-2	0.000000E+0	6.496900E+4
1.010000E-2	0.000000E+0	6.489900E+4
1.012000E-2	0.000000E+0	6.485500E+4
1.014000E-2	0.000000E+0	6.416600E+4
1.016000E-2	0.000000E+0	6.505800E+4
1.018000E-2	0.000000E+0	6.465500E+4
1.020000E-2	0.000000E+0	6.476200E+4
1.022000E-2	0.000000E+0	6.540900E+4
1.024000E-2	0.000000E+0	6.487900E+4
1.026000E-2	0.000000E+0	6.460200E+4
1.028000E-2	0.000000E+0	6.514100E+4
1.030000E-2	0.000000E+0	6.541500E+4
1.032000E-2	0.000000E+0	6.474300E+4
1.034000E-2	0.000000E+0	6.434100E+4
1.036000E-2	0.000000E+0	6.486800E+4
1.038000E-2	0.000000E+0	6.449600E+4
1.040000E-2	0.000000E+0	6.487300E+4
1.042000E-2	0.000000E+0	6.547600E+4
1.044000E-2	0.000000E+0	6.540100E+4
1.046000E-2	0.000000E+0	6.530200E+4
1.048000E-2	0.000000E+0	6.537300E+4
1.050000E-2	0.000000E+0	6.451200E+4
1.052000E-2	0.000000E+0	6.522200E+4
1.054000E-2	0.000000E+0	6.487800E+4
1.056000E-2	0.000000E+0	6.499200E+4
1.058000E-2	0.000000E+0	6.482800E+4
1.060000E-2	0.000000E+0	6.467900E+4
1.062000E-2	0.000000E+0	6.518100E+4
1.064000E-2	0.000000E+0	6.542700E+4
1.066000E-2	0.000000E+0	6.448800E+4
1.068000E-2	0.000000E+0	6.434800E+4
1.070000E-2	0.000000E+0	6.512400E+4
1.072000E-2	0.000000E+0	6.492600E+4
1.074000E-2	0.000000E+0	6.484000E+4
1.076000E-2	0.000000E+0	6.492900E+4
1.078000E-2	0.000000E+0	6.500700E+4
1.080000E-2	0.000000E+0	6.476100E+4
1.082000E-2	0.000000E+0	6.487600E+4
1.084000E-2	0.000000E+0	6.461200E+4
1.086000E-2	0.000000E+0	6.473100E+4
1.088000E-2	0.000000E+0	6.521200E+4
1.090000E-2	0.000000E+0	6.476200E+4
1.092000E-2	0.000000E+0	6.522600E+4
1.094000E-2	0.000000E+0	6.539300E+4
1.096000E-2	0.000000E+0	6.438400E+4
1.098000E-2	0.000000E+0	6.567100E+4
1.100000E-2	0.000000E+0	6.474000E+4
1.102000E-2	0.000000E+0	6.433400E+4
1.104000E-2	0.000000E+0	6.525000E+4
1.106000E-2	0.000000E+0	6.475100E+4
1.108000E-2	0.000000E+0	6.498600E+4
1.110000E-2	0.000000E+0	6.493900E+4
1.112000E-2	0.000000E+0	6.454300E+4
1.114000E-2	0.000000E+0	6.504000E+4
1.116000E-2	0.000000E+0	6.448500E+4
1.118000E-2	0.000000E+0	6.501700E+4
1.120000E-2	0.000000E+0	6.523800E+4
1.122000E-2	0.000000E+0	6.512800E+4
1.124000E-2	0.000000E+0	6.524500E+4
1.126000E-2	0.000000E+0	6.562600E+4
1.128000E-2	0.000000E+0	6.570900E+4
1.130000E-2	0.000000E+0	6.494300E+4
1.132000E-2	0.000000E+0	6.499200E+4
1.134000E-2	0.000000E+0	6.519900E+4
1.136000E-2	0.000000E+0	6.477300E+4
1.138000E-2	0.000000E+0	6.492900E+4
1.140000E-2	0.000000E+0	6.455100E+4
1.142000E-2	0.000000E+0	6.441200E+4
1.144000E-2	0.000000E+0	6.445900E+4
1.146000E-2	0.000000E+0	6.459400E+4
1.148000E-2	0.000000E+0	6.465700E+4
1.150000E-2	0.000000E+0	6.505500E+4
1.152000E-2	0.000000E+0	6.519900E+4
1.154000E-2	0.000000E+0	6.450000E+4
1.156000E-2	0.000000E+0	6.478900E+4
1.158000E-2	0.000000E+0	6.484600E+4
1.160000E-2	0.000000E+0	6.497200E+4
1.162000E-2	0.000000E+0	6.486600E+4
1.164000E-2	0.000000E+0	6.499500E+4
1.166000E-2	0.000000E+0	6.477400E+4
1.168000E-2	0.000000E+0	6.469700E+4
1.170000E-2	0.000000E+0	6.474600E+4
1.172000E-2	0.000000E+0	6.510700E+4
1.174000E-2	0.000000E+0	6.493600E+4
1.176000E-2	0.000000E+0	6.476500E+4
1.178000E-2	0.000000E+0	6.518100E+4
1.180000E-2	0.000000E+0	6.512100E+4
1.182000E-2	0.000000E+0	6.485000E+4
1.184000E-2	0.000000E+0	6.457300E+4
1.186000E-2	0.000000E+0	6.473500E+4
1.188000E-2	0.000000E+0	6.496300E+4
1.190000E-2	0.000000E+0	6.545900E+4
1.192000E-2	0.000000E+0	6.442300E+4
1.194000E-2	0.000000E+0	6.450200E+4
1.196000E-2	0.000000E+0	6.527800E+4
1.198000E-2	0.000000E+0	6.505900E+4
1.200000E-2	0.000000E+0	6.468700E+4
1.202000E-2	0.000000E+0	6.482100E+4
1.204000E-2	0.000000E+0	6.489400E+4
1.206000E-2	0.000000E+0	6.524300E+4
1.208000E-2	0.000000E+0	6.451300E+4
1.210000E-2	0.000000E+0	6.429900E+4
1.212000E-2	0.000000E+0	6.443900E+4
1.214000E-2	0.000000E+0	6.494200E+4
1.216000E-2	0.000000E+0	6.532100E+4
1.218000E-2	0.000000E+0	6.501600E+4
1.220000E-2	0.000000E+0	6.465900E+4
1.222000E-2	0.000000E+0	6.447800E+4
1.224000E-2	0.000000E+0	6.505900E+4
1.226000E-2	0.000000E+0	6.476800E+4
1.228000E-2	0.000000E+0	6.453500E+4
1.230000E-2	0.000000E+0	6.500300E+4
1.232000E-2	0.000000E+0	6.508000E+4
1.234000E-2	0.000000E+0	6.439700E+4
1.236000E-2	0.000000E+0	6.535500E+4
1.238000E-2	0.000000E+0	6.467600E+4
1.240000E-2	0.000000E+0	6.501800E+4
1.242000E-2	0.000000E+0	6.483800E+4
1.244000E-2	0.000000E+0	6.491600E+4
1.246000E-2	0.000000E+0	6.466000E+4
1.248000E-2	0.000000E+0	6.495400E+4
1.250000E-2	0.000000E+0	6.485000E+4
1.252000E-2	0.000000E+0	6.494900E+4
1.254000E-2	0.000000E+0	6.504300E+4
1.256000E-2	0.000000E+0	6.459600E+4
1.258000E-2	0.000000E+0	6.501600E+4
1.260000E-2	0.000000E+0	6.551700E+4
1.262000E-2	0.000000E+0	6.527000E+4
1.264000E-2	0.000000E+0	6.525700E+4
1.266000E-2	0.000000E+0	6.557200E+4
1.268000E-2	0.000000E+0	6.452900E+4
1.270000E-2	0.000000E+0	6.498900E+4
1.272000E-2	0.000000E+0	6.433500E+4
1.274000E-2	0.000000E+0	6.502600E+4
1.276000E-2	0.000000E+0	6.526700E+4
1.278000E-2	0.000000E+0	6.498600E+4
1.280000E-2	0.000000E+0	6.464100E+4
1.282000E-2	0.000000E+0	6.454700E+4
1.284000E-2	0.000000E+0	6.492200E+4
1.286000E-2	0.000000E+0	6.457200E+4
1.288000E-2	0.000000E+0	6.484800E+4
1.290000E-2	0.000000E+0	6.517200E+4
1.292000E-2	0.000000E+0	6.474500E+4
1.294000E-2	0.000000E+0	6.415400E+4
1.296000E-2	0.000000E+0	6.496800E+4
1.298000E-2	0.000000E+0	6.448100E+4
1.300000E-2	0.000000E+0	6.501200E+4
1.302000E-2	0.000000E+0	6.496600E+4
1.304000E-2	0.000000E+0	6.482200E+4
1.306000E-2	0.000000E+0	6.547100E+4
1.308000E-2	0.000000E+0	6.496800E+4
1.310000E-2	0.000000E+0	6.533900E+4
1.312000E-2	0.000000E+0	6.497300E+4
1.314000E-2	0.000000E+0	6.509400E+4
1.316000E-2	0.000000E+0	6.533300E+4
1.318000E-2	0.000000E+0	6.535800E+4
1.320000E-2	0.000000E+0	6.466400E+4
1.322000E-2	0.000000E+0	6.464400E+4
1.324000E-2	0.000000E+0	6.482800E+4
1.326000E-2	0.000000E+0	6.461600E+4
1.328000E-2	0.000000E+0	6.508300E+4
1.330000E-2	0.000000E+0	6.494500E+4
1.332000E-2	0.000000E+0	6.458000E+4
1.334000E-2	0.000000E+0	6.472000E+4
1.336000E-2	0.000000E+0	6.510800E+4
1.338000E-2	0.000000E+0	6.491200E+4
1.340000E-2	0.000000E+0	6.489100E+4
1.342000E-2	0.000000E+0	6.432900E+4
1.344000E-2	0.000000E+0	6.461400E+4
1.346000E-2	0.000000E+0	6.495000E+4
1.348000E-2	0.000000E+0	6.438800E+4
1.350000E-2	0.000000E+0	6.528100E+4
1.352000E-2	0.000000E+0	6.536000E+4
1.354000E-2	0.000000E+0	6.479700E+4
1.356000E-2	0.000000E+0	6.497600E+4
1.358000E-2	0.000000E+0	6.474300E+4
1.360000E-2	0.000000E+0	6.514700E+4
1.362000E-2	0.000000E+0	6.471700E+4
1.364000E-2	0.000000E+0	6.479500E+4
1.366000E-2	0.000000E+0	6.492700E+4
1.368000E-2	0.000000E+0	6.467300E+4
1.370000E-2	0.000000E+0	6.481400E+4
1.372000E-2	0.000000E+0	6.520400E+4
1.374000E-2	0.000000E+0	6.483800E+4
1.376000E-2	0.000000E+0	6.492500E+4
1.378000E-2	0.000000E+0	6.526400E+4
1.380000E-2	0.000000E+0	6.482900E+4
1.382000E-2	0.000000E+0	6.489500E+4
1.384000E-2	0.000000E+0	6.517600E+4
1.386000E-2	0.000000E+0	6.526600E+4
1.388000E-2	0.000000E+0	6.509200E+4
1.390000E-2	0.000000E+0	6.429900E+4
1.392000E-2	0.000000E+0	6.499900E+4
1.394000E-2	0.000000E+0	6.451200E+4
1.396000E-2	0.000000E+0	6.478000E+4
1.398000E-2	0.000000E+0	6.464900E+4
1.400000E-2	0.000000E+0	6.476000E+4
1.402000E-2	0.000000E+0	6.486900E+4
1.404000E-2	0.000000E+0	6.476200E+4
1.406000E-2	0.000000E+0	6.497900E+4
1.408000E-2	0.000000E+0	6.489400E+4
1.410000E-2	0.000000E+0	6.490000E+4
1.412000E-2	0.000000E+0	6.482200E+4
1.414000E-2	0.000000E+0	6.496100E+4
1.416000E-2	0.000000E+0	6.430100E+4
1.418000E-2	0.000000E+0	6.497400E+4
1.420000E-2	0.000000E+0	6.471300E+4
1.422000E-2	0.000000E+0	6.450800E+4
1.424000E-2	0.000000E+0	6.459000E+4
1.426000E-2	0.000000E+0	6.478000E+4
1.428000E-2	0.000000E+0	6.494300E+4
1.430000E-2	0.000000E+0	6.470600E+4
1.432000E-2	0.000000E+0	6.486700E+4
1.434000E-2	0.000000E+0	6.478200E+4
1.436000E-2	0.000000E+0	6.508000E+4
1.438000E-2	0.000000E+0	6.466100E+4
1.440000E-2	0.000000E+0	6.524000E+4
1.442000E-2	0.000000E+0	6.529600E+4
1.444000E-2	0.000000E+0	6.478300E+4
1.446000E-2	0.000000E+0	6.488200E+4
1.448000E-2	0.000000E+0	6.490300E+4
1.450000E-2	0.000000E+0	6.477000E+4
1.452000E-2	0.000000E+0	6.493700E+4
1.454000E-2	0.000000E+0	6.522400E+4
1.456000E-2	0.000000E+0	6.504700E+4
1.458000E-2	0.000000E+0	6.527100E+4
1.460000E-2	0.000000E+0	6.461800E+4
1.462000E-2	0.000000E+0	6.479600E+4
1.464000E-2	0.000000E+0	6.503300E+4
1.466000E-2	0.000000E+0	6.476300E+4
1.468000E-2	0.000000E+0	6.473900E+4
1.470000E-2	0.000000E+0	6.478600E+4
1.472000E-2	0.000000E+0	6.462300E+4
1.474000E-2	0.000000E+0	6.465300E+4
1.476000E-2	0.000000E+0	6.470800E+4
1.478000E-2	0.000000E+0	6.457200E+4
1.480000E-2	0.000000E+0	6.458000E+4
1.482000E-2	0.000000E+0	6.512800E+4
1.484000E-2	0.000000E+0	6.457300E+4
1.486000E-2	0.000000E+0	6.463800E+4
1.488000E-2	0.000000E+0	6.441500E+4
1.490000E-2	0.000000E+0	6.488600E+4
1.492000E-2	0.000000E+0	6.433800E+4
1.494000E-2	0.000000E+0	6.452600E+4
1.496000E-2	0.000000E+0	6.486700E+4
1.498000E-2	0.000000E+0	6.477300E+4
1.500000E-2	0.000000E+0	6.485200E+4
1.502000E-2	0.000000E+0	6.476000E+4
1.504000E-2	0.000000E+0	6.461200E+4
1.506000E-2	0.000000E+0	6.496900E+4
1.508000E-2	0.000000E+0	6.467200E+4
1.510000E-2	0.000000E+0	6.442300E+4
1.512000E-2	0.000000E+0	6.441600E+4
1.514000E-2	0.000000E+0	6.443000E+4
1.516000E-2	0.000000E+0	6.460700E+4
1.518000E-2	0.000000E+0	6.441000E+4
1.520000E-2	0.000000E+0	6.441900E+4
1.522000E-2	0.000000E+0	6.454400E+4
1.524000E-2	0.000000E+0	6.454900E+4
1.526000E-2	0.000000E+0	6.443000E+4
1.528000E-2	0.000000E+0	6.453200E+4
1.530000E-2	0.000000E+0	6.424100E+4
1.532000E-2	0.000000E+0	6.435200E+4
1.534000E-2	0.000000E+0	6.380300E+4
1.536000E-2	0.000000E+0	6.416600E+4
1.538000E-2	0.000000E+0	6.389400E+4
1.540000E-2	0.000000E+0	6.345700E+4
1.542000E-2	0.000000E+0	6.346500E+4
1.544000E-2	0.000000E+0	6.292200E+4
1.546000E-2	0.000000E+0	6.182000E+4
1.548000E-2	0.000000E+0	6.118400E+4
1.550000E-2	0.000000E+0	5.958300E+4
1.552000E-2	0.000000E+0	5.756800E+4
1.554000E-2	0.000000E+0	5.419300E+4
1.556000E-2	0.000000E+0	5.050500E+4
1.558000E-2	0.000000E+0	4.739300E+4
1.560000E-2	0.000000E+0	4.606900E+4
1.562000E-2	0.000000E+0	4.766400E+4
1.564000E-2	0.000000E+0	5.080500E+4
1.566000E-2	0.000000E+0	5.392500E+4
1.568000E-2	0.000000E+0	5.705900E+4
1.570000E-2	0.000000E+0	5.844000E+4
1.572000E-2	0.000000E+0	5.916700E+4
1.574000E-2	0.000000E+0	5.978800E+4
1.576000E-2	0.000000E+0	6.012500E+4
1.578000E-2	0.000000E+0	6.162900E+4
1.580000E-2	0.000000E+0	6.172900E+4
1.582000E-2	0.000000E+0	6.318200E+4
1.584000E-2	0.000000E+0	6.341500E+4
1.586000E-2	0.000000E+0	6.360700E+4
1.588000E-2	0.000000E+0	6.336900E+4
1.590000E-2	0.000000E+0	6.371500E+4
1.592000E-2	0.000000E+0	6.371600E+4
1.594000E-2	0.000000E+0	6.421000E+4
1.596000E-2	0.000000E+0	6.384100E+4
1.598000E-2	0.000000E+0	6.401100E+4
1.600000E-2	0.000000E+0	6.384000E+4
1.602000E-2	0.000000E+0	6.378300E+4
1.604000E-2	0.000000E+0	6.384900E+4
1.606000E-2	0.000000E+0	6.391800E+4
1.608000E-2	0.000000E+0	6.412800E+4
1.610000E-2	0.000000E+0	6.367800E+4
1.612000E-2	0.000000E+0	6.353900E+4
1.614000E-2	0.000000E+0	6.282100E+4
1.616000E-2	0.000000E+0	6.174200E+4
1.618000E-2	0.000000E+0	6.092700E+4
1.620000E-2	0.000000E+0	5.963000E+4
1.622000E-2	0.000000E+0	5.735700E+4
1.624000E-2	0.000000E+0	5.373800E+4
1.626000E-2	0.000000E+0	4.965600E+4
1.628000E-2	0.000000E+0	4.605100E+4
1.630000E-2	0.000000E+0	4.520100E+4
1.632000E-2	0.000000E+0	4.741800E+4
1.634000E-2	0.000000E+0	5.168300E+4
1.636000E-2	0.000000E+0	5.439800E+4
1.638000E-2	0.000000E+0	5.658200E+4
1.640000E-2	0.000000E+0	5.859800E+4
1.642000E-2	0.000000E+0	6.010000E+4
1.644000E-2	0.000000E+0	6.175000E+4
1.646000E-2	0.000000E+0	6.235400E+4
1.648000E-2	0.000000E+0	6.306500E+4
1.650000E-2	0.000000E+0	6.335000E+4
1.652000E-2	0.000000E+0	6.343300E+4
1.654000E-2	0.000000E+0	6.365700E+4
1.656000E-2	0.000000E+0	6.391600E+4
1.658000E-2	0.000000E+0	6.425800E+4
1.660000E-2	0.000000E+0	6.396100E+4
1.662000E-2	0.000000E+0	6.373400E+4
1.664000E-2	0.000000E+0	6.483000E+4
1.666000E-2	0.000000E+0	6.428300E+4
1.668000E-2	0.000000E+0	6.442300E+4
1.670000E-2	0.000000E+0	6.406200E+4
1.672000E-2	0.000000E+0	6.432700E+4
1.674000E-2	0.000000E+0	6.444500E+4
1.676000E-2	0.000000E+0	6.432800E+4
1.678000E-2	0.000000E+0	6.435700E+4
1.680000E-2	0.000000E+0	6.387700E+4
1.682000E-2	0.000000E+0	6.373900E+4
1.684000E-2	0.000000E+0	6.307700E+4
1.686000E-2	0.000000E+0	6.308200E+4
1.688000E-2	0.000000E+0	6.139500E+4
1.690000E-2	0.000000E+0	6.011400E+4
1.692000E-2	0.000000E+0	5.752100E+4
1.694000E-2	0.000000E+0	5.578800E+4
1.696000E-2	0.000000E+0	5.429500E+4
1.698000E-2	0.000000E+0	5.595500E+4
1.700000E-2	0.000000E+0	5.830100E+4
1.702000E-2	0.000000E+0	6.105800E+4
1.704000E-2	0.000000E+0	6.177700E+4
1.706000E-2	0.000000E+0	6.281000E+4
1.708000E-2	0.000000E+0	6.383900E+4
1.710000E-2	0.000000E+0	6.341900E+4
1.712000E-2	0.000000E+0	6.385600E+4
1.714000E-2	0.000000E+0	6.397100E+4
1.716000E-2	0.000000E+0	6.383600E+4
1.718000E-2	0.000000E+0	6.404500E+4
1.720000E-2	0.000000E+0	6.387700E+4
1.722000E-2	0.000000E+0	6.351700E+4
1.724000E-2	0.000000E+0	6.424200E+4
1.726000E-2	0.000000E+0	6.397500E+4
1.728000E-2	0.000000E+0	6.347700E+4
1.730000E-2	0.000000E+0	6.354800E+4
1.732000E-2	0.000000E+0	6.348500E+4
1.734000E-2	0.000000E+0	6.285500E+4
1.736000E-2	0.000000E+0	6.200400E+4
1.738000E-2	0.000000E+0	6.030500E+4
1.740000E-2	0.000000E+0	5.819400E+4
1.742000E-2	0.000000E+0	5.581300E+4
1.744000E-2	0.000000E+0	5.437900E+4
1.746000E-2	0.000000E+0	5.505500E+4
1.748000E-2	0.000000E+0	5.800800E+4
1.750000E-2	0.000000E+0	6.044300E+4
1.752000E-2	0.000000E+0	6.248200E+4
1.754000E-2	0.000000E+0	6.249800E+4
1.756000E-2	0.000000E+0	6.424300E+4
1.758000E-2	0.000000E+0	6.408300E+4
1.760000E-2	0.000000E+0	6.352400E+4
1.762000E-2	0.000000E+0	6.380500E+4
1.764000E-2	0.000000E+0	6.418900E+4
1.766000E-2	0.000000E+0	6.457400E+4
1.768000E-2	0.000000E+0	6.431200E+4
1.770000E-2	0.000000E+0	6.459500E+4
1.772000E-2	0.000000E+0	6.441300E+4
1.774000E-2	0.000000E+0	6.440200E+4
1.776000E-2	0.000000E+0	6.407300E+4
1.778000E-2	0.000000E+0	6.423100E+4
1.780000E-2	0.000000E+0	6.426100E+4
1.782000E-2	0.000000E+0	6.426800E+4
1.784000E-2	0.000000E+0	6.408500E+4
1.786000E-2	0.000000E+0	6.393400E+4
1.788000E-2	0.000000E+0	6.398000E+4
1.790000E-2	0.000000E+0	6.296100E+4
1.792000E-2	0.000000E+0	6.256800E+4
1.794000E-2	0.000000E+0	6.266200E+4
1.796000E-2	0.000000E+0	6.095700E+4
1.798000E-2	0.000000E+0	6.052100E+4
1.800000E-2	0.000000E+0	5.799500E+4
1.802000E-2	0.000000E+0	5.517100E+4
1.804000E-2	0.000000E+0	5.187100E+4
1.806000E-2	0.000000E+0	4.842400E+4
1.808000E-2	0.000000E+0	4.529000E+4
1.810000E-2	0.000000E+0	4.471700E+4
1.812000E-2	0.000000E+0	4.787100E+4
1.814000E-2	0.000000E+0	5.148800E+4
1.816000E-2	0.000000E+0	5.612200E+4
1.818000E-2	0.000000E+0	5.855100E+4
1.820000E-2	0.000000E+0	6.068300E+4
1.822000E-2	0.000000E+0	6.195000E+4
1.824000E-2	0.000000E+0	6.273900E+4
1.826000E-2	0.000000E+0	6.322500E+4
1.828000E-2	0.000000E+0	6.327200E+4
1.830000E-2	0.000000E+0	6.355200E+4
1.832000E-2	0.000000E+0	6.386200E+4
1.834000E-2	0.000000E+0	6.407300E+4
1.836000E-2	0.000000E+0	6.358600E+4
1.838000E-2	0.000000E+0	6.355900E+4
1.840000E-2	0.000000E+0	6.347100E+4
1.842000E-2	0.000000E+0	6.404600E+4
1.844000E-2	0.000000E+0	6.378900E+4
1.846000E-2	0.000000E+0	6.370800E+4
1.848000E-2	0.000000E+0	6.375800E+4
1.850000E-2	0.000000E+0	6.389400E+4
1.852000E-2	0.000000E+0	6.338500E+4
1.854000E-2	0.000000E+0	6.334500E+4
1.856000E-2	0.000000E+0	6.308700E+4
1.858000E-2	0.000000E+0	6.307000E+4
1.860000E-2	0.000000E+0	6.138100E+4
1.862000E-2	0.000000E+0	6.094100E+4
1.864000E-2	0.000000E+0	5.976200E+4
1.866000E-2	0.000000E+0	5.902400E+4
1.868000E-2	0.000000E+0	5.695800E+4
1.870000E-2	0.000000E+0	5.641000E+4
1.872000E-2	0.000000E+0	5.365500E+4
1.874000E-2	0.000000E+0	5.068500E+4
1.876000E-2	0.000000E+0	4.689700E+4
1.878000E-2	0.000000E+0	4.599800E+4
1.880000E-2	0.000000E+0	4.662400E+4
1.882000E-2	0.000000E+0	5.075900E+4
1.884000E-2	0.000000E+0	5.489200E+4
1.886000E-2	0.000000E+0	5.787400E+4
1.888000E-2	0.000000E+0	6.016500E+4
1.890000E-2	0.000000E+0	6.128400E+4
1.892000E-2	0.000000E+0	6.220200E+4
1.894000E-2	0.000000E+0	6.281300E+4
1.896000E-2	0.000000E+0	6.344800E+4
1.898000E-2	0.000000E+0	6.376300E+4
1.900000E-2	0.000000E+0	6.377600E+4
1.902000E-2	0.000000E+0	6.402200E+4
1.904000E-2	0.000000E+0	6.445500E+4
1.906000E-2	0.000000E+0	6.446900E+4
1.908000E-2	0.000000E+0	6.432000E+4
1.910000E-2	0.000000E+0	6.414800E+4
1.912000E-2	0.000000E+0	6.457400E+4
1.914000E-2	0.000000E+0	6.452400E+4
1.916000E-2	0.000000E+0	6.462700E+4
1.918000E-2	0.000000E+0	6.470600E+4
1.920000E-2	0.000000E+0	6.451000E+4
1.922000E-2	0.000000E+0	6.442100E+4
1.924000E-2	0.000000E+0	6.450100E+4
1.926000E-2	0.000000E+0	6.454400E+4
1.928000E-2	0.000000E+0	6.463600E+4
1.930000E-2	0.000000E+0	6.459600E+4
1.932000E-2	0.000000E+0	6.440800E+4
1.934000E-2	0.000000E+0	6.471000E+4
1.936000E-2	0.000000E+0	6.459800E+4
1.938000E-2	0.000000E+0	6.461500E+4
1.940000E-2	0.000000E+0	6.528300E+4
1.942000E-2	0.000000E+0	6.471300E+4
1.944000E-2	0.000000E+0	6.519200E+4
1.946000E-2	0.000000E+0	6.464100E+4
1.948000E-2	0.000000E+0	6.437100E+4
1.950000E-2	0.000000E+0	6.500500E+4
1.952000E-2	0.000000E+0	6.501300E+4
1.954000E-2	0.000000E+0	6.475000E+4
1.956000E-2	0.000000E+0	6.491900E+4
1.958000E-2	0.000000E+0	6.478700E+4
1.960000E-2	0.000000E+0	6.505200E+4
1.962000E-2	0.000000E+0	6.499700E+4
1.964000E-2	0.000000E+0	6.480000E+4
1.966000E-2	0.000000E+0	6.482300E+4
1.968000E-2	0.000000E+0	6.484900E+4
1.970000E-2	0.000000E+0	6.474800E+4
1.972000E-2	0.000000E+0	6.488300E+4
1.974000E-2	0.000000E+0	6.451900E+4
1.976000E-2	0.000000E+0	6.491600E+4
1.978000E-2	0.000000E+0	6.534400E+4
1.980000E-2	0.000000E+0	6.476000E+4
1.982000E-2	0.000000E+0	6.475200E+4
1.984000E-2	0.000000E+0	6.477000E+4
1.986000E-2	0.000000E+0	6.513600E+4
1.988000E-2	0.000000E+0	6.504000E+4
1.990000E-2	0.000000E+0	6.528000E+4
1.992000E-2	0.000000E+0	6.448900E+4
1.994000E-2	0.000000E+0	6.407800E+4
1.996000E-2	0.000000E+0	6.454600E+4
1.998000E-2	0.000000E+0	6.507700E+4
