

live time:  31063.480000
real time:  36007.240000
sweeps:  1553174.000000
0.000000E+0	0.000000E+0	0.000000E+0
2.000000E-5	0.000000E+0	3.988400E+4
4.000000E-5	0.000000E+0	4.012200E+4
6.000000E-5	0.000000E+0	4.009700E+4
8.000000E-5	0.000000E+0	4.065200E+4
1.000000E-4	0.000000E+0	4.018300E+4
1.200000E-4	0.000000E+0	4.036700E+4
1.400000E-4	0.000000E+0	4.034500E+4
1.600000E-4	0.000000E+0	4.012600E+4
1.800000E-4	0.000000E+0	4.038700E+4
2.000000E-4	0.000000E+0	3.992500E+4
2.200000E-4	0.000000E+0	4.002100E+4
2.400000E-4	0.000000E+0	4.033000E+4
2.600000E-4	0.000000E+0	4.002100E+4
2.800000E-4	0.000000E+0	4.026000E+4
3.000000E-4	0.000000E+0	4.027500E+4
3.200000E-4	0.000000E+0	4.020100E+4
3.400000E-4	0.000000E+0	4.009600E+4
3.600000E-4	0.000000E+0	4.026400E+4
3.800000E-4	0.000000E+0	4.035600E+4
4.000000E-4	0.000000E+0	4.019800E+4
4.200000E-4	0.000000E+0	4.026500E+4
4.400000E-4	0.000000E+0	4.030500E+4
4.600000E-4	0.000000E+0	4.039600E+4
4.800000E-4	0.000000E+0	4.033500E+4
5.000000E-4	0.000000E+0	4.011300E+4
5.200000E-4	0.000000E+0	4.019700E+4
5.400000E-4	0.000000E+0	4.008700E+4
5.600000E-4	0.000000E+0	4.049700E+4
5.800000E-4	0.000000E+0	4.021800E+4
6.000000E-4	0.000000E+0	4.028900E+4
6.200000E-4	0.000000E+0	4.065300E+4
6.400000E-4	0.000000E+0	4.024800E+4
6.600000E-4	0.000000E+0	4.010400E+4
6.800000E-4	0.000000E+0	4.039100E+4
7.000000E-4	0.000000E+0	4.033800E+4
7.200000E-4	0.000000E+0	4.035300E+4
7.400000E-4	0.000000E+0	4.038800E+4
7.600000E-4	0.000000E+0	4.021600E+4
7.800000E-4	0.000000E+0	4.069700E+4
8.000000E-4	0.000000E+0	4.006400E+4
8.200000E-4	0.000000E+0	4.053000E+4
8.400000E-4	0.000000E+0	4.026300E+4
8.600000E-4	0.000000E+0	4.052900E+4
8.800000E-4	0.000000E+0	4.012700E+4
9.000000E-4	0.000000E+0	4.049800E+4
9.200000E-4	0.000000E+0	4.051000E+4
9.400000E-4	0.000000E+0	4.011300E+4
9.600000E-4	0.000000E+0	4.024500E+4
9.800000E-4	0.000000E+0	4.049300E+4
1.000000E-3	0.000000E+0	4.001800E+4
1.020000E-3	0.000000E+0	4.015900E+4
1.040000E-3	0.000000E+0	4.031700E+4
1.060000E-3	0.000000E+0	4.031600E+4
1.080000E-3	0.000000E+0	4.047200E+4
1.100000E-3	0.000000E+0	4.052400E+4
1.120000E-3	0.000000E+0	4.058200E+4
1.140000E-3	0.000000E+0	4.012400E+4
1.160000E-3	0.000000E+0	4.054600E+4
1.180000E-3	0.000000E+0	4.027700E+4
1.200000E-3	0.000000E+0	4.060100E+4
1.220000E-3	0.000000E+0	4.015200E+4
1.240000E-3	0.000000E+0	4.053200E+4
1.260000E-3	0.000000E+0	4.032100E+4
1.280000E-3	0.000000E+0	4.032500E+4
1.300000E-3	0.000000E+0	3.995200E+4
1.320000E-3	0.000000E+0	4.029300E+4
1.340000E-3	0.000000E+0	4.024400E+4
1.360000E-3	0.000000E+0	4.059700E+4
1.380000E-3	0.000000E+0	4.062600E+4
1.400000E-3	0.000000E+0	3.985600E+4
1.420000E-3	0.000000E+0	4.040800E+4
1.440000E-3	0.000000E+0	4.048900E+4
1.460000E-3	0.000000E+0	4.082500E+4
1.480000E-3	0.000000E+0	4.048200E+4
1.500000E-3	0.000000E+0	4.010400E+4
1.520000E-3	0.000000E+0	4.042200E+4
1.540000E-3	0.000000E+0	4.034600E+4
1.560000E-3	0.000000E+0	4.080600E+4
1.580000E-3	0.000000E+0	4.060300E+4
1.600000E-3	0.000000E+0	4.059800E+4
1.620000E-3	0.000000E+0	4.040100E+4
1.640000E-3	0.000000E+0	4.050200E+4
1.660000E-3	0.000000E+0	4.043400E+4
1.680000E-3	0.000000E+0	4.028500E+4
1.700000E-3	0.000000E+0	4.019300E+4
1.720000E-3	0.000000E+0	4.038300E+4
1.740000E-3	0.000000E+0	4.012600E+4
1.760000E-3	0.000000E+0	4.038200E+4
1.780000E-3	0.000000E+0	4.014200E+4
1.800000E-3	0.000000E+0	4.027500E+4
1.820000E-3	0.000000E+0	4.023300E+4
1.840000E-3	0.000000E+0	4.002800E+4
1.860000E-3	0.000000E+0	4.039200E+4
1.880000E-3	0.000000E+0	4.050400E+4
1.900000E-3	0.000000E+0	4.033700E+4
1.920000E-3	0.000000E+0	4.014900E+4
1.940000E-3	0.000000E+0	4.053100E+4
1.960000E-3	0.000000E+0	4.031500E+4
1.980000E-3	0.000000E+0	4.033400E+4
2.000000E-3	0.000000E+0	4.052900E+4
2.020000E-3	0.000000E+0	4.066000E+4
2.040000E-3	0.000000E+0	4.040400E+4
2.060000E-3	0.000000E+0	4.025700E+4
2.080000E-3	0.000000E+0	4.038400E+4
2.100000E-3	0.000000E+0	4.031500E+4
2.120000E-3	0.000000E+0	4.027000E+4
2.140000E-3	0.000000E+0	4.011100E+4
2.160000E-3	0.000000E+0	4.023400E+4
2.180000E-3	0.000000E+0	4.045000E+4
2.200000E-3	0.000000E+0	4.023300E+4
2.220000E-3	0.000000E+0	4.053500E+4
2.240000E-3	0.000000E+0	3.992800E+4
2.260000E-3	0.000000E+0	4.029700E+4
2.280000E-3	0.000000E+0	4.049500E+4
2.300000E-3	0.000000E+0	4.051200E+4
2.320000E-3	0.000000E+0	4.051900E+4
2.340000E-3	0.000000E+0	4.041700E+4
2.360000E-3	0.000000E+0	4.044300E+4
2.380000E-3	0.000000E+0	4.041700E+4
2.400000E-3	0.000000E+0	4.032200E+4
2.420000E-3	0.000000E+0	4.062300E+4
2.440000E-3	0.000000E+0	4.033200E+4
2.460000E-3	0.000000E+0	4.032200E+4
2.480000E-3	0.000000E+0	4.058300E+4
2.500000E-3	0.000000E+0	4.041500E+4
2.520000E-3	0.000000E+0	4.044800E+4
2.540000E-3	0.000000E+0	4.003700E+4
2.560000E-3	0.000000E+0	4.028800E+4
2.580000E-3	0.000000E+0	4.029900E+4
2.600000E-3	0.000000E+0	4.045800E+4
2.620000E-3	0.000000E+0	4.047300E+4
2.640000E-3	0.000000E+0	3.979800E+4
2.660000E-3	0.000000E+0	4.009200E+4
2.680000E-3	0.000000E+0	4.022600E+4
2.700000E-3	0.000000E+0	4.030300E+4
2.720000E-3	0.000000E+0	4.031100E+4
2.740000E-3	0.000000E+0	4.049600E+4
2.760000E-3	0.000000E+0	4.028300E+4
2.780000E-3	0.000000E+0	4.046300E+4
2.800000E-3	0.000000E+0	4.030200E+4
2.820000E-3	0.000000E+0	4.028600E+4
2.840000E-3	0.000000E+0	4.038000E+4
2.860000E-3	0.000000E+0	4.043900E+4
2.880000E-3	0.000000E+0	4.052000E+4
2.900000E-3	0.000000E+0	3.990700E+4
2.920000E-3	0.000000E+0	4.020100E+4
2.940000E-3	0.000000E+0	4.042400E+4
2.960000E-3	0.000000E+0	4.008600E+4
2.980000E-3	0.000000E+0	4.015800E+4
3.000000E-3	0.000000E+0	4.031800E+4
3.020000E-3	0.000000E+0	3.992000E+4
3.040000E-3	0.000000E+0	4.008500E+4
3.060000E-3	0.000000E+0	4.001500E+4
3.080000E-3	0.000000E+0	4.025600E+4
3.100000E-3	0.000000E+0	4.019600E+4
3.120000E-3	0.000000E+0	3.993400E+4
3.140000E-3	0.000000E+0	3.998300E+4
3.160000E-3	0.000000E+0	4.011400E+4
3.180000E-3	0.000000E+0	4.022300E+4
3.200000E-3	0.000000E+0	3.976200E+4
3.220000E-3	0.000000E+0	3.984500E+4
3.240000E-3	0.000000E+0	4.018700E+4
3.260000E-3	0.000000E+0	3.974000E+4
3.280000E-3	0.000000E+0	3.961000E+4
3.300000E-3	0.000000E+0	4.002900E+4
3.320000E-3	0.000000E+0	3.973700E+4
3.340000E-3	0.000000E+0	4.005700E+4
3.360000E-3	0.000000E+0	3.982200E+4
3.380000E-3	0.000000E+0	3.968400E+4
3.400000E-3	0.000000E+0	3.986000E+4
3.420000E-3	0.000000E+0	3.966200E+4
3.440000E-3	0.000000E+0	3.978100E+4
3.460000E-3	0.000000E+0	3.956600E+4
3.480000E-3	0.000000E+0	3.962300E+4
3.500000E-3	0.000000E+0	3.960900E+4
3.520000E-3	0.000000E+0	3.952400E+4
3.540000E-3	0.000000E+0	3.942200E+4
3.560000E-3	0.000000E+0	3.952900E+4
3.580000E-3	0.000000E+0	3.937700E+4
3.600000E-3	0.000000E+0	3.938900E+4
3.620000E-3	0.000000E+0	3.964500E+4
3.640000E-3	0.000000E+0	3.940000E+4
3.660000E-3	0.000000E+0	3.924300E+4
3.680000E-3	0.000000E+0	3.937700E+4
3.700000E-3	0.000000E+0	3.912800E+4
3.720000E-3	0.000000E+0	3.898200E+4
3.740000E-3	0.000000E+0	3.892700E+4
3.760000E-3	0.000000E+0	3.877200E+4
3.780000E-3	0.000000E+0	3.840200E+4
3.800000E-3	0.000000E+0	3.826900E+4
3.820000E-3	0.000000E+0	3.878200E+4
3.840000E-3	0.000000E+0	3.821700E+4
3.860000E-3	0.000000E+0	3.745300E+4
3.880000E-3	0.000000E+0	3.752200E+4
3.900000E-3	0.000000E+0	3.741700E+4
3.920000E-3	0.000000E+0	3.701900E+4
3.940000E-3	0.000000E+0	3.706400E+4
3.960000E-3	0.000000E+0	3.686100E+4
3.980000E-3	0.000000E+0	3.641400E+4
4.000000E-3	0.000000E+0	3.628100E+4
4.020000E-3	0.000000E+0	3.580900E+4
4.040000E-3	0.000000E+0	3.571300E+4
4.060000E-3	0.000000E+0	3.540700E+4
4.080000E-3	0.000000E+0	3.503400E+4
4.100000E-3	0.000000E+0	3.507200E+4
4.120000E-3	0.000000E+0	3.431100E+4
4.140000E-3	0.000000E+0	3.387800E+4
4.160000E-3	0.000000E+0	3.362900E+4
4.180000E-3	0.000000E+0	3.352300E+4
4.200000E-3	0.000000E+0	3.278900E+4
4.220000E-3	0.000000E+0	3.313600E+4
4.240000E-3	0.000000E+0	3.263200E+4
4.260000E-3	0.000000E+0	3.258200E+4
4.280000E-3	0.000000E+0	3.260700E+4
4.300000E-3	0.000000E+0	3.257900E+4
4.320000E-3	0.000000E+0	3.267400E+4
4.340000E-3	0.000000E+0	3.288800E+4
4.360000E-3	0.000000E+0	3.348000E+4
4.380000E-3	0.000000E+0	3.363500E+4
4.400000E-3	0.000000E+0	3.386000E+4
4.420000E-3	0.000000E+0	3.385200E+4
4.440000E-3	0.000000E+0	3.402200E+4
4.460000E-3	0.000000E+0	3.479500E+4
4.480000E-3	0.000000E+0	3.536800E+4
4.500000E-3	0.000000E+0	3.559000E+4
4.520000E-3	0.000000E+0	3.600500E+4
4.540000E-3	0.000000E+0	3.601000E+4
4.560000E-3	0.000000E+0	3.639700E+4
4.580000E-3	0.000000E+0	3.675200E+4
4.600000E-3	0.000000E+0	3.688900E+4
4.620000E-3	0.000000E+0	3.741600E+4
4.640000E-3	0.000000E+0	3.728100E+4
4.660000E-3	0.000000E+0	3.777300E+4
4.680000E-3	0.000000E+0	3.797600E+4
4.700000E-3	0.000000E+0	3.817100E+4
4.720000E-3	0.000000E+0	3.833600E+4
4.740000E-3	0.000000E+0	3.830700E+4
4.760000E-3	0.000000E+0	3.852600E+4
4.780000E-3	0.000000E+0	3.857300E+4
4.800000E-3	0.000000E+0	3.872000E+4
4.820000E-3	0.000000E+0	3.893100E+4
4.840000E-3	0.000000E+0	3.904900E+4
4.860000E-3	0.000000E+0	3.931400E+4
4.880000E-3	0.000000E+0	3.866700E+4
4.900000E-3	0.000000E+0	3.924000E+4
4.920000E-3	0.000000E+0	3.954100E+4
4.940000E-3	0.000000E+0	3.970000E+4
4.960000E-3	0.000000E+0	3.968100E+4
4.980000E-3	0.000000E+0	3.959500E+4
5.000000E-3	0.000000E+0	3.998800E+4
5.020000E-3	0.000000E+0	3.972400E+4
5.040000E-3	0.000000E+0	3.954900E+4
5.060000E-3	0.000000E+0	3.972100E+4
5.080000E-3	0.000000E+0	3.944200E+4
5.100000E-3	0.000000E+0	3.993300E+4
5.120000E-3	0.000000E+0	3.991700E+4
5.140000E-3	0.000000E+0	3.990300E+4
5.160000E-3	0.000000E+0	3.994100E+4
5.180000E-3	0.000000E+0	4.021900E+4
5.200000E-3	0.000000E+0	4.019600E+4
5.220000E-3	0.000000E+0	3.989800E+4
5.240000E-3	0.000000E+0	3.981900E+4
5.260000E-3	0.000000E+0	3.995400E+4
5.280000E-3	0.000000E+0	3.985700E+4
5.300000E-3	0.000000E+0	3.969500E+4
5.320000E-3	0.000000E+0	3.990000E+4
5.340000E-3	0.000000E+0	4.024200E+4
5.360000E-3	0.000000E+0	4.006000E+4
5.380000E-3	0.000000E+0	4.006800E+4
5.400000E-3	0.000000E+0	4.026600E+4
5.420000E-3	0.000000E+0	3.979200E+4
5.440000E-3	0.000000E+0	4.000200E+4
5.460000E-3	0.000000E+0	4.020100E+4
5.480000E-3	0.000000E+0	3.995000E+4
5.500000E-3	0.000000E+0	3.971900E+4
5.520000E-3	0.000000E+0	4.046000E+4
5.540000E-3	0.000000E+0	4.030600E+4
5.560000E-3	0.000000E+0	4.011400E+4
5.580000E-3	0.000000E+0	4.053200E+4
5.600000E-3	0.000000E+0	3.982300E+4
5.620000E-3	0.000000E+0	3.998800E+4
5.640000E-3	0.000000E+0	4.026400E+4
5.660000E-3	0.000000E+0	4.006200E+4
5.680000E-3	0.000000E+0	4.033700E+4
5.700000E-3	0.000000E+0	4.003200E+4
5.720000E-3	0.000000E+0	4.013900E+4
5.740000E-3	0.000000E+0	4.049100E+4
5.760000E-3	0.000000E+0	4.030400E+4
5.780000E-3	0.000000E+0	4.030600E+4
5.800000E-3	0.000000E+0	4.004500E+4
5.820000E-3	0.000000E+0	4.031200E+4
5.840000E-3	0.000000E+0	4.025700E+4
5.860000E-3	0.000000E+0	4.007300E+4
5.880000E-3	0.000000E+0	3.989900E+4
5.900000E-3	0.000000E+0	4.021800E+4
5.920000E-3	0.000000E+0	4.024400E+4
5.940000E-3	0.000000E+0	3.996800E+4
5.960000E-3	0.000000E+0	4.004000E+4
5.980000E-3	0.000000E+0	4.028600E+4
6.000000E-3	0.000000E+0	4.029300E+4
6.020000E-3	0.000000E+0	4.004300E+4
6.040000E-3	0.000000E+0	4.034900E+4
6.060000E-3	0.000000E+0	4.011300E+4
6.080000E-3	0.000000E+0	4.031700E+4
6.100000E-3	0.000000E+0	4.001500E+4
6.120000E-3	0.000000E+0	4.000700E+4
6.140000E-3	0.000000E+0	4.030800E+4
6.160000E-3	0.000000E+0	4.009500E+4
6.180000E-3	0.000000E+0	3.981500E+4
6.200000E-3	0.000000E+0	4.036400E+4
6.220000E-3	0.000000E+0	4.018700E+4
6.240000E-3	0.000000E+0	4.017800E+4
6.260000E-3	0.000000E+0	4.009100E+4
6.280000E-3	0.000000E+0	4.036800E+4
6.300000E-3	0.000000E+0	4.022900E+4
6.320000E-3	0.000000E+0	4.043400E+4
6.340000E-3	0.000000E+0	4.018700E+4
6.360000E-3	0.000000E+0	4.033700E+4
6.380000E-3	0.000000E+0	3.997400E+4
6.400000E-3	0.000000E+0	3.996900E+4
6.420000E-3	0.000000E+0	3.979200E+4
6.440000E-3	0.000000E+0	4.063800E+4
6.460000E-3	0.000000E+0	4.019800E+4
6.480000E-3	0.000000E+0	4.024800E+4
6.500000E-3	0.000000E+0	4.009100E+4
6.520000E-3	0.000000E+0	4.013100E+4
6.540000E-3	0.000000E+0	4.024800E+4
6.560000E-3	0.000000E+0	4.029300E+4
6.580000E-3	0.000000E+0	3.987300E+4
6.600000E-3	0.000000E+0	3.976100E+4
6.620000E-3	0.000000E+0	3.981100E+4
6.640000E-3	0.000000E+0	4.010500E+4
6.660000E-3	0.000000E+0	4.019900E+4
6.680000E-3	0.000000E+0	3.995100E+4
6.700000E-3	0.000000E+0	4.030200E+4
6.720000E-3	0.000000E+0	4.026500E+4
6.740000E-3	0.000000E+0	3.999800E+4
6.760000E-3	0.000000E+0	3.984300E+4
6.780000E-3	0.000000E+0	3.992200E+4
6.800000E-3	0.000000E+0	3.992900E+4
6.820000E-3	0.000000E+0	3.981500E+4
6.840000E-3	0.000000E+0	3.977200E+4
6.860000E-3	0.000000E+0	4.016300E+4
6.880000E-3	0.000000E+0	3.990900E+4
6.900000E-3	0.000000E+0	4.003900E+4
6.920000E-3	0.000000E+0	3.979200E+4
6.940000E-3	0.000000E+0	3.977900E+4
6.960000E-3	0.000000E+0	3.941600E+4
6.980000E-3	0.000000E+0	3.972400E+4
7.000000E-3	0.000000E+0	3.979700E+4
7.020000E-3	0.000000E+0	3.935300E+4
7.040000E-3	0.000000E+0	3.967200E+4
7.060000E-3	0.000000E+0	3.958400E+4
7.080000E-3	0.000000E+0	3.920400E+4
7.100000E-3	0.000000E+0	3.962200E+4
7.120000E-3	0.000000E+0	3.931700E+4
7.140000E-3	0.000000E+0	3.960500E+4
7.160000E-3	0.000000E+0	3.924700E+4
7.180000E-3	0.000000E+0	3.934700E+4
7.200000E-3	0.000000E+0	3.913400E+4
7.220000E-3	0.000000E+0	3.953100E+4
7.240000E-3	0.000000E+0	3.934900E+4
7.260000E-3	0.000000E+0	3.878500E+4
7.280000E-3	0.000000E+0	3.906100E+4
7.300000E-3	0.000000E+0	3.919100E+4
7.320000E-3	0.000000E+0	3.855500E+4
7.340000E-3	0.000000E+0	3.856500E+4
7.360000E-3	0.000000E+0	3.828500E+4
7.380000E-3	0.000000E+0	3.815900E+4
7.400000E-3	0.000000E+0	3.764000E+4
7.420000E-3	0.000000E+0	3.818000E+4
7.440000E-3	0.000000E+0	3.820900E+4
7.460000E-3	0.000000E+0	3.740600E+4
7.480000E-3	0.000000E+0	3.741900E+4
7.500000E-3	0.000000E+0	3.741400E+4
7.520000E-3	0.000000E+0	3.709700E+4
7.540000E-3	0.000000E+0	3.625600E+4
7.560000E-3	0.000000E+0	3.639900E+4
7.580000E-3	0.000000E+0	3.578000E+4
7.600000E-3	0.000000E+0	3.583300E+4
7.620000E-3	0.000000E+0	3.543900E+4
7.640000E-3	0.000000E+0	3.492900E+4
7.660000E-3	0.000000E+0	3.486800E+4
7.680000E-3	0.000000E+0	3.448000E+4
7.700000E-3	0.000000E+0	3.405500E+4
7.720000E-3	0.000000E+0	3.406100E+4
7.740000E-3	0.000000E+0	3.390100E+4
7.760000E-3	0.000000E+0	3.378200E+4
7.780000E-3	0.000000E+0	3.321300E+4
7.800000E-3	0.000000E+0	3.266700E+4
7.820000E-3	0.000000E+0	3.268100E+4
7.840000E-3	0.000000E+0	3.286300E+4
7.860000E-3	0.000000E+0	3.282900E+4
7.880000E-3	0.000000E+0	3.257700E+4
7.900000E-3	0.000000E+0	3.269100E+4
7.920000E-3	0.000000E+0	3.270600E+4
7.940000E-3	0.000000E+0	3.287700E+4
7.960000E-3	0.000000E+0	3.304700E+4
7.980000E-3	0.000000E+0	3.361400E+4
8.000000E-3	0.000000E+0	3.367400E+4
8.020000E-3	0.000000E+0	3.372900E+4
8.040000E-3	0.000000E+0	3.401600E+4
8.060000E-3	0.000000E+0	3.471900E+4
8.080000E-3	0.000000E+0	3.517800E+4
8.100000E-3	0.000000E+0	3.568400E+4
8.120000E-3	0.000000E+0	3.549700E+4
8.140000E-3	0.000000E+0	3.562500E+4
8.160000E-3	0.000000E+0	3.623800E+4
8.180000E-3	0.000000E+0	3.641600E+4
8.200000E-3	0.000000E+0	3.685700E+4
8.220000E-3	0.000000E+0	3.686600E+4
8.240000E-3	0.000000E+0	3.722900E+4
8.260000E-3	0.000000E+0	3.741200E+4
8.280000E-3	0.000000E+0	3.755200E+4
8.300000E-3	0.000000E+0	3.755300E+4
8.320000E-3	0.000000E+0	3.769200E+4
8.340000E-3	0.000000E+0	3.796400E+4
8.360000E-3	0.000000E+0	3.814900E+4
8.380000E-3	0.000000E+0	3.826800E+4
8.400000E-3	0.000000E+0	3.866400E+4
8.420000E-3	0.000000E+0	3.852600E+4
8.440000E-3	0.000000E+0	3.888800E+4
8.460000E-3	0.000000E+0	3.856300E+4
8.480000E-3	0.000000E+0	3.910200E+4
8.500000E-3	0.000000E+0	3.895300E+4
8.520000E-3	0.000000E+0	3.923600E+4
8.540000E-3	0.000000E+0	3.905200E+4
8.560000E-3	0.000000E+0	3.918400E+4
8.580000E-3	0.000000E+0	3.921800E+4
8.600000E-3	0.000000E+0	3.930500E+4
8.620000E-3	0.000000E+0	3.940000E+4
8.640000E-3	0.000000E+0	3.957900E+4
8.660000E-3	0.000000E+0	3.952900E+4
8.680000E-3	0.000000E+0	3.959700E+4
8.700000E-3	0.000000E+0	3.971300E+4
8.720000E-3	0.000000E+0	3.947300E+4
8.740000E-3	0.000000E+0	3.946400E+4
8.760000E-3	0.000000E+0	3.966900E+4
8.780000E-3	0.000000E+0	3.935600E+4
8.800000E-3	0.000000E+0	4.009900E+4
8.820000E-3	0.000000E+0	3.980600E+4
8.840000E-3	0.000000E+0	3.948800E+4
8.860000E-3	0.000000E+0	3.960900E+4
8.880000E-3	0.000000E+0	3.979000E+4
8.900000E-3	0.000000E+0	3.915700E+4
8.920000E-3	0.000000E+0	4.010800E+4
8.940000E-3	0.000000E+0	3.979400E+4
8.960000E-3	0.000000E+0	4.005100E+4
8.980000E-3	0.000000E+0	3.970100E+4
9.000000E-3	0.000000E+0	4.043600E+4
9.020000E-3	0.000000E+0	3.985200E+4
9.040000E-3	0.000000E+0	3.997200E+4
9.060000E-3	0.000000E+0	4.000800E+4
9.080000E-3	0.000000E+0	3.971800E+4
9.100000E-3	0.000000E+0	4.000800E+4
9.120000E-3	0.000000E+0	3.990500E+4
9.140000E-3	0.000000E+0	4.010700E+4
9.160000E-3	0.000000E+0	4.010000E+4
9.180000E-3	0.000000E+0	4.003500E+4
9.200000E-3	0.000000E+0	4.017300E+4
9.220000E-3	0.000000E+0	3.968000E+4
9.240000E-3	0.000000E+0	3.986100E+4
9.260000E-3	0.000000E+0	3.986300E+4
9.280000E-3	0.000000E+0	4.029500E+4
9.300000E-3	0.000000E+0	4.035500E+4
9.320000E-3	0.000000E+0	4.011800E+4
9.340000E-3	0.000000E+0	3.984500E+4
9.360000E-3	0.000000E+0	4.025300E+4
9.380000E-3	0.000000E+0	4.023900E+4
9.400000E-3	0.000000E+0	4.003900E+4
9.420000E-3	0.000000E+0	4.022200E+4
9.440000E-3	0.000000E+0	4.023600E+4
9.460000E-3	0.000000E+0	4.049500E+4
9.480000E-3	0.000000E+0	4.039600E+4
9.500000E-3	0.000000E+0	3.993700E+4
9.520000E-3	0.000000E+0	4.008600E+4
9.540000E-3	0.000000E+0	4.033100E+4
9.560000E-3	0.000000E+0	4.032300E+4
9.580000E-3	0.000000E+0	4.039200E+4
9.600000E-3	0.000000E+0	4.008400E+4
9.620000E-3	0.000000E+0	4.049200E+4
9.640000E-3	0.000000E+0	4.019900E+4
9.660000E-3	0.000000E+0	4.048100E+4
9.680000E-3	0.000000E+0	4.034000E+4
9.700000E-3	0.000000E+0	4.045100E+4
9.720000E-3	0.000000E+0	4.059500E+4
9.740000E-3	0.000000E+0	3.993600E+4
9.760000E-3	0.000000E+0	4.046100E+4
9.780000E-3	0.000000E+0	4.049900E+4
9.800000E-3	0.000000E+0	4.078300E+4
9.820000E-3	0.000000E+0	4.037400E+4
9.840000E-3	0.000000E+0	4.022100E+4
9.860000E-3	0.000000E+0	4.046700E+4
9.880000E-3	0.000000E+0	4.058600E+4
9.900000E-3	0.000000E+0	4.016700E+4
9.920000E-3	0.000000E+0	4.008200E+4
9.940000E-3	0.000000E+0	4.038800E+4
9.960000E-3	0.000000E+0	4.039100E+4
9.980000E-3	0.000000E+0	4.029200E+4
1.000000E-2	0.000000E+0	4.006300E+4
1.002000E-2	0.000000E+0	4.032600E+4
1.004000E-2	0.000000E+0	4.037700E+4
1.006000E-2	0.000000E+0	4.053300E+4
1.008000E-2	0.000000E+0	4.019800E+4
1.010000E-2	0.000000E+0	4.050100E+4
1.012000E-2	0.000000E+0	4.035700E+4
1.014000E-2	0.000000E+0	4.050600E+4
1.016000E-2	0.000000E+0	4.033300E+4
1.018000E-2	0.000000E+0	4.037200E+4
1.020000E-2	0.000000E+0	4.070900E+4
1.022000E-2	0.000000E+0	4.028100E+4
1.024000E-2	0.000000E+0	4.035700E+4
1.026000E-2	0.000000E+0	4.010700E+4
1.028000E-2	0.000000E+0	4.023700E+4
1.030000E-2	0.000000E+0	4.024500E+4
1.032000E-2	0.000000E+0	4.014300E+4
1.034000E-2	0.000000E+0	4.026200E+4
1.036000E-2	0.000000E+0	4.048300E+4
1.038000E-2	0.000000E+0	3.997700E+4
1.040000E-2	0.000000E+0	4.031000E+4
1.042000E-2	0.000000E+0	4.033000E+4
1.044000E-2	0.000000E+0	4.020400E+4
1.046000E-2	0.000000E+0	4.006500E+4
1.048000E-2	0.000000E+0	4.029500E+4
1.050000E-2	0.000000E+0	4.002700E+4
1.052000E-2	0.000000E+0	4.011400E+4
1.054000E-2	0.000000E+0	4.035500E+4
1.056000E-2	0.000000E+0	4.002200E+4
1.058000E-2	0.000000E+0	4.040700E+4
1.060000E-2	0.000000E+0	4.028800E+4
1.062000E-2	0.000000E+0	4.023100E+4
1.064000E-2	0.000000E+0	4.039200E+4
1.066000E-2	0.000000E+0	4.007200E+4
1.068000E-2	0.000000E+0	4.015100E+4
1.070000E-2	0.000000E+0	4.009700E+4
1.072000E-2	0.000000E+0	4.046300E+4
1.074000E-2	0.000000E+0	4.033100E+4
1.076000E-2	0.000000E+0	4.054400E+4
1.078000E-2	0.000000E+0	4.024800E+4
1.080000E-2	0.000000E+0	4.031300E+4
1.082000E-2	0.000000E+0	4.023300E+4
1.084000E-2	0.000000E+0	4.001700E+4
1.086000E-2	0.000000E+0	4.016900E+4
1.088000E-2	0.000000E+0	4.051200E+4
1.090000E-2	0.000000E+0	4.057400E+4
1.092000E-2	0.000000E+0	4.037500E+4
1.094000E-2	0.000000E+0	4.012200E+4
1.096000E-2	0.000000E+0	4.065100E+4
1.098000E-2	0.000000E+0	4.066200E+4
1.100000E-2	0.000000E+0	4.063400E+4
1.102000E-2	0.000000E+0	4.045900E+4
1.104000E-2	0.000000E+0	4.029900E+4
1.106000E-2	0.000000E+0	4.042500E+4
1.108000E-2	0.000000E+0	4.006700E+4
1.110000E-2	0.000000E+0	4.064100E+4
1.112000E-2	0.000000E+0	4.007600E+4
1.114000E-2	0.000000E+0	4.020500E+4
1.116000E-2	0.000000E+0	4.034100E+4
1.118000E-2	0.000000E+0	4.041700E+4
1.120000E-2	0.000000E+0	4.036300E+4
1.122000E-2	0.000000E+0	4.039100E+4
1.124000E-2	0.000000E+0	4.007200E+4
1.126000E-2	0.000000E+0	4.034100E+4
1.128000E-2	0.000000E+0	4.026700E+4
1.130000E-2	0.000000E+0	4.036400E+4
1.132000E-2	0.000000E+0	4.078600E+4
1.134000E-2	0.000000E+0	4.013200E+4
1.136000E-2	0.000000E+0	4.008100E+4
1.138000E-2	0.000000E+0	4.008000E+4
1.140000E-2	0.000000E+0	4.044700E+4
1.142000E-2	0.000000E+0	4.039800E+4
1.144000E-2	0.000000E+0	4.055800E+4
1.146000E-2	0.000000E+0	4.026600E+4
1.148000E-2	0.000000E+0	4.050900E+4
1.150000E-2	0.000000E+0	4.064500E+4
1.152000E-2	0.000000E+0	4.036700E+4
1.154000E-2	0.000000E+0	4.028000E+4
1.156000E-2	0.000000E+0	4.011000E+4
1.158000E-2	0.000000E+0	4.014800E+4
1.160000E-2	0.000000E+0	4.021400E+4
1.162000E-2	0.000000E+0	4.029100E+4
1.164000E-2	0.000000E+0	4.023400E+4
1.166000E-2	0.000000E+0	4.064800E+4
1.168000E-2	0.000000E+0	4.041500E+4
1.170000E-2	0.000000E+0	4.054000E+4
1.172000E-2	0.000000E+0	4.064100E+4
1.174000E-2	0.000000E+0	4.040000E+4
1.176000E-2	0.000000E+0	4.001500E+4
1.178000E-2	0.000000E+0	4.061500E+4
1.180000E-2	0.000000E+0	4.012800E+4
1.182000E-2	0.000000E+0	4.019600E+4
1.184000E-2	0.000000E+0	4.008700E+4
1.186000E-2	0.000000E+0	4.059500E+4
1.188000E-2	0.000000E+0	4.022000E+4
1.190000E-2	0.000000E+0	4.018500E+4
1.192000E-2	0.000000E+0	4.024600E+4
1.194000E-2	0.000000E+0	4.070500E+4
1.196000E-2	0.000000E+0	4.037100E+4
1.198000E-2	0.000000E+0	4.038500E+4
1.200000E-2	0.000000E+0	4.015300E+4
1.202000E-2	0.000000E+0	4.016700E+4
1.204000E-2	0.000000E+0	4.047700E+4
1.206000E-2	0.000000E+0	4.043500E+4
1.208000E-2	0.000000E+0	4.006400E+4
1.210000E-2	0.000000E+0	4.017600E+4
1.212000E-2	0.000000E+0	4.003000E+4
1.214000E-2	0.000000E+0	4.024000E+4
1.216000E-2	0.000000E+0	4.024200E+4
1.218000E-2	0.000000E+0	4.013400E+4
1.220000E-2	0.000000E+0	4.050200E+4
1.222000E-2	0.000000E+0	4.035400E+4
1.224000E-2	0.000000E+0	4.010000E+4
1.226000E-2	0.000000E+0	4.028400E+4
1.228000E-2	0.000000E+0	4.038000E+4
1.230000E-2	0.000000E+0	4.044100E+4
1.232000E-2	0.000000E+0	4.039700E+4
1.234000E-2	0.000000E+0	4.027500E+4
1.236000E-2	0.000000E+0	4.058400E+4
1.238000E-2	0.000000E+0	4.074800E+4
1.240000E-2	0.000000E+0	4.028200E+4
1.242000E-2	0.000000E+0	3.997400E+4
1.244000E-2	0.000000E+0	4.015100E+4
1.246000E-2	0.000000E+0	4.018800E+4
1.248000E-2	0.000000E+0	4.058900E+4
1.250000E-2	0.000000E+0	4.060900E+4
1.252000E-2	0.000000E+0	4.080500E+4
1.254000E-2	0.000000E+0	4.046800E+4
1.256000E-2	0.000000E+0	4.047700E+4
1.258000E-2	0.000000E+0	4.013100E+4
1.260000E-2	0.000000E+0	4.005700E+4
1.262000E-2	0.000000E+0	3.988600E+4
1.264000E-2	0.000000E+0	4.022000E+4
1.266000E-2	0.000000E+0	4.037900E+4
1.268000E-2	0.000000E+0	4.027700E+4
1.270000E-2	0.000000E+0	4.010100E+4
1.272000E-2	0.000000E+0	4.051000E+4
1.274000E-2	0.000000E+0	4.029700E+4
1.276000E-2	0.000000E+0	4.020700E+4
1.278000E-2	0.000000E+0	4.019300E+4
1.280000E-2	0.000000E+0	4.028900E+4
1.282000E-2	0.000000E+0	4.039500E+4
1.284000E-2	0.000000E+0	4.017600E+4
1.286000E-2	0.000000E+0	4.015800E+4
1.288000E-2	0.000000E+0	4.031900E+4
1.290000E-2	0.000000E+0	4.019100E+4
1.292000E-2	0.000000E+0	4.018600E+4
1.294000E-2	0.000000E+0	4.063100E+4
1.296000E-2	0.000000E+0	4.029100E+4
1.298000E-2	0.000000E+0	4.035500E+4
1.300000E-2	0.000000E+0	3.984100E+4
1.302000E-2	0.000000E+0	4.006500E+4
1.304000E-2	0.000000E+0	4.005200E+4
1.306000E-2	0.000000E+0	4.029700E+4
1.308000E-2	0.000000E+0	4.040700E+4
1.310000E-2	0.000000E+0	4.014000E+4
1.312000E-2	0.000000E+0	4.017600E+4
1.314000E-2	0.000000E+0	3.997100E+4
1.316000E-2	0.000000E+0	4.013000E+4
1.318000E-2	0.000000E+0	4.054300E+4
1.320000E-2	0.000000E+0	3.992300E+4
1.322000E-2	0.000000E+0	4.040000E+4
1.324000E-2	0.000000E+0	3.990400E+4
1.326000E-2	0.000000E+0	4.016600E+4
1.328000E-2	0.000000E+0	4.034200E+4
1.330000E-2	0.000000E+0	4.061400E+4
1.332000E-2	0.000000E+0	4.035600E+4
1.334000E-2	0.000000E+0	4.013800E+4
1.336000E-2	0.000000E+0	4.063300E+4
1.338000E-2	0.000000E+0	4.021900E+4
1.340000E-2	0.000000E+0	4.025000E+4
1.342000E-2	0.000000E+0	4.058600E+4
1.344000E-2	0.000000E+0	4.035400E+4
1.346000E-2	0.000000E+0	4.006000E+4
1.348000E-2	0.000000E+0	4.034500E+4
1.350000E-2	0.000000E+0	4.041000E+4
1.352000E-2	0.000000E+0	4.009500E+4
1.354000E-2	0.000000E+0	3.999100E+4
1.356000E-2	0.000000E+0	4.027200E+4
1.358000E-2	0.000000E+0	4.018400E+4
1.360000E-2	0.000000E+0	4.024700E+4
1.362000E-2	0.000000E+0	4.000500E+4
1.364000E-2	0.000000E+0	3.970800E+4
1.366000E-2	0.000000E+0	3.982000E+4
1.368000E-2	0.000000E+0	3.982700E+4
1.370000E-2	0.000000E+0	4.028600E+4
1.372000E-2	0.000000E+0	3.992300E+4
1.374000E-2	0.000000E+0	4.036500E+4
1.376000E-2	0.000000E+0	3.997800E+4
1.378000E-2	0.000000E+0	3.992500E+4
1.380000E-2	0.000000E+0	3.999000E+4
1.382000E-2	0.000000E+0	4.000500E+4
1.384000E-2	0.000000E+0	3.999800E+4
1.386000E-2	0.000000E+0	3.992500E+4
1.388000E-2	0.000000E+0	4.009300E+4
1.390000E-2	0.000000E+0	3.975400E+4
1.392000E-2	0.000000E+0	3.993400E+4
1.394000E-2	0.000000E+0	4.010500E+4
1.396000E-2	0.000000E+0	3.976800E+4
1.398000E-2	0.000000E+0	3.980100E+4
1.400000E-2	0.000000E+0	3.990000E+4
1.402000E-2	0.000000E+0	3.950100E+4
1.404000E-2	0.000000E+0	4.003800E+4
1.406000E-2	0.000000E+0	3.999500E+4
1.408000E-2	0.000000E+0	4.008100E+4
1.410000E-2	0.000000E+0	3.938500E+4
1.412000E-2	0.000000E+0	3.911100E+4
1.414000E-2	0.000000E+0	3.963200E+4
1.416000E-2	0.000000E+0	3.940400E+4
1.418000E-2	0.000000E+0	3.962700E+4
1.420000E-2	0.000000E+0	3.930100E+4
1.422000E-2	0.000000E+0	3.923000E+4
1.424000E-2	0.000000E+0	3.950200E+4
1.426000E-2	0.000000E+0	3.905700E+4
1.428000E-2	0.000000E+0	3.919000E+4
1.430000E-2	0.000000E+0	3.925900E+4
1.432000E-2	0.000000E+0	3.893200E+4
1.434000E-2	0.000000E+0	3.900500E+4
1.436000E-2	0.000000E+0	3.918200E+4
1.438000E-2	0.000000E+0	3.898500E+4
1.440000E-2	0.000000E+0	3.896300E+4
1.442000E-2	0.000000E+0	3.898700E+4
1.444000E-2	0.000000E+0	3.899700E+4
1.446000E-2	0.000000E+0	3.855100E+4
1.448000E-2	0.000000E+0	3.831200E+4
1.450000E-2	0.000000E+0	3.848900E+4
1.452000E-2	0.000000E+0	3.862200E+4
1.454000E-2	0.000000E+0	3.819700E+4
1.456000E-2	0.000000E+0	3.780900E+4
1.458000E-2	0.000000E+0	3.803100E+4
1.460000E-2	0.000000E+0	3.789200E+4
1.462000E-2	0.000000E+0	3.738500E+4
1.464000E-2	0.000000E+0	3.692900E+4
1.466000E-2	0.000000E+0	3.738600E+4
1.468000E-2	0.000000E+0	3.717200E+4
1.470000E-2	0.000000E+0	3.692000E+4
1.472000E-2	0.000000E+0	3.619900E+4
1.474000E-2	0.000000E+0	3.623600E+4
1.476000E-2	0.000000E+0	3.607200E+4
1.478000E-2	0.000000E+0	3.548100E+4
1.480000E-2	0.000000E+0	3.526700E+4
1.482000E-2	0.000000E+0	3.512600E+4
1.484000E-2	0.000000E+0	3.453600E+4
1.486000E-2	0.000000E+0	3.426300E+4
1.488000E-2	0.000000E+0	3.384500E+4
1.490000E-2	0.000000E+0	3.402600E+4
1.492000E-2	0.000000E+0	3.332800E+4
1.494000E-2	0.000000E+0	3.308300E+4
1.496000E-2	0.000000E+0	3.310600E+4
1.498000E-2	0.000000E+0	3.257400E+4
1.500000E-2	0.000000E+0	3.264900E+4
1.502000E-2	0.000000E+0	3.298900E+4
1.504000E-2	0.000000E+0	3.305800E+4
1.506000E-2	0.000000E+0	3.283800E+4
1.508000E-2	0.000000E+0	3.296100E+4
1.510000E-2	0.000000E+0	3.316000E+4
1.512000E-2	0.000000E+0	3.332300E+4
1.514000E-2	0.000000E+0	3.394200E+4
1.516000E-2	0.000000E+0	3.393500E+4
1.518000E-2	0.000000E+0	3.386400E+4
1.520000E-2	0.000000E+0	3.468800E+4
1.522000E-2	0.000000E+0	3.456500E+4
1.524000E-2	0.000000E+0	3.484900E+4
1.526000E-2	0.000000E+0	3.510000E+4
1.528000E-2	0.000000E+0	3.557000E+4
1.530000E-2	0.000000E+0	3.573600E+4
1.532000E-2	0.000000E+0	3.597100E+4
1.534000E-2	0.000000E+0	3.612800E+4
1.536000E-2	0.000000E+0	3.641800E+4
1.538000E-2	0.000000E+0	3.694700E+4
1.540000E-2	0.000000E+0	3.669400E+4
1.542000E-2	0.000000E+0	3.740300E+4
1.544000E-2	0.000000E+0	3.723900E+4
1.546000E-2	0.000000E+0	3.797700E+4
1.548000E-2	0.000000E+0	3.767400E+4
1.550000E-2	0.000000E+0	3.785800E+4
1.552000E-2	0.000000E+0	3.807200E+4
1.554000E-2	0.000000E+0	3.831600E+4
1.556000E-2	0.000000E+0	3.824800E+4
1.558000E-2	0.000000E+0	3.887800E+4
1.560000E-2	0.000000E+0	3.887400E+4
1.562000E-2	0.000000E+0	3.926500E+4
1.564000E-2	0.000000E+0	3.889500E+4
1.566000E-2	0.000000E+0	3.935800E+4
1.568000E-2	0.000000E+0	3.898000E+4
1.570000E-2	0.000000E+0	3.938700E+4
1.572000E-2	0.000000E+0	3.911500E+4
1.574000E-2	0.000000E+0	3.945300E+4
1.576000E-2	0.000000E+0	3.953400E+4
1.578000E-2	0.000000E+0	3.966200E+4
1.580000E-2	0.000000E+0	3.934200E+4
1.582000E-2	0.000000E+0	3.946900E+4
1.584000E-2	0.000000E+0	3.956100E+4
1.586000E-2	0.000000E+0	3.997500E+4
1.588000E-2	0.000000E+0	3.958000E+4
1.590000E-2	0.000000E+0	3.989500E+4
1.592000E-2	0.000000E+0	3.950700E+4
1.594000E-2	0.000000E+0	3.993100E+4
1.596000E-2	0.000000E+0	4.002600E+4
1.598000E-2	0.000000E+0	3.984900E+4
1.600000E-2	0.000000E+0	3.993200E+4
1.602000E-2	0.000000E+0	3.966700E+4
1.604000E-2	0.000000E+0	3.986100E+4
1.606000E-2	0.000000E+0	3.986000E+4
1.608000E-2	0.000000E+0	4.003600E+4
1.610000E-2	0.000000E+0	3.986700E+4
1.612000E-2	0.000000E+0	4.011500E+4
1.614000E-2	0.000000E+0	3.997100E+4
1.616000E-2	0.000000E+0	4.005800E+4
1.618000E-2	0.000000E+0	4.042900E+4
1.620000E-2	0.000000E+0	3.997100E+4
1.622000E-2	0.000000E+0	3.983000E+4
1.624000E-2	0.000000E+0	4.002100E+4
1.626000E-2	0.000000E+0	4.002000E+4
1.628000E-2	0.000000E+0	4.028300E+4
1.630000E-2	0.000000E+0	4.033600E+4
1.632000E-2	0.000000E+0	3.998100E+4
1.634000E-2	0.000000E+0	3.984300E+4
1.636000E-2	0.000000E+0	4.018900E+4
1.638000E-2	0.000000E+0	4.028700E+4
1.640000E-2	0.000000E+0	4.027700E+4
1.642000E-2	0.000000E+0	3.989400E+4
1.644000E-2	0.000000E+0	4.022900E+4
1.646000E-2	0.000000E+0	4.016300E+4
1.648000E-2	0.000000E+0	4.004900E+4
1.650000E-2	0.000000E+0	4.032100E+4
1.652000E-2	0.000000E+0	4.014900E+4
1.654000E-2	0.000000E+0	4.004500E+4
1.656000E-2	0.000000E+0	4.026500E+4
1.658000E-2	0.000000E+0	4.024500E+4
1.660000E-2	0.000000E+0	4.015600E+4
1.662000E-2	0.000000E+0	4.010200E+4
1.664000E-2	0.000000E+0	4.020400E+4
1.666000E-2	0.000000E+0	4.008400E+4
1.668000E-2	0.000000E+0	4.001800E+4
1.670000E-2	0.000000E+0	4.015200E+4
1.672000E-2	0.000000E+0	4.022300E+4
1.674000E-2	0.000000E+0	4.022400E+4
1.676000E-2	0.000000E+0	4.005600E+4
1.678000E-2	0.000000E+0	3.996500E+4
1.680000E-2	0.000000E+0	4.028400E+4
1.682000E-2	0.000000E+0	4.042800E+4
1.684000E-2	0.000000E+0	3.995200E+4
1.686000E-2	0.000000E+0	4.002700E+4
1.688000E-2	0.000000E+0	4.020300E+4
1.690000E-2	0.000000E+0	4.018300E+4
1.692000E-2	0.000000E+0	3.982200E+4
1.694000E-2	0.000000E+0	4.034200E+4
1.696000E-2	0.000000E+0	4.015400E+4
1.698000E-2	0.000000E+0	3.994900E+4
1.700000E-2	0.000000E+0	4.019100E+4
1.702000E-2	0.000000E+0	4.023700E+4
1.704000E-2	0.000000E+0	4.001300E+4
1.706000E-2	0.000000E+0	4.051000E+4
1.708000E-2	0.000000E+0	3.978800E+4
1.710000E-2	0.000000E+0	4.008600E+4
1.712000E-2	0.000000E+0	4.004800E+4
1.714000E-2	0.000000E+0	3.994000E+4
1.716000E-2	0.000000E+0	4.018300E+4
1.718000E-2	0.000000E+0	4.006200E+4
1.720000E-2	0.000000E+0	4.023500E+4
1.722000E-2	0.000000E+0	4.009100E+4
1.724000E-2	0.000000E+0	4.025600E+4
1.726000E-2	0.000000E+0	4.030300E+4
1.728000E-2	0.000000E+0	4.024700E+4
1.730000E-2	0.000000E+0	4.032900E+4
1.732000E-2	0.000000E+0	3.962500E+4
1.734000E-2	0.000000E+0	3.999500E+4
1.736000E-2	0.000000E+0	3.998600E+4
1.738000E-2	0.000000E+0	3.964000E+4
1.740000E-2	0.000000E+0	4.002000E+4
1.742000E-2	0.000000E+0	4.011700E+4
1.744000E-2	0.000000E+0	4.023100E+4
1.746000E-2	0.000000E+0	3.966400E+4
1.748000E-2	0.000000E+0	4.016200E+4
1.750000E-2	0.000000E+0	3.993500E+4
1.752000E-2	0.000000E+0	3.982500E+4
1.754000E-2	0.000000E+0	4.017800E+4
1.756000E-2	0.000000E+0	3.990900E+4
1.758000E-2	0.000000E+0	3.991700E+4
1.760000E-2	0.000000E+0	4.005500E+4
1.762000E-2	0.000000E+0	4.002900E+4
1.764000E-2	0.000000E+0	4.022700E+4
1.766000E-2	0.000000E+0	4.009100E+4
1.768000E-2	0.000000E+0	3.994100E+4
1.770000E-2	0.000000E+0	3.975700E+4
1.772000E-2	0.000000E+0	3.979300E+4
1.774000E-2	0.000000E+0	3.986700E+4
1.776000E-2	0.000000E+0	3.974200E+4
1.778000E-2	0.000000E+0	4.005800E+4
1.780000E-2	0.000000E+0	3.989800E+4
1.782000E-2	0.000000E+0	3.989300E+4
1.784000E-2	0.000000E+0	3.934900E+4
1.786000E-2	0.000000E+0	3.988800E+4
1.788000E-2	0.000000E+0	3.925800E+4
1.790000E-2	0.000000E+0	3.952600E+4
1.792000E-2	0.000000E+0	3.952600E+4
1.794000E-2	0.000000E+0	3.965200E+4
1.796000E-2	0.000000E+0	3.935600E+4
1.798000E-2	0.000000E+0	3.953000E+4
1.800000E-2	0.000000E+0	3.923800E+4
1.802000E-2	0.000000E+0	3.946400E+4
1.804000E-2	0.000000E+0	3.918000E+4
1.806000E-2	0.000000E+0	3.880300E+4
1.808000E-2	0.000000E+0	3.888400E+4
1.810000E-2	0.000000E+0	3.935800E+4
1.812000E-2	0.000000E+0	3.853700E+4
1.814000E-2	0.000000E+0	3.842600E+4
1.816000E-2	0.000000E+0	3.851700E+4
1.818000E-2	0.000000E+0	3.811500E+4
1.820000E-2	0.000000E+0	3.816800E+4
1.822000E-2	0.000000E+0	3.795300E+4
1.824000E-2	0.000000E+0	3.761200E+4
1.826000E-2	0.000000E+0	3.740800E+4
1.828000E-2	0.000000E+0	3.693100E+4
1.830000E-2	0.000000E+0	3.680300E+4
1.832000E-2	0.000000E+0	3.677100E+4
1.834000E-2	0.000000E+0	3.624500E+4
1.836000E-2	0.000000E+0	3.602800E+4
1.838000E-2	0.000000E+0	3.570400E+4
1.840000E-2	0.000000E+0	3.563300E+4
1.842000E-2	0.000000E+0	3.487900E+4
1.844000E-2	0.000000E+0	3.483100E+4
1.846000E-2	0.000000E+0	3.435100E+4
1.848000E-2	0.000000E+0	3.433800E+4
1.850000E-2	0.000000E+0	3.362900E+4
1.852000E-2	0.000000E+0	3.323400E+4
1.854000E-2	0.000000E+0	3.302400E+4
1.856000E-2	0.000000E+0	3.289600E+4
1.858000E-2	0.000000E+0	3.258500E+4
1.860000E-2	0.000000E+0	3.256800E+4
1.862000E-2	0.000000E+0	3.225400E+4
1.864000E-2	0.000000E+0	3.268300E+4
1.866000E-2	0.000000E+0	3.290800E+4
1.868000E-2	0.000000E+0	3.257800E+4
1.870000E-2	0.000000E+0	3.294400E+4
1.872000E-2	0.000000E+0	3.347800E+4
1.874000E-2	0.000000E+0	3.373300E+4
1.876000E-2	0.000000E+0	3.393200E+4
1.878000E-2	0.000000E+0	3.426200E+4
1.880000E-2	0.000000E+0	3.477600E+4
1.882000E-2	0.000000E+0	3.502800E+4
1.884000E-2	0.000000E+0	3.538600E+4
1.886000E-2	0.000000E+0	3.594900E+4
1.888000E-2	0.000000E+0	3.599600E+4
1.890000E-2	0.000000E+0	3.644500E+4
1.892000E-2	0.000000E+0	3.640900E+4
1.894000E-2	0.000000E+0	3.723100E+4
1.896000E-2	0.000000E+0	3.717900E+4
1.898000E-2	0.000000E+0	3.739000E+4
1.900000E-2	0.000000E+0	3.784900E+4
1.902000E-2	0.000000E+0	3.792500E+4
1.904000E-2	0.000000E+0	3.829400E+4
1.906000E-2	0.000000E+0	3.780100E+4
1.908000E-2	0.000000E+0	3.833600E+4
1.910000E-2	0.000000E+0	3.816600E+4
1.912000E-2	0.000000E+0	3.851200E+4
1.914000E-2	0.000000E+0	3.867500E+4
1.916000E-2	0.000000E+0	3.837500E+4
1.918000E-2	0.000000E+0	3.888500E+4
1.920000E-2	0.000000E+0	3.937300E+4
1.922000E-2	0.000000E+0	3.905500E+4
1.924000E-2	0.000000E+0	3.902700E+4
1.926000E-2	0.000000E+0	3.933800E+4
1.928000E-2	0.000000E+0	3.920600E+4
1.930000E-2	0.000000E+0	3.933000E+4
1.932000E-2	0.000000E+0	3.933400E+4
1.934000E-2	0.000000E+0	3.991500E+4
1.936000E-2	0.000000E+0	3.970300E+4
1.938000E-2	0.000000E+0	3.969200E+4
1.940000E-2	0.000000E+0	3.961900E+4
1.942000E-2	0.000000E+0	3.952700E+4
1.944000E-2	0.000000E+0	3.954400E+4
1.946000E-2	0.000000E+0	3.948000E+4
1.948000E-2	0.000000E+0	4.000900E+4
1.950000E-2	0.000000E+0	3.989400E+4
1.952000E-2	0.000000E+0	3.969000E+4
1.954000E-2	0.000000E+0	3.993300E+4
1.956000E-2	0.000000E+0	3.982300E+4
1.958000E-2	0.000000E+0	4.020900E+4
1.960000E-2	0.000000E+0	4.000100E+4
1.962000E-2	0.000000E+0	3.981300E+4
1.964000E-2	0.000000E+0	4.004200E+4
1.966000E-2	0.000000E+0	3.953900E+4
1.968000E-2	0.000000E+0	4.013400E+4
1.970000E-2	0.000000E+0	4.045800E+4
1.972000E-2	0.000000E+0	3.980100E+4
1.974000E-2	0.000000E+0	3.996500E+4
1.976000E-2	0.000000E+0	4.024800E+4
1.978000E-2	0.000000E+0	4.012300E+4
1.980000E-2	0.000000E+0	4.023800E+4
1.982000E-2	0.000000E+0	4.053900E+4
1.984000E-2	0.000000E+0	4.046400E+4
1.986000E-2	0.000000E+0	4.023000E+4
1.988000E-2	0.000000E+0	3.993300E+4
1.990000E-2	0.000000E+0	4.059300E+4
1.992000E-2	0.000000E+0	4.016000E+4
1.994000E-2	0.000000E+0	4.052000E+4
1.996000E-2	0.000000E+0	3.975700E+4
1.998000E-2	0.000000E+0	3.999500E+4
