

live time:  34163.700000
real time:  39601.549000
sweeps:  1708185.000000
0.000000E+0	0.000000E+0	0.000000E+0
2.000000E-5	0.000000E+0	4.397500E+4
4.000000E-5	0.000000E+0	4.416500E+4
6.000000E-5	0.000000E+0	4.409600E+4
8.000000E-5	0.000000E+0	4.462800E+4
1.000000E-4	0.000000E+0	4.415300E+4
1.200000E-4	0.000000E+0	4.448400E+4
1.400000E-4	0.000000E+0	4.424900E+4
1.600000E-4	0.000000E+0	4.414100E+4
1.800000E-4	0.000000E+0	4.437400E+4
2.000000E-4	0.000000E+0	4.410700E+4
2.200000E-4	0.000000E+0	4.405100E+4
2.400000E-4	0.000000E+0	4.441200E+4
2.600000E-4	0.000000E+0	4.398500E+4
2.800000E-4	0.000000E+0	4.437200E+4
3.000000E-4	0.000000E+0	4.423300E+4
3.200000E-4	0.000000E+0	4.434600E+4
3.400000E-4	0.000000E+0	4.415400E+4
3.600000E-4	0.000000E+0	4.422900E+4
3.800000E-4	0.000000E+0	4.446100E+4
4.000000E-4	0.000000E+0	4.420700E+4
4.200000E-4	0.000000E+0	4.418100E+4
4.400000E-4	0.000000E+0	4.433900E+4
4.600000E-4	0.000000E+0	4.439400E+4
4.800000E-4	0.000000E+0	4.429700E+4
5.000000E-4	0.000000E+0	4.411300E+4
5.200000E-4	0.000000E+0	4.412400E+4
5.400000E-4	0.000000E+0	4.419500E+4
5.600000E-4	0.000000E+0	4.449100E+4
5.800000E-4	0.000000E+0	4.427400E+4
6.000000E-4	0.000000E+0	4.434100E+4
6.200000E-4	0.000000E+0	4.469700E+4
6.400000E-4	0.000000E+0	4.420800E+4
6.600000E-4	0.000000E+0	4.415800E+4
6.800000E-4	0.000000E+0	4.442200E+4
7.000000E-4	0.000000E+0	4.437500E+4
7.200000E-4	0.000000E+0	4.431300E+4
7.400000E-4	0.000000E+0	4.443400E+4
7.600000E-4	0.000000E+0	4.422500E+4
7.800000E-4	0.000000E+0	4.474000E+4
8.000000E-4	0.000000E+0	4.406900E+4
8.200000E-4	0.000000E+0	4.457200E+4
8.400000E-4	0.000000E+0	4.433000E+4
8.600000E-4	0.000000E+0	4.453100E+4
8.800000E-4	0.000000E+0	4.417000E+4
9.000000E-4	0.000000E+0	4.450600E+4
9.200000E-4	0.000000E+0	4.456100E+4
9.400000E-4	0.000000E+0	4.418900E+4
9.600000E-4	0.000000E+0	4.415100E+4
9.800000E-4	0.000000E+0	4.462400E+4
1.000000E-3	0.000000E+0	4.400300E+4
1.020000E-3	0.000000E+0	4.424300E+4
1.040000E-3	0.000000E+0	4.433700E+4
1.060000E-3	0.000000E+0	4.426800E+4
1.080000E-3	0.000000E+0	4.448300E+4
1.100000E-3	0.000000E+0	4.450600E+4
1.120000E-3	0.000000E+0	4.463900E+4
1.140000E-3	0.000000E+0	4.412400E+4
1.160000E-3	0.000000E+0	4.447000E+4
1.180000E-3	0.000000E+0	4.436100E+4
1.200000E-3	0.000000E+0	4.460500E+4
1.220000E-3	0.000000E+0	4.420400E+4
1.240000E-3	0.000000E+0	4.454500E+4
1.260000E-3	0.000000E+0	4.425800E+4
1.280000E-3	0.000000E+0	4.430400E+4
1.300000E-3	0.000000E+0	4.397600E+4
1.320000E-3	0.000000E+0	4.428900E+4
1.340000E-3	0.000000E+0	4.434900E+4
1.360000E-3	0.000000E+0	4.468300E+4
1.380000E-3	0.000000E+0	4.459000E+4
1.400000E-3	0.000000E+0	4.394900E+4
1.420000E-3	0.000000E+0	4.453000E+4
1.440000E-3	0.000000E+0	4.457000E+4
1.460000E-3	0.000000E+0	4.481800E+4
1.480000E-3	0.000000E+0	4.441900E+4
1.500000E-3	0.000000E+0	4.403900E+4
1.520000E-3	0.000000E+0	4.444300E+4
1.540000E-3	0.000000E+0	4.439500E+4
1.560000E-3	0.000000E+0	4.497100E+4
1.580000E-3	0.000000E+0	4.466600E+4
1.600000E-3	0.000000E+0	4.454600E+4
1.620000E-3	0.000000E+0	4.438300E+4
1.640000E-3	0.000000E+0	4.445600E+4
1.660000E-3	0.000000E+0	4.435500E+4
1.680000E-3	0.000000E+0	4.423800E+4
1.700000E-3	0.000000E+0	4.416700E+4
1.720000E-3	0.000000E+0	4.444700E+4
1.740000E-3	0.000000E+0	4.429000E+4
1.760000E-3	0.000000E+0	4.442600E+4
1.780000E-3	0.000000E+0	4.423200E+4
1.800000E-3	0.000000E+0	4.432900E+4
1.820000E-3	0.000000E+0	4.427200E+4
1.840000E-3	0.000000E+0	4.399200E+4
1.860000E-3	0.000000E+0	4.435600E+4
1.880000E-3	0.000000E+0	4.451700E+4
1.900000E-3	0.000000E+0	4.436500E+4
1.920000E-3	0.000000E+0	4.426700E+4
1.940000E-3	0.000000E+0	4.442200E+4
1.960000E-3	0.000000E+0	4.423300E+4
1.980000E-3	0.000000E+0	4.438800E+4
2.000000E-3	0.000000E+0	4.462500E+4
2.020000E-3	0.000000E+0	4.470200E+4
2.040000E-3	0.000000E+0	4.440000E+4
2.060000E-3	0.000000E+0	4.423000E+4
2.080000E-3	0.000000E+0	4.433700E+4
2.100000E-3	0.000000E+0	4.424300E+4
2.120000E-3	0.000000E+0	4.420800E+4
2.140000E-3	0.000000E+0	4.405900E+4
2.160000E-3	0.000000E+0	4.424200E+4
2.180000E-3	0.000000E+0	4.460200E+4
2.200000E-3	0.000000E+0	4.420300E+4
2.220000E-3	0.000000E+0	4.454300E+4
2.240000E-3	0.000000E+0	4.394800E+4
2.260000E-3	0.000000E+0	4.425300E+4
2.280000E-3	0.000000E+0	4.453300E+4
2.300000E-3	0.000000E+0	4.464800E+4
2.320000E-3	0.000000E+0	4.449200E+4
2.340000E-3	0.000000E+0	4.435400E+4
2.360000E-3	0.000000E+0	4.445400E+4
2.380000E-3	0.000000E+0	4.436800E+4
2.400000E-3	0.000000E+0	4.427100E+4
2.420000E-3	0.000000E+0	4.439700E+4
2.440000E-3	0.000000E+0	4.437300E+4
2.460000E-3	0.000000E+0	4.434400E+4
2.480000E-3	0.000000E+0	4.463900E+4
2.500000E-3	0.000000E+0	4.439400E+4
2.520000E-3	0.000000E+0	4.436700E+4
2.540000E-3	0.000000E+0	4.409500E+4
2.560000E-3	0.000000E+0	4.432400E+4
2.580000E-3	0.000000E+0	4.421200E+4
2.600000E-3	0.000000E+0	4.444300E+4
2.620000E-3	0.000000E+0	4.453300E+4
2.640000E-3	0.000000E+0	4.384400E+4
2.660000E-3	0.000000E+0	4.415000E+4
2.680000E-3	0.000000E+0	4.430700E+4
2.700000E-3	0.000000E+0	4.432900E+4
2.720000E-3	0.000000E+0	4.426500E+4
2.740000E-3	0.000000E+0	4.456600E+4
2.760000E-3	0.000000E+0	4.426100E+4
2.780000E-3	0.000000E+0	4.451500E+4
2.800000E-3	0.000000E+0	4.426100E+4
2.820000E-3	0.000000E+0	4.438400E+4
2.840000E-3	0.000000E+0	4.442000E+4
2.860000E-3	0.000000E+0	4.448500E+4
2.880000E-3	0.000000E+0	4.448400E+4
2.900000E-3	0.000000E+0	4.388000E+4
2.920000E-3	0.000000E+0	4.417700E+4
2.940000E-3	0.000000E+0	4.438100E+4
2.960000E-3	0.000000E+0	4.402600E+4
2.980000E-3	0.000000E+0	4.419300E+4
3.000000E-3	0.000000E+0	4.425500E+4
3.020000E-3	0.000000E+0	4.382900E+4
3.040000E-3	0.000000E+0	4.420000E+4
3.060000E-3	0.000000E+0	4.401000E+4
3.080000E-3	0.000000E+0	4.428300E+4
3.100000E-3	0.000000E+0	4.410600E+4
3.120000E-3	0.000000E+0	4.386200E+4
3.140000E-3	0.000000E+0	4.385000E+4
3.160000E-3	0.000000E+0	4.403100E+4
3.180000E-3	0.000000E+0	4.424200E+4
3.200000E-3	0.000000E+0	4.374800E+4
3.220000E-3	0.000000E+0	4.386700E+4
3.240000E-3	0.000000E+0	4.428000E+4
3.260000E-3	0.000000E+0	4.367000E+4
3.280000E-3	0.000000E+0	4.343100E+4
3.300000E-3	0.000000E+0	4.394900E+4
3.320000E-3	0.000000E+0	4.379200E+4
3.340000E-3	0.000000E+0	4.391000E+4
3.360000E-3	0.000000E+0	4.381700E+4
3.380000E-3	0.000000E+0	4.360400E+4
3.400000E-3	0.000000E+0	4.380600E+4
3.420000E-3	0.000000E+0	4.364200E+4
3.440000E-3	0.000000E+0	4.370600E+4
3.460000E-3	0.000000E+0	4.350100E+4
3.480000E-3	0.000000E+0	4.355600E+4
3.500000E-3	0.000000E+0	4.349700E+4
3.520000E-3	0.000000E+0	4.336000E+4
3.540000E-3	0.000000E+0	4.322200E+4
3.560000E-3	0.000000E+0	4.341100E+4
3.580000E-3	0.000000E+0	4.337300E+4
3.600000E-3	0.000000E+0	4.334700E+4
3.620000E-3	0.000000E+0	4.351200E+4
3.640000E-3	0.000000E+0	4.328900E+4
3.660000E-3	0.000000E+0	4.314600E+4
3.680000E-3	0.000000E+0	4.328400E+4
3.700000E-3	0.000000E+0	4.293300E+4
3.720000E-3	0.000000E+0	4.285000E+4
3.740000E-3	0.000000E+0	4.288400E+4
3.760000E-3	0.000000E+0	4.262400E+4
3.780000E-3	0.000000E+0	4.219800E+4
3.800000E-3	0.000000E+0	4.208700E+4
3.820000E-3	0.000000E+0	4.267200E+4
3.840000E-3	0.000000E+0	4.202200E+4
3.860000E-3	0.000000E+0	4.117400E+4
3.880000E-3	0.000000E+0	4.125400E+4
3.900000E-3	0.000000E+0	4.113700E+4
3.920000E-3	0.000000E+0	4.073400E+4
3.940000E-3	0.000000E+0	4.067000E+4
3.960000E-3	0.000000E+0	4.053100E+4
3.980000E-3	0.000000E+0	3.997500E+4
4.000000E-3	0.000000E+0	3.996400E+4
4.020000E-3	0.000000E+0	3.935700E+4
4.040000E-3	0.000000E+0	3.918300E+4
4.060000E-3	0.000000E+0	3.888900E+4
4.080000E-3	0.000000E+0	3.846800E+4
4.100000E-3	0.000000E+0	3.850000E+4
4.120000E-3	0.000000E+0	3.779500E+4
4.140000E-3	0.000000E+0	3.733600E+4
4.160000E-3	0.000000E+0	3.693600E+4
4.180000E-3	0.000000E+0	3.676500E+4
4.200000E-3	0.000000E+0	3.601500E+4
4.220000E-3	0.000000E+0	3.640000E+4
4.240000E-3	0.000000E+0	3.590900E+4
4.260000E-3	0.000000E+0	3.568900E+4
4.280000E-3	0.000000E+0	3.583800E+4
4.300000E-3	0.000000E+0	3.581200E+4
4.320000E-3	0.000000E+0	3.596600E+4
4.340000E-3	0.000000E+0	3.619700E+4
4.360000E-3	0.000000E+0	3.677200E+4
4.380000E-3	0.000000E+0	3.691600E+4
4.400000E-3	0.000000E+0	3.725100E+4
4.420000E-3	0.000000E+0	3.727000E+4
4.440000E-3	0.000000E+0	3.751800E+4
4.460000E-3	0.000000E+0	3.828900E+4
4.480000E-3	0.000000E+0	3.889100E+4
4.500000E-3	0.000000E+0	3.917800E+4
4.520000E-3	0.000000E+0	3.974200E+4
4.540000E-3	0.000000E+0	3.959100E+4
4.560000E-3	0.000000E+0	3.991700E+4
4.580000E-3	0.000000E+0	4.044000E+4
4.600000E-3	0.000000E+0	4.063500E+4
4.620000E-3	0.000000E+0	4.118200E+4
4.640000E-3	0.000000E+0	4.085600E+4
4.660000E-3	0.000000E+0	4.156200E+4
4.680000E-3	0.000000E+0	4.170100E+4
4.700000E-3	0.000000E+0	4.192700E+4
4.720000E-3	0.000000E+0	4.228100E+4
4.740000E-3	0.000000E+0	4.212400E+4
4.760000E-3	0.000000E+0	4.232600E+4
4.780000E-3	0.000000E+0	4.237800E+4
4.800000E-3	0.000000E+0	4.255500E+4
4.820000E-3	0.000000E+0	4.275800E+4
4.840000E-3	0.000000E+0	4.301300E+4
4.860000E-3	0.000000E+0	4.322000E+4
4.880000E-3	0.000000E+0	4.252600E+4
4.900000E-3	0.000000E+0	4.316100E+4
4.920000E-3	0.000000E+0	4.347200E+4
4.940000E-3	0.000000E+0	4.351800E+4
4.960000E-3	0.000000E+0	4.358000E+4
4.980000E-3	0.000000E+0	4.360800E+4
5.000000E-3	0.000000E+0	4.396800E+4
5.020000E-3	0.000000E+0	4.359400E+4
5.040000E-3	0.000000E+0	4.351600E+4
5.060000E-3	0.000000E+0	4.372700E+4
5.080000E-3	0.000000E+0	4.333800E+4
5.100000E-3	0.000000E+0	4.391400E+4
5.120000E-3	0.000000E+0	4.388600E+4
5.140000E-3	0.000000E+0	4.391400E+4
5.160000E-3	0.000000E+0	4.394900E+4
5.180000E-3	0.000000E+0	4.416200E+4
5.200000E-3	0.000000E+0	4.414000E+4
5.220000E-3	0.000000E+0	4.379400E+4
5.240000E-3	0.000000E+0	4.372200E+4
5.260000E-3	0.000000E+0	4.386500E+4
5.280000E-3	0.000000E+0	4.394900E+4
5.300000E-3	0.000000E+0	4.353300E+4
5.320000E-3	0.000000E+0	4.385600E+4
5.340000E-3	0.000000E+0	4.433700E+4
5.360000E-3	0.000000E+0	4.409300E+4
5.380000E-3	0.000000E+0	4.402000E+4
5.400000E-3	0.000000E+0	4.425400E+4
5.420000E-3	0.000000E+0	4.377700E+4
5.440000E-3	0.000000E+0	4.388900E+4
5.460000E-3	0.000000E+0	4.414400E+4
5.480000E-3	0.000000E+0	4.398100E+4
5.500000E-3	0.000000E+0	4.376600E+4
5.520000E-3	0.000000E+0	4.444500E+4
5.540000E-3	0.000000E+0	4.438600E+4
5.560000E-3	0.000000E+0	4.414200E+4
5.580000E-3	0.000000E+0	4.458200E+4
5.600000E-3	0.000000E+0	4.385100E+4
5.620000E-3	0.000000E+0	4.387700E+4
5.640000E-3	0.000000E+0	4.422700E+4
5.660000E-3	0.000000E+0	4.407700E+4
5.680000E-3	0.000000E+0	4.425800E+4
5.700000E-3	0.000000E+0	4.400300E+4
5.720000E-3	0.000000E+0	4.421400E+4
5.740000E-3	0.000000E+0	4.452500E+4
5.760000E-3	0.000000E+0	4.432900E+4
5.780000E-3	0.000000E+0	4.427000E+4
5.800000E-3	0.000000E+0	4.399700E+4
5.820000E-3	0.000000E+0	4.433900E+4
5.840000E-3	0.000000E+0	4.430200E+4
5.860000E-3	0.000000E+0	4.406500E+4
5.880000E-3	0.000000E+0	4.371700E+4
5.900000E-3	0.000000E+0	4.426400E+4
5.920000E-3	0.000000E+0	4.424300E+4
5.940000E-3	0.000000E+0	4.395900E+4
5.960000E-3	0.000000E+0	4.404700E+4
5.980000E-3	0.000000E+0	4.430800E+4
6.000000E-3	0.000000E+0	4.438500E+4
6.020000E-3	0.000000E+0	4.401300E+4
6.040000E-3	0.000000E+0	4.441000E+4
6.060000E-3	0.000000E+0	4.413000E+4
6.080000E-3	0.000000E+0	4.438700E+4
6.100000E-3	0.000000E+0	4.398200E+4
6.120000E-3	0.000000E+0	4.407000E+4
6.140000E-3	0.000000E+0	4.435200E+4
6.160000E-3	0.000000E+0	4.408000E+4
6.180000E-3	0.000000E+0	4.376600E+4
6.200000E-3	0.000000E+0	4.435800E+4
6.220000E-3	0.000000E+0	4.409700E+4
6.240000E-3	0.000000E+0	4.413400E+4
6.260000E-3	0.000000E+0	4.406900E+4
6.280000E-3	0.000000E+0	4.437300E+4
6.300000E-3	0.000000E+0	4.425000E+4
6.320000E-3	0.000000E+0	4.434100E+4
6.340000E-3	0.000000E+0	4.421200E+4
6.360000E-3	0.000000E+0	4.432000E+4
6.380000E-3	0.000000E+0	4.406300E+4
6.400000E-3	0.000000E+0	4.382500E+4
6.420000E-3	0.000000E+0	4.384500E+4
6.440000E-3	0.000000E+0	4.463500E+4
6.460000E-3	0.000000E+0	4.420500E+4
6.480000E-3	0.000000E+0	4.423400E+4
6.500000E-3	0.000000E+0	4.407000E+4
6.520000E-3	0.000000E+0	4.423600E+4
6.540000E-3	0.000000E+0	4.428700E+4
6.560000E-3	0.000000E+0	4.426300E+4
6.580000E-3	0.000000E+0	4.394500E+4
6.600000E-3	0.000000E+0	4.376100E+4
6.620000E-3	0.000000E+0	4.368200E+4
6.640000E-3	0.000000E+0	4.415700E+4
6.660000E-3	0.000000E+0	4.417900E+4
6.680000E-3	0.000000E+0	4.392100E+4
6.700000E-3	0.000000E+0	4.427700E+4
6.720000E-3	0.000000E+0	4.429100E+4
6.740000E-3	0.000000E+0	4.392800E+4
6.760000E-3	0.000000E+0	4.384500E+4
6.780000E-3	0.000000E+0	4.399100E+4
6.800000E-3	0.000000E+0	4.400200E+4
6.820000E-3	0.000000E+0	4.387400E+4
6.840000E-3	0.000000E+0	4.378000E+4
6.860000E-3	0.000000E+0	4.422000E+4
6.880000E-3	0.000000E+0	4.398200E+4
6.900000E-3	0.000000E+0	4.402100E+4
6.920000E-3	0.000000E+0	4.380100E+4
6.940000E-3	0.000000E+0	4.364400E+4
6.960000E-3	0.000000E+0	4.333500E+4
6.980000E-3	0.000000E+0	4.365900E+4
7.000000E-3	0.000000E+0	4.374700E+4
7.020000E-3	0.000000E+0	4.339300E+4
7.040000E-3	0.000000E+0	4.374800E+4
7.060000E-3	0.000000E+0	4.360000E+4
7.080000E-3	0.000000E+0	4.308600E+4
7.100000E-3	0.000000E+0	4.350800E+4
7.120000E-3	0.000000E+0	4.322800E+4
7.140000E-3	0.000000E+0	4.351300E+4
7.160000E-3	0.000000E+0	4.315000E+4
7.180000E-3	0.000000E+0	4.317900E+4
7.200000E-3	0.000000E+0	4.293900E+4
7.220000E-3	0.000000E+0	4.337600E+4
7.240000E-3	0.000000E+0	4.316700E+4
7.260000E-3	0.000000E+0	4.256600E+4
7.280000E-3	0.000000E+0	4.290300E+4
7.300000E-3	0.000000E+0	4.296700E+4
7.320000E-3	0.000000E+0	4.226300E+4
7.340000E-3	0.000000E+0	4.243600E+4
7.360000E-3	0.000000E+0	4.206100E+4
7.380000E-3	0.000000E+0	4.190800E+4
7.400000E-3	0.000000E+0	4.142900E+4
7.420000E-3	0.000000E+0	4.197300E+4
7.440000E-3	0.000000E+0	4.200100E+4
7.460000E-3	0.000000E+0	4.114200E+4
7.480000E-3	0.000000E+0	4.115100E+4
7.500000E-3	0.000000E+0	4.117500E+4
7.520000E-3	0.000000E+0	4.073700E+4
7.540000E-3	0.000000E+0	3.997200E+4
7.560000E-3	0.000000E+0	4.000600E+4
7.580000E-3	0.000000E+0	3.944700E+4
7.600000E-3	0.000000E+0	3.938900E+4
7.620000E-3	0.000000E+0	3.907500E+4
7.640000E-3	0.000000E+0	3.855100E+4
7.660000E-3	0.000000E+0	3.842300E+4
7.680000E-3	0.000000E+0	3.798400E+4
7.700000E-3	0.000000E+0	3.756800E+4
7.720000E-3	0.000000E+0	3.742700E+4
7.740000E-3	0.000000E+0	3.729200E+4
7.760000E-3	0.000000E+0	3.716800E+4
7.780000E-3	0.000000E+0	3.659600E+4
7.800000E-3	0.000000E+0	3.606100E+4
7.820000E-3	0.000000E+0	3.608000E+4
7.840000E-3	0.000000E+0	3.610000E+4
7.860000E-3	0.000000E+0	3.604300E+4
7.880000E-3	0.000000E+0	3.587800E+4
7.900000E-3	0.000000E+0	3.595300E+4
7.920000E-3	0.000000E+0	3.600200E+4
7.940000E-3	0.000000E+0	3.615500E+4
7.960000E-3	0.000000E+0	3.631700E+4
7.980000E-3	0.000000E+0	3.693400E+4
8.000000E-3	0.000000E+0	3.704400E+4
8.020000E-3	0.000000E+0	3.705200E+4
8.040000E-3	0.000000E+0	3.733800E+4
8.060000E-3	0.000000E+0	3.816800E+4
8.080000E-3	0.000000E+0	3.867400E+4
8.100000E-3	0.000000E+0	3.915700E+4
8.120000E-3	0.000000E+0	3.902000E+4
8.140000E-3	0.000000E+0	3.928700E+4
8.160000E-3	0.000000E+0	3.985200E+4
8.180000E-3	0.000000E+0	4.009800E+4
8.200000E-3	0.000000E+0	4.044200E+4
8.220000E-3	0.000000E+0	4.048500E+4
8.240000E-3	0.000000E+0	4.099100E+4
8.260000E-3	0.000000E+0	4.125000E+4
8.280000E-3	0.000000E+0	4.127700E+4
8.300000E-3	0.000000E+0	4.127900E+4
8.320000E-3	0.000000E+0	4.139900E+4
8.340000E-3	0.000000E+0	4.173900E+4
8.360000E-3	0.000000E+0	4.188400E+4
8.380000E-3	0.000000E+0	4.210000E+4
8.400000E-3	0.000000E+0	4.244800E+4
8.420000E-3	0.000000E+0	4.225600E+4
8.440000E-3	0.000000E+0	4.274700E+4
8.460000E-3	0.000000E+0	4.246200E+4
8.480000E-3	0.000000E+0	4.306200E+4
8.500000E-3	0.000000E+0	4.282700E+4
8.520000E-3	0.000000E+0	4.307400E+4
8.540000E-3	0.000000E+0	4.300300E+4
8.560000E-3	0.000000E+0	4.306100E+4
8.580000E-3	0.000000E+0	4.317700E+4
8.600000E-3	0.000000E+0	4.330200E+4
8.620000E-3	0.000000E+0	4.332200E+4
8.640000E-3	0.000000E+0	4.348400E+4
8.660000E-3	0.000000E+0	4.336000E+4
8.680000E-3	0.000000E+0	4.349800E+4
8.700000E-3	0.000000E+0	4.372900E+4
8.720000E-3	0.000000E+0	4.345600E+4
8.740000E-3	0.000000E+0	4.354400E+4
8.760000E-3	0.000000E+0	4.364500E+4
8.780000E-3	0.000000E+0	4.331000E+4
8.800000E-3	0.000000E+0	4.402100E+4
8.820000E-3	0.000000E+0	4.368900E+4
8.840000E-3	0.000000E+0	4.339900E+4
8.860000E-3	0.000000E+0	4.356000E+4
8.880000E-3	0.000000E+0	4.369900E+4
8.900000E-3	0.000000E+0	4.305700E+4
8.920000E-3	0.000000E+0	4.401600E+4
8.940000E-3	0.000000E+0	4.388700E+4
8.960000E-3	0.000000E+0	4.402800E+4
8.980000E-3	0.000000E+0	4.361300E+4
9.000000E-3	0.000000E+0	4.438100E+4
9.020000E-3	0.000000E+0	4.380900E+4
9.040000E-3	0.000000E+0	4.401500E+4
9.060000E-3	0.000000E+0	4.400400E+4
9.080000E-3	0.000000E+0	4.372100E+4
9.100000E-3	0.000000E+0	4.399800E+4
9.120000E-3	0.000000E+0	4.395800E+4
9.140000E-3	0.000000E+0	4.412000E+4
9.160000E-3	0.000000E+0	4.406100E+4
9.180000E-3	0.000000E+0	4.399800E+4
9.200000E-3	0.000000E+0	4.420300E+4
9.220000E-3	0.000000E+0	4.370800E+4
9.240000E-3	0.000000E+0	4.391500E+4
9.260000E-3	0.000000E+0	4.384800E+4
9.280000E-3	0.000000E+0	4.429600E+4
9.300000E-3	0.000000E+0	4.432000E+4
9.320000E-3	0.000000E+0	4.413600E+4
9.340000E-3	0.000000E+0	4.391800E+4
9.360000E-3	0.000000E+0	4.426000E+4
9.380000E-3	0.000000E+0	4.419800E+4
9.400000E-3	0.000000E+0	4.398600E+4
9.420000E-3	0.000000E+0	4.418800E+4
9.440000E-3	0.000000E+0	4.426200E+4
9.460000E-3	0.000000E+0	4.457300E+4
9.480000E-3	0.000000E+0	4.442500E+4
9.500000E-3	0.000000E+0	4.394500E+4
9.520000E-3	0.000000E+0	4.408800E+4
9.540000E-3	0.000000E+0	4.431000E+4
9.560000E-3	0.000000E+0	4.430800E+4
9.580000E-3	0.000000E+0	4.437100E+4
9.600000E-3	0.000000E+0	4.401000E+4
9.620000E-3	0.000000E+0	4.457300E+4
9.640000E-3	0.000000E+0	4.421300E+4
9.660000E-3	0.000000E+0	4.449700E+4
9.680000E-3	0.000000E+0	4.442100E+4
9.700000E-3	0.000000E+0	4.445400E+4
9.720000E-3	0.000000E+0	4.447800E+4
9.740000E-3	0.000000E+0	4.402300E+4
9.760000E-3	0.000000E+0	4.445100E+4
9.780000E-3	0.000000E+0	4.455800E+4
9.800000E-3	0.000000E+0	4.485300E+4
9.820000E-3	0.000000E+0	4.430700E+4
9.840000E-3	0.000000E+0	4.413700E+4
9.860000E-3	0.000000E+0	4.454700E+4
9.880000E-3	0.000000E+0	4.465200E+4
9.900000E-3	0.000000E+0	4.403800E+4
9.920000E-3	0.000000E+0	4.410000E+4
9.940000E-3	0.000000E+0	4.451000E+4
9.960000E-3	0.000000E+0	4.441600E+4
9.980000E-3	0.000000E+0	4.426700E+4
1.000000E-2	0.000000E+0	4.411000E+4
1.002000E-2	0.000000E+0	4.431600E+4
1.004000E-2	0.000000E+0	4.431400E+4
1.006000E-2	0.000000E+0	4.449800E+4
1.008000E-2	0.000000E+0	4.414500E+4
1.010000E-2	0.000000E+0	4.455400E+4
1.012000E-2	0.000000E+0	4.439300E+4
1.014000E-2	0.000000E+0	4.458600E+4
1.016000E-2	0.000000E+0	4.441200E+4
1.018000E-2	0.000000E+0	4.433700E+4
1.020000E-2	0.000000E+0	4.469400E+4
1.022000E-2	0.000000E+0	4.425300E+4
1.024000E-2	0.000000E+0	4.445800E+4
1.026000E-2	0.000000E+0	4.407600E+4
1.028000E-2	0.000000E+0	4.433900E+4
1.030000E-2	0.000000E+0	4.424300E+4
1.032000E-2	0.000000E+0	4.416300E+4
1.034000E-2	0.000000E+0	4.430200E+4
1.036000E-2	0.000000E+0	4.455300E+4
1.038000E-2	0.000000E+0	4.405400E+4
1.040000E-2	0.000000E+0	4.446200E+4
1.042000E-2	0.000000E+0	4.425800E+4
1.044000E-2	0.000000E+0	4.427400E+4
1.046000E-2	0.000000E+0	4.408600E+4
1.048000E-2	0.000000E+0	4.434900E+4
1.050000E-2	0.000000E+0	4.402700E+4
1.052000E-2	0.000000E+0	4.416100E+4
1.054000E-2	0.000000E+0	4.433300E+4
1.056000E-2	0.000000E+0	4.406500E+4
1.058000E-2	0.000000E+0	4.449700E+4
1.060000E-2	0.000000E+0	4.428900E+4
1.062000E-2	0.000000E+0	4.432600E+4
1.064000E-2	0.000000E+0	4.437400E+4
1.066000E-2	0.000000E+0	4.416400E+4
1.068000E-2	0.000000E+0	4.423700E+4
1.070000E-2	0.000000E+0	4.413700E+4
1.072000E-2	0.000000E+0	4.442500E+4
1.074000E-2	0.000000E+0	4.437100E+4
1.076000E-2	0.000000E+0	4.452500E+4
1.078000E-2	0.000000E+0	4.427500E+4
1.080000E-2	0.000000E+0	4.426800E+4
1.082000E-2	0.000000E+0	4.436700E+4
1.084000E-2	0.000000E+0	4.401900E+4
1.086000E-2	0.000000E+0	4.418300E+4
1.088000E-2	0.000000E+0	4.447600E+4
1.090000E-2	0.000000E+0	4.463900E+4
1.092000E-2	0.000000E+0	4.429600E+4
1.094000E-2	0.000000E+0	4.406500E+4
1.096000E-2	0.000000E+0	4.469900E+4
1.098000E-2	0.000000E+0	4.469800E+4
1.100000E-2	0.000000E+0	4.459500E+4
1.102000E-2	0.000000E+0	4.445800E+4
1.104000E-2	0.000000E+0	4.433500E+4
1.106000E-2	0.000000E+0	4.442100E+4
1.108000E-2	0.000000E+0	4.408500E+4
1.110000E-2	0.000000E+0	4.459100E+4
1.112000E-2	0.000000E+0	4.399800E+4
1.114000E-2	0.000000E+0	4.420600E+4
1.116000E-2	0.000000E+0	4.427200E+4
1.118000E-2	0.000000E+0	4.445400E+4
1.120000E-2	0.000000E+0	4.436700E+4
1.122000E-2	0.000000E+0	4.436600E+4
1.124000E-2	0.000000E+0	4.406600E+4
1.126000E-2	0.000000E+0	4.443100E+4
1.128000E-2	0.000000E+0	4.424000E+4
1.130000E-2	0.000000E+0	4.435800E+4
1.132000E-2	0.000000E+0	4.486600E+4
1.134000E-2	0.000000E+0	4.405600E+4
1.136000E-2	0.000000E+0	4.403600E+4
1.138000E-2	0.000000E+0	4.415200E+4
1.140000E-2	0.000000E+0	4.447300E+4
1.142000E-2	0.000000E+0	4.428300E+4
1.144000E-2	0.000000E+0	4.462000E+4
1.146000E-2	0.000000E+0	4.423300E+4
1.148000E-2	0.000000E+0	4.459300E+4
1.150000E-2	0.000000E+0	4.472500E+4
1.152000E-2	0.000000E+0	4.436400E+4
1.154000E-2	0.000000E+0	4.427800E+4
1.156000E-2	0.000000E+0	4.417400E+4
1.158000E-2	0.000000E+0	4.415800E+4
1.160000E-2	0.000000E+0	4.433700E+4
1.162000E-2	0.000000E+0	4.425700E+4
1.164000E-2	0.000000E+0	4.422600E+4
1.166000E-2	0.000000E+0	4.474200E+4
1.168000E-2	0.000000E+0	4.449700E+4
1.170000E-2	0.000000E+0	4.450800E+4
1.172000E-2	0.000000E+0	4.468600E+4
1.174000E-2	0.000000E+0	4.438400E+4
1.176000E-2	0.000000E+0	4.399200E+4
1.178000E-2	0.000000E+0	4.464800E+4
1.180000E-2	0.000000E+0	4.419400E+4
1.182000E-2	0.000000E+0	4.421400E+4
1.184000E-2	0.000000E+0	4.418600E+4
1.186000E-2	0.000000E+0	4.460100E+4
1.188000E-2	0.000000E+0	4.414400E+4
1.190000E-2	0.000000E+0	4.405000E+4
1.192000E-2	0.000000E+0	4.419400E+4
1.194000E-2	0.000000E+0	4.466000E+4
1.196000E-2	0.000000E+0	4.441800E+4
1.198000E-2	0.000000E+0	4.436900E+4
1.200000E-2	0.000000E+0	4.414500E+4
1.202000E-2	0.000000E+0	4.423600E+4
1.204000E-2	0.000000E+0	4.450100E+4
1.206000E-2	0.000000E+0	4.446700E+4
1.208000E-2	0.000000E+0	4.414400E+4
1.210000E-2	0.000000E+0	4.414300E+4
1.212000E-2	0.000000E+0	4.405600E+4
1.214000E-2	0.000000E+0	4.429200E+4
1.216000E-2	0.000000E+0	4.432600E+4
1.218000E-2	0.000000E+0	4.404800E+4
1.220000E-2	0.000000E+0	4.446000E+4
1.222000E-2	0.000000E+0	4.452300E+4
1.224000E-2	0.000000E+0	4.407700E+4
1.226000E-2	0.000000E+0	4.428200E+4
1.228000E-2	0.000000E+0	4.444100E+4
1.230000E-2	0.000000E+0	4.463500E+4
1.232000E-2	0.000000E+0	4.437400E+4
1.234000E-2	0.000000E+0	4.434700E+4
1.236000E-2	0.000000E+0	4.461500E+4
1.238000E-2	0.000000E+0	4.476300E+4
1.240000E-2	0.000000E+0	4.430700E+4
1.242000E-2	0.000000E+0	4.405000E+4
1.244000E-2	0.000000E+0	4.419700E+4
1.246000E-2	0.000000E+0	4.417400E+4
1.248000E-2	0.000000E+0	4.469000E+4
1.250000E-2	0.000000E+0	4.462300E+4
1.252000E-2	0.000000E+0	4.482900E+4
1.254000E-2	0.000000E+0	4.444700E+4
1.256000E-2	0.000000E+0	4.463800E+4
1.258000E-2	0.000000E+0	4.408800E+4
1.260000E-2	0.000000E+0	4.409900E+4
1.262000E-2	0.000000E+0	4.385200E+4
1.264000E-2	0.000000E+0	4.418500E+4
1.266000E-2	0.000000E+0	4.439400E+4
1.268000E-2	0.000000E+0	4.431300E+4
1.270000E-2	0.000000E+0	4.409800E+4
1.272000E-2	0.000000E+0	4.444800E+4
1.274000E-2	0.000000E+0	4.437500E+4
1.276000E-2	0.000000E+0	4.421300E+4
1.278000E-2	0.000000E+0	4.427800E+4
1.280000E-2	0.000000E+0	4.441200E+4
1.282000E-2	0.000000E+0	4.453600E+4
1.284000E-2	0.000000E+0	4.418900E+4
1.286000E-2	0.000000E+0	4.414700E+4
1.288000E-2	0.000000E+0	4.418500E+4
1.290000E-2	0.000000E+0	4.422400E+4
1.292000E-2	0.000000E+0	4.417200E+4
1.294000E-2	0.000000E+0	4.465700E+4
1.296000E-2	0.000000E+0	4.440900E+4
1.298000E-2	0.000000E+0	4.426500E+4
1.300000E-2	0.000000E+0	4.378800E+4
1.302000E-2	0.000000E+0	4.403500E+4
1.304000E-2	0.000000E+0	4.397900E+4
1.306000E-2	0.000000E+0	4.425500E+4
1.308000E-2	0.000000E+0	4.448200E+4
1.310000E-2	0.000000E+0	4.425900E+4
1.312000E-2	0.000000E+0	4.415000E+4
1.314000E-2	0.000000E+0	4.396900E+4
1.316000E-2	0.000000E+0	4.414200E+4
1.318000E-2	0.000000E+0	4.458500E+4
1.320000E-2	0.000000E+0	4.386600E+4
1.322000E-2	0.000000E+0	4.451300E+4
1.324000E-2	0.000000E+0	4.396200E+4
1.326000E-2	0.000000E+0	4.422900E+4
1.328000E-2	0.000000E+0	4.431000E+4
1.330000E-2	0.000000E+0	4.460300E+4
1.332000E-2	0.000000E+0	4.435300E+4
1.334000E-2	0.000000E+0	4.417700E+4
1.336000E-2	0.000000E+0	4.463900E+4
1.338000E-2	0.000000E+0	4.422200E+4
1.340000E-2	0.000000E+0	4.429600E+4
1.342000E-2	0.000000E+0	4.465400E+4
1.344000E-2	0.000000E+0	4.437100E+4
1.346000E-2	0.000000E+0	4.395000E+4
1.348000E-2	0.000000E+0	4.432400E+4
1.350000E-2	0.000000E+0	4.445400E+4
1.352000E-2	0.000000E+0	4.400800E+4
1.354000E-2	0.000000E+0	4.400800E+4
1.356000E-2	0.000000E+0	4.430500E+4
1.358000E-2	0.000000E+0	4.415600E+4
1.360000E-2	0.000000E+0	4.433600E+4
1.362000E-2	0.000000E+0	4.387500E+4
1.364000E-2	0.000000E+0	4.363300E+4
1.366000E-2	0.000000E+0	4.379900E+4
1.368000E-2	0.000000E+0	4.382100E+4
1.370000E-2	0.000000E+0	4.430300E+4
1.372000E-2	0.000000E+0	4.393200E+4
1.374000E-2	0.000000E+0	4.440900E+4
1.376000E-2	0.000000E+0	4.397600E+4
1.378000E-2	0.000000E+0	4.387400E+4
1.380000E-2	0.000000E+0	4.404400E+4
1.382000E-2	0.000000E+0	4.394800E+4
1.384000E-2	0.000000E+0	4.391500E+4
1.386000E-2	0.000000E+0	4.378100E+4
1.388000E-2	0.000000E+0	4.410200E+4
1.390000E-2	0.000000E+0	4.376600E+4
1.392000E-2	0.000000E+0	4.393300E+4
1.394000E-2	0.000000E+0	4.408300E+4
1.396000E-2	0.000000E+0	4.369700E+4
1.398000E-2	0.000000E+0	4.383100E+4
1.400000E-2	0.000000E+0	4.380900E+4
1.402000E-2	0.000000E+0	4.338100E+4
1.404000E-2	0.000000E+0	4.395000E+4
1.406000E-2	0.000000E+0	4.394000E+4
1.408000E-2	0.000000E+0	4.400500E+4
1.410000E-2	0.000000E+0	4.341400E+4
1.412000E-2	0.000000E+0	4.317200E+4
1.414000E-2	0.000000E+0	4.360400E+4
1.416000E-2	0.000000E+0	4.327900E+4
1.418000E-2	0.000000E+0	4.353900E+4
1.420000E-2	0.000000E+0	4.317600E+4
1.422000E-2	0.000000E+0	4.318900E+4
1.424000E-2	0.000000E+0	4.343400E+4
1.426000E-2	0.000000E+0	4.298700E+4
1.428000E-2	0.000000E+0	4.315800E+4
1.430000E-2	0.000000E+0	4.323600E+4
1.432000E-2	0.000000E+0	4.276500E+4
1.434000E-2	0.000000E+0	4.278200E+4
1.436000E-2	0.000000E+0	4.297500E+4
1.438000E-2	0.000000E+0	4.294100E+4
1.440000E-2	0.000000E+0	4.290200E+4
1.442000E-2	0.000000E+0	4.281700E+4
1.444000E-2	0.000000E+0	4.283000E+4
1.446000E-2	0.000000E+0	4.235800E+4
1.448000E-2	0.000000E+0	4.208600E+4
1.450000E-2	0.000000E+0	4.238800E+4
1.452000E-2	0.000000E+0	4.237100E+4
1.454000E-2	0.000000E+0	4.196000E+4
1.456000E-2	0.000000E+0	4.168600E+4
1.458000E-2	0.000000E+0	4.189800E+4
1.460000E-2	0.000000E+0	4.155700E+4
1.462000E-2	0.000000E+0	4.106100E+4
1.464000E-2	0.000000E+0	4.075600E+4
1.466000E-2	0.000000E+0	4.106600E+4
1.468000E-2	0.000000E+0	4.087200E+4
1.470000E-2	0.000000E+0	4.062900E+4
1.472000E-2	0.000000E+0	3.980600E+4
1.474000E-2	0.000000E+0	3.977000E+4
1.476000E-2	0.000000E+0	3.961400E+4
1.478000E-2	0.000000E+0	3.902800E+4
1.480000E-2	0.000000E+0	3.878700E+4
1.482000E-2	0.000000E+0	3.859400E+4
1.484000E-2	0.000000E+0	3.796500E+4
1.486000E-2	0.000000E+0	3.758800E+4
1.488000E-2	0.000000E+0	3.733100E+4
1.490000E-2	0.000000E+0	3.733800E+4
1.492000E-2	0.000000E+0	3.664300E+4
1.494000E-2	0.000000E+0	3.638100E+4
1.496000E-2	0.000000E+0	3.645000E+4
1.498000E-2	0.000000E+0	3.582200E+4
1.500000E-2	0.000000E+0	3.605900E+4
1.502000E-2	0.000000E+0	3.619400E+4
1.504000E-2	0.000000E+0	3.620500E+4
1.506000E-2	0.000000E+0	3.612000E+4
1.508000E-2	0.000000E+0	3.621100E+4
1.510000E-2	0.000000E+0	3.645800E+4
1.512000E-2	0.000000E+0	3.663100E+4
1.514000E-2	0.000000E+0	3.719200E+4
1.516000E-2	0.000000E+0	3.739700E+4
1.518000E-2	0.000000E+0	3.721300E+4
1.520000E-2	0.000000E+0	3.818000E+4
1.522000E-2	0.000000E+0	3.800200E+4
1.524000E-2	0.000000E+0	3.835400E+4
1.526000E-2	0.000000E+0	3.866800E+4
1.528000E-2	0.000000E+0	3.910900E+4
1.530000E-2	0.000000E+0	3.935700E+4
1.532000E-2	0.000000E+0	3.952200E+4
1.534000E-2	0.000000E+0	3.977700E+4
1.536000E-2	0.000000E+0	3.997700E+4
1.538000E-2	0.000000E+0	4.060400E+4
1.540000E-2	0.000000E+0	4.039100E+4
1.542000E-2	0.000000E+0	4.116100E+4
1.544000E-2	0.000000E+0	4.100600E+4
1.546000E-2	0.000000E+0	4.172800E+4
1.548000E-2	0.000000E+0	4.150100E+4
1.550000E-2	0.000000E+0	4.159600E+4
1.552000E-2	0.000000E+0	4.191500E+4
1.554000E-2	0.000000E+0	4.219300E+4
1.556000E-2	0.000000E+0	4.213400E+4
1.558000E-2	0.000000E+0	4.276000E+4
1.560000E-2	0.000000E+0	4.283500E+4
1.562000E-2	0.000000E+0	4.317400E+4
1.564000E-2	0.000000E+0	4.279600E+4
1.566000E-2	0.000000E+0	4.323500E+4
1.568000E-2	0.000000E+0	4.293800E+4
1.570000E-2	0.000000E+0	4.324800E+4
1.572000E-2	0.000000E+0	4.304400E+4
1.574000E-2	0.000000E+0	4.339400E+4
1.576000E-2	0.000000E+0	4.346300E+4
1.578000E-2	0.000000E+0	4.347700E+4
1.580000E-2	0.000000E+0	4.321100E+4
1.582000E-2	0.000000E+0	4.352000E+4
1.584000E-2	0.000000E+0	4.349500E+4
1.586000E-2	0.000000E+0	4.389100E+4
1.588000E-2	0.000000E+0	4.355300E+4
1.590000E-2	0.000000E+0	4.387300E+4
1.592000E-2	0.000000E+0	4.351700E+4
1.594000E-2	0.000000E+0	4.390700E+4
1.596000E-2	0.000000E+0	4.394000E+4
1.598000E-2	0.000000E+0	4.371000E+4
1.600000E-2	0.000000E+0	4.379600E+4
1.602000E-2	0.000000E+0	4.371800E+4
1.604000E-2	0.000000E+0	4.387600E+4
1.606000E-2	0.000000E+0	4.382700E+4
1.608000E-2	0.000000E+0	4.409900E+4
1.610000E-2	0.000000E+0	4.369600E+4
1.612000E-2	0.000000E+0	4.405900E+4
1.614000E-2	0.000000E+0	4.400800E+4
1.616000E-2	0.000000E+0	4.412800E+4
1.618000E-2	0.000000E+0	4.441600E+4
1.620000E-2	0.000000E+0	4.395500E+4
1.622000E-2	0.000000E+0	4.375600E+4
1.624000E-2	0.000000E+0	4.392900E+4
1.626000E-2	0.000000E+0	4.399500E+4
1.628000E-2	0.000000E+0	4.429100E+4
1.630000E-2	0.000000E+0	4.443400E+4
1.632000E-2	0.000000E+0	4.411700E+4
1.634000E-2	0.000000E+0	4.379700E+4
1.636000E-2	0.000000E+0	4.418600E+4
1.638000E-2	0.000000E+0	4.442600E+4
1.640000E-2	0.000000E+0	4.428400E+4
1.642000E-2	0.000000E+0	4.392900E+4
1.644000E-2	0.000000E+0	4.425900E+4
1.646000E-2	0.000000E+0	4.422600E+4
1.648000E-2	0.000000E+0	4.403800E+4
1.650000E-2	0.000000E+0	4.428900E+4
1.652000E-2	0.000000E+0	4.420800E+4
1.654000E-2	0.000000E+0	4.404600E+4
1.656000E-2	0.000000E+0	4.424900E+4
1.658000E-2	0.000000E+0	4.421200E+4
1.660000E-2	0.000000E+0	4.418200E+4
1.662000E-2	0.000000E+0	4.407300E+4
1.664000E-2	0.000000E+0	4.418700E+4
1.666000E-2	0.000000E+0	4.414800E+4
1.668000E-2	0.000000E+0	4.395400E+4
1.670000E-2	0.000000E+0	4.413500E+4
1.672000E-2	0.000000E+0	4.409900E+4
1.674000E-2	0.000000E+0	4.417000E+4
1.676000E-2	0.000000E+0	4.397100E+4
1.678000E-2	0.000000E+0	4.398400E+4
1.680000E-2	0.000000E+0	4.427900E+4
1.682000E-2	0.000000E+0	4.438400E+4
1.684000E-2	0.000000E+0	4.377800E+4
1.686000E-2	0.000000E+0	4.400700E+4
1.688000E-2	0.000000E+0	4.417400E+4
1.690000E-2	0.000000E+0	4.417300E+4
1.692000E-2	0.000000E+0	4.386300E+4
1.694000E-2	0.000000E+0	4.440400E+4
1.696000E-2	0.000000E+0	4.421100E+4
1.698000E-2	0.000000E+0	4.394900E+4
1.700000E-2	0.000000E+0	4.428300E+4
1.702000E-2	0.000000E+0	4.429000E+4
1.704000E-2	0.000000E+0	4.392400E+4
1.706000E-2	0.000000E+0	4.468400E+4
1.708000E-2	0.000000E+0	4.381900E+4
1.710000E-2	0.000000E+0	4.409800E+4
1.712000E-2	0.000000E+0	4.406600E+4
1.714000E-2	0.000000E+0	4.393900E+4
1.716000E-2	0.000000E+0	4.424400E+4
1.718000E-2	0.000000E+0	4.410800E+4
1.720000E-2	0.000000E+0	4.426900E+4
1.722000E-2	0.000000E+0	4.407400E+4
1.724000E-2	0.000000E+0	4.416900E+4
1.726000E-2	0.000000E+0	4.426500E+4
1.728000E-2	0.000000E+0	4.431400E+4
1.730000E-2	0.000000E+0	4.427100E+4
1.732000E-2	0.000000E+0	4.358400E+4
1.734000E-2	0.000000E+0	4.398100E+4
1.736000E-2	0.000000E+0	4.397700E+4
1.738000E-2	0.000000E+0	4.351500E+4
1.740000E-2	0.000000E+0	4.394500E+4
1.742000E-2	0.000000E+0	4.405300E+4
1.744000E-2	0.000000E+0	4.420000E+4
1.746000E-2	0.000000E+0	4.372000E+4
1.748000E-2	0.000000E+0	4.416300E+4
1.750000E-2	0.000000E+0	4.392400E+4
1.752000E-2	0.000000E+0	4.379400E+4
1.754000E-2	0.000000E+0	4.417100E+4
1.756000E-2	0.000000E+0	4.391400E+4
1.758000E-2	0.000000E+0	4.389600E+4
1.760000E-2	0.000000E+0	4.399000E+4
1.762000E-2	0.000000E+0	4.406600E+4
1.764000E-2	0.000000E+0	4.421100E+4
1.766000E-2	0.000000E+0	4.409800E+4
1.768000E-2	0.000000E+0	4.404300E+4
1.770000E-2	0.000000E+0	4.389900E+4
1.772000E-2	0.000000E+0	4.370200E+4
1.774000E-2	0.000000E+0	4.383200E+4
1.776000E-2	0.000000E+0	4.364800E+4
1.778000E-2	0.000000E+0	4.406500E+4
1.780000E-2	0.000000E+0	4.375600E+4
1.782000E-2	0.000000E+0	4.385300E+4
1.784000E-2	0.000000E+0	4.326000E+4
1.786000E-2	0.000000E+0	4.388700E+4
1.788000E-2	0.000000E+0	4.329000E+4
1.790000E-2	0.000000E+0	4.342800E+4
1.792000E-2	0.000000E+0	4.370600E+4
1.794000E-2	0.000000E+0	4.363900E+4
1.796000E-2	0.000000E+0	4.324000E+4
1.798000E-2	0.000000E+0	4.335400E+4
1.800000E-2	0.000000E+0	4.310800E+4
1.802000E-2	0.000000E+0	4.325100E+4
1.804000E-2	0.000000E+0	4.310600E+4
1.806000E-2	0.000000E+0	4.256700E+4
1.808000E-2	0.000000E+0	4.272200E+4
1.810000E-2	0.000000E+0	4.322300E+4
1.812000E-2	0.000000E+0	4.241300E+4
1.814000E-2	0.000000E+0	4.220200E+4
1.816000E-2	0.000000E+0	4.234200E+4
1.818000E-2	0.000000E+0	4.190600E+4
1.820000E-2	0.000000E+0	4.197000E+4
1.822000E-2	0.000000E+0	4.159600E+4
1.824000E-2	0.000000E+0	4.147800E+4
1.826000E-2	0.000000E+0	4.108900E+4
1.828000E-2	0.000000E+0	4.068100E+4
1.830000E-2	0.000000E+0	4.035700E+4
1.832000E-2	0.000000E+0	4.035500E+4
1.834000E-2	0.000000E+0	3.988200E+4
1.836000E-2	0.000000E+0	3.960000E+4
1.838000E-2	0.000000E+0	3.921400E+4
1.840000E-2	0.000000E+0	3.910200E+4
1.842000E-2	0.000000E+0	3.832000E+4
1.844000E-2	0.000000E+0	3.820000E+4
1.846000E-2	0.000000E+0	3.771600E+4
1.848000E-2	0.000000E+0	3.773900E+4
1.850000E-2	0.000000E+0	3.705300E+4
1.852000E-2	0.000000E+0	3.654100E+4
1.854000E-2	0.000000E+0	3.629300E+4
1.856000E-2	0.000000E+0	3.614100E+4
1.858000E-2	0.000000E+0	3.594300E+4
1.860000E-2	0.000000E+0	3.569500E+4
1.862000E-2	0.000000E+0	3.549000E+4
1.864000E-2	0.000000E+0	3.593100E+4
1.866000E-2	0.000000E+0	3.617000E+4
1.868000E-2	0.000000E+0	3.589500E+4
1.870000E-2	0.000000E+0	3.630100E+4
1.872000E-2	0.000000E+0	3.674500E+4
1.874000E-2	0.000000E+0	3.698900E+4
1.876000E-2	0.000000E+0	3.729000E+4
1.878000E-2	0.000000E+0	3.773600E+4
1.880000E-2	0.000000E+0	3.819300E+4
1.882000E-2	0.000000E+0	3.849600E+4
1.884000E-2	0.000000E+0	3.886700E+4
1.886000E-2	0.000000E+0	3.953900E+4
1.888000E-2	0.000000E+0	3.965700E+4
1.890000E-2	0.000000E+0	4.013100E+4
1.892000E-2	0.000000E+0	4.011900E+4
1.894000E-2	0.000000E+0	4.100300E+4
1.896000E-2	0.000000E+0	4.088300E+4
1.898000E-2	0.000000E+0	4.109700E+4
1.900000E-2	0.000000E+0	4.153200E+4
1.902000E-2	0.000000E+0	4.182100E+4
1.904000E-2	0.000000E+0	4.207400E+4
1.906000E-2	0.000000E+0	4.154600E+4
1.908000E-2	0.000000E+0	4.199500E+4
1.910000E-2	0.000000E+0	4.208100E+4
1.912000E-2	0.000000E+0	4.232500E+4
1.914000E-2	0.000000E+0	4.250400E+4
1.916000E-2	0.000000E+0	4.230500E+4
1.918000E-2	0.000000E+0	4.276200E+4
1.920000E-2	0.000000E+0	4.326300E+4
1.922000E-2	0.000000E+0	4.296300E+4
1.924000E-2	0.000000E+0	4.277400E+4
1.926000E-2	0.000000E+0	4.319300E+4
1.928000E-2	0.000000E+0	4.305200E+4
1.930000E-2	0.000000E+0	4.322300E+4
1.932000E-2	0.000000E+0	4.323400E+4
1.934000E-2	0.000000E+0	4.385300E+4
1.936000E-2	0.000000E+0	4.358400E+4
1.938000E-2	0.000000E+0	4.361100E+4
1.940000E-2	0.000000E+0	4.362800E+4
1.942000E-2	0.000000E+0	4.353300E+4
1.944000E-2	0.000000E+0	4.349100E+4
1.946000E-2	0.000000E+0	4.347700E+4
1.948000E-2	0.000000E+0	4.396100E+4
1.950000E-2	0.000000E+0	4.378000E+4
1.952000E-2	0.000000E+0	4.358900E+4
1.954000E-2	0.000000E+0	4.381300E+4
1.956000E-2	0.000000E+0	4.385700E+4
1.958000E-2	0.000000E+0	4.418700E+4
1.960000E-2	0.000000E+0	4.395400E+4
1.962000E-2	0.000000E+0	4.377900E+4
1.964000E-2	0.000000E+0	4.404800E+4
1.966000E-2	0.000000E+0	4.345500E+4
1.968000E-2	0.000000E+0	4.413700E+4
1.970000E-2	0.000000E+0	4.446300E+4
1.972000E-2	0.000000E+0	4.384000E+4
1.974000E-2	0.000000E+0	4.383000E+4
1.976000E-2	0.000000E+0	4.417500E+4
1.978000E-2	0.000000E+0	4.411400E+4
1.980000E-2	0.000000E+0	4.422100E+4
1.982000E-2	0.000000E+0	4.452000E+4
1.984000E-2	0.000000E+0	4.443100E+4
1.986000E-2	0.000000E+0	4.425700E+4
1.988000E-2	0.000000E+0	4.394200E+4
1.990000E-2	0.000000E+0	4.456300E+4
1.992000E-2	0.000000E+0	4.416800E+4
1.994000E-2	0.000000E+0	4.450700E+4
1.996000E-2	0.000000E+0	4.379600E+4
1.998000E-2	0.000000E+0	4.398300E+4
