Data run ended at:  Saturday, April 03, 2021	6:03:08 PM
Total number of sweeps:  2519203	live time (sec):  50384.060000	real time (sec):  58415.165000


time (sec)	counts
0.000000E+0	0.000000E+0
2.000000E-5	6.480800E+4
4.000000E-5	6.488700E+4
6.000000E-5	6.524800E+4
8.000000E-5	6.566500E+4
1.000000E-4	6.507100E+4
1.200000E-4	6.553500E+4
1.400000E-4	6.516100E+4
1.600000E-4	6.523600E+4
1.800000E-4	6.523600E+4
2.000000E-4	6.525500E+4
2.200000E-4	6.515000E+4
2.400000E-4	6.521100E+4
2.600000E-4	6.494300E+4
2.800000E-4	6.548500E+4
3.000000E-4	6.527300E+4
3.200000E-4	6.529000E+4
3.400000E-4	6.512700E+4
3.600000E-4	6.498300E+4
3.800000E-4	6.556600E+4
4.000000E-4	6.540400E+4
4.200000E-4	6.524000E+4
4.400000E-4	6.527100E+4
4.600000E-4	6.547000E+4
4.800000E-4	6.541900E+4
5.000000E-4	6.501100E+4
5.200000E-4	6.524000E+4
5.400000E-4	6.510100E+4
5.600000E-4	6.569400E+4
5.800000E-4	6.534400E+4
6.000000E-4	6.544300E+4
6.200000E-4	6.551900E+4
6.400000E-4	6.545800E+4
6.600000E-4	6.534700E+4
6.800000E-4	6.552000E+4
7.000000E-4	6.556100E+4
7.200000E-4	6.522100E+4
7.400000E-4	6.571800E+4
7.600000E-4	6.530600E+4
7.800000E-4	6.599400E+4
8.000000E-4	6.525800E+4
8.200000E-4	6.592100E+4
8.400000E-4	6.527500E+4
8.600000E-4	6.568800E+4
8.800000E-4	6.494600E+4
9.000000E-4	6.563600E+4
9.200000E-4	6.566000E+4
9.400000E-4	6.513800E+4
9.600000E-4	6.508000E+4
9.800000E-4	6.557900E+4
1.000000E-3	6.505100E+4
1.020000E-3	6.530500E+4
1.040000E-3	6.548800E+4
1.060000E-3	6.524100E+4
1.080000E-3	6.574000E+4
1.100000E-3	6.547800E+4
1.120000E-3	6.574800E+4
1.140000E-3	6.503800E+4
1.160000E-3	6.555600E+4
1.180000E-3	6.521800E+4
1.200000E-3	6.577900E+4
1.220000E-3	6.538600E+4
1.240000E-3	6.569100E+4
1.260000E-3	6.527800E+4
1.280000E-3	6.534600E+4
1.300000E-3	6.480300E+4
1.320000E-3	6.513500E+4
1.340000E-3	6.559800E+4
1.360000E-3	6.563000E+4
1.380000E-3	6.551600E+4
1.400000E-3	6.478600E+4
1.420000E-3	6.571700E+4
1.440000E-3	6.552600E+4
1.460000E-3	6.575500E+4
1.480000E-3	6.528200E+4
1.500000E-3	6.519300E+4
1.520000E-3	6.556200E+4
1.540000E-3	6.550600E+4
1.560000E-3	6.619500E+4
1.580000E-3	6.561800E+4
1.600000E-3	6.562800E+4
1.620000E-3	6.563900E+4
1.640000E-3	6.546100E+4
1.660000E-3	6.504900E+4
1.680000E-3	6.502100E+4
1.700000E-3	6.525800E+4
1.720000E-3	6.553200E+4
1.740000E-3	6.544400E+4
1.760000E-3	6.547500E+4
1.780000E-3	6.549200E+4
1.800000E-3	6.503600E+4
1.820000E-3	6.541600E+4
1.840000E-3	6.503400E+4
1.860000E-3	6.539900E+4
1.880000E-3	6.567600E+4
1.900000E-3	6.547900E+4
1.920000E-3	6.524900E+4
1.940000E-3	6.577400E+4
1.960000E-3	6.487900E+4
1.980000E-3	6.540500E+4
2.000000E-3	6.572700E+4
2.020000E-3	6.536800E+4
2.040000E-3	6.536100E+4
2.060000E-3	6.508600E+4
2.080000E-3	6.551200E+4
2.100000E-3	6.557600E+4
2.120000E-3	6.532300E+4
2.140000E-3	6.516700E+4
2.160000E-3	6.526100E+4
2.180000E-3	6.559600E+4
2.200000E-3	6.532600E+4
2.220000E-3	6.561200E+4
2.240000E-3	6.497700E+4
2.260000E-3	6.550500E+4
2.280000E-3	6.583800E+4
2.300000E-3	6.565900E+4
2.320000E-3	6.546600E+4
2.340000E-3	6.543100E+4
2.360000E-3	6.536900E+4
2.380000E-3	6.528100E+4
2.400000E-3	6.515800E+4
2.420000E-3	6.556200E+4
2.440000E-3	6.548600E+4
2.460000E-3	6.534100E+4
2.480000E-3	6.541400E+4
2.500000E-3	6.510400E+4
2.520000E-3	6.538500E+4
2.540000E-3	6.511400E+4
2.560000E-3	6.542700E+4
2.580000E-3	6.528600E+4
2.600000E-3	6.526200E+4
2.620000E-3	6.562900E+4
2.640000E-3	6.473800E+4
2.660000E-3	6.487400E+4
2.680000E-3	6.516700E+4
2.700000E-3	6.533600E+4
2.720000E-3	6.518900E+4
2.740000E-3	6.537300E+4
2.760000E-3	6.526300E+4
2.780000E-3	6.533400E+4
2.800000E-3	6.511200E+4
2.820000E-3	6.545900E+4
2.840000E-3	6.554500E+4
2.860000E-3	6.544400E+4
2.880000E-3	6.545800E+4
2.900000E-3	6.473200E+4
2.920000E-3	6.523800E+4
2.940000E-3	6.541900E+4
2.960000E-3	6.476900E+4
2.980000E-3	6.498100E+4
3.000000E-3	6.518200E+4
3.020000E-3	6.478200E+4
3.040000E-3	6.498100E+4
3.060000E-3	6.498100E+4
3.080000E-3	6.483800E+4
3.100000E-3	6.520900E+4
3.120000E-3	6.468400E+4
3.140000E-3	6.452400E+4
3.160000E-3	6.486200E+4
3.180000E-3	6.526100E+4
3.200000E-3	6.453900E+4
3.220000E-3	6.486500E+4
3.240000E-3	6.516700E+4
3.260000E-3	6.456300E+4
3.280000E-3	6.436400E+4
3.300000E-3	6.489300E+4
3.320000E-3	6.442800E+4
3.340000E-3	6.482000E+4
3.360000E-3	6.440600E+4
3.380000E-3	6.436200E+4
3.400000E-3	6.461500E+4
3.420000E-3	6.421800E+4
3.440000E-3	6.454400E+4
3.460000E-3	6.421200E+4
3.480000E-3	6.418500E+4
3.500000E-3	6.450200E+4
3.520000E-3	6.386500E+4
3.540000E-3	6.373100E+4
3.560000E-3	6.384500E+4
3.580000E-3	6.414100E+4
3.600000E-3	6.386500E+4
3.620000E-3	6.394000E+4
3.640000E-3	6.381300E+4
3.660000E-3	6.330300E+4
3.680000E-3	6.394000E+4
3.700000E-3	6.325200E+4
3.720000E-3	6.330400E+4
3.740000E-3	6.292600E+4
3.760000E-3	6.291600E+4
3.780000E-3	6.235400E+4
3.800000E-3	6.201600E+4
3.820000E-3	6.274400E+4
3.840000E-3	6.193100E+4
3.860000E-3	6.052200E+4
3.880000E-3	6.069600E+4
3.900000E-3	6.062600E+4
3.920000E-3	6.004100E+4
3.940000E-3	5.992500E+4
3.960000E-3	5.970800E+4
3.980000E-3	5.931400E+4
4.000000E-3	5.891700E+4
4.020000E-3	5.800800E+4
4.040000E-3	5.766800E+4
4.060000E-3	5.733400E+4
4.080000E-3	5.648300E+4
4.100000E-3	5.654000E+4
4.120000E-3	5.576800E+4
4.140000E-3	5.513400E+4
4.160000E-3	5.469700E+4
4.180000E-3	5.404400E+4
4.200000E-3	5.350100E+4
4.220000E-3	5.358000E+4
4.240000E-3	5.287500E+4
4.260000E-3	5.264300E+4
4.280000E-3	5.292200E+4
4.300000E-3	5.300700E+4
4.320000E-3	5.320300E+4
4.340000E-3	5.336900E+4
4.360000E-3	5.414500E+4
4.380000E-3	5.431900E+4
4.400000E-3	5.501000E+4
4.420000E-3	5.516200E+4
4.440000E-3	5.565500E+4
4.460000E-3	5.639100E+4
4.480000E-3	5.713500E+4
4.500000E-3	5.744000E+4
4.520000E-3	5.859000E+4
4.540000E-3	5.843200E+4
4.560000E-3	5.895100E+4
4.580000E-3	5.938700E+4
4.600000E-3	5.993600E+4
4.620000E-3	6.062700E+4
4.640000E-3	6.055600E+4
4.660000E-3	6.127400E+4
4.680000E-3	6.153500E+4
4.700000E-3	6.182000E+4
4.720000E-3	6.232500E+4
4.740000E-3	6.216300E+4
4.760000E-3	6.241500E+4
4.780000E-3	6.254800E+4
4.800000E-3	6.261000E+4
4.820000E-3	6.309300E+4
4.840000E-3	6.329100E+4
4.860000E-3	6.361900E+4
4.880000E-3	6.282600E+4
4.900000E-3	6.372600E+4
4.920000E-3	6.377300E+4
4.940000E-3	6.422100E+4
4.960000E-3	6.410600E+4
4.980000E-3	6.410100E+4
5.000000E-3	6.461800E+4
5.020000E-3	6.423800E+4
5.040000E-3	6.424600E+4
5.060000E-3	6.436500E+4
5.080000E-3	6.398100E+4
5.100000E-3	6.444000E+4
5.120000E-3	6.439900E+4
5.140000E-3	6.455100E+4
5.160000E-3	6.472500E+4
5.180000E-3	6.494400E+4
5.200000E-3	6.487400E+4
5.220000E-3	6.451800E+4
5.240000E-3	6.482900E+4
5.260000E-3	6.488800E+4
5.280000E-3	6.485800E+4
5.300000E-3	6.438700E+4
5.320000E-3	6.492200E+4
5.340000E-3	6.519000E+4
5.360000E-3	6.505700E+4
5.380000E-3	6.474700E+4
5.400000E-3	6.531400E+4
5.420000E-3	6.491800E+4
5.440000E-3	6.488400E+4
5.460000E-3	6.483900E+4
5.480000E-3	6.489900E+4
5.500000E-3	6.488700E+4
5.520000E-3	6.543200E+4
5.540000E-3	6.537800E+4
5.560000E-3	6.523500E+4
5.580000E-3	6.540200E+4
5.600000E-3	6.480300E+4
5.620000E-3	6.472500E+4
5.640000E-3	6.511600E+4
5.660000E-3	6.502000E+4
5.680000E-3	6.519100E+4
5.700000E-3	6.506400E+4
5.720000E-3	6.510600E+4
5.740000E-3	6.541100E+4
5.760000E-3	6.518300E+4
5.780000E-3	6.483800E+4
5.800000E-3	6.478500E+4
5.820000E-3	6.512200E+4
5.840000E-3	6.498100E+4
5.860000E-3	6.500900E+4
5.880000E-3	6.456600E+4
5.900000E-3	6.522500E+4
5.920000E-3	6.529600E+4
5.940000E-3	6.469800E+4
5.960000E-3	6.494600E+4
5.980000E-3	6.536700E+4
6.000000E-3	6.527700E+4
6.020000E-3	6.480100E+4
6.040000E-3	6.525300E+4
6.060000E-3	6.492900E+4
6.080000E-3	6.505200E+4
6.100000E-3	6.486700E+4
6.120000E-3	6.483100E+4
6.140000E-3	6.525200E+4
6.160000E-3	6.501100E+4
6.180000E-3	6.456800E+4
6.200000E-3	6.525400E+4
6.220000E-3	6.492300E+4
6.240000E-3	6.483300E+4
6.260000E-3	6.511300E+4
6.280000E-3	6.497500E+4
6.300000E-3	6.513600E+4
6.320000E-3	6.521800E+4
6.340000E-3	6.528600E+4
6.360000E-3	6.547900E+4
6.380000E-3	6.481500E+4
6.400000E-3	6.476400E+4
6.420000E-3	6.462400E+4
6.440000E-3	6.538200E+4
6.460000E-3	6.519000E+4
6.480000E-3	6.522900E+4
6.500000E-3	6.492600E+4
6.520000E-3	6.523200E+4
6.540000E-3	6.545700E+4
6.560000E-3	6.523700E+4
6.580000E-3	6.498100E+4
6.600000E-3	6.469200E+4
6.620000E-3	6.466300E+4
6.640000E-3	6.490400E+4
6.660000E-3	6.506400E+4
6.680000E-3	6.470700E+4
6.700000E-3	6.540300E+4
6.720000E-3	6.523700E+4
6.740000E-3	6.496700E+4
6.760000E-3	6.493300E+4
6.780000E-3	6.467000E+4
6.800000E-3	6.462200E+4
6.820000E-3	6.488000E+4
6.840000E-3	6.472000E+4
6.860000E-3	6.509300E+4
6.880000E-3	6.501000E+4
6.900000E-3	6.454300E+4
6.920000E-3	6.471500E+4
6.940000E-3	6.427700E+4
6.960000E-3	6.383400E+4
6.980000E-3	6.440400E+4
7.000000E-3	6.434000E+4
7.020000E-3	6.398500E+4
7.040000E-3	6.430600E+4
7.060000E-3	6.439600E+4
7.080000E-3	6.388700E+4
7.100000E-3	6.420400E+4
7.120000E-3	6.365100E+4
7.140000E-3	6.409700E+4
7.160000E-3	6.379000E+4
7.180000E-3	6.369400E+4
7.200000E-3	6.334600E+4
7.220000E-3	6.401200E+4
7.240000E-3	6.360300E+4
7.260000E-3	6.276800E+4
7.280000E-3	6.316400E+4
7.300000E-3	6.322200E+4
7.320000E-3	6.246300E+4
7.340000E-3	6.251900E+4
7.360000E-3	6.202400E+4
7.380000E-3	6.209800E+4
7.400000E-3	6.142800E+4
7.420000E-3	6.161500E+4
7.440000E-3	6.175100E+4
7.460000E-3	6.070400E+4
7.480000E-3	6.075200E+4
7.500000E-3	6.036900E+4
7.520000E-3	6.015400E+4
7.540000E-3	5.912400E+4
7.560000E-3	5.871900E+4
7.580000E-3	5.809900E+4
7.600000E-3	5.793200E+4
7.620000E-3	5.763200E+4
7.640000E-3	5.703600E+4
7.660000E-3	5.683000E+4
7.680000E-3	5.595600E+4
7.700000E-3	5.559000E+4
7.720000E-3	5.506700E+4
7.740000E-3	5.481400E+4
7.760000E-3	5.465700E+4
7.780000E-3	5.409800E+4
7.800000E-3	5.319800E+4
7.820000E-3	5.303800E+4
7.840000E-3	5.325400E+4
7.860000E-3	5.324800E+4
7.880000E-3	5.290100E+4
7.900000E-3	5.318300E+4
7.920000E-3	5.319100E+4
7.940000E-3	5.333300E+4
7.960000E-3	5.360200E+4
7.980000E-3	5.448300E+4
8.000000E-3	5.484200E+4
8.020000E-3	5.483100E+4
8.040000E-3	5.522900E+4
8.060000E-3	5.613000E+4
8.080000E-3	5.687700E+4
8.100000E-3	5.744500E+4
8.120000E-3	5.751400E+4
8.140000E-3	5.783700E+4
8.160000E-3	5.872600E+4
8.180000E-3	5.897400E+4
8.200000E-3	5.952300E+4
8.220000E-3	5.959900E+4
8.240000E-3	6.030800E+4
8.260000E-3	6.063900E+4
8.280000E-3	6.086100E+4
8.300000E-3	6.095900E+4
8.320000E-3	6.129600E+4
8.340000E-3	6.121200E+4
8.360000E-3	6.164100E+4
8.380000E-3	6.224700E+4
8.400000E-3	6.230400E+4
8.420000E-3	6.228400E+4
8.440000E-3	6.283500E+4
8.460000E-3	6.240900E+4
8.480000E-3	6.324800E+4
8.500000E-3	6.289200E+4
8.520000E-3	6.363500E+4
8.540000E-3	6.333600E+4
8.560000E-3	6.336200E+4
8.580000E-3	6.381500E+4
8.600000E-3	6.376200E+4
8.620000E-3	6.379400E+4
8.640000E-3	6.415500E+4
8.660000E-3	6.369400E+4
8.680000E-3	6.416600E+4
8.700000E-3	6.417000E+4
8.720000E-3	6.406700E+4
8.740000E-3	6.401200E+4
8.760000E-3	6.447000E+4
8.780000E-3	6.386500E+4
8.800000E-3	6.461200E+4
8.820000E-3	6.473300E+4
8.840000E-3	6.396800E+4
8.860000E-3	6.402300E+4
8.880000E-3	6.432100E+4
8.900000E-3	6.393200E+4
8.920000E-3	6.463600E+4
8.940000E-3	6.458500E+4
8.960000E-3	6.483700E+4
8.980000E-3	6.442600E+4
9.000000E-3	6.532600E+4
9.020000E-3	6.456700E+4
9.040000E-3	6.489300E+4
9.060000E-3	6.460300E+4
9.080000E-3	6.476100E+4
9.100000E-3	6.490100E+4
9.120000E-3	6.510300E+4
9.140000E-3	6.482600E+4
9.160000E-3	6.505900E+4
9.180000E-3	6.486200E+4
9.200000E-3	6.512900E+4
9.220000E-3	6.465600E+4
9.240000E-3	6.481800E+4
9.260000E-3	6.485800E+4
9.280000E-3	6.523900E+4
9.300000E-3	6.514000E+4
9.320000E-3	6.497300E+4
9.340000E-3	6.499800E+4
9.360000E-3	6.518700E+4
9.380000E-3	6.519300E+4
9.400000E-3	6.472700E+4
9.420000E-3	6.512000E+4
9.440000E-3	6.530600E+4
9.460000E-3	6.537700E+4
9.480000E-3	6.517100E+4
9.500000E-3	6.481900E+4
9.520000E-3	6.479200E+4
9.540000E-3	6.536500E+4
9.560000E-3	6.520900E+4
9.580000E-3	6.539700E+4
9.600000E-3	6.497100E+4
9.620000E-3	6.526100E+4
9.640000E-3	6.522700E+4
9.660000E-3	6.553400E+4
9.680000E-3	6.547000E+4
9.700000E-3	6.512700E+4
9.720000E-3	6.555800E+4
9.740000E-3	6.520600E+4
9.760000E-3	6.526200E+4
9.780000E-3	6.548400E+4
9.800000E-3	6.594700E+4
9.820000E-3	6.533300E+4
9.840000E-3	6.510900E+4
9.860000E-3	6.543500E+4
9.880000E-3	6.548200E+4
9.900000E-3	6.526300E+4
9.920000E-3	6.513200E+4
9.940000E-3	6.534700E+4
9.960000E-3	6.537700E+4
9.980000E-3	6.513100E+4
1.000000E-2	6.501600E+4
1.002000E-2	6.527200E+4
1.004000E-2	6.551300E+4
1.006000E-2	6.547000E+4
1.008000E-2	6.524400E+4
1.010000E-2	6.575200E+4
1.012000E-2	6.544000E+4
1.014000E-2	6.566700E+4
1.016000E-2	6.550700E+4
1.018000E-2	6.551300E+4
1.020000E-2	6.550700E+4
1.022000E-2	6.522600E+4
1.024000E-2	6.538000E+4
1.026000E-2	6.503600E+4
1.028000E-2	6.497900E+4
1.030000E-2	6.513000E+4
1.032000E-2	6.515100E+4
1.034000E-2	6.528900E+4
1.036000E-2	6.552100E+4
1.038000E-2	6.510500E+4
1.040000E-2	6.542100E+4
1.042000E-2	6.532400E+4
1.044000E-2	6.540000E+4
1.046000E-2	6.506600E+4
1.048000E-2	6.506600E+4
1.050000E-2	6.507400E+4
1.052000E-2	6.485200E+4
1.054000E-2	6.529300E+4
1.056000E-2	6.493300E+4
1.058000E-2	6.537400E+4
1.060000E-2	6.532300E+4
1.062000E-2	6.537700E+4
1.064000E-2	6.522200E+4
1.066000E-2	6.530900E+4
1.068000E-2	6.536300E+4
1.070000E-2	6.498300E+4
1.072000E-2	6.551800E+4
1.074000E-2	6.510700E+4
1.076000E-2	6.545900E+4
1.078000E-2	6.542600E+4
1.080000E-2	6.509200E+4
1.082000E-2	6.530300E+4
1.084000E-2	6.505700E+4
1.086000E-2	6.538400E+4
1.088000E-2	6.558800E+4
1.090000E-2	6.573800E+4
1.092000E-2	6.538600E+4
1.094000E-2	6.495400E+4
1.096000E-2	6.573300E+4
1.098000E-2	6.546200E+4
1.100000E-2	6.587800E+4
1.102000E-2	6.559200E+4
1.104000E-2	6.550400E+4
1.106000E-2	6.558300E+4
1.108000E-2	6.511500E+4
1.110000E-2	6.569500E+4
1.112000E-2	6.514000E+4
1.114000E-2	6.535800E+4
1.116000E-2	6.537800E+4
1.118000E-2	6.551700E+4
1.120000E-2	6.556100E+4
1.122000E-2	6.545400E+4
1.124000E-2	6.506400E+4
1.126000E-2	6.525500E+4
1.128000E-2	6.531700E+4
1.130000E-2	6.535900E+4
1.132000E-2	6.611800E+4
1.134000E-2	6.494500E+4
1.136000E-2	6.510900E+4
1.138000E-2	6.523800E+4
1.140000E-2	6.553900E+4
1.142000E-2	6.539600E+4
1.144000E-2	6.559000E+4
1.146000E-2	6.525000E+4
1.148000E-2	6.576500E+4
1.150000E-2	6.575000E+4
1.152000E-2	6.544600E+4
1.154000E-2	6.544100E+4
1.156000E-2	6.513900E+4
1.158000E-2	6.516300E+4
1.160000E-2	6.542600E+4
1.162000E-2	6.506900E+4
1.164000E-2	6.508900E+4
1.166000E-2	6.581700E+4
1.168000E-2	6.555700E+4
1.170000E-2	6.556300E+4
1.172000E-2	6.594800E+4
1.174000E-2	6.552000E+4
1.176000E-2	6.512600E+4
1.178000E-2	6.558500E+4
1.180000E-2	6.527500E+4
1.182000E-2	6.527800E+4
1.184000E-2	6.530200E+4
1.186000E-2	6.549700E+4
1.188000E-2	6.499100E+4
1.190000E-2	6.515900E+4
1.192000E-2	6.519700E+4
1.194000E-2	6.539900E+4
1.196000E-2	6.528100E+4
1.198000E-2	6.531000E+4
1.200000E-2	6.501300E+4
1.202000E-2	6.537800E+4
1.204000E-2	6.559000E+4
1.206000E-2	6.544700E+4
1.208000E-2	6.546800E+4
1.210000E-2	6.512500E+4
1.212000E-2	6.498300E+4
1.214000E-2	6.535800E+4
1.216000E-2	6.515600E+4
1.218000E-2	6.510500E+4
1.220000E-2	6.559400E+4
1.222000E-2	6.547600E+4
1.224000E-2	6.508300E+4
1.226000E-2	6.527600E+4
1.228000E-2	6.566000E+4
1.230000E-2	6.582700E+4
1.232000E-2	6.531300E+4
1.234000E-2	6.556900E+4
1.236000E-2	6.559700E+4
1.238000E-2	6.581900E+4
1.240000E-2	6.537300E+4
1.242000E-2	6.518100E+4
1.244000E-2	6.521800E+4
1.246000E-2	6.532000E+4
1.248000E-2	6.578400E+4
1.250000E-2	6.544700E+4
1.252000E-2	6.589200E+4
1.254000E-2	6.563500E+4
1.256000E-2	6.577200E+4
1.258000E-2	6.494900E+4
1.260000E-2	6.486500E+4
1.262000E-2	6.483000E+4
1.264000E-2	6.529000E+4
1.266000E-2	6.552300E+4
1.268000E-2	6.511900E+4
1.270000E-2	6.507900E+4
1.272000E-2	6.543500E+4
1.274000E-2	6.542400E+4
1.276000E-2	6.527500E+4
1.278000E-2	6.521600E+4
1.280000E-2	6.527700E+4
1.282000E-2	6.559400E+4
1.284000E-2	6.510200E+4
1.286000E-2	6.546200E+4
1.288000E-2	6.484700E+4
1.290000E-2	6.533200E+4
1.292000E-2	6.493900E+4
1.294000E-2	6.563700E+4
1.296000E-2	6.515300E+4
1.298000E-2	6.509900E+4
1.300000E-2	6.495500E+4
1.302000E-2	6.510300E+4
1.304000E-2	6.512300E+4
1.306000E-2	6.552500E+4
1.308000E-2	6.553900E+4
1.310000E-2	6.514900E+4
1.312000E-2	6.499600E+4
1.314000E-2	6.505800E+4
1.316000E-2	6.485300E+4
1.318000E-2	6.541200E+4
1.320000E-2	6.453500E+4
1.322000E-2	6.533600E+4
1.324000E-2	6.480700E+4
1.326000E-2	6.538400E+4
1.328000E-2	6.543200E+4
1.330000E-2	6.546300E+4
1.332000E-2	6.544600E+4
1.334000E-2	6.514400E+4
1.336000E-2	6.552100E+4
1.338000E-2	6.492800E+4
1.340000E-2	6.507400E+4
1.342000E-2	6.548100E+4
1.344000E-2	6.519200E+4
1.346000E-2	6.517400E+4
1.348000E-2	6.520000E+4
1.350000E-2	6.561700E+4
1.352000E-2	6.472900E+4
1.354000E-2	6.484800E+4
1.356000E-2	6.531500E+4
1.358000E-2	6.503900E+4
1.360000E-2	6.518400E+4
1.362000E-2	6.470600E+4
1.364000E-2	6.465300E+4
1.366000E-2	6.470600E+4
1.368000E-2	6.462100E+4
1.370000E-2	6.539800E+4
1.372000E-2	6.472000E+4
1.374000E-2	6.489800E+4
1.376000E-2	6.475100E+4
1.378000E-2	6.478000E+4
1.380000E-2	6.485300E+4
1.382000E-2	6.476000E+4
1.384000E-2	6.445300E+4
1.386000E-2	6.460900E+4
1.388000E-2	6.474100E+4
1.390000E-2	6.469000E+4
1.392000E-2	6.458800E+4
1.394000E-2	6.512500E+4
1.396000E-2	6.458500E+4
1.398000E-2	6.466500E+4
1.400000E-2	6.438500E+4
1.402000E-2	6.426600E+4
1.404000E-2	6.454600E+4
1.406000E-2	6.453000E+4
1.408000E-2	6.496700E+4
1.410000E-2	6.425300E+4
1.412000E-2	6.378400E+4
1.414000E-2	6.424600E+4
1.416000E-2	6.391500E+4
1.418000E-2	6.415500E+4
1.420000E-2	6.367800E+4
1.422000E-2	6.379700E+4
1.424000E-2	6.420900E+4
1.426000E-2	6.342300E+4
1.428000E-2	6.343100E+4
1.430000E-2	6.356700E+4
1.432000E-2	6.324800E+4
1.434000E-2	6.321700E+4
1.436000E-2	6.338000E+4
1.438000E-2	6.333000E+4
1.440000E-2	6.321900E+4
1.442000E-2	6.281700E+4
1.444000E-2	6.299600E+4
1.446000E-2	6.247300E+4
1.448000E-2	6.225100E+4
1.450000E-2	6.232000E+4
1.452000E-2	6.218200E+4
1.454000E-2	6.145100E+4
1.456000E-2	6.148600E+4
1.458000E-2	6.172200E+4
1.460000E-2	6.127200E+4
1.462000E-2	6.052100E+4
1.464000E-2	6.032500E+4
1.466000E-2	6.023100E+4
1.468000E-2	6.036900E+4
1.470000E-2	5.954100E+4
1.472000E-2	5.881100E+4
1.474000E-2	5.834800E+4
1.476000E-2	5.853900E+4
1.478000E-2	5.761100E+4
1.480000E-2	5.697800E+4
1.482000E-2	5.689100E+4
1.484000E-2	5.598700E+4
1.486000E-2	5.564900E+4
1.488000E-2	5.499300E+4
1.490000E-2	5.481400E+4
1.492000E-2	5.382700E+4
1.494000E-2	5.381400E+4
1.496000E-2	5.356100E+4
1.498000E-2	5.287400E+4
1.500000E-2	5.335700E+4
1.502000E-2	5.318600E+4
1.504000E-2	5.336300E+4
1.506000E-2	5.328700E+4
1.508000E-2	5.337200E+4
1.510000E-2	5.381400E+4
1.512000E-2	5.405400E+4
1.514000E-2	5.484900E+4
1.516000E-2	5.477400E+4
1.518000E-2	5.507800E+4
1.520000E-2	5.596900E+4
1.522000E-2	5.621200E+4
1.524000E-2	5.678600E+4
1.526000E-2	5.706300E+4
1.528000E-2	5.753700E+4
1.530000E-2	5.791700E+4
1.532000E-2	5.818100E+4
1.534000E-2	5.884700E+4
1.536000E-2	5.926400E+4
1.538000E-2	5.995600E+4
1.540000E-2	5.977000E+4
1.542000E-2	6.058900E+4
1.544000E-2	6.028100E+4
1.546000E-2	6.139300E+4
1.548000E-2	6.120000E+4
1.550000E-2	6.144400E+4
1.552000E-2	6.167100E+4
1.554000E-2	6.222400E+4
1.556000E-2	6.236900E+4
1.558000E-2	6.300300E+4
1.560000E-2	6.298500E+4
1.562000E-2	6.330300E+4
1.564000E-2	6.318100E+4
1.566000E-2	6.366400E+4
1.568000E-2	6.326900E+4
1.570000E-2	6.371600E+4
1.572000E-2	6.354000E+4
1.574000E-2	6.398300E+4
1.576000E-2	6.395100E+4
1.578000E-2	6.424400E+4
1.580000E-2	6.392700E+4
1.582000E-2	6.423400E+4
1.584000E-2	6.423300E+4
1.586000E-2	6.429200E+4
1.588000E-2	6.423000E+4
1.590000E-2	6.469800E+4
1.592000E-2	6.447200E+4
1.594000E-2	6.457600E+4
1.596000E-2	6.450500E+4
1.598000E-2	6.472900E+4
1.600000E-2	6.474200E+4
1.602000E-2	6.442800E+4
1.604000E-2	6.453200E+4
1.606000E-2	6.437600E+4
1.608000E-2	6.505400E+4
1.610000E-2	6.463600E+4
1.612000E-2	6.482700E+4
1.614000E-2	6.483000E+4
1.616000E-2	6.532100E+4
1.618000E-2	6.542900E+4
1.620000E-2	6.487400E+4
1.622000E-2	6.477200E+4
1.624000E-2	6.479500E+4
1.626000E-2	6.502400E+4
1.628000E-2	6.529600E+4
1.630000E-2	6.518000E+4
1.632000E-2	6.512600E+4
1.634000E-2	6.481300E+4
1.636000E-2	6.501600E+4
1.638000E-2	6.536000E+4
1.640000E-2	6.523300E+4
1.642000E-2	6.469900E+4
1.644000E-2	6.514700E+4
1.646000E-2	6.532100E+4
1.648000E-2	6.465100E+4
1.650000E-2	6.485900E+4
1.652000E-2	6.499100E+4
1.654000E-2	6.486500E+4
1.656000E-2	6.517600E+4
1.658000E-2	6.499300E+4
1.660000E-2	6.510100E+4
1.662000E-2	6.489100E+4
1.664000E-2	6.500400E+4
1.666000E-2	6.514000E+4
1.668000E-2	6.486100E+4
1.670000E-2	6.491200E+4
1.672000E-2	6.529600E+4
1.674000E-2	6.533100E+4
1.676000E-2	6.501400E+4
1.678000E-2	6.479200E+4
1.680000E-2	6.520500E+4
1.682000E-2	6.511900E+4
1.684000E-2	6.475000E+4
1.686000E-2	6.492200E+4
1.688000E-2	6.528400E+4
1.690000E-2	6.494200E+4
1.692000E-2	6.487500E+4
1.694000E-2	6.549000E+4
1.696000E-2	6.514100E+4
1.698000E-2	6.505500E+4
1.700000E-2	6.523400E+4
1.702000E-2	6.491900E+4
1.704000E-2	6.494900E+4
1.706000E-2	6.563500E+4
1.708000E-2	6.469200E+4
1.710000E-2	6.496100E+4
1.712000E-2	6.507500E+4
1.714000E-2	6.481100E+4
1.716000E-2	6.511800E+4
1.718000E-2	6.517300E+4
1.720000E-2	6.486200E+4
1.722000E-2	6.496900E+4
1.724000E-2	6.495100E+4
1.726000E-2	6.525400E+4
1.728000E-2	6.509100E+4
1.730000E-2	6.512000E+4
1.732000E-2	6.433600E+4
1.734000E-2	6.503000E+4
1.736000E-2	6.474900E+4
1.738000E-2	6.423500E+4
1.740000E-2	6.503600E+4
1.742000E-2	6.523300E+4
1.744000E-2	6.505000E+4
1.746000E-2	6.483500E+4
1.748000E-2	6.498900E+4
1.750000E-2	6.475400E+4
1.752000E-2	6.491000E+4
1.754000E-2	6.524800E+4
1.756000E-2	6.481900E+4
1.758000E-2	6.478500E+4
1.760000E-2	6.494100E+4
1.762000E-2	6.481300E+4
1.764000E-2	6.517900E+4
1.766000E-2	6.478100E+4
1.768000E-2	6.497700E+4
1.770000E-2	6.476700E+4
1.772000E-2	6.454100E+4
1.774000E-2	6.452900E+4
1.776000E-2	6.458800E+4
1.778000E-2	6.460200E+4
1.780000E-2	6.431300E+4
1.782000E-2	6.452100E+4
1.784000E-2	6.397700E+4
1.786000E-2	6.445800E+4
1.788000E-2	6.395400E+4
1.790000E-2	6.395400E+4
1.792000E-2	6.444100E+4
1.794000E-2	6.419400E+4
1.796000E-2	6.382000E+4
1.798000E-2	6.388400E+4
1.800000E-2	6.380100E+4
1.802000E-2	6.372700E+4
1.804000E-2	6.341600E+4
1.806000E-2	6.293500E+4
1.808000E-2	6.297900E+4
1.810000E-2	6.314100E+4
1.812000E-2	6.270600E+4
1.814000E-2	6.205900E+4
1.816000E-2	6.250600E+4
1.818000E-2	6.209200E+4
1.820000E-2	6.181600E+4
1.822000E-2	6.140900E+4
1.824000E-2	6.094000E+4
1.826000E-2	6.065200E+4
1.828000E-2	6.032900E+4
1.830000E-2	5.943700E+4
1.832000E-2	5.970000E+4
1.834000E-2	5.875300E+4
1.836000E-2	5.867200E+4
1.838000E-2	5.796300E+4
1.840000E-2	5.755000E+4
1.842000E-2	5.654900E+4
1.844000E-2	5.617700E+4
1.846000E-2	5.565600E+4
1.848000E-2	5.573700E+4
1.850000E-2	5.473900E+4
1.852000E-2	5.408700E+4
1.854000E-2	5.373700E+4
1.856000E-2	5.334100E+4
1.858000E-2	5.285800E+4
1.860000E-2	5.287100E+4
1.862000E-2	5.255100E+4
1.864000E-2	5.290400E+4
1.866000E-2	5.304600E+4
1.868000E-2	5.298200E+4
1.870000E-2	5.364200E+4
1.872000E-2	5.422000E+4
1.874000E-2	5.459300E+4
1.876000E-2	5.516600E+4
1.878000E-2	5.589000E+4
1.880000E-2	5.627000E+4
1.882000E-2	5.692100E+4
1.884000E-2	5.726700E+4
1.886000E-2	5.830600E+4
1.888000E-2	5.855900E+4
1.890000E-2	5.889400E+4
1.892000E-2	5.916700E+4
1.894000E-2	6.025900E+4
1.896000E-2	5.999800E+4
1.898000E-2	6.078900E+4
1.900000E-2	6.091700E+4
1.902000E-2	6.155400E+4
1.904000E-2	6.158300E+4
1.906000E-2	6.119800E+4
1.908000E-2	6.192500E+4
1.910000E-2	6.220300E+4
1.912000E-2	6.223600E+4
1.914000E-2	6.291300E+4
1.916000E-2	6.253400E+4
1.918000E-2	6.306400E+4
1.920000E-2	6.364100E+4
1.922000E-2	6.325200E+4
1.924000E-2	6.321000E+4
1.926000E-2	6.353400E+4
1.928000E-2	6.363200E+4
1.930000E-2	6.376800E+4
1.932000E-2	6.376200E+4
1.934000E-2	6.428300E+4
1.936000E-2	6.440000E+4
1.938000E-2	6.423000E+4
1.940000E-2	6.438300E+4
1.942000E-2	6.434800E+4
1.944000E-2	6.439400E+4
1.946000E-2	6.438700E+4
1.948000E-2	6.475000E+4
1.950000E-2	6.445100E+4
1.952000E-2	6.433000E+4
1.954000E-2	6.455500E+4
1.956000E-2	6.463500E+4
1.958000E-2	6.475200E+4
1.960000E-2	6.461100E+4
1.962000E-2	6.463900E+4
1.964000E-2	6.468200E+4
1.966000E-2	6.410400E+4
1.968000E-2	6.513900E+4
1.970000E-2	6.542400E+4
1.972000E-2	6.486600E+4
1.974000E-2	6.451700E+4
1.976000E-2	6.507900E+4
1.978000E-2	6.488700E+4
1.980000E-2	6.513500E+4
1.982000E-2	6.550700E+4
1.984000E-2	6.525200E+4
1.986000E-2	6.519600E+4
1.988000E-2	6.486700E+4
1.990000E-2	6.524900E+4
1.992000E-2	6.512200E+4
1.994000E-2	6.532500E+4
1.996000E-2	6.499700E+4
1.998000E-2	6.502100E+4
