

live time:  40398.960000
real time:  46807.652000
sweeps:  2019948.000000
0.000000E+0	0.000000E+0	0.000000E+0
2.000000E-5	0.000000E+0	5.243300E+4
4.000000E-5	0.000000E+0	5.275700E+4
6.000000E-5	0.000000E+0	5.283500E+4
8.000000E-5	0.000000E+0	5.258100E+4
1.000000E-4	0.000000E+0	5.293100E+4
1.200000E-4	0.000000E+0	5.261300E+4
1.400000E-4	0.000000E+0	5.310300E+4
1.600000E-4	0.000000E+0	5.319000E+4
1.800000E-4	0.000000E+0	5.314100E+4
2.000000E-4	0.000000E+0	5.314000E+4
2.200000E-4	0.000000E+0	5.299500E+4
2.400000E-4	0.000000E+0	5.291700E+4
2.600000E-4	0.000000E+0	5.295500E+4
2.800000E-4	0.000000E+0	5.289900E+4
3.000000E-4	0.000000E+0	5.283100E+4
3.200000E-4	0.000000E+0	5.299800E+4
3.400000E-4	0.000000E+0	5.267800E+4
3.600000E-4	0.000000E+0	5.254800E+4
3.800000E-4	0.000000E+0	5.260400E+4
4.000000E-4	0.000000E+0	5.303200E+4
4.200000E-4	0.000000E+0	5.292000E+4
4.400000E-4	0.000000E+0	5.320400E+4
4.600000E-4	0.000000E+0	5.320500E+4
4.800000E-4	0.000000E+0	5.222700E+4
5.000000E-4	0.000000E+0	5.287000E+4
5.200000E-4	0.000000E+0	5.292600E+4
5.400000E-4	0.000000E+0	5.225400E+4
5.600000E-4	0.000000E+0	5.264300E+4
5.800000E-4	0.000000E+0	5.287800E+4
6.000000E-4	0.000000E+0	5.271100E+4
6.200000E-4	0.000000E+0	5.264300E+4
6.400000E-4	0.000000E+0	5.320100E+4
6.600000E-4	0.000000E+0	5.251500E+4
6.800000E-4	0.000000E+0	5.311100E+4
7.000000E-4	0.000000E+0	5.279600E+4
7.200000E-4	0.000000E+0	5.303700E+4
7.400000E-4	0.000000E+0	5.282000E+4
7.600000E-4	0.000000E+0	5.267200E+4
7.800000E-4	0.000000E+0	5.271600E+4
8.000000E-4	0.000000E+0	5.244800E+4
8.200000E-4	0.000000E+0	5.297100E+4
8.400000E-4	0.000000E+0	5.271800E+4
8.600000E-4	0.000000E+0	5.312400E+4
8.800000E-4	0.000000E+0	5.295700E+4
9.000000E-4	0.000000E+0	5.277500E+4
9.200000E-4	0.000000E+0	5.306600E+4
9.400000E-4	0.000000E+0	5.334600E+4
9.600000E-4	0.000000E+0	5.290800E+4
9.800000E-4	0.000000E+0	5.251000E+4
1.000000E-3	0.000000E+0	5.303400E+4
1.020000E-3	0.000000E+0	5.302000E+4
1.040000E-3	0.000000E+0	5.299300E+4
1.060000E-3	0.000000E+0	5.267900E+4
1.080000E-3	0.000000E+0	5.292300E+4
1.100000E-3	0.000000E+0	5.314800E+4
1.120000E-3	0.000000E+0	5.277800E+4
1.140000E-3	0.000000E+0	5.288600E+4
1.160000E-3	0.000000E+0	5.257800E+4
1.180000E-3	0.000000E+0	5.265300E+4
1.200000E-3	0.000000E+0	5.296300E+4
1.220000E-3	0.000000E+0	5.305200E+4
1.240000E-3	0.000000E+0	5.285400E+4
1.260000E-3	0.000000E+0	5.279800E+4
1.280000E-3	0.000000E+0	5.245100E+4
1.300000E-3	0.000000E+0	5.289200E+4
1.320000E-3	0.000000E+0	5.268200E+4
1.340000E-3	0.000000E+0	5.274000E+4
1.360000E-3	0.000000E+0	5.260900E+4
1.380000E-3	0.000000E+0	5.272600E+4
1.400000E-3	0.000000E+0	5.291500E+4
1.420000E-3	0.000000E+0	5.311500E+4
1.440000E-3	0.000000E+0	5.260600E+4
1.460000E-3	0.000000E+0	5.298900E+4
1.480000E-3	0.000000E+0	5.255700E+4
1.500000E-3	0.000000E+0	5.317200E+4
1.520000E-3	0.000000E+0	5.287800E+4
1.540000E-3	0.000000E+0	5.271500E+4
1.560000E-3	0.000000E+0	5.282100E+4
1.580000E-3	0.000000E+0	5.270600E+4
1.600000E-3	0.000000E+0	5.268000E+4
1.620000E-3	0.000000E+0	5.259100E+4
1.640000E-3	0.000000E+0	5.304700E+4
1.660000E-3	0.000000E+0	5.286900E+4
1.680000E-3	0.000000E+0	5.265800E+4
1.700000E-3	0.000000E+0	5.308300E+4
1.720000E-3	0.000000E+0	5.311000E+4
1.740000E-3	0.000000E+0	5.251800E+4
1.760000E-3	0.000000E+0	5.274000E+4
1.780000E-3	0.000000E+0	5.298600E+4
1.800000E-3	0.000000E+0	5.279600E+4
1.820000E-3	0.000000E+0	5.237800E+4
1.840000E-3	0.000000E+0	5.289900E+4
1.860000E-3	0.000000E+0	5.275400E+4
1.880000E-3	0.000000E+0	5.280000E+4
1.900000E-3	0.000000E+0	5.308900E+4
1.920000E-3	0.000000E+0	5.273600E+4
1.940000E-3	0.000000E+0	5.274200E+4
1.960000E-3	0.000000E+0	5.302900E+4
1.980000E-3	0.000000E+0	5.261400E+4
2.000000E-3	0.000000E+0	5.250100E+4
2.020000E-3	0.000000E+0	5.286100E+4
2.040000E-3	0.000000E+0	5.293000E+4
2.060000E-3	0.000000E+0	5.316100E+4
2.080000E-3	0.000000E+0	5.290900E+4
2.100000E-3	0.000000E+0	5.296900E+4
2.120000E-3	0.000000E+0	5.300600E+4
2.140000E-3	0.000000E+0	5.289300E+4
2.160000E-3	0.000000E+0	5.264600E+4
2.180000E-3	0.000000E+0	5.281600E+4
2.200000E-3	0.000000E+0	5.248600E+4
2.220000E-3	0.000000E+0	5.307600E+4
2.240000E-3	0.000000E+0	5.275700E+4
2.260000E-3	0.000000E+0	5.245600E+4
2.280000E-3	0.000000E+0	5.308800E+4
2.300000E-3	0.000000E+0	5.323100E+4
2.320000E-3	0.000000E+0	5.294400E+4
2.340000E-3	0.000000E+0	5.285000E+4
2.360000E-3	0.000000E+0	5.277200E+4
2.380000E-3	0.000000E+0	5.311800E+4
2.400000E-3	0.000000E+0	5.268400E+4
2.420000E-3	0.000000E+0	5.259000E+4
2.440000E-3	0.000000E+0	5.293000E+4
2.460000E-3	0.000000E+0	5.265000E+4
2.480000E-3	0.000000E+0	5.242000E+4
2.500000E-3	0.000000E+0	5.277600E+4
2.520000E-3	0.000000E+0	5.252700E+4
2.540000E-3	0.000000E+0	5.256900E+4
2.560000E-3	0.000000E+0	5.264100E+4
2.580000E-3	0.000000E+0	5.267800E+4
2.600000E-3	0.000000E+0	5.292200E+4
2.620000E-3	0.000000E+0	5.216200E+4
2.640000E-3	0.000000E+0	5.282500E+4
2.660000E-3	0.000000E+0	5.253400E+4
2.680000E-3	0.000000E+0	5.268900E+4
2.700000E-3	0.000000E+0	5.294000E+4
2.720000E-3	0.000000E+0	5.283600E+4
2.740000E-3	0.000000E+0	5.245500E+4
2.760000E-3	0.000000E+0	5.258400E+4
2.780000E-3	0.000000E+0	5.278900E+4
2.800000E-3	0.000000E+0	5.200900E+4
2.820000E-3	0.000000E+0	5.314500E+4
2.840000E-3	0.000000E+0	5.262000E+4
2.860000E-3	0.000000E+0	5.285600E+4
2.880000E-3	0.000000E+0	5.246900E+4
2.900000E-3	0.000000E+0	5.284700E+4
2.920000E-3	0.000000E+0	5.333100E+4
2.940000E-3	0.000000E+0	5.273600E+4
2.960000E-3	0.000000E+0	5.279800E+4
2.980000E-3	0.000000E+0	5.273100E+4
3.000000E-3	0.000000E+0	5.304200E+4
3.020000E-3	0.000000E+0	5.325200E+4
3.040000E-3	0.000000E+0	5.312300E+4
3.060000E-3	0.000000E+0	5.281400E+4
3.080000E-3	0.000000E+0	5.272100E+4
3.100000E-3	0.000000E+0	5.302200E+4
3.120000E-3	0.000000E+0	5.308200E+4
3.140000E-3	0.000000E+0	5.299800E+4
3.160000E-3	0.000000E+0	5.253700E+4
3.180000E-3	0.000000E+0	5.308000E+4
3.200000E-3	0.000000E+0	5.258100E+4
3.220000E-3	0.000000E+0	5.270200E+4
3.240000E-3	0.000000E+0	5.312100E+4
3.260000E-3	0.000000E+0	5.274800E+4
3.280000E-3	0.000000E+0	5.255800E+4
3.300000E-3	0.000000E+0	5.285500E+4
3.320000E-3	0.000000E+0	5.245400E+4
3.340000E-3	0.000000E+0	5.256000E+4
3.360000E-3	0.000000E+0	5.296300E+4
3.380000E-3	0.000000E+0	5.278600E+4
3.400000E-3	0.000000E+0	5.227700E+4
3.420000E-3	0.000000E+0	5.270300E+4
3.440000E-3	0.000000E+0	5.270600E+4
3.460000E-3	0.000000E+0	5.293400E+4
3.480000E-3	0.000000E+0	5.282100E+4
3.500000E-3	0.000000E+0	5.251900E+4
3.520000E-3	0.000000E+0	5.303500E+4
3.540000E-3	0.000000E+0	5.265100E+4
3.560000E-3	0.000000E+0	5.235000E+4
3.580000E-3	0.000000E+0	5.227500E+4
3.600000E-3	0.000000E+0	5.279900E+4
3.620000E-3	0.000000E+0	5.276500E+4
3.640000E-3	0.000000E+0	5.275200E+4
3.660000E-3	0.000000E+0	5.261400E+4
3.680000E-3	0.000000E+0	5.276900E+4
3.700000E-3	0.000000E+0	5.235300E+4
3.720000E-3	0.000000E+0	5.253600E+4
3.740000E-3	0.000000E+0	5.303700E+4
3.760000E-3	0.000000E+0	5.246700E+4
3.780000E-3	0.000000E+0	5.290800E+4
3.800000E-3	0.000000E+0	5.263000E+4
3.820000E-3	0.000000E+0	5.196800E+4
3.840000E-3	0.000000E+0	5.244000E+4
3.860000E-3	0.000000E+0	5.194200E+4
3.880000E-3	0.000000E+0	5.230000E+4
3.900000E-3	0.000000E+0	5.234500E+4
3.920000E-3	0.000000E+0	5.212800E+4
3.940000E-3	0.000000E+0	5.202300E+4
3.960000E-3	0.000000E+0	5.150800E+4
3.980000E-3	0.000000E+0	5.148600E+4
4.000000E-3	0.000000E+0	5.122000E+4
4.020000E-3	0.000000E+0	5.062500E+4
4.040000E-3	0.000000E+0	5.003200E+4
4.060000E-3	0.000000E+0	4.897000E+4
4.080000E-3	0.000000E+0	4.719900E+4
4.100000E-3	0.000000E+0	4.465900E+4
4.120000E-3	0.000000E+0	4.161300E+4
4.140000E-3	0.000000E+0	3.842800E+4
4.160000E-3	0.000000E+0	3.737700E+4
4.180000E-3	0.000000E+0	3.818300E+4
4.200000E-3	0.000000E+0	4.130500E+4
4.220000E-3	0.000000E+0	4.407600E+4
4.240000E-3	0.000000E+0	4.613500E+4
4.260000E-3	0.000000E+0	4.765900E+4
4.280000E-3	0.000000E+0	4.803000E+4
4.300000E-3	0.000000E+0	4.913100E+4
4.320000E-3	0.000000E+0	5.031600E+4
4.340000E-3	0.000000E+0	5.075700E+4
4.360000E-3	0.000000E+0	5.114400E+4
4.380000E-3	0.000000E+0	5.114200E+4
4.400000E-3	0.000000E+0	5.202800E+4
4.420000E-3	0.000000E+0	5.199900E+4
4.440000E-3	0.000000E+0	5.196600E+4
4.460000E-3	0.000000E+0	5.237100E+4
4.480000E-3	0.000000E+0	5.240000E+4
4.500000E-3	0.000000E+0	5.226800E+4
4.520000E-3	0.000000E+0	5.231100E+4
4.540000E-3	0.000000E+0	5.192100E+4
4.560000E-3	0.000000E+0	5.198500E+4
4.580000E-3	0.000000E+0	5.210600E+4
4.600000E-3	0.000000E+0	5.189300E+4
4.620000E-3	0.000000E+0	5.131900E+4
4.640000E-3	0.000000E+0	5.156300E+4
4.660000E-3	0.000000E+0	5.129400E+4
4.680000E-3	0.000000E+0	5.103600E+4
4.700000E-3	0.000000E+0	5.066400E+4
4.720000E-3	0.000000E+0	4.997300E+4
4.740000E-3	0.000000E+0	4.911900E+4
4.760000E-3	0.000000E+0	4.701200E+4
4.780000E-3	0.000000E+0	4.484800E+4
4.800000E-3	0.000000E+0	4.134400E+4
4.820000E-3	0.000000E+0	3.787800E+4
4.840000E-3	0.000000E+0	3.651300E+4
4.860000E-3	0.000000E+0	3.770200E+4
4.880000E-3	0.000000E+0	4.062100E+4
4.900000E-3	0.000000E+0	4.353200E+4
4.920000E-3	0.000000E+0	4.580900E+4
4.940000E-3	0.000000E+0	4.812300E+4
4.960000E-3	0.000000E+0	4.946800E+4
4.980000E-3	0.000000E+0	5.031800E+4
5.000000E-3	0.000000E+0	5.142600E+4
5.020000E-3	0.000000E+0	5.145400E+4
5.040000E-3	0.000000E+0	5.173400E+4
5.060000E-3	0.000000E+0	5.182400E+4
5.080000E-3	0.000000E+0	5.233800E+4
5.100000E-3	0.000000E+0	5.255300E+4
5.120000E-3	0.000000E+0	5.221900E+4
5.140000E-3	0.000000E+0	5.187700E+4
5.160000E-3	0.000000E+0	5.173600E+4
5.180000E-3	0.000000E+0	5.218000E+4
5.200000E-3	0.000000E+0	5.192400E+4
5.220000E-3	0.000000E+0	5.275900E+4
5.240000E-3	0.000000E+0	5.222200E+4
5.260000E-3	0.000000E+0	5.231400E+4
5.280000E-3	0.000000E+0	5.213200E+4
5.300000E-3	0.000000E+0	5.168000E+4
5.320000E-3	0.000000E+0	5.194500E+4
5.340000E-3	0.000000E+0	5.181500E+4
5.360000E-3	0.000000E+0	5.149100E+4
5.380000E-3	0.000000E+0	5.144700E+4
5.400000E-3	0.000000E+0	5.105500E+4
5.420000E-3	0.000000E+0	4.990800E+4
5.440000E-3	0.000000E+0	4.835300E+4
5.460000E-3	0.000000E+0	4.638300E+4
5.480000E-3	0.000000E+0	4.426000E+4
5.500000E-3	0.000000E+0	4.439500E+4
5.520000E-3	0.000000E+0	4.591800E+4
5.540000E-3	0.000000E+0	4.845500E+4
5.560000E-3	0.000000E+0	5.012200E+4
5.580000E-3	0.000000E+0	5.105700E+4
5.600000E-3	0.000000E+0	5.137800E+4
5.620000E-3	0.000000E+0	5.147500E+4
5.640000E-3	0.000000E+0	5.232600E+4
5.660000E-3	0.000000E+0	5.192700E+4
5.680000E-3	0.000000E+0	5.246700E+4
5.700000E-3	0.000000E+0	5.202100E+4
5.720000E-3	0.000000E+0	5.228700E+4
5.740000E-3	0.000000E+0	5.199400E+4
5.760000E-3	0.000000E+0	5.238400E+4
5.780000E-3	0.000000E+0	5.205200E+4
5.800000E-3	0.000000E+0	5.200800E+4
5.820000E-3	0.000000E+0	5.223800E+4
5.840000E-3	0.000000E+0	5.197000E+4
5.860000E-3	0.000000E+0	5.150900E+4
5.880000E-3	0.000000E+0	5.055400E+4
5.900000E-3	0.000000E+0	4.991200E+4
5.920000E-3	0.000000E+0	4.821200E+4
5.940000E-3	0.000000E+0	4.685300E+4
5.960000E-3	0.000000E+0	4.458300E+4
5.980000E-3	0.000000E+0	4.436700E+4
6.000000E-3	0.000000E+0	4.613900E+4
6.020000E-3	0.000000E+0	4.831900E+4
6.040000E-3	0.000000E+0	4.998400E+4
6.060000E-3	0.000000E+0	5.090800E+4
6.080000E-3	0.000000E+0	5.155900E+4
6.100000E-3	0.000000E+0	5.163200E+4
6.120000E-3	0.000000E+0	5.209300E+4
6.140000E-3	0.000000E+0	5.235200E+4
6.160000E-3	0.000000E+0	5.206400E+4
6.180000E-3	0.000000E+0	5.202700E+4
6.200000E-3	0.000000E+0	5.247400E+4
6.220000E-3	0.000000E+0	5.232200E+4
6.240000E-3	0.000000E+0	5.244400E+4
6.260000E-3	0.000000E+0	5.182500E+4
6.280000E-3	0.000000E+0	5.240600E+4
6.300000E-3	0.000000E+0	5.224000E+4
6.320000E-3	0.000000E+0	5.201200E+4
6.340000E-3	0.000000E+0	5.202600E+4
6.360000E-3	0.000000E+0	5.233400E+4
6.380000E-3	0.000000E+0	5.144200E+4
6.400000E-3	0.000000E+0	5.209700E+4
6.420000E-3	0.000000E+0	5.163600E+4
6.440000E-3	0.000000E+0	5.131200E+4
6.460000E-3	0.000000E+0	5.095800E+4
6.480000E-3	0.000000E+0	4.969400E+4
6.500000E-3	0.000000E+0	4.886200E+4
6.520000E-3	0.000000E+0	4.726200E+4
6.540000E-3	0.000000E+0	4.583400E+4
6.560000E-3	0.000000E+0	4.430900E+4
6.580000E-3	0.000000E+0	4.182200E+4
6.600000E-3	0.000000E+0	3.887100E+4
6.620000E-3	0.000000E+0	3.685600E+4
6.640000E-3	0.000000E+0	3.771600E+4
6.660000E-3	0.000000E+0	4.064000E+4
6.680000E-3	0.000000E+0	4.449400E+4
6.700000E-3	0.000000E+0	4.681300E+4
6.720000E-3	0.000000E+0	4.917100E+4
6.740000E-3	0.000000E+0	4.997600E+4
6.760000E-3	0.000000E+0	5.057800E+4
6.780000E-3	0.000000E+0	5.096600E+4
6.800000E-3	0.000000E+0	5.126500E+4
6.820000E-3	0.000000E+0	5.159300E+4
6.840000E-3	0.000000E+0	5.151400E+4
6.860000E-3	0.000000E+0	5.198800E+4
6.880000E-3	0.000000E+0	5.161700E+4
6.900000E-3	0.000000E+0	5.191200E+4
6.920000E-3	0.000000E+0	5.201200E+4
6.940000E-3	0.000000E+0	5.210500E+4
6.960000E-3	0.000000E+0	5.231600E+4
6.980000E-3	0.000000E+0	5.193300E+4
7.000000E-3	0.000000E+0	5.217600E+4
7.020000E-3	0.000000E+0	5.183900E+4
7.040000E-3	0.000000E+0	5.178000E+4
7.060000E-3	0.000000E+0	5.186700E+4
7.080000E-3	0.000000E+0	5.132400E+4
7.100000E-3	0.000000E+0	5.115800E+4
7.120000E-3	0.000000E+0	5.021700E+4
7.140000E-3	0.000000E+0	4.938000E+4
7.160000E-3	0.000000E+0	4.839800E+4
7.180000E-3	0.000000E+0	4.822800E+4
7.200000E-3	0.000000E+0	4.782200E+4
7.220000E-3	0.000000E+0	4.718200E+4
7.240000E-3	0.000000E+0	4.552500E+4
7.260000E-3	0.000000E+0	4.297100E+4
7.280000E-3	0.000000E+0	4.071000E+4
7.300000E-3	0.000000E+0	3.780700E+4
7.320000E-3	0.000000E+0	3.727000E+4
7.340000E-3	0.000000E+0	3.930400E+4
7.360000E-3	0.000000E+0	4.229700E+4
7.380000E-3	0.000000E+0	4.533000E+4
7.400000E-3	0.000000E+0	4.770600E+4
7.420000E-3	0.000000E+0	4.938700E+4
7.440000E-3	0.000000E+0	5.047400E+4
7.460000E-3	0.000000E+0	5.058100E+4
7.480000E-3	0.000000E+0	5.107300E+4
7.500000E-3	0.000000E+0	5.140800E+4
7.520000E-3	0.000000E+0	5.203700E+4
7.540000E-3	0.000000E+0	5.215900E+4
7.560000E-3	0.000000E+0	5.198400E+4
7.580000E-3	0.000000E+0	5.194700E+4
7.600000E-3	0.000000E+0	5.215900E+4
7.620000E-3	0.000000E+0	5.277900E+4
7.640000E-3	0.000000E+0	5.206300E+4
7.660000E-3	0.000000E+0	5.262300E+4
7.680000E-3	0.000000E+0	5.269400E+4
7.700000E-3	0.000000E+0	5.263300E+4
7.720000E-3	0.000000E+0	5.237800E+4
7.740000E-3	0.000000E+0	5.282900E+4
7.760000E-3	0.000000E+0	5.243100E+4
7.780000E-3	0.000000E+0	5.251600E+4
7.800000E-3	0.000000E+0	5.287800E+4
7.820000E-3	0.000000E+0	5.315600E+4
7.840000E-3	0.000000E+0	5.272000E+4
7.860000E-3	0.000000E+0	5.227400E+4
7.880000E-3	0.000000E+0	5.273200E+4
7.900000E-3	0.000000E+0	5.270300E+4
7.920000E-3	0.000000E+0	5.252300E+4
7.940000E-3	0.000000E+0	5.250400E+4
7.960000E-3	0.000000E+0	5.290100E+4
7.980000E-3	0.000000E+0	5.280800E+4
8.000000E-3	0.000000E+0	5.243200E+4
8.020000E-3	0.000000E+0	5.326900E+4
8.040000E-3	0.000000E+0	5.292000E+4
8.060000E-3	0.000000E+0	5.243700E+4
8.080000E-3	0.000000E+0	5.242400E+4
8.100000E-3	0.000000E+0	5.264200E+4
8.120000E-3	0.000000E+0	5.267900E+4
8.140000E-3	0.000000E+0	5.288000E+4
8.160000E-3	0.000000E+0	5.248500E+4
8.180000E-3	0.000000E+0	5.289600E+4
8.200000E-3	0.000000E+0	5.276800E+4
8.220000E-3	0.000000E+0	5.308600E+4
8.240000E-3	0.000000E+0	5.275300E+4
8.260000E-3	0.000000E+0	5.269900E+4
8.280000E-3	0.000000E+0	5.227900E+4
8.300000E-3	0.000000E+0	5.302400E+4
8.320000E-3	0.000000E+0	5.215800E+4
8.340000E-3	0.000000E+0	5.262200E+4
8.360000E-3	0.000000E+0	5.268200E+4
8.380000E-3	0.000000E+0	5.296500E+4
8.400000E-3	0.000000E+0	5.296400E+4
8.420000E-3	0.000000E+0	5.330500E+4
8.440000E-3	0.000000E+0	5.284200E+4
8.460000E-3	0.000000E+0	5.269300E+4
8.480000E-3	0.000000E+0	5.286500E+4
8.500000E-3	0.000000E+0	5.250100E+4
8.520000E-3	0.000000E+0	5.258700E+4
8.540000E-3	0.000000E+0	5.296800E+4
8.560000E-3	0.000000E+0	5.260200E+4
8.580000E-3	0.000000E+0	5.271700E+4
8.600000E-3	0.000000E+0	5.258800E+4
8.620000E-3	0.000000E+0	5.263000E+4
8.640000E-3	0.000000E+0	5.297700E+4
8.660000E-3	0.000000E+0	5.276800E+4
8.680000E-3	0.000000E+0	5.263600E+4
8.700000E-3	0.000000E+0	5.242800E+4
8.720000E-3	0.000000E+0	5.302300E+4
8.740000E-3	0.000000E+0	5.283200E+4
8.760000E-3	0.000000E+0	5.274000E+4
8.780000E-3	0.000000E+0	5.289100E+4
8.800000E-3	0.000000E+0	5.315800E+4
8.820000E-3	0.000000E+0	5.228700E+4
8.840000E-3	0.000000E+0	5.308900E+4
8.860000E-3	0.000000E+0	5.297800E+4
8.880000E-3	0.000000E+0	5.270900E+4
8.900000E-3	0.000000E+0	5.267400E+4
8.920000E-3	0.000000E+0	5.270300E+4
8.940000E-3	0.000000E+0	5.247700E+4
8.960000E-3	0.000000E+0	5.292900E+4
8.980000E-3	0.000000E+0	5.289800E+4
9.000000E-3	0.000000E+0	5.317700E+4
9.020000E-3	0.000000E+0	5.299600E+4
9.040000E-3	0.000000E+0	5.313600E+4
9.060000E-3	0.000000E+0	5.237300E+4
9.080000E-3	0.000000E+0	5.253700E+4
9.100000E-3	0.000000E+0	5.224300E+4
9.120000E-3	0.000000E+0	5.296600E+4
9.140000E-3	0.000000E+0	5.285800E+4
9.160000E-3	0.000000E+0	5.293800E+4
9.180000E-3	0.000000E+0	5.300500E+4
9.200000E-3	0.000000E+0	5.275200E+4
9.220000E-3	0.000000E+0	5.284800E+4
9.240000E-3	0.000000E+0	5.310600E+4
9.260000E-3	0.000000E+0	5.269100E+4
9.280000E-3	0.000000E+0	5.319000E+4
9.300000E-3	0.000000E+0	5.278100E+4
9.320000E-3	0.000000E+0	5.301000E+4
9.340000E-3	0.000000E+0	5.279700E+4
9.360000E-3	0.000000E+0	5.276600E+4
9.380000E-3	0.000000E+0	5.288600E+4
9.400000E-3	0.000000E+0	5.265200E+4
9.420000E-3	0.000000E+0	5.286300E+4
9.440000E-3	0.000000E+0	5.225000E+4
9.460000E-3	0.000000E+0	5.275500E+4
9.480000E-3	0.000000E+0	5.272500E+4
9.500000E-3	0.000000E+0	5.259900E+4
9.520000E-3	0.000000E+0	5.222300E+4
9.540000E-3	0.000000E+0	5.266900E+4
9.560000E-3	0.000000E+0	5.302300E+4
9.580000E-3	0.000000E+0	5.314300E+4
9.600000E-3	0.000000E+0	5.270800E+4
9.620000E-3	0.000000E+0	5.304500E+4
9.640000E-3	0.000000E+0	5.274500E+4
9.660000E-3	0.000000E+0	5.272100E+4
9.680000E-3	0.000000E+0	5.311700E+4
9.700000E-3	0.000000E+0	5.282500E+4
9.720000E-3	0.000000E+0	5.302400E+4
9.740000E-3	0.000000E+0	5.256200E+4
9.760000E-3	0.000000E+0	5.281900E+4
9.780000E-3	0.000000E+0	5.240600E+4
9.800000E-3	0.000000E+0	5.283900E+4
9.820000E-3	0.000000E+0	5.295200E+4
9.840000E-3	0.000000E+0	5.265300E+4
9.860000E-3	0.000000E+0	5.280100E+4
9.880000E-3	0.000000E+0	5.292500E+4
9.900000E-3	0.000000E+0	5.313800E+4
9.920000E-3	0.000000E+0	5.277300E+4
9.940000E-3	0.000000E+0	5.256600E+4
9.960000E-3	0.000000E+0	5.286400E+4
9.980000E-3	0.000000E+0	5.262200E+4
1.000000E-2	0.000000E+0	5.278200E+4
1.002000E-2	0.000000E+0	5.272800E+4
1.004000E-2	0.000000E+0	5.288000E+4
1.006000E-2	0.000000E+0	5.311800E+4
1.008000E-2	0.000000E+0	5.282400E+4
1.010000E-2	0.000000E+0	5.278800E+4
1.012000E-2	0.000000E+0	5.268000E+4
1.014000E-2	0.000000E+0	5.216000E+4
1.016000E-2	0.000000E+0	5.295600E+4
1.018000E-2	0.000000E+0	5.261400E+4
1.020000E-2	0.000000E+0	5.266900E+4
1.022000E-2	0.000000E+0	5.304200E+4
1.024000E-2	0.000000E+0	5.260700E+4
1.026000E-2	0.000000E+0	5.255900E+4
1.028000E-2	0.000000E+0	5.301800E+4
1.030000E-2	0.000000E+0	5.310300E+4
1.032000E-2	0.000000E+0	5.256700E+4
1.034000E-2	0.000000E+0	5.232600E+4
1.036000E-2	0.000000E+0	5.269600E+4
1.038000E-2	0.000000E+0	5.240700E+4
1.040000E-2	0.000000E+0	5.295600E+4
1.042000E-2	0.000000E+0	5.288300E+4
1.044000E-2	0.000000E+0	5.318300E+4
1.046000E-2	0.000000E+0	5.302800E+4
1.048000E-2	0.000000E+0	5.311000E+4
1.050000E-2	0.000000E+0	5.236700E+4
1.052000E-2	0.000000E+0	5.303800E+4
1.054000E-2	0.000000E+0	5.267300E+4
1.056000E-2	0.000000E+0	5.297000E+4
1.058000E-2	0.000000E+0	5.256100E+4
1.060000E-2	0.000000E+0	5.266600E+4
1.062000E-2	0.000000E+0	5.310700E+4
1.064000E-2	0.000000E+0	5.327400E+4
1.066000E-2	0.000000E+0	5.245300E+4
1.068000E-2	0.000000E+0	5.218000E+4
1.070000E-2	0.000000E+0	5.292900E+4
1.072000E-2	0.000000E+0	5.272400E+4
1.074000E-2	0.000000E+0	5.286900E+4
1.076000E-2	0.000000E+0	5.283100E+4
1.078000E-2	0.000000E+0	5.301900E+4
1.080000E-2	0.000000E+0	5.269200E+4
1.082000E-2	0.000000E+0	5.265600E+4
1.084000E-2	0.000000E+0	5.257100E+4
1.086000E-2	0.000000E+0	5.253400E+4
1.088000E-2	0.000000E+0	5.298100E+4
1.090000E-2	0.000000E+0	5.253500E+4
1.092000E-2	0.000000E+0	5.292000E+4
1.094000E-2	0.000000E+0	5.311200E+4
1.096000E-2	0.000000E+0	5.240600E+4
1.098000E-2	0.000000E+0	5.331300E+4
1.100000E-2	0.000000E+0	5.273300E+4
1.102000E-2	0.000000E+0	5.227000E+4
1.104000E-2	0.000000E+0	5.305800E+4
1.106000E-2	0.000000E+0	5.271200E+4
1.108000E-2	0.000000E+0	5.279800E+4
1.110000E-2	0.000000E+0	5.285900E+4
1.112000E-2	0.000000E+0	5.256300E+4
1.114000E-2	0.000000E+0	5.272700E+4
1.116000E-2	0.000000E+0	5.237300E+4
1.118000E-2	0.000000E+0	5.314900E+4
1.120000E-2	0.000000E+0	5.286400E+4
1.122000E-2	0.000000E+0	5.291700E+4
1.124000E-2	0.000000E+0	5.304800E+4
1.126000E-2	0.000000E+0	5.332700E+4
1.128000E-2	0.000000E+0	5.344600E+4
1.130000E-2	0.000000E+0	5.277400E+4
1.132000E-2	0.000000E+0	5.272400E+4
1.134000E-2	0.000000E+0	5.293900E+4
1.136000E-2	0.000000E+0	5.262900E+4
1.138000E-2	0.000000E+0	5.271400E+4
1.140000E-2	0.000000E+0	5.248600E+4
1.142000E-2	0.000000E+0	5.255300E+4
1.144000E-2	0.000000E+0	5.237700E+4
1.146000E-2	0.000000E+0	5.246800E+4
1.148000E-2	0.000000E+0	5.246900E+4
1.150000E-2	0.000000E+0	5.288400E+4
1.152000E-2	0.000000E+0	5.294300E+4
1.154000E-2	0.000000E+0	5.249800E+4
1.156000E-2	0.000000E+0	5.249100E+4
1.158000E-2	0.000000E+0	5.276200E+4
1.160000E-2	0.000000E+0	5.300100E+4
1.162000E-2	0.000000E+0	5.259100E+4
1.164000E-2	0.000000E+0	5.279100E+4
1.166000E-2	0.000000E+0	5.258000E+4
1.168000E-2	0.000000E+0	5.266100E+4
1.170000E-2	0.000000E+0	5.265300E+4
1.172000E-2	0.000000E+0	5.277800E+4
1.174000E-2	0.000000E+0	5.276300E+4
1.176000E-2	0.000000E+0	5.252300E+4
1.178000E-2	0.000000E+0	5.293900E+4
1.180000E-2	0.000000E+0	5.297600E+4
1.182000E-2	0.000000E+0	5.281600E+4
1.184000E-2	0.000000E+0	5.257100E+4
1.186000E-2	0.000000E+0	5.257400E+4
1.188000E-2	0.000000E+0	5.272000E+4
1.190000E-2	0.000000E+0	5.322900E+4
1.192000E-2	0.000000E+0	5.235100E+4
1.194000E-2	0.000000E+0	5.254000E+4
1.196000E-2	0.000000E+0	5.308400E+4
1.198000E-2	0.000000E+0	5.292600E+4
1.200000E-2	0.000000E+0	5.248300E+4
1.202000E-2	0.000000E+0	5.268900E+4
1.204000E-2	0.000000E+0	5.273600E+4
1.206000E-2	0.000000E+0	5.299400E+4
1.208000E-2	0.000000E+0	5.253600E+4
1.210000E-2	0.000000E+0	5.219200E+4
1.212000E-2	0.000000E+0	5.234500E+4
1.214000E-2	0.000000E+0	5.272600E+4
1.216000E-2	0.000000E+0	5.322500E+4
1.218000E-2	0.000000E+0	5.295800E+4
1.220000E-2	0.000000E+0	5.254000E+4
1.222000E-2	0.000000E+0	5.228300E+4
1.224000E-2	0.000000E+0	5.285000E+4
1.226000E-2	0.000000E+0	5.266600E+4
1.228000E-2	0.000000E+0	5.231500E+4
1.230000E-2	0.000000E+0	5.261400E+4
1.232000E-2	0.000000E+0	5.285800E+4
1.234000E-2	0.000000E+0	5.230900E+4
1.236000E-2	0.000000E+0	5.291700E+4
1.238000E-2	0.000000E+0	5.255300E+4
1.240000E-2	0.000000E+0	5.276700E+4
1.242000E-2	0.000000E+0	5.259500E+4
1.244000E-2	0.000000E+0	5.264300E+4
1.246000E-2	0.000000E+0	5.236800E+4
1.248000E-2	0.000000E+0	5.276500E+4
1.250000E-2	0.000000E+0	5.256800E+4
1.252000E-2	0.000000E+0	5.295000E+4
1.254000E-2	0.000000E+0	5.289100E+4
1.256000E-2	0.000000E+0	5.270200E+4
1.258000E-2	0.000000E+0	5.291400E+4
1.260000E-2	0.000000E+0	5.303600E+4
1.262000E-2	0.000000E+0	5.303000E+4
1.264000E-2	0.000000E+0	5.301100E+4
1.266000E-2	0.000000E+0	5.330100E+4
1.268000E-2	0.000000E+0	5.251100E+4
1.270000E-2	0.000000E+0	5.289900E+4
1.272000E-2	0.000000E+0	5.235900E+4
1.274000E-2	0.000000E+0	5.280600E+4
1.276000E-2	0.000000E+0	5.299200E+4
1.278000E-2	0.000000E+0	5.291900E+4
1.280000E-2	0.000000E+0	5.246700E+4
1.282000E-2	0.000000E+0	5.238800E+4
1.284000E-2	0.000000E+0	5.291900E+4
1.286000E-2	0.000000E+0	5.256500E+4
1.288000E-2	0.000000E+0	5.261700E+4
1.290000E-2	0.000000E+0	5.282500E+4
1.292000E-2	0.000000E+0	5.261000E+4
1.294000E-2	0.000000E+0	5.218900E+4
1.296000E-2	0.000000E+0	5.281500E+4
1.298000E-2	0.000000E+0	5.247400E+4
1.300000E-2	0.000000E+0	5.278600E+4
1.302000E-2	0.000000E+0	5.305400E+4
1.304000E-2	0.000000E+0	5.268200E+4
1.306000E-2	0.000000E+0	5.310600E+4
1.308000E-2	0.000000E+0	5.287500E+4
1.310000E-2	0.000000E+0	5.311500E+4
1.312000E-2	0.000000E+0	5.295500E+4
1.314000E-2	0.000000E+0	5.290500E+4
1.316000E-2	0.000000E+0	5.315900E+4
1.318000E-2	0.000000E+0	5.306500E+4
1.320000E-2	0.000000E+0	5.261400E+4
1.322000E-2	0.000000E+0	5.259600E+4
1.324000E-2	0.000000E+0	5.260100E+4
1.326000E-2	0.000000E+0	5.256600E+4
1.328000E-2	0.000000E+0	5.283400E+4
1.330000E-2	0.000000E+0	5.274500E+4
1.332000E-2	0.000000E+0	5.263500E+4
1.334000E-2	0.000000E+0	5.242900E+4
1.336000E-2	0.000000E+0	5.289500E+4
1.338000E-2	0.000000E+0	5.266400E+4
1.340000E-2	0.000000E+0	5.280000E+4
1.342000E-2	0.000000E+0	5.243900E+4
1.344000E-2	0.000000E+0	5.260000E+4
1.346000E-2	0.000000E+0	5.280100E+4
1.348000E-2	0.000000E+0	5.230300E+4
1.350000E-2	0.000000E+0	5.304300E+4
1.352000E-2	0.000000E+0	5.326900E+4
1.354000E-2	0.000000E+0	5.268500E+4
1.356000E-2	0.000000E+0	5.275800E+4
1.358000E-2	0.000000E+0	5.256900E+4
1.360000E-2	0.000000E+0	5.287100E+4
1.362000E-2	0.000000E+0	5.263600E+4
1.364000E-2	0.000000E+0	5.265000E+4
1.366000E-2	0.000000E+0	5.285600E+4
1.368000E-2	0.000000E+0	5.264700E+4
1.370000E-2	0.000000E+0	5.273500E+4
1.372000E-2	0.000000E+0	5.299100E+4
1.374000E-2	0.000000E+0	5.282700E+4
1.376000E-2	0.000000E+0	5.287700E+4
1.378000E-2	0.000000E+0	5.299000E+4
1.380000E-2	0.000000E+0	5.255200E+4
1.382000E-2	0.000000E+0	5.267300E+4
1.384000E-2	0.000000E+0	5.295500E+4
1.386000E-2	0.000000E+0	5.298200E+4
1.388000E-2	0.000000E+0	5.308400E+4
1.390000E-2	0.000000E+0	5.225500E+4
1.392000E-2	0.000000E+0	5.275000E+4
1.394000E-2	0.000000E+0	5.233900E+4
1.396000E-2	0.000000E+0	5.260900E+4
1.398000E-2	0.000000E+0	5.255100E+4
1.400000E-2	0.000000E+0	5.250000E+4
1.402000E-2	0.000000E+0	5.273000E+4
1.404000E-2	0.000000E+0	5.251700E+4
1.406000E-2	0.000000E+0	5.279700E+4
1.408000E-2	0.000000E+0	5.279800E+4
1.410000E-2	0.000000E+0	5.268900E+4
1.412000E-2	0.000000E+0	5.272700E+4
1.414000E-2	0.000000E+0	5.271300E+4
1.416000E-2	0.000000E+0	5.229300E+4
1.418000E-2	0.000000E+0	5.281300E+4
1.420000E-2	0.000000E+0	5.259500E+4
1.422000E-2	0.000000E+0	5.239300E+4
1.424000E-2	0.000000E+0	5.252000E+4
1.426000E-2	0.000000E+0	5.268100E+4
1.428000E-2	0.000000E+0	5.285800E+4
1.430000E-2	0.000000E+0	5.269500E+4
1.432000E-2	0.000000E+0	5.278500E+4
1.434000E-2	0.000000E+0	5.282000E+4
1.436000E-2	0.000000E+0	5.290000E+4
1.438000E-2	0.000000E+0	5.254000E+4
1.440000E-2	0.000000E+0	5.303200E+4
1.442000E-2	0.000000E+0	5.296500E+4
1.444000E-2	0.000000E+0	5.255800E+4
1.446000E-2	0.000000E+0	5.264400E+4
1.448000E-2	0.000000E+0	5.297100E+4
1.450000E-2	0.000000E+0	5.277900E+4
1.452000E-2	0.000000E+0	5.260900E+4
1.454000E-2	0.000000E+0	5.294900E+4
1.456000E-2	0.000000E+0	5.283200E+4
1.458000E-2	0.000000E+0	5.295000E+4
1.460000E-2	0.000000E+0	5.253100E+4
1.462000E-2	0.000000E+0	5.259400E+4
1.464000E-2	0.000000E+0	5.274300E+4
1.466000E-2	0.000000E+0	5.263700E+4
1.468000E-2	0.000000E+0	5.264200E+4
1.470000E-2	0.000000E+0	5.267200E+4
1.472000E-2	0.000000E+0	5.260900E+4
1.474000E-2	0.000000E+0	5.253000E+4
1.476000E-2	0.000000E+0	5.261600E+4
1.478000E-2	0.000000E+0	5.256600E+4
1.480000E-2	0.000000E+0	5.235100E+4
1.482000E-2	0.000000E+0	5.303100E+4
1.484000E-2	0.000000E+0	5.252200E+4
1.486000E-2	0.000000E+0	5.260400E+4
1.488000E-2	0.000000E+0	5.218500E+4
1.490000E-2	0.000000E+0	5.287300E+4
1.492000E-2	0.000000E+0	5.219900E+4
1.494000E-2	0.000000E+0	5.251900E+4
1.496000E-2	0.000000E+0	5.271800E+4
1.498000E-2	0.000000E+0	5.275600E+4
1.500000E-2	0.000000E+0	5.254800E+4
1.502000E-2	0.000000E+0	5.250500E+4
1.504000E-2	0.000000E+0	5.254800E+4
1.506000E-2	0.000000E+0	5.284700E+4
1.508000E-2	0.000000E+0	5.264500E+4
1.510000E-2	0.000000E+0	5.238400E+4
1.512000E-2	0.000000E+0	5.237800E+4
1.514000E-2	0.000000E+0	5.249700E+4
1.516000E-2	0.000000E+0	5.249600E+4
1.518000E-2	0.000000E+0	5.227200E+4
1.520000E-2	0.000000E+0	5.219700E+4
1.522000E-2	0.000000E+0	5.261100E+4
1.524000E-2	0.000000E+0	5.243600E+4
1.526000E-2	0.000000E+0	5.243500E+4
1.528000E-2	0.000000E+0	5.241900E+4
1.530000E-2	0.000000E+0	5.207400E+4
1.532000E-2	0.000000E+0	5.235100E+4
1.534000E-2	0.000000E+0	5.177200E+4
1.536000E-2	0.000000E+0	5.200400E+4
1.538000E-2	0.000000E+0	5.196400E+4
1.540000E-2	0.000000E+0	5.157000E+4
1.542000E-2	0.000000E+0	5.158000E+4
1.544000E-2	0.000000E+0	5.122900E+4
1.546000E-2	0.000000E+0	5.030500E+4
1.548000E-2	0.000000E+0	4.992900E+4
1.550000E-2	0.000000E+0	4.850200E+4
1.552000E-2	0.000000E+0	4.686300E+4
1.554000E-2	0.000000E+0	4.400500E+4
1.556000E-2	0.000000E+0	4.095200E+4
1.558000E-2	0.000000E+0	3.858300E+4
1.560000E-2	0.000000E+0	3.760500E+4
1.562000E-2	0.000000E+0	3.885100E+4
1.564000E-2	0.000000E+0	4.136200E+4
1.566000E-2	0.000000E+0	4.397000E+4
1.568000E-2	0.000000E+0	4.639700E+4
1.570000E-2	0.000000E+0	4.763900E+4
1.572000E-2	0.000000E+0	4.808900E+4
1.574000E-2	0.000000E+0	4.870700E+4
1.576000E-2	0.000000E+0	4.874000E+4
1.578000E-2	0.000000E+0	5.014900E+4
1.580000E-2	0.000000E+0	5.017300E+4
1.582000E-2	0.000000E+0	5.131000E+4
1.584000E-2	0.000000E+0	5.148100E+4
1.586000E-2	0.000000E+0	5.167600E+4
1.588000E-2	0.000000E+0	5.127800E+4
1.590000E-2	0.000000E+0	5.174200E+4
1.592000E-2	0.000000E+0	5.167000E+4
1.594000E-2	0.000000E+0	5.226100E+4
1.596000E-2	0.000000E+0	5.184100E+4
1.598000E-2	0.000000E+0	5.196900E+4
1.600000E-2	0.000000E+0	5.191900E+4
1.602000E-2	0.000000E+0	5.187100E+4
1.604000E-2	0.000000E+0	5.189800E+4
1.606000E-2	0.000000E+0	5.215900E+4
1.608000E-2	0.000000E+0	5.209700E+4
1.610000E-2	0.000000E+0	5.168000E+4
1.612000E-2	0.000000E+0	5.175200E+4
1.614000E-2	0.000000E+0	5.113200E+4
1.616000E-2	0.000000E+0	5.010400E+4
1.618000E-2	0.000000E+0	4.957500E+4
1.620000E-2	0.000000E+0	4.835000E+4
1.622000E-2	0.000000E+0	4.663500E+4
1.624000E-2	0.000000E+0	4.369900E+4
1.626000E-2	0.000000E+0	4.042700E+4
1.628000E-2	0.000000E+0	3.736100E+4
1.630000E-2	0.000000E+0	3.679800E+4
1.632000E-2	0.000000E+0	3.857300E+4
1.634000E-2	0.000000E+0	4.207600E+4
1.636000E-2	0.000000E+0	4.423700E+4
1.638000E-2	0.000000E+0	4.592000E+4
1.640000E-2	0.000000E+0	4.756800E+4
1.642000E-2	0.000000E+0	4.877400E+4
1.644000E-2	0.000000E+0	5.029700E+4
1.646000E-2	0.000000E+0	5.067200E+4
1.648000E-2	0.000000E+0	5.115300E+4
1.650000E-2	0.000000E+0	5.138600E+4
1.652000E-2	0.000000E+0	5.156600E+4
1.654000E-2	0.000000E+0	5.163500E+4
1.656000E-2	0.000000E+0	5.205000E+4
1.658000E-2	0.000000E+0	5.221500E+4
1.660000E-2	0.000000E+0	5.204700E+4
1.662000E-2	0.000000E+0	5.182200E+4
1.664000E-2	0.000000E+0	5.268100E+4
1.666000E-2	0.000000E+0	5.217300E+4
1.668000E-2	0.000000E+0	5.227000E+4
1.670000E-2	0.000000E+0	5.218100E+4
1.672000E-2	0.000000E+0	5.232500E+4
1.674000E-2	0.000000E+0	5.222300E+4
1.676000E-2	0.000000E+0	5.223200E+4
1.678000E-2	0.000000E+0	5.233300E+4
1.680000E-2	0.000000E+0	5.176000E+4
1.682000E-2	0.000000E+0	5.170600E+4
1.684000E-2	0.000000E+0	5.116100E+4
1.686000E-2	0.000000E+0	5.121600E+4
1.688000E-2	0.000000E+0	5.000900E+4
1.690000E-2	0.000000E+0	4.889500E+4
1.692000E-2	0.000000E+0	4.678600E+4
1.694000E-2	0.000000E+0	4.531500E+4
1.696000E-2	0.000000E+0	4.423200E+4
1.698000E-2	0.000000E+0	4.551600E+4
1.700000E-2	0.000000E+0	4.728800E+4
1.702000E-2	0.000000E+0	4.960900E+4
1.704000E-2	0.000000E+0	5.018000E+4
1.706000E-2	0.000000E+0	5.097300E+4
1.708000E-2	0.000000E+0	5.191800E+4
1.710000E-2	0.000000E+0	5.142800E+4
1.712000E-2	0.000000E+0	5.189800E+4
1.714000E-2	0.000000E+0	5.202700E+4
1.716000E-2	0.000000E+0	5.178600E+4
1.718000E-2	0.000000E+0	5.217800E+4
1.720000E-2	0.000000E+0	5.191200E+4
1.722000E-2	0.000000E+0	5.180600E+4
1.724000E-2	0.000000E+0	5.213500E+4
1.726000E-2	0.000000E+0	5.197900E+4
1.728000E-2	0.000000E+0	5.147600E+4
1.730000E-2	0.000000E+0	5.156900E+4
1.732000E-2	0.000000E+0	5.163800E+4
1.734000E-2	0.000000E+0	5.090400E+4
1.736000E-2	0.000000E+0	5.051000E+4
1.738000E-2	0.000000E+0	4.886900E+4
1.740000E-2	0.000000E+0	4.730800E+4
1.742000E-2	0.000000E+0	4.533100E+4
1.744000E-2	0.000000E+0	4.421000E+4
1.746000E-2	0.000000E+0	4.480200E+4
1.748000E-2	0.000000E+0	4.719300E+4
1.750000E-2	0.000000E+0	4.913900E+4
1.752000E-2	0.000000E+0	5.078200E+4
1.754000E-2	0.000000E+0	5.062500E+4
1.756000E-2	0.000000E+0	5.218400E+4
1.758000E-2	0.000000E+0	5.218700E+4
1.760000E-2	0.000000E+0	5.165100E+4
1.762000E-2	0.000000E+0	5.178200E+4
1.764000E-2	0.000000E+0	5.210800E+4
1.766000E-2	0.000000E+0	5.242000E+4
1.768000E-2	0.000000E+0	5.221000E+4
1.770000E-2	0.000000E+0	5.249100E+4
1.772000E-2	0.000000E+0	5.233700E+4
1.774000E-2	0.000000E+0	5.225300E+4
1.776000E-2	0.000000E+0	5.228800E+4
1.778000E-2	0.000000E+0	5.224300E+4
1.780000E-2	0.000000E+0	5.227500E+4
1.782000E-2	0.000000E+0	5.232600E+4
1.784000E-2	0.000000E+0	5.201400E+4
1.786000E-2	0.000000E+0	5.205700E+4
1.788000E-2	0.000000E+0	5.190700E+4
1.790000E-2	0.000000E+0	5.098800E+4
1.792000E-2	0.000000E+0	5.083000E+4
1.794000E-2	0.000000E+0	5.089800E+4
1.796000E-2	0.000000E+0	4.963800E+4
1.798000E-2	0.000000E+0	4.917400E+4
1.800000E-2	0.000000E+0	4.698700E+4
1.802000E-2	0.000000E+0	4.479900E+4
1.804000E-2	0.000000E+0	4.207200E+4
1.806000E-2	0.000000E+0	3.924900E+4
1.808000E-2	0.000000E+0	3.665900E+4
1.810000E-2	0.000000E+0	3.643300E+4
1.812000E-2	0.000000E+0	3.895500E+4
1.814000E-2	0.000000E+0	4.187000E+4
1.816000E-2	0.000000E+0	4.565100E+4
1.818000E-2	0.000000E+0	4.762500E+4
1.820000E-2	0.000000E+0	4.925400E+4
1.822000E-2	0.000000E+0	5.019000E+4
1.824000E-2	0.000000E+0	5.092700E+4
1.826000E-2	0.000000E+0	5.147000E+4
1.828000E-2	0.000000E+0	5.136500E+4
1.830000E-2	0.000000E+0	5.181300E+4
1.832000E-2	0.000000E+0	5.186600E+4
1.834000E-2	0.000000E+0	5.203300E+4
1.836000E-2	0.000000E+0	5.174200E+4
1.838000E-2	0.000000E+0	5.143300E+4
1.840000E-2	0.000000E+0	5.149900E+4
1.842000E-2	0.000000E+0	5.195600E+4
1.844000E-2	0.000000E+0	5.180200E+4
1.846000E-2	0.000000E+0	5.169800E+4
1.848000E-2	0.000000E+0	5.173600E+4
1.850000E-2	0.000000E+0	5.186400E+4
1.852000E-2	0.000000E+0	5.143600E+4
1.854000E-2	0.000000E+0	5.147100E+4
1.856000E-2	0.000000E+0	5.121200E+4
1.858000E-2	0.000000E+0	5.124400E+4
1.860000E-2	0.000000E+0	4.979800E+4
1.862000E-2	0.000000E+0	4.931900E+4
1.864000E-2	0.000000E+0	4.860300E+4
1.866000E-2	0.000000E+0	4.776100E+4
1.868000E-2	0.000000E+0	4.623200E+4
1.870000E-2	0.000000E+0	4.586300E+4
1.872000E-2	0.000000E+0	4.369000E+4
1.874000E-2	0.000000E+0	4.123400E+4
1.876000E-2	0.000000E+0	3.797000E+4
1.878000E-2	0.000000E+0	3.741400E+4
1.880000E-2	0.000000E+0	3.795600E+4
1.882000E-2	0.000000E+0	4.143200E+4
1.884000E-2	0.000000E+0	4.447200E+4
1.886000E-2	0.000000E+0	4.703900E+4
1.888000E-2	0.000000E+0	4.890200E+4
1.890000E-2	0.000000E+0	4.960600E+4
1.892000E-2	0.000000E+0	5.071100E+4
1.894000E-2	0.000000E+0	5.110100E+4
1.896000E-2	0.000000E+0	5.153900E+4
1.898000E-2	0.000000E+0	5.169800E+4
1.900000E-2	0.000000E+0	5.176100E+4
1.902000E-2	0.000000E+0	5.193900E+4
1.904000E-2	0.000000E+0	5.238600E+4
1.906000E-2	0.000000E+0	5.226800E+4
1.908000E-2	0.000000E+0	5.219400E+4
1.910000E-2	0.000000E+0	5.232900E+4
1.912000E-2	0.000000E+0	5.251300E+4
1.914000E-2	0.000000E+0	5.244600E+4
1.916000E-2	0.000000E+0	5.251200E+4
1.918000E-2	0.000000E+0	5.261400E+4
1.920000E-2	0.000000E+0	5.225000E+4
1.922000E-2	0.000000E+0	5.237100E+4
1.924000E-2	0.000000E+0	5.249300E+4
1.926000E-2	0.000000E+0	5.221600E+4
1.928000E-2	0.000000E+0	5.256400E+4
1.930000E-2	0.000000E+0	5.239700E+4
1.932000E-2	0.000000E+0	5.240100E+4
1.934000E-2	0.000000E+0	5.265700E+4
1.936000E-2	0.000000E+0	5.252200E+4
1.938000E-2	0.000000E+0	5.252000E+4
1.940000E-2	0.000000E+0	5.296100E+4
1.942000E-2	0.000000E+0	5.244400E+4
1.944000E-2	0.000000E+0	5.300600E+4
1.946000E-2	0.000000E+0	5.252600E+4
1.948000E-2	0.000000E+0	5.228200E+4
1.950000E-2	0.000000E+0	5.280200E+4
1.952000E-2	0.000000E+0	5.282200E+4
1.954000E-2	0.000000E+0	5.258600E+4
1.956000E-2	0.000000E+0	5.280000E+4
1.958000E-2	0.000000E+0	5.236200E+4
1.960000E-2	0.000000E+0	5.286900E+4
1.962000E-2	0.000000E+0	5.280700E+4
1.964000E-2	0.000000E+0	5.273700E+4
1.966000E-2	0.000000E+0	5.271400E+4
1.968000E-2	0.000000E+0	5.282900E+4
1.970000E-2	0.000000E+0	5.270300E+4
1.972000E-2	0.000000E+0	5.263000E+4
1.974000E-2	0.000000E+0	5.250500E+4
1.976000E-2	0.000000E+0	5.276800E+4
1.978000E-2	0.000000E+0	5.299500E+4
1.980000E-2	0.000000E+0	5.263700E+4
1.982000E-2	0.000000E+0	5.267700E+4
1.984000E-2	0.000000E+0	5.279900E+4
1.986000E-2	0.000000E+0	5.296600E+4
1.988000E-2	0.000000E+0	5.274900E+4
1.990000E-2	0.000000E+0	5.317800E+4
1.992000E-2	0.000000E+0	5.244000E+4
1.994000E-2	0.000000E+0	5.214000E+4
1.996000E-2	0.000000E+0	5.224700E+4
1.998000E-2	0.000000E+0	5.290400E+4
