

live time:  55934.860000
real time:  64810.025000
sweeps:  2796743.000000
0.000000E+0	0.000000E+0	0.000000E+0
2.000000E-5	0.000000E+0	7.239900E+4
4.000000E-5	0.000000E+0	7.301700E+4
6.000000E-5	0.000000E+0	7.324200E+4
8.000000E-5	0.000000E+0	7.274100E+4
1.000000E-4	0.000000E+0	7.332600E+4
1.200000E-4	0.000000E+0	7.278200E+4
1.400000E-4	0.000000E+0	7.336900E+4
1.600000E-4	0.000000E+0	7.364700E+4
1.800000E-4	0.000000E+0	7.335200E+4
2.000000E-4	0.000000E+0	7.346700E+4
2.200000E-4	0.000000E+0	7.327400E+4
2.400000E-4	0.000000E+0	7.329600E+4
2.600000E-4	0.000000E+0	7.317600E+4
2.800000E-4	0.000000E+0	7.301200E+4
3.000000E-4	0.000000E+0	7.305400E+4
3.200000E-4	0.000000E+0	7.339600E+4
3.400000E-4	0.000000E+0	7.275600E+4
3.600000E-4	0.000000E+0	7.288700E+4
3.800000E-4	0.000000E+0	7.276900E+4
4.000000E-4	0.000000E+0	7.319200E+4
4.200000E-4	0.000000E+0	7.303400E+4
4.400000E-4	0.000000E+0	7.347000E+4
4.600000E-4	0.000000E+0	7.365400E+4
4.800000E-4	0.000000E+0	7.266100E+4
5.000000E-4	0.000000E+0	7.331400E+4
5.200000E-4	0.000000E+0	7.307000E+4
5.400000E-4	0.000000E+0	7.237800E+4
5.600000E-4	0.000000E+0	7.291100E+4
5.800000E-4	0.000000E+0	7.312700E+4
6.000000E-4	0.000000E+0	7.306600E+4
6.200000E-4	0.000000E+0	7.300100E+4
6.400000E-4	0.000000E+0	7.339000E+4
6.600000E-4	0.000000E+0	7.270100E+4
6.800000E-4	0.000000E+0	7.347400E+4
7.000000E-4	0.000000E+0	7.298100E+4
7.200000E-4	0.000000E+0	7.336100E+4
7.400000E-4	0.000000E+0	7.299700E+4
7.600000E-4	0.000000E+0	7.292300E+4
7.800000E-4	0.000000E+0	7.289300E+4
8.000000E-4	0.000000E+0	7.267300E+4
8.200000E-4	0.000000E+0	7.315800E+4
8.400000E-4	0.000000E+0	7.294700E+4
8.600000E-4	0.000000E+0	7.354200E+4
8.800000E-4	0.000000E+0	7.328400E+4
9.000000E-4	0.000000E+0	7.315600E+4
9.200000E-4	0.000000E+0	7.338900E+4
9.400000E-4	0.000000E+0	7.354000E+4
9.600000E-4	0.000000E+0	7.321200E+4
9.800000E-4	0.000000E+0	7.288400E+4
1.000000E-3	0.000000E+0	7.351500E+4
1.020000E-3	0.000000E+0	7.308400E+4
1.040000E-3	0.000000E+0	7.329600E+4
1.060000E-3	0.000000E+0	7.293400E+4
1.080000E-3	0.000000E+0	7.346600E+4
1.100000E-3	0.000000E+0	7.348200E+4
1.120000E-3	0.000000E+0	7.292500E+4
1.140000E-3	0.000000E+0	7.314600E+4
1.160000E-3	0.000000E+0	7.300100E+4
1.180000E-3	0.000000E+0	7.277800E+4
1.200000E-3	0.000000E+0	7.341100E+4
1.220000E-3	0.000000E+0	7.355300E+4
1.240000E-3	0.000000E+0	7.324900E+4
1.260000E-3	0.000000E+0	7.293900E+4
1.280000E-3	0.000000E+0	7.296300E+4
1.300000E-3	0.000000E+0	7.291800E+4
1.320000E-3	0.000000E+0	7.304900E+4
1.340000E-3	0.000000E+0	7.305100E+4
1.360000E-3	0.000000E+0	7.272500E+4
1.380000E-3	0.000000E+0	7.303300E+4
1.400000E-3	0.000000E+0	7.333800E+4
1.420000E-3	0.000000E+0	7.335700E+4
1.440000E-3	0.000000E+0	7.271200E+4
1.460000E-3	0.000000E+0	7.323800E+4
1.480000E-3	0.000000E+0	7.279200E+4
1.500000E-3	0.000000E+0	7.344200E+4
1.520000E-3	0.000000E+0	7.304700E+4
1.540000E-3	0.000000E+0	7.310400E+4
1.560000E-3	0.000000E+0	7.318100E+4
1.580000E-3	0.000000E+0	7.297500E+4
1.600000E-3	0.000000E+0	7.283300E+4
1.620000E-3	0.000000E+0	7.259700E+4
1.640000E-3	0.000000E+0	7.333000E+4
1.660000E-3	0.000000E+0	7.290300E+4
1.680000E-3	0.000000E+0	7.289200E+4
1.700000E-3	0.000000E+0	7.323700E+4
1.720000E-3	0.000000E+0	7.335400E+4
1.740000E-3	0.000000E+0	7.289200E+4
1.760000E-3	0.000000E+0	7.303400E+4
1.780000E-3	0.000000E+0	7.320500E+4
1.800000E-3	0.000000E+0	7.301700E+4
1.820000E-3	0.000000E+0	7.264000E+4
1.840000E-3	0.000000E+0	7.298000E+4
1.860000E-3	0.000000E+0	7.290900E+4
1.880000E-3	0.000000E+0	7.324500E+4
1.900000E-3	0.000000E+0	7.338600E+4
1.920000E-3	0.000000E+0	7.310700E+4
1.940000E-3	0.000000E+0	7.326900E+4
1.960000E-3	0.000000E+0	7.330400E+4
1.980000E-3	0.000000E+0	7.301700E+4
2.000000E-3	0.000000E+0	7.259800E+4
2.020000E-3	0.000000E+0	7.306900E+4
2.040000E-3	0.000000E+0	7.322800E+4
2.060000E-3	0.000000E+0	7.333600E+4
2.080000E-3	0.000000E+0	7.301500E+4
2.100000E-3	0.000000E+0	7.333900E+4
2.120000E-3	0.000000E+0	7.337100E+4
2.140000E-3	0.000000E+0	7.320100E+4
2.160000E-3	0.000000E+0	7.290400E+4
2.180000E-3	0.000000E+0	7.306000E+4
2.200000E-3	0.000000E+0	7.260200E+4
2.220000E-3	0.000000E+0	7.346400E+4
2.240000E-3	0.000000E+0	7.294600E+4
2.260000E-3	0.000000E+0	7.274900E+4
2.280000E-3	0.000000E+0	7.322900E+4
2.300000E-3	0.000000E+0	7.349000E+4
2.320000E-3	0.000000E+0	7.322200E+4
2.340000E-3	0.000000E+0	7.296500E+4
2.360000E-3	0.000000E+0	7.305100E+4
2.380000E-3	0.000000E+0	7.359300E+4
2.400000E-3	0.000000E+0	7.302800E+4
2.420000E-3	0.000000E+0	7.276200E+4
2.440000E-3	0.000000E+0	7.308400E+4
2.460000E-3	0.000000E+0	7.333400E+4
2.480000E-3	0.000000E+0	7.270500E+4
2.500000E-3	0.000000E+0	7.303800E+4
2.520000E-3	0.000000E+0	7.276100E+4
2.540000E-3	0.000000E+0	7.289900E+4
2.560000E-3	0.000000E+0	7.286800E+4
2.580000E-3	0.000000E+0	7.290600E+4
2.600000E-3	0.000000E+0	7.336400E+4
2.620000E-3	0.000000E+0	7.243400E+4
2.640000E-3	0.000000E+0	7.303500E+4
2.660000E-3	0.000000E+0	7.244200E+4
2.680000E-3	0.000000E+0	7.306800E+4
2.700000E-3	0.000000E+0	7.299900E+4
2.720000E-3	0.000000E+0	7.313500E+4
2.740000E-3	0.000000E+0	7.277700E+4
2.760000E-3	0.000000E+0	7.287800E+4
2.780000E-3	0.000000E+0	7.327200E+4
2.800000E-3	0.000000E+0	7.200500E+4
2.820000E-3	0.000000E+0	7.343900E+4
2.840000E-3	0.000000E+0	7.304200E+4
2.860000E-3	0.000000E+0	7.315000E+4
2.880000E-3	0.000000E+0	7.288800E+4
2.900000E-3	0.000000E+0	7.297200E+4
2.920000E-3	0.000000E+0	7.341200E+4
2.940000E-3	0.000000E+0	7.302400E+4
2.960000E-3	0.000000E+0	7.304500E+4
2.980000E-3	0.000000E+0	7.311800E+4
3.000000E-3	0.000000E+0	7.360000E+4
3.020000E-3	0.000000E+0	7.351400E+4
3.040000E-3	0.000000E+0	7.323800E+4
3.060000E-3	0.000000E+0	7.313900E+4
3.080000E-3	0.000000E+0	7.284800E+4
3.100000E-3	0.000000E+0	7.306800E+4
3.120000E-3	0.000000E+0	7.329200E+4
3.140000E-3	0.000000E+0	7.319200E+4
3.160000E-3	0.000000E+0	7.302900E+4
3.180000E-3	0.000000E+0	7.361200E+4
3.200000E-3	0.000000E+0	7.287200E+4
3.220000E-3	0.000000E+0	7.294000E+4
3.240000E-3	0.000000E+0	7.343300E+4
3.260000E-3	0.000000E+0	7.308600E+4
3.280000E-3	0.000000E+0	7.293400E+4
3.300000E-3	0.000000E+0	7.318100E+4
3.320000E-3	0.000000E+0	7.267800E+4
3.340000E-3	0.000000E+0	7.258700E+4
3.360000E-3	0.000000E+0	7.305800E+4
3.380000E-3	0.000000E+0	7.308900E+4
3.400000E-3	0.000000E+0	7.234200E+4
3.420000E-3	0.000000E+0	7.287300E+4
3.440000E-3	0.000000E+0	7.284100E+4
3.460000E-3	0.000000E+0	7.329700E+4
3.480000E-3	0.000000E+0	7.281900E+4
3.500000E-3	0.000000E+0	7.269800E+4
3.520000E-3	0.000000E+0	7.337400E+4
3.540000E-3	0.000000E+0	7.300300E+4
3.560000E-3	0.000000E+0	7.241600E+4
3.580000E-3	0.000000E+0	7.269000E+4
3.600000E-3	0.000000E+0	7.278100E+4
3.620000E-3	0.000000E+0	7.295800E+4
3.640000E-3	0.000000E+0	7.281800E+4
3.660000E-3	0.000000E+0	7.312000E+4
3.680000E-3	0.000000E+0	7.313000E+4
3.700000E-3	0.000000E+0	7.249700E+4
3.720000E-3	0.000000E+0	7.272500E+4
3.740000E-3	0.000000E+0	7.330400E+4
3.760000E-3	0.000000E+0	7.274000E+4
3.780000E-3	0.000000E+0	7.307000E+4
3.800000E-3	0.000000E+0	7.279400E+4
3.820000E-3	0.000000E+0	7.204300E+4
3.840000E-3	0.000000E+0	7.261000E+4
3.860000E-3	0.000000E+0	7.178700E+4
3.880000E-3	0.000000E+0	7.230500E+4
3.900000E-3	0.000000E+0	7.264300E+4
3.920000E-3	0.000000E+0	7.197800E+4
3.940000E-3	0.000000E+0	7.201600E+4
3.960000E-3	0.000000E+0	7.169300E+4
3.980000E-3	0.000000E+0	7.146300E+4
4.000000E-3	0.000000E+0	7.089600E+4
4.020000E-3	0.000000E+0	7.026000E+4
4.040000E-3	0.000000E+0	6.930300E+4
4.060000E-3	0.000000E+0	6.774400E+4
4.080000E-3	0.000000E+0	6.531100E+4
4.100000E-3	0.000000E+0	6.202200E+4
4.120000E-3	0.000000E+0	5.771700E+4
4.140000E-3	0.000000E+0	5.336700E+4
4.160000E-3	0.000000E+0	5.168100E+4
4.180000E-3	0.000000E+0	5.282500E+4
4.200000E-3	0.000000E+0	5.700800E+4
4.220000E-3	0.000000E+0	6.091400E+4
4.240000E-3	0.000000E+0	6.385900E+4
4.260000E-3	0.000000E+0	6.587800E+4
4.280000E-3	0.000000E+0	6.667600E+4
4.300000E-3	0.000000E+0	6.801100E+4
4.320000E-3	0.000000E+0	6.930400E+4
4.340000E-3	0.000000E+0	7.029200E+4
4.360000E-3	0.000000E+0	7.084200E+4
4.380000E-3	0.000000E+0	7.086100E+4
4.400000E-3	0.000000E+0	7.181000E+4
4.420000E-3	0.000000E+0	7.178000E+4
4.440000E-3	0.000000E+0	7.193400E+4
4.460000E-3	0.000000E+0	7.234000E+4
4.480000E-3	0.000000E+0	7.237300E+4
4.500000E-3	0.000000E+0	7.235200E+4
4.520000E-3	0.000000E+0	7.249800E+4
4.540000E-3	0.000000E+0	7.174000E+4
4.560000E-3	0.000000E+0	7.221000E+4
4.580000E-3	0.000000E+0	7.225600E+4
4.600000E-3	0.000000E+0	7.209900E+4
4.620000E-3	0.000000E+0	7.133400E+4
4.640000E-3	0.000000E+0	7.121900E+4
4.660000E-3	0.000000E+0	7.103200E+4
4.680000E-3	0.000000E+0	7.091700E+4
4.700000E-3	0.000000E+0	6.993700E+4
4.720000E-3	0.000000E+0	6.931300E+4
4.740000E-3	0.000000E+0	6.813500E+4
4.760000E-3	0.000000E+0	6.522900E+4
4.780000E-3	0.000000E+0	6.203500E+4
4.800000E-3	0.000000E+0	5.712200E+4
4.820000E-3	0.000000E+0	5.280500E+4
4.840000E-3	0.000000E+0	5.037400E+4
4.860000E-3	0.000000E+0	5.202200E+4
4.880000E-3	0.000000E+0	5.603800E+4
4.900000E-3	0.000000E+0	6.012500E+4
4.920000E-3	0.000000E+0	6.321200E+4
4.940000E-3	0.000000E+0	6.682100E+4
4.960000E-3	0.000000E+0	6.844600E+4
4.980000E-3	0.000000E+0	6.978000E+4
5.000000E-3	0.000000E+0	7.112400E+4
5.020000E-3	0.000000E+0	7.134100E+4
5.040000E-3	0.000000E+0	7.162400E+4
5.060000E-3	0.000000E+0	7.158600E+4
5.080000E-3	0.000000E+0	7.222000E+4
5.100000E-3	0.000000E+0	7.242300E+4
5.120000E-3	0.000000E+0	7.228600E+4
5.140000E-3	0.000000E+0	7.190200E+4
5.160000E-3	0.000000E+0	7.164100E+4
5.180000E-3	0.000000E+0	7.216400E+4
5.200000E-3	0.000000E+0	7.220200E+4
5.220000E-3	0.000000E+0	7.308500E+4
5.240000E-3	0.000000E+0	7.243300E+4
5.260000E-3	0.000000E+0	7.240800E+4
5.280000E-3	0.000000E+0	7.239900E+4
5.300000E-3	0.000000E+0	7.180600E+4
5.320000E-3	0.000000E+0	7.220400E+4
5.340000E-3	0.000000E+0	7.164600E+4
5.360000E-3	0.000000E+0	7.141100E+4
5.380000E-3	0.000000E+0	7.117800E+4
5.400000E-3	0.000000E+0	7.051800E+4
5.420000E-3	0.000000E+0	6.943200E+4
5.440000E-3	0.000000E+0	6.708800E+4
5.460000E-3	0.000000E+0	6.440500E+4
5.480000E-3	0.000000E+0	6.137900E+4
5.500000E-3	0.000000E+0	6.102500E+4
5.520000E-3	0.000000E+0	6.348800E+4
5.540000E-3	0.000000E+0	6.693700E+4
5.560000E-3	0.000000E+0	6.915200E+4
5.580000E-3	0.000000E+0	7.070200E+4
5.600000E-3	0.000000E+0	7.089000E+4
5.620000E-3	0.000000E+0	7.139400E+4
5.640000E-3	0.000000E+0	7.238400E+4
5.660000E-3	0.000000E+0	7.185100E+4
5.680000E-3	0.000000E+0	7.236000E+4
5.700000E-3	0.000000E+0	7.218400E+4
5.720000E-3	0.000000E+0	7.227600E+4
5.740000E-3	0.000000E+0	7.195900E+4
5.760000E-3	0.000000E+0	7.251600E+4
5.780000E-3	0.000000E+0	7.214000E+4
5.800000E-3	0.000000E+0	7.180000E+4
5.820000E-3	0.000000E+0	7.232600E+4
5.840000E-3	0.000000E+0	7.189600E+4
5.860000E-3	0.000000E+0	7.122400E+4
5.880000E-3	0.000000E+0	7.017200E+4
5.900000E-3	0.000000E+0	6.940900E+4
5.920000E-3	0.000000E+0	6.696800E+4
5.940000E-3	0.000000E+0	6.481000E+4
5.960000E-3	0.000000E+0	6.165300E+4
5.980000E-3	0.000000E+0	6.126500E+4
6.000000E-3	0.000000E+0	6.342600E+4
6.020000E-3	0.000000E+0	6.674800E+4
6.040000E-3	0.000000E+0	6.928200E+4
6.060000E-3	0.000000E+0	7.046800E+4
6.080000E-3	0.000000E+0	7.124400E+4
6.100000E-3	0.000000E+0	7.160800E+4
6.120000E-3	0.000000E+0	7.202100E+4
6.140000E-3	0.000000E+0	7.233400E+4
6.160000E-3	0.000000E+0	7.221700E+4
6.180000E-3	0.000000E+0	7.201600E+4
6.200000E-3	0.000000E+0	7.265000E+4
6.220000E-3	0.000000E+0	7.254500E+4
6.240000E-3	0.000000E+0	7.250100E+4
6.260000E-3	0.000000E+0	7.166700E+4
6.280000E-3	0.000000E+0	7.255400E+4
6.300000E-3	0.000000E+0	7.224200E+4
6.320000E-3	0.000000E+0	7.197400E+4
6.340000E-3	0.000000E+0	7.222200E+4
6.360000E-3	0.000000E+0	7.235300E+4
6.380000E-3	0.000000E+0	7.154500E+4
6.400000E-3	0.000000E+0	7.206800E+4
6.420000E-3	0.000000E+0	7.152700E+4
6.440000E-3	0.000000E+0	7.080200E+4
6.460000E-3	0.000000E+0	7.051200E+4
6.480000E-3	0.000000E+0	6.912400E+4
6.500000E-3	0.000000E+0	6.795600E+4
6.520000E-3	0.000000E+0	6.577800E+4
6.540000E-3	0.000000E+0	6.348400E+4
6.560000E-3	0.000000E+0	6.128000E+4
6.580000E-3	0.000000E+0	5.818300E+4
6.600000E-3	0.000000E+0	5.400800E+4
6.620000E-3	0.000000E+0	5.077500E+4
6.640000E-3	0.000000E+0	5.182000E+4
6.660000E-3	0.000000E+0	5.591400E+4
6.680000E-3	0.000000E+0	6.105600E+4
6.700000E-3	0.000000E+0	6.461000E+4
6.720000E-3	0.000000E+0	6.768200E+4
6.740000E-3	0.000000E+0	6.927700E+4
6.760000E-3	0.000000E+0	6.990200E+4
6.780000E-3	0.000000E+0	7.067100E+4
6.800000E-3	0.000000E+0	7.111100E+4
6.820000E-3	0.000000E+0	7.142400E+4
6.840000E-3	0.000000E+0	7.123500E+4
6.860000E-3	0.000000E+0	7.185100E+4
6.880000E-3	0.000000E+0	7.177900E+4
6.900000E-3	0.000000E+0	7.200000E+4
6.920000E-3	0.000000E+0	7.206400E+4
6.940000E-3	0.000000E+0	7.233700E+4
6.960000E-3	0.000000E+0	7.236600E+4
6.980000E-3	0.000000E+0	7.181800E+4
7.000000E-3	0.000000E+0	7.223500E+4
7.020000E-3	0.000000E+0	7.203100E+4
7.040000E-3	0.000000E+0	7.156900E+4
7.060000E-3	0.000000E+0	7.171300E+4
7.080000E-3	0.000000E+0	7.101300E+4
7.100000E-3	0.000000E+0	7.086800E+4
7.120000E-3	0.000000E+0	6.960400E+4
7.140000E-3	0.000000E+0	6.854900E+4
7.160000E-3	0.000000E+0	6.736100E+4
7.180000E-3	0.000000E+0	6.684200E+4
7.200000E-3	0.000000E+0	6.643500E+4
7.220000E-3	0.000000E+0	6.555000E+4
7.240000E-3	0.000000E+0	6.333400E+4
7.260000E-3	0.000000E+0	5.988700E+4
7.280000E-3	0.000000E+0	5.656400E+4
7.300000E-3	0.000000E+0	5.254100E+4
7.320000E-3	0.000000E+0	5.165100E+4
7.340000E-3	0.000000E+0	5.398000E+4
7.360000E-3	0.000000E+0	5.815800E+4
7.380000E-3	0.000000E+0	6.267400E+4
7.400000E-3	0.000000E+0	6.606400E+4
7.420000E-3	0.000000E+0	6.844000E+4
7.440000E-3	0.000000E+0	6.970600E+4
7.460000E-3	0.000000E+0	7.017200E+4
7.480000E-3	0.000000E+0	7.058100E+4
7.500000E-3	0.000000E+0	7.132000E+4
7.520000E-3	0.000000E+0	7.188100E+4
7.540000E-3	0.000000E+0	7.215200E+4
7.560000E-3	0.000000E+0	7.198100E+4
7.580000E-3	0.000000E+0	7.213600E+4
7.600000E-3	0.000000E+0	7.241400E+4
7.620000E-3	0.000000E+0	7.292100E+4
7.640000E-3	0.000000E+0	7.214100E+4
7.660000E-3	0.000000E+0	7.257800E+4
7.680000E-3	0.000000E+0	7.288400E+4
7.700000E-3	0.000000E+0	7.275500E+4
7.720000E-3	0.000000E+0	7.256400E+4
7.740000E-3	0.000000E+0	7.295600E+4
7.760000E-3	0.000000E+0	7.267900E+4
7.780000E-3	0.000000E+0	7.273400E+4
7.800000E-3	0.000000E+0	7.316700E+4
7.820000E-3	0.000000E+0	7.328700E+4
7.840000E-3	0.000000E+0	7.287000E+4
7.860000E-3	0.000000E+0	7.247600E+4
7.880000E-3	0.000000E+0	7.308500E+4
7.900000E-3	0.000000E+0	7.293600E+4
7.920000E-3	0.000000E+0	7.259700E+4
7.940000E-3	0.000000E+0	7.274800E+4
7.960000E-3	0.000000E+0	7.312800E+4
7.980000E-3	0.000000E+0	7.305800E+4
8.000000E-3	0.000000E+0	7.250600E+4
8.020000E-3	0.000000E+0	7.359000E+4
8.040000E-3	0.000000E+0	7.318800E+4
8.060000E-3	0.000000E+0	7.251700E+4
8.080000E-3	0.000000E+0	7.271700E+4
8.100000E-3	0.000000E+0	7.282600E+4
8.120000E-3	0.000000E+0	7.312100E+4
8.140000E-3	0.000000E+0	7.291000E+4
8.160000E-3	0.000000E+0	7.274900E+4
8.180000E-3	0.000000E+0	7.316800E+4
8.200000E-3	0.000000E+0	7.310700E+4
8.220000E-3	0.000000E+0	7.327500E+4
8.240000E-3	0.000000E+0	7.331500E+4
8.260000E-3	0.000000E+0	7.324100E+4
8.280000E-3	0.000000E+0	7.265900E+4
8.300000E-3	0.000000E+0	7.321600E+4
8.320000E-3	0.000000E+0	7.225100E+4
8.340000E-3	0.000000E+0	7.285700E+4
8.360000E-3	0.000000E+0	7.285800E+4
8.380000E-3	0.000000E+0	7.323700E+4
8.400000E-3	0.000000E+0	7.341900E+4
8.420000E-3	0.000000E+0	7.351200E+4
8.440000E-3	0.000000E+0	7.299400E+4
8.460000E-3	0.000000E+0	7.301100E+4
8.480000E-3	0.000000E+0	7.322100E+4
8.500000E-3	0.000000E+0	7.278900E+4
8.520000E-3	0.000000E+0	7.288100E+4
8.540000E-3	0.000000E+0	7.343300E+4
8.560000E-3	0.000000E+0	7.275200E+4
8.580000E-3	0.000000E+0	7.314800E+4
8.600000E-3	0.000000E+0	7.305600E+4
8.620000E-3	0.000000E+0	7.290000E+4
8.640000E-3	0.000000E+0	7.319100E+4
8.660000E-3	0.000000E+0	7.306200E+4
8.680000E-3	0.000000E+0	7.292400E+4
8.700000E-3	0.000000E+0	7.250900E+4
8.720000E-3	0.000000E+0	7.326600E+4
8.740000E-3	0.000000E+0	7.299400E+4
8.760000E-3	0.000000E+0	7.304300E+4
8.780000E-3	0.000000E+0	7.327100E+4
8.800000E-3	0.000000E+0	7.355600E+4
8.820000E-3	0.000000E+0	7.246000E+4
8.840000E-3	0.000000E+0	7.325000E+4
8.860000E-3	0.000000E+0	7.309600E+4
8.880000E-3	0.000000E+0	7.288900E+4
8.900000E-3	0.000000E+0	7.292900E+4
8.920000E-3	0.000000E+0	7.276000E+4
8.940000E-3	0.000000E+0	7.272400E+4
8.960000E-3	0.000000E+0	7.332800E+4
8.980000E-3	0.000000E+0	7.305900E+4
9.000000E-3	0.000000E+0	7.354500E+4
9.020000E-3	0.000000E+0	7.315500E+4
9.040000E-3	0.000000E+0	7.321000E+4
9.060000E-3	0.000000E+0	7.269400E+4
9.080000E-3	0.000000E+0	7.282000E+4
9.100000E-3	0.000000E+0	7.237500E+4
9.120000E-3	0.000000E+0	7.319900E+4
9.140000E-3	0.000000E+0	7.322600E+4
9.160000E-3	0.000000E+0	7.324100E+4
9.180000E-3	0.000000E+0	7.337100E+4
9.200000E-3	0.000000E+0	7.292900E+4
9.220000E-3	0.000000E+0	7.315300E+4
9.240000E-3	0.000000E+0	7.340900E+4
9.260000E-3	0.000000E+0	7.298400E+4
9.280000E-3	0.000000E+0	7.368400E+4
9.300000E-3	0.000000E+0	7.304000E+4
9.320000E-3	0.000000E+0	7.343900E+4
9.340000E-3	0.000000E+0	7.310000E+4
9.360000E-3	0.000000E+0	7.316400E+4
9.380000E-3	0.000000E+0	7.307300E+4
9.400000E-3	0.000000E+0	7.265100E+4
9.420000E-3	0.000000E+0	7.314600E+4
9.440000E-3	0.000000E+0	7.232400E+4
9.460000E-3	0.000000E+0	7.313200E+4
9.480000E-3	0.000000E+0	7.292500E+4
9.500000E-3	0.000000E+0	7.286600E+4
9.520000E-3	0.000000E+0	7.246200E+4
9.540000E-3	0.000000E+0	7.293800E+4
9.560000E-3	0.000000E+0	7.355200E+4
9.580000E-3	0.000000E+0	7.344800E+4
9.600000E-3	0.000000E+0	7.279100E+4
9.620000E-3	0.000000E+0	7.334600E+4
9.640000E-3	0.000000E+0	7.302800E+4
9.660000E-3	0.000000E+0	7.301500E+4
9.680000E-3	0.000000E+0	7.334900E+4
9.700000E-3	0.000000E+0	7.333800E+4
9.720000E-3	0.000000E+0	7.343200E+4
9.740000E-3	0.000000E+0	7.308200E+4
9.760000E-3	0.000000E+0	7.300700E+4
9.780000E-3	0.000000E+0	7.285000E+4
9.800000E-3	0.000000E+0	7.310600E+4
9.820000E-3	0.000000E+0	7.320700E+4
9.840000E-3	0.000000E+0	7.287300E+4
9.860000E-3	0.000000E+0	7.316200E+4
9.880000E-3	0.000000E+0	7.308500E+4
9.900000E-3	0.000000E+0	7.336000E+4
9.920000E-3	0.000000E+0	7.305500E+4
9.940000E-3	0.000000E+0	7.284600E+4
9.960000E-3	0.000000E+0	7.326800E+4
9.980000E-3	0.000000E+0	7.266400E+4
1.000000E-2	0.000000E+0	7.290400E+4
1.002000E-2	0.000000E+0	7.303600E+4
1.004000E-2	0.000000E+0	7.299400E+4
1.006000E-2	0.000000E+0	7.339900E+4
1.008000E-2	0.000000E+0	7.303900E+4
1.010000E-2	0.000000E+0	7.307200E+4
1.012000E-2	0.000000E+0	7.299900E+4
1.014000E-2	0.000000E+0	7.236500E+4
1.016000E-2	0.000000E+0	7.325100E+4
1.018000E-2	0.000000E+0	7.276900E+4
1.020000E-2	0.000000E+0	7.289600E+4
1.022000E-2	0.000000E+0	7.354500E+4
1.024000E-2	0.000000E+0	7.301500E+4
1.026000E-2	0.000000E+0	7.278500E+4
1.028000E-2	0.000000E+0	7.344300E+4
1.030000E-2	0.000000E+0	7.354200E+4
1.032000E-2	0.000000E+0	7.273700E+4
1.034000E-2	0.000000E+0	7.246500E+4
1.036000E-2	0.000000E+0	7.295900E+4
1.038000E-2	0.000000E+0	7.253800E+4
1.040000E-2	0.000000E+0	7.307500E+4
1.042000E-2	0.000000E+0	7.373700E+4
1.044000E-2	0.000000E+0	7.359000E+4
1.046000E-2	0.000000E+0	7.344500E+4
1.048000E-2	0.000000E+0	7.358100E+4
1.050000E-2	0.000000E+0	7.263900E+4
1.052000E-2	0.000000E+0	7.318300E+4
1.054000E-2	0.000000E+0	7.292500E+4
1.056000E-2	0.000000E+0	7.308900E+4
1.058000E-2	0.000000E+0	7.296600E+4
1.060000E-2	0.000000E+0	7.291300E+4
1.062000E-2	0.000000E+0	7.343000E+4
1.064000E-2	0.000000E+0	7.349500E+4
1.066000E-2	0.000000E+0	7.263900E+4
1.068000E-2	0.000000E+0	7.232200E+4
1.070000E-2	0.000000E+0	7.323400E+4
1.072000E-2	0.000000E+0	7.312100E+4
1.074000E-2	0.000000E+0	7.302800E+4
1.076000E-2	0.000000E+0	7.305200E+4
1.078000E-2	0.000000E+0	7.320600E+4
1.080000E-2	0.000000E+0	7.276500E+4
1.082000E-2	0.000000E+0	7.291600E+4
1.084000E-2	0.000000E+0	7.275000E+4
1.086000E-2	0.000000E+0	7.290000E+4
1.088000E-2	0.000000E+0	7.336800E+4
1.090000E-2	0.000000E+0	7.272900E+4
1.092000E-2	0.000000E+0	7.341100E+4
1.094000E-2	0.000000E+0	7.337800E+4
1.096000E-2	0.000000E+0	7.242600E+4
1.098000E-2	0.000000E+0	7.385500E+4
1.100000E-2	0.000000E+0	7.284600E+4
1.102000E-2	0.000000E+0	7.241500E+4
1.104000E-2	0.000000E+0	7.326300E+4
1.106000E-2	0.000000E+0	7.282700E+4
1.108000E-2	0.000000E+0	7.304000E+4
1.110000E-2	0.000000E+0	7.306200E+4
1.112000E-2	0.000000E+0	7.263200E+4
1.114000E-2	0.000000E+0	7.301900E+4
1.116000E-2	0.000000E+0	7.263200E+4
1.118000E-2	0.000000E+0	7.311500E+4
1.120000E-2	0.000000E+0	7.340700E+4
1.122000E-2	0.000000E+0	7.322700E+4
1.124000E-2	0.000000E+0	7.333500E+4
1.126000E-2	0.000000E+0	7.366300E+4
1.128000E-2	0.000000E+0	7.388400E+4
1.130000E-2	0.000000E+0	7.308600E+4
1.132000E-2	0.000000E+0	7.312800E+4
1.134000E-2	0.000000E+0	7.329200E+4
1.136000E-2	0.000000E+0	7.280900E+4
1.138000E-2	0.000000E+0	7.301600E+4
1.140000E-2	0.000000E+0	7.274900E+4
1.142000E-2	0.000000E+0	7.255200E+4
1.144000E-2	0.000000E+0	7.268500E+4
1.146000E-2	0.000000E+0	7.272900E+4
1.148000E-2	0.000000E+0	7.269200E+4
1.150000E-2	0.000000E+0	7.312900E+4
1.152000E-2	0.000000E+0	7.320500E+4
1.154000E-2	0.000000E+0	7.261000E+4
1.156000E-2	0.000000E+0	7.284500E+4
1.158000E-2	0.000000E+0	7.292200E+4
1.160000E-2	0.000000E+0	7.306700E+4
1.162000E-2	0.000000E+0	7.294700E+4
1.164000E-2	0.000000E+0	7.317000E+4
1.166000E-2	0.000000E+0	7.289700E+4
1.168000E-2	0.000000E+0	7.293500E+4
1.170000E-2	0.000000E+0	7.278200E+4
1.172000E-2	0.000000E+0	7.306800E+4
1.174000E-2	0.000000E+0	7.328500E+4
1.176000E-2	0.000000E+0	7.287200E+4
1.178000E-2	0.000000E+0	7.327900E+4
1.180000E-2	0.000000E+0	7.320500E+4
1.182000E-2	0.000000E+0	7.304300E+4
1.184000E-2	0.000000E+0	7.288700E+4
1.186000E-2	0.000000E+0	7.284300E+4
1.188000E-2	0.000000E+0	7.323900E+4
1.190000E-2	0.000000E+0	7.365800E+4
1.192000E-2	0.000000E+0	7.250600E+4
1.194000E-2	0.000000E+0	7.269900E+4
1.196000E-2	0.000000E+0	7.342000E+4
1.198000E-2	0.000000E+0	7.302400E+4
1.200000E-2	0.000000E+0	7.278600E+4
1.202000E-2	0.000000E+0	7.289900E+4
1.204000E-2	0.000000E+0	7.303700E+4
1.206000E-2	0.000000E+0	7.335900E+4
1.208000E-2	0.000000E+0	7.255700E+4
1.210000E-2	0.000000E+0	7.246000E+4
1.212000E-2	0.000000E+0	7.255300E+4
1.214000E-2	0.000000E+0	7.298500E+4
1.216000E-2	0.000000E+0	7.348200E+4
1.218000E-2	0.000000E+0	7.311900E+4
1.220000E-2	0.000000E+0	7.291000E+4
1.222000E-2	0.000000E+0	7.253900E+4
1.224000E-2	0.000000E+0	7.315200E+4
1.226000E-2	0.000000E+0	7.292600E+4
1.228000E-2	0.000000E+0	7.262700E+4
1.230000E-2	0.000000E+0	7.309900E+4
1.232000E-2	0.000000E+0	7.319000E+4
1.234000E-2	0.000000E+0	7.252000E+4
1.236000E-2	0.000000E+0	7.349400E+4
1.238000E-2	0.000000E+0	7.270300E+4
1.240000E-2	0.000000E+0	7.314000E+4
1.242000E-2	0.000000E+0	7.293700E+4
1.244000E-2	0.000000E+0	7.303100E+4
1.246000E-2	0.000000E+0	7.286500E+4
1.248000E-2	0.000000E+0	7.308300E+4
1.250000E-2	0.000000E+0	7.306900E+4
1.252000E-2	0.000000E+0	7.300100E+4
1.254000E-2	0.000000E+0	7.321600E+4
1.256000E-2	0.000000E+0	7.279700E+4
1.258000E-2	0.000000E+0	7.294800E+4
1.260000E-2	0.000000E+0	7.362000E+4
1.262000E-2	0.000000E+0	7.335700E+4
1.264000E-2	0.000000E+0	7.337800E+4
1.266000E-2	0.000000E+0	7.360000E+4
1.268000E-2	0.000000E+0	7.255700E+4
1.270000E-2	0.000000E+0	7.315700E+4
1.272000E-2	0.000000E+0	7.249700E+4
1.274000E-2	0.000000E+0	7.311800E+4
1.276000E-2	0.000000E+0	7.344000E+4
1.278000E-2	0.000000E+0	7.299700E+4
1.280000E-2	0.000000E+0	7.286600E+4
1.282000E-2	0.000000E+0	7.256300E+4
1.284000E-2	0.000000E+0	7.293800E+4
1.286000E-2	0.000000E+0	7.272000E+4
1.288000E-2	0.000000E+0	7.287400E+4
1.290000E-2	0.000000E+0	7.339000E+4
1.292000E-2	0.000000E+0	7.284100E+4
1.294000E-2	0.000000E+0	7.237300E+4
1.296000E-2	0.000000E+0	7.306300E+4
1.298000E-2	0.000000E+0	7.255400E+4
1.300000E-2	0.000000E+0	7.316700E+4
1.302000E-2	0.000000E+0	7.304700E+4
1.304000E-2	0.000000E+0	7.287000E+4
1.306000E-2	0.000000E+0	7.357700E+4
1.308000E-2	0.000000E+0	7.312300E+4
1.310000E-2	0.000000E+0	7.348000E+4
1.312000E-2	0.000000E+0	7.314500E+4
1.314000E-2	0.000000E+0	7.332800E+4
1.316000E-2	0.000000E+0	7.346800E+4
1.318000E-2	0.000000E+0	7.351100E+4
1.320000E-2	0.000000E+0	7.280500E+4
1.322000E-2	0.000000E+0	7.273700E+4
1.324000E-2	0.000000E+0	7.291500E+4
1.326000E-2	0.000000E+0	7.265100E+4
1.328000E-2	0.000000E+0	7.320600E+4
1.330000E-2	0.000000E+0	7.316000E+4
1.332000E-2	0.000000E+0	7.277600E+4
1.334000E-2	0.000000E+0	7.264900E+4
1.336000E-2	0.000000E+0	7.320500E+4
1.338000E-2	0.000000E+0	7.297200E+4
1.340000E-2	0.000000E+0	7.314200E+4
1.342000E-2	0.000000E+0	7.236500E+4
1.344000E-2	0.000000E+0	7.264400E+4
1.346000E-2	0.000000E+0	7.305900E+4
1.348000E-2	0.000000E+0	7.259900E+4
1.350000E-2	0.000000E+0	7.327100E+4
1.352000E-2	0.000000E+0	7.351800E+4
1.354000E-2	0.000000E+0	7.288200E+4
1.356000E-2	0.000000E+0	7.302200E+4
1.358000E-2	0.000000E+0	7.281700E+4
1.360000E-2	0.000000E+0	7.324200E+4
1.362000E-2	0.000000E+0	7.284300E+4
1.364000E-2	0.000000E+0	7.289100E+4
1.366000E-2	0.000000E+0	7.302400E+4
1.368000E-2	0.000000E+0	7.277100E+4
1.370000E-2	0.000000E+0	7.306300E+4
1.372000E-2	0.000000E+0	7.337200E+4
1.374000E-2	0.000000E+0	7.296200E+4
1.376000E-2	0.000000E+0	7.297000E+4
1.378000E-2	0.000000E+0	7.341600E+4
1.380000E-2	0.000000E+0	7.303600E+4
1.382000E-2	0.000000E+0	7.301300E+4
1.384000E-2	0.000000E+0	7.321500E+4
1.386000E-2	0.000000E+0	7.330100E+4
1.388000E-2	0.000000E+0	7.320800E+4
1.390000E-2	0.000000E+0	7.240000E+4
1.392000E-2	0.000000E+0	7.317900E+4
1.394000E-2	0.000000E+0	7.256000E+4
1.396000E-2	0.000000E+0	7.289200E+4
1.398000E-2	0.000000E+0	7.273800E+4
1.400000E-2	0.000000E+0	7.284600E+4
1.402000E-2	0.000000E+0	7.311200E+4
1.404000E-2	0.000000E+0	7.284300E+4
1.406000E-2	0.000000E+0	7.307800E+4
1.408000E-2	0.000000E+0	7.304600E+4
1.410000E-2	0.000000E+0	7.307100E+4
1.412000E-2	0.000000E+0	7.290700E+4
1.414000E-2	0.000000E+0	7.316300E+4
1.416000E-2	0.000000E+0	7.231500E+4
1.418000E-2	0.000000E+0	7.315200E+4
1.420000E-2	0.000000E+0	7.297400E+4
1.422000E-2	0.000000E+0	7.257000E+4
1.424000E-2	0.000000E+0	7.286100E+4
1.426000E-2	0.000000E+0	7.285600E+4
1.428000E-2	0.000000E+0	7.314900E+4
1.430000E-2	0.000000E+0	7.255200E+4
1.432000E-2	0.000000E+0	7.287600E+4
1.434000E-2	0.000000E+0	7.291600E+4
1.436000E-2	0.000000E+0	7.305900E+4
1.438000E-2	0.000000E+0	7.278000E+4
1.440000E-2	0.000000E+0	7.335400E+4
1.442000E-2	0.000000E+0	7.342900E+4
1.444000E-2	0.000000E+0	7.283400E+4
1.446000E-2	0.000000E+0	7.293300E+4
1.448000E-2	0.000000E+0	7.291100E+4
1.450000E-2	0.000000E+0	7.277600E+4
1.452000E-2	0.000000E+0	7.293700E+4
1.454000E-2	0.000000E+0	7.343200E+4
1.456000E-2	0.000000E+0	7.315600E+4
1.458000E-2	0.000000E+0	7.326000E+4
1.460000E-2	0.000000E+0	7.270500E+4
1.462000E-2	0.000000E+0	7.291200E+4
1.464000E-2	0.000000E+0	7.309000E+4
1.466000E-2	0.000000E+0	7.297300E+4
1.468000E-2	0.000000E+0	7.295100E+4
1.470000E-2	0.000000E+0	7.276700E+4
1.472000E-2	0.000000E+0	7.273900E+4
1.474000E-2	0.000000E+0	7.275200E+4
1.476000E-2	0.000000E+0	7.271600E+4
1.478000E-2	0.000000E+0	7.281700E+4
1.480000E-2	0.000000E+0	7.268700E+4
1.482000E-2	0.000000E+0	7.312600E+4
1.484000E-2	0.000000E+0	7.270600E+4
1.486000E-2	0.000000E+0	7.267200E+4
1.488000E-2	0.000000E+0	7.240400E+4
1.490000E-2	0.000000E+0	7.299300E+4
1.492000E-2	0.000000E+0	7.247200E+4
1.494000E-2	0.000000E+0	7.269000E+4
1.496000E-2	0.000000E+0	7.292100E+4
1.498000E-2	0.000000E+0	7.293700E+4
1.500000E-2	0.000000E+0	7.290900E+4
1.502000E-2	0.000000E+0	7.295100E+4
1.504000E-2	0.000000E+0	7.274400E+4
1.506000E-2	0.000000E+0	7.313400E+4
1.508000E-2	0.000000E+0	7.276500E+4
1.510000E-2	0.000000E+0	7.251700E+4
1.512000E-2	0.000000E+0	7.237600E+4
1.514000E-2	0.000000E+0	7.252600E+4
1.516000E-2	0.000000E+0	7.269000E+4
1.518000E-2	0.000000E+0	7.252600E+4
1.520000E-2	0.000000E+0	7.245500E+4
1.522000E-2	0.000000E+0	7.262400E+4
1.524000E-2	0.000000E+0	7.269900E+4
1.526000E-2	0.000000E+0	7.242700E+4
1.528000E-2	0.000000E+0	7.248900E+4
1.530000E-2	0.000000E+0	7.238100E+4
1.532000E-2	0.000000E+0	7.237300E+4
1.534000E-2	0.000000E+0	7.187400E+4
1.536000E-2	0.000000E+0	7.208400E+4
1.538000E-2	0.000000E+0	7.183000E+4
1.540000E-2	0.000000E+0	7.143000E+4
1.542000E-2	0.000000E+0	7.137000E+4
1.544000E-2	0.000000E+0	7.066700E+4
1.546000E-2	0.000000E+0	6.957000E+4
1.548000E-2	0.000000E+0	6.884600E+4
1.550000E-2	0.000000E+0	6.711600E+4
1.552000E-2	0.000000E+0	6.452100E+4
1.554000E-2	0.000000E+0	6.106200E+4
1.556000E-2	0.000000E+0	5.672700E+4
1.558000E-2	0.000000E+0	5.321400E+4
1.560000E-2	0.000000E+0	5.165800E+4
1.562000E-2	0.000000E+0	5.366900E+4
1.564000E-2	0.000000E+0	5.715100E+4
1.566000E-2	0.000000E+0	6.068800E+4
1.568000E-2	0.000000E+0	6.425500E+4
1.570000E-2	0.000000E+0	6.584300E+4
1.572000E-2	0.000000E+0	6.668800E+4
1.574000E-2	0.000000E+0	6.719000E+4
1.576000E-2	0.000000E+0	6.741500E+4
1.578000E-2	0.000000E+0	6.940200E+4
1.580000E-2	0.000000E+0	6.947000E+4
1.582000E-2	0.000000E+0	7.106100E+4
1.584000E-2	0.000000E+0	7.132500E+4
1.586000E-2	0.000000E+0	7.146300E+4
1.588000E-2	0.000000E+0	7.131400E+4
1.590000E-2	0.000000E+0	7.170600E+4
1.592000E-2	0.000000E+0	7.174100E+4
1.594000E-2	0.000000E+0	7.205900E+4
1.596000E-2	0.000000E+0	7.179000E+4
1.598000E-2	0.000000E+0	7.187000E+4
1.600000E-2	0.000000E+0	7.188400E+4
1.602000E-2	0.000000E+0	7.187200E+4
1.604000E-2	0.000000E+0	7.182300E+4
1.606000E-2	0.000000E+0	7.185400E+4
1.608000E-2	0.000000E+0	7.204400E+4
1.610000E-2	0.000000E+0	7.148000E+4
1.612000E-2	0.000000E+0	7.129500E+4
1.614000E-2	0.000000E+0	7.087200E+4
1.616000E-2	0.000000E+0	6.965100E+4
1.618000E-2	0.000000E+0	6.854600E+4
1.620000E-2	0.000000E+0	6.707500E+4
1.622000E-2	0.000000E+0	6.474300E+4
1.624000E-2	0.000000E+0	6.060000E+4
1.626000E-2	0.000000E+0	5.590400E+4
1.628000E-2	0.000000E+0	5.185800E+4
1.630000E-2	0.000000E+0	5.068600E+4
1.632000E-2	0.000000E+0	5.334300E+4
1.634000E-2	0.000000E+0	5.822800E+4
1.636000E-2	0.000000E+0	6.132000E+4
1.638000E-2	0.000000E+0	6.364000E+4
1.640000E-2	0.000000E+0	6.595400E+4
1.642000E-2	0.000000E+0	6.757400E+4
1.644000E-2	0.000000E+0	6.940600E+4
1.646000E-2	0.000000E+0	7.011600E+4
1.648000E-2	0.000000E+0	7.092000E+4
1.650000E-2	0.000000E+0	7.129800E+4
1.652000E-2	0.000000E+0	7.129000E+4
1.654000E-2	0.000000E+0	7.157900E+4
1.656000E-2	0.000000E+0	7.192000E+4
1.658000E-2	0.000000E+0	7.224000E+4
1.660000E-2	0.000000E+0	7.196800E+4
1.662000E-2	0.000000E+0	7.184800E+4
1.664000E-2	0.000000E+0	7.285700E+4
1.666000E-2	0.000000E+0	7.234300E+4
1.668000E-2	0.000000E+0	7.242600E+4
1.670000E-2	0.000000E+0	7.216900E+4
1.672000E-2	0.000000E+0	7.248900E+4
1.674000E-2	0.000000E+0	7.244600E+4
1.676000E-2	0.000000E+0	7.243400E+4
1.678000E-2	0.000000E+0	7.253900E+4
1.680000E-2	0.000000E+0	7.174000E+4
1.682000E-2	0.000000E+0	7.171800E+4
1.684000E-2	0.000000E+0	7.102400E+4
1.686000E-2	0.000000E+0	7.084800E+4
1.688000E-2	0.000000E+0	6.929700E+4
1.690000E-2	0.000000E+0	6.772200E+4
1.692000E-2	0.000000E+0	6.460800E+4
1.694000E-2	0.000000E+0	6.257400E+4
1.696000E-2	0.000000E+0	6.100300E+4
1.698000E-2	0.000000E+0	6.292800E+4
1.700000E-2	0.000000E+0	6.579500E+4
1.702000E-2	0.000000E+0	6.872200E+4
1.704000E-2	0.000000E+0	6.955400E+4
1.706000E-2	0.000000E+0	7.065200E+4
1.708000E-2	0.000000E+0	7.167600E+4
1.710000E-2	0.000000E+0	7.141200E+4
1.712000E-2	0.000000E+0	7.186100E+4
1.714000E-2	0.000000E+0	7.209400E+4
1.716000E-2	0.000000E+0	7.174800E+4
1.718000E-2	0.000000E+0	7.221200E+4
1.720000E-2	0.000000E+0	7.173900E+4
1.722000E-2	0.000000E+0	7.148000E+4
1.724000E-2	0.000000E+0	7.226700E+4
1.726000E-2	0.000000E+0	7.199000E+4
1.728000E-2	0.000000E+0	7.144900E+4
1.730000E-2	0.000000E+0	7.153400E+4
1.732000E-2	0.000000E+0	7.132200E+4
1.734000E-2	0.000000E+0	7.072000E+4
1.736000E-2	0.000000E+0	6.971700E+4
1.738000E-2	0.000000E+0	6.791900E+4
1.740000E-2	0.000000E+0	6.541600E+4
1.742000E-2	0.000000E+0	6.278000E+4
1.744000E-2	0.000000E+0	6.092500E+4
1.746000E-2	0.000000E+0	6.180000E+4
1.748000E-2	0.000000E+0	6.524600E+4
1.750000E-2	0.000000E+0	6.806300E+4
1.752000E-2	0.000000E+0	7.016300E+4
1.754000E-2	0.000000E+0	7.036400E+4
1.756000E-2	0.000000E+0	7.203100E+4
1.758000E-2	0.000000E+0	7.204600E+4
1.760000E-2	0.000000E+0	7.143700E+4
1.762000E-2	0.000000E+0	7.186400E+4
1.764000E-2	0.000000E+0	7.224300E+4
1.766000E-2	0.000000E+0	7.252000E+4
1.768000E-2	0.000000E+0	7.241800E+4
1.770000E-2	0.000000E+0	7.259200E+4
1.772000E-2	0.000000E+0	7.259600E+4
1.774000E-2	0.000000E+0	7.232400E+4
1.776000E-2	0.000000E+0	7.216100E+4
1.778000E-2	0.000000E+0	7.222700E+4
1.780000E-2	0.000000E+0	7.234700E+4
1.782000E-2	0.000000E+0	7.238300E+4
1.784000E-2	0.000000E+0	7.209800E+4
1.786000E-2	0.000000E+0	7.189500E+4
1.788000E-2	0.000000E+0	7.178600E+4
1.790000E-2	0.000000E+0	7.103400E+4
1.792000E-2	0.000000E+0	7.033000E+4
1.794000E-2	0.000000E+0	7.038900E+4
1.796000E-2	0.000000E+0	6.859000E+4
1.798000E-2	0.000000E+0	6.817100E+4
1.800000E-2	0.000000E+0	6.535700E+4
1.802000E-2	0.000000E+0	6.216600E+4
1.804000E-2	0.000000E+0	5.839000E+4
1.806000E-2	0.000000E+0	5.465600E+4
1.808000E-2	0.000000E+0	5.098400E+4
1.810000E-2	0.000000E+0	5.035000E+4
1.812000E-2	0.000000E+0	5.372900E+4
1.814000E-2	0.000000E+0	5.794900E+4
1.816000E-2	0.000000E+0	6.305400E+4
1.818000E-2	0.000000E+0	6.578100E+4
1.820000E-2	0.000000E+0	6.832900E+4
1.822000E-2	0.000000E+0	6.977600E+4
1.824000E-2	0.000000E+0	7.051300E+4
1.826000E-2	0.000000E+0	7.117200E+4
1.828000E-2	0.000000E+0	7.121100E+4
1.830000E-2	0.000000E+0	7.143000E+4
1.832000E-2	0.000000E+0	7.183700E+4
1.834000E-2	0.000000E+0	7.198400E+4
1.836000E-2	0.000000E+0	7.153900E+4
1.838000E-2	0.000000E+0	7.158000E+4
1.840000E-2	0.000000E+0	7.154100E+4
1.842000E-2	0.000000E+0	7.200800E+4
1.844000E-2	0.000000E+0	7.194200E+4
1.846000E-2	0.000000E+0	7.147600E+4
1.848000E-2	0.000000E+0	7.177000E+4
1.850000E-2	0.000000E+0	7.197000E+4
1.852000E-2	0.000000E+0	7.138000E+4
1.854000E-2	0.000000E+0	7.135900E+4
1.856000E-2	0.000000E+0	7.105300E+4
1.858000E-2	0.000000E+0	7.096400E+4
1.860000E-2	0.000000E+0	6.913000E+4
1.862000E-2	0.000000E+0	6.869500E+4
1.864000E-2	0.000000E+0	6.745800E+4
1.866000E-2	0.000000E+0	6.627700E+4
1.868000E-2	0.000000E+0	6.417800E+4
1.870000E-2	0.000000E+0	6.347500E+4
1.872000E-2	0.000000E+0	6.034500E+4
1.874000E-2	0.000000E+0	5.725600E+4
1.876000E-2	0.000000E+0	5.274800E+4
1.878000E-2	0.000000E+0	5.174400E+4
1.880000E-2	0.000000E+0	5.254300E+4
1.882000E-2	0.000000E+0	5.704500E+4
1.884000E-2	0.000000E+0	6.163200E+4
1.886000E-2	0.000000E+0	6.499900E+4
1.888000E-2	0.000000E+0	6.780100E+4
1.890000E-2	0.000000E+0	6.900200E+4
1.892000E-2	0.000000E+0	6.992700E+4
1.894000E-2	0.000000E+0	7.051500E+4
1.896000E-2	0.000000E+0	7.141600E+4
1.898000E-2	0.000000E+0	7.172300E+4
1.900000E-2	0.000000E+0	7.176900E+4
1.902000E-2	0.000000E+0	7.191700E+4
1.904000E-2	0.000000E+0	7.263800E+4
1.906000E-2	0.000000E+0	7.262000E+4
1.908000E-2	0.000000E+0	7.239900E+4
1.910000E-2	0.000000E+0	7.225100E+4
1.912000E-2	0.000000E+0	7.253400E+4
1.914000E-2	0.000000E+0	7.253900E+4
1.916000E-2	0.000000E+0	7.276200E+4
1.918000E-2	0.000000E+0	7.279100E+4
1.920000E-2	0.000000E+0	7.254200E+4
1.922000E-2	0.000000E+0	7.240400E+4
1.924000E-2	0.000000E+0	7.267100E+4
1.926000E-2	0.000000E+0	7.266400E+4
1.928000E-2	0.000000E+0	7.281500E+4
1.930000E-2	0.000000E+0	7.270500E+4
1.932000E-2	0.000000E+0	7.254700E+4
1.934000E-2	0.000000E+0	7.285600E+4
1.936000E-2	0.000000E+0	7.267600E+4
1.938000E-2	0.000000E+0	7.274900E+4
1.940000E-2	0.000000E+0	7.340800E+4
1.942000E-2	0.000000E+0	7.275100E+4
1.944000E-2	0.000000E+0	7.323800E+4
1.946000E-2	0.000000E+0	7.281800E+4
1.948000E-2	0.000000E+0	7.247600E+4
1.950000E-2	0.000000E+0	7.312600E+4
1.952000E-2	0.000000E+0	7.316100E+4
1.954000E-2	0.000000E+0	7.280100E+4
1.956000E-2	0.000000E+0	7.289100E+4
1.958000E-2	0.000000E+0	7.267700E+4
1.960000E-2	0.000000E+0	7.317300E+4
1.962000E-2	0.000000E+0	7.299300E+4
1.964000E-2	0.000000E+0	7.285100E+4
1.966000E-2	0.000000E+0	7.297200E+4
1.968000E-2	0.000000E+0	7.298400E+4
1.970000E-2	0.000000E+0	7.283800E+4
1.972000E-2	0.000000E+0	7.298900E+4
1.974000E-2	0.000000E+0	7.271200E+4
1.976000E-2	0.000000E+0	7.316400E+4
1.978000E-2	0.000000E+0	7.337900E+4
1.980000E-2	0.000000E+0	7.295500E+4
1.982000E-2	0.000000E+0	7.271300E+4
1.984000E-2	0.000000E+0	7.275300E+4
1.986000E-2	0.000000E+0	7.325800E+4
1.988000E-2	0.000000E+0	7.308700E+4
1.990000E-2	0.000000E+0	7.341000E+4
1.992000E-2	0.000000E+0	7.275300E+4
1.994000E-2	0.000000E+0	7.224700E+4
1.996000E-2	0.000000E+0	7.277400E+4
1.998000E-2	0.000000E+0	7.327400E+4
