

live time:  105779.640000
real time:  122406.871000
sweeps:  5288982.000000
0.000000E+0	0.000000E+0	0.000000E+0
2.000000E-5	0.000000E+0	2.176900E+4
4.000000E-5	0.000000E+0	2.171900E+4
6.000000E-5	0.000000E+0	2.164800E+4
8.000000E-5	0.000000E+0	2.158500E+4
1.000000E-4	0.000000E+0	2.163200E+4
1.200000E-4	0.000000E+0	2.181600E+4
1.400000E-4	0.000000E+0	2.172500E+4
1.600000E-4	0.000000E+0	2.154100E+4
1.800000E-4	0.000000E+0	2.148600E+4
2.000000E-4	0.000000E+0	2.167000E+4
2.200000E-4	0.000000E+0	2.163600E+4
2.400000E-4	0.000000E+0	2.159600E+4
2.600000E-4	0.000000E+0	2.163800E+4
2.800000E-4	0.000000E+0	2.171400E+4
3.000000E-4	0.000000E+0	2.142300E+4
3.200000E-4	0.000000E+0	2.160700E+4
3.400000E-4	0.000000E+0	2.177600E+4
3.600000E-4	0.000000E+0	2.163700E+4
3.800000E-4	0.000000E+0	2.189200E+4
4.000000E-4	0.000000E+0	2.161500E+4
4.200000E-4	0.000000E+0	2.155100E+4
4.400000E-4	0.000000E+0	2.149800E+4
4.600000E-4	0.000000E+0	2.141600E+4
4.800000E-4	0.000000E+0	2.173500E+4
5.000000E-4	0.000000E+0	2.176000E+4
5.200000E-4	0.000000E+0	2.157300E+4
5.400000E-4	0.000000E+0	2.158400E+4
5.600000E-4	0.000000E+0	2.169000E+4
5.800000E-4	0.000000E+0	2.146700E+4
6.000000E-4	0.000000E+0	2.162500E+4
6.200000E-4	0.000000E+0	2.161900E+4
6.400000E-4	0.000000E+0	2.179800E+4
6.600000E-4	0.000000E+0	2.173800E+4
6.800000E-4	0.000000E+0	2.184900E+4
7.000000E-4	0.000000E+0	2.169000E+4
7.200000E-4	0.000000E+0	2.149200E+4
7.400000E-4	0.000000E+0	2.153600E+4
7.600000E-4	0.000000E+0	2.168300E+4
7.800000E-4	0.000000E+0	2.154600E+4
8.000000E-4	0.000000E+0	2.171300E+4
8.200000E-4	0.000000E+0	2.159100E+4
8.400000E-4	0.000000E+0	2.136800E+4
8.600000E-4	0.000000E+0	2.166600E+4
8.800000E-4	0.000000E+0	2.184000E+4
9.000000E-4	0.000000E+0	2.160200E+4
9.200000E-4	0.000000E+0	2.170500E+4
9.400000E-4	0.000000E+0	2.160000E+4
9.600000E-4	0.000000E+0	2.181300E+4
9.800000E-4	0.000000E+0	2.160400E+4
1.000000E-3	0.000000E+0	2.190000E+4
1.020000E-3	0.000000E+0	2.150100E+4
1.040000E-3	0.000000E+0	2.160400E+4
1.060000E-3	0.000000E+0	2.184300E+4
1.080000E-3	0.000000E+0	2.141600E+4
1.100000E-3	0.000000E+0	2.156700E+4
1.120000E-3	0.000000E+0	2.171500E+4
1.140000E-3	0.000000E+0	2.160500E+4
1.160000E-3	0.000000E+0	2.172200E+4
1.180000E-3	0.000000E+0	2.163200E+4
1.200000E-3	0.000000E+0	2.151300E+4
1.220000E-3	0.000000E+0	2.172600E+4
1.240000E-3	0.000000E+0	2.171500E+4
1.260000E-3	0.000000E+0	2.155600E+4
1.280000E-3	0.000000E+0	2.161700E+4
1.300000E-3	0.000000E+0	2.158100E+4
1.320000E-3	0.000000E+0	2.154500E+4
1.340000E-3	0.000000E+0	2.163400E+4
1.360000E-3	0.000000E+0	2.158200E+4
1.380000E-3	0.000000E+0	2.138400E+4
1.400000E-3	0.000000E+0	2.185700E+4
1.420000E-3	0.000000E+0	2.159800E+4
1.440000E-3	0.000000E+0	2.158900E+4
1.460000E-3	0.000000E+0	2.174900E+4
1.480000E-3	0.000000E+0	2.176800E+4
1.500000E-3	0.000000E+0	2.148300E+4
1.520000E-3	0.000000E+0	2.181400E+4
1.540000E-3	0.000000E+0	2.160100E+4
1.560000E-3	0.000000E+0	2.152900E+4
1.580000E-3	0.000000E+0	2.152500E+4
1.600000E-3	0.000000E+0	2.191400E+4
1.620000E-3	0.000000E+0	2.166300E+4
1.640000E-3	0.000000E+0	2.127900E+4
1.660000E-3	0.000000E+0	2.160200E+4
1.680000E-3	0.000000E+0	2.160400E+4
1.700000E-3	0.000000E+0	2.141700E+4
1.720000E-3	0.000000E+0	2.159700E+4
1.740000E-3	0.000000E+0	2.161600E+4
1.760000E-3	0.000000E+0	2.129500E+4
1.780000E-3	0.000000E+0	2.166500E+4
1.800000E-3	0.000000E+0	2.143700E+4
1.820000E-3	0.000000E+0	2.128200E+4
1.840000E-3	0.000000E+0	2.161700E+4
1.860000E-3	0.000000E+0	2.166500E+4
1.880000E-3	0.000000E+0	2.167700E+4
1.900000E-3	0.000000E+0	2.167600E+4
1.920000E-3	0.000000E+0	2.177500E+4
1.940000E-3	0.000000E+0	2.137400E+4
1.960000E-3	0.000000E+0	2.161300E+4
1.980000E-3	0.000000E+0	2.157700E+4
2.000000E-3	0.000000E+0	2.162800E+4
2.020000E-3	0.000000E+0	2.168000E+4
2.040000E-3	0.000000E+0	2.156100E+4
2.060000E-3	0.000000E+0	2.137700E+4
2.080000E-3	0.000000E+0	2.171400E+4
2.100000E-3	0.000000E+0	2.164800E+4
2.120000E-3	0.000000E+0	2.154000E+4
2.140000E-3	0.000000E+0	2.166400E+4
2.160000E-3	0.000000E+0	2.157400E+4
2.180000E-3	0.000000E+0	2.154700E+4
2.200000E-3	0.000000E+0	2.139300E+4
2.220000E-3	0.000000E+0	2.175700E+4
2.240000E-3	0.000000E+0	2.160900E+4
2.260000E-3	0.000000E+0	2.163600E+4
2.280000E-3	0.000000E+0	2.146600E+4
2.300000E-3	0.000000E+0	2.160600E+4
2.320000E-3	0.000000E+0	2.169000E+4
2.340000E-3	0.000000E+0	2.142600E+4
2.360000E-3	0.000000E+0	2.168500E+4
2.380000E-3	0.000000E+0	2.172600E+4
2.400000E-3	0.000000E+0	2.171000E+4
2.420000E-3	0.000000E+0	2.152500E+4
2.440000E-3	0.000000E+0	2.146800E+4
2.460000E-3	0.000000E+0	2.168300E+4
2.480000E-3	0.000000E+0	2.131400E+4
2.500000E-3	0.000000E+0	2.155300E+4
2.520000E-3	0.000000E+0	2.154000E+4
2.540000E-3	0.000000E+0	2.135900E+4
2.560000E-3	0.000000E+0	2.152300E+4
2.580000E-3	0.000000E+0	2.148300E+4
2.600000E-3	0.000000E+0	2.163200E+4
2.620000E-3	0.000000E+0	2.172300E+4
2.640000E-3	0.000000E+0	2.147700E+4
2.660000E-3	0.000000E+0	2.145400E+4
2.680000E-3	0.000000E+0	2.160000E+4
2.700000E-3	0.000000E+0	2.145400E+4
2.720000E-3	0.000000E+0	2.143800E+4
2.740000E-3	0.000000E+0	2.141700E+4
2.760000E-3	0.000000E+0	2.149200E+4
2.780000E-3	0.000000E+0	2.133100E+4
2.800000E-3	0.000000E+0	2.143300E+4
2.820000E-3	0.000000E+0	2.136700E+4
2.840000E-3	0.000000E+0	2.165900E+4
2.860000E-3	0.000000E+0	2.138700E+4
2.880000E-3	0.000000E+0	2.131000E+4
2.900000E-3	0.000000E+0	2.138700E+4
2.920000E-3	0.000000E+0	2.135700E+4
2.940000E-3	0.000000E+0	2.099600E+4
2.960000E-3	0.000000E+0	2.097400E+4
2.980000E-3	0.000000E+0	2.034200E+4
3.000000E-3	0.000000E+0	2.056400E+4
3.020000E-3	0.000000E+0	1.971000E+4
3.040000E-3	0.000000E+0	1.923000E+4
3.060000E-3	0.000000E+0	1.932300E+4
3.080000E-3	0.000000E+0	1.917000E+4
3.100000E-3	0.000000E+0	1.937100E+4
3.120000E-3	0.000000E+0	2.004200E+4
3.140000E-3	0.000000E+0	2.055800E+4
3.160000E-3	0.000000E+0	2.067700E+4
3.180000E-3	0.000000E+0	2.112200E+4
3.200000E-3	0.000000E+0	2.114500E+4
3.220000E-3	0.000000E+0	2.098200E+4
3.240000E-3	0.000000E+0	2.105000E+4
3.260000E-3	0.000000E+0	2.133100E+4
3.280000E-3	0.000000E+0	2.112800E+4
3.300000E-3	0.000000E+0	2.110500E+4
3.320000E-3	0.000000E+0	2.136300E+4
3.340000E-3	0.000000E+0	2.178800E+4
3.360000E-3	0.000000E+0	2.165400E+4
3.380000E-3	0.000000E+0	2.122800E+4
3.400000E-3	0.000000E+0	2.134100E+4
3.420000E-3	0.000000E+0	2.160200E+4
3.440000E-3	0.000000E+0	2.141300E+4
3.460000E-3	0.000000E+0	2.151000E+4
3.480000E-3	0.000000E+0	2.172800E+4
3.500000E-3	0.000000E+0	2.161200E+4
3.520000E-3	0.000000E+0	2.130200E+4
3.540000E-3	0.000000E+0	2.176900E+4
3.560000E-3	0.000000E+0	2.142700E+4
3.580000E-3	0.000000E+0	2.142600E+4
3.600000E-3	0.000000E+0	2.158800E+4
3.620000E-3	0.000000E+0	2.149300E+4
3.640000E-3	0.000000E+0	2.152800E+4
3.660000E-3	0.000000E+0	2.165900E+4
3.680000E-3	0.000000E+0	2.145000E+4
3.700000E-3	0.000000E+0	2.161100E+4
3.720000E-3	0.000000E+0	2.126500E+4
3.740000E-3	0.000000E+0	2.161800E+4
3.760000E-3	0.000000E+0	2.143600E+4
3.780000E-3	0.000000E+0	2.173600E+4
3.800000E-3	0.000000E+0	2.152700E+4
3.820000E-3	0.000000E+0	2.195600E+4
3.840000E-3	0.000000E+0	2.143900E+4
3.860000E-3	0.000000E+0	2.132300E+4
3.880000E-3	0.000000E+0	2.140600E+4
3.900000E-3	0.000000E+0	2.152900E+4
3.920000E-3	0.000000E+0	2.161200E+4
3.940000E-3	0.000000E+0	2.149600E+4
3.960000E-3	0.000000E+0	2.133700E+4
3.980000E-3	0.000000E+0	2.163200E+4
4.000000E-3	0.000000E+0	2.151100E+4
4.020000E-3	0.000000E+0	2.123000E+4
4.040000E-3	0.000000E+0	2.133200E+4
4.060000E-3	0.000000E+0	2.120800E+4
4.080000E-3	0.000000E+0	2.124400E+4
4.100000E-3	0.000000E+0	2.115600E+4
4.120000E-3	0.000000E+0	2.089200E+4
4.140000E-3	0.000000E+0	2.072800E+4
4.160000E-3	0.000000E+0	2.011300E+4
4.180000E-3	0.000000E+0	1.962500E+4
4.200000E-3	0.000000E+0	1.971200E+4
4.220000E-3	0.000000E+0	1.986800E+4
4.240000E-3	0.000000E+0	2.047300E+4
4.260000E-3	0.000000E+0	2.089000E+4
4.280000E-3	0.000000E+0	2.101600E+4
4.300000E-3	0.000000E+0	2.088500E+4
4.320000E-3	0.000000E+0	2.114200E+4
4.340000E-3	0.000000E+0	2.147000E+4
4.360000E-3	0.000000E+0	2.130400E+4
4.380000E-3	0.000000E+0	2.133200E+4
4.400000E-3	0.000000E+0	2.162300E+4
4.420000E-3	0.000000E+0	2.138700E+4
4.440000E-3	0.000000E+0	2.160700E+4
4.460000E-3	0.000000E+0	2.139500E+4
4.480000E-3	0.000000E+0	2.163100E+4
4.500000E-3	0.000000E+0	2.136000E+4
4.520000E-3	0.000000E+0	2.129500E+4
4.540000E-3	0.000000E+0	2.158100E+4
4.560000E-3	0.000000E+0	2.152800E+4
4.580000E-3	0.000000E+0	2.160600E+4
4.600000E-3	0.000000E+0	2.163200E+4
4.620000E-3	0.000000E+0	2.135000E+4
4.640000E-3	0.000000E+0	2.144000E+4
4.660000E-3	0.000000E+0	2.129600E+4
4.680000E-3	0.000000E+0	2.136600E+4
4.700000E-3	0.000000E+0	2.154200E+4
4.720000E-3	0.000000E+0	2.152300E+4
4.740000E-3	0.000000E+0	2.155700E+4
4.760000E-3	0.000000E+0	2.186200E+4
4.780000E-3	0.000000E+0	2.136400E+4
4.800000E-3	0.000000E+0	2.141600E+4
4.820000E-3	0.000000E+0	2.143700E+4
4.840000E-3	0.000000E+0	2.165200E+4
4.860000E-3	0.000000E+0	2.134600E+4
4.880000E-3	0.000000E+0	2.142900E+4
4.900000E-3	0.000000E+0	2.151800E+4
4.920000E-3	0.000000E+0	2.175600E+4
4.940000E-3	0.000000E+0	2.149500E+4
4.960000E-3	0.000000E+0	2.147700E+4
4.980000E-3	0.000000E+0	2.165800E+4
5.000000E-3	0.000000E+0	2.165900E+4
5.020000E-3	0.000000E+0	2.155000E+4
5.040000E-3	0.000000E+0	2.138500E+4
5.060000E-3	0.000000E+0	2.136600E+4
5.080000E-3	0.000000E+0	2.167300E+4
5.100000E-3	0.000000E+0	2.155500E+4
5.120000E-3	0.000000E+0	2.129200E+4
5.140000E-3	0.000000E+0	2.125500E+4
5.160000E-3	0.000000E+0	2.122300E+4
5.180000E-3	0.000000E+0	2.100500E+4
5.200000E-3	0.000000E+0	2.069400E+4
5.220000E-3	0.000000E+0	2.017200E+4
5.240000E-3	0.000000E+0	2.013600E+4
5.260000E-3	0.000000E+0	2.025300E+4
5.280000E-3	0.000000E+0	2.044900E+4
5.300000E-3	0.000000E+0	2.104000E+4
5.320000E-3	0.000000E+0	2.106700E+4
5.340000E-3	0.000000E+0	2.135300E+4
5.360000E-3	0.000000E+0	2.142000E+4
5.380000E-3	0.000000E+0	2.134000E+4
5.400000E-3	0.000000E+0	2.138000E+4
5.420000E-3	0.000000E+0	2.110500E+4
5.440000E-3	0.000000E+0	2.152100E+4
5.460000E-3	0.000000E+0	2.156200E+4
5.480000E-3	0.000000E+0	2.158400E+4
5.500000E-3	0.000000E+0	2.156600E+4
5.520000E-3	0.000000E+0	2.148900E+4
5.540000E-3	0.000000E+0	2.147800E+4
5.560000E-3	0.000000E+0	2.137600E+4
5.580000E-3	0.000000E+0	2.139700E+4
5.600000E-3	0.000000E+0	2.167300E+4
5.620000E-3	0.000000E+0	2.145400E+4
5.640000E-3	0.000000E+0	2.154000E+4
5.660000E-3	0.000000E+0	2.141600E+4
5.680000E-3	0.000000E+0	2.144800E+4
5.700000E-3	0.000000E+0	2.159000E+4
5.720000E-3	0.000000E+0	2.137900E+4
5.740000E-3	0.000000E+0	2.144300E+4
5.760000E-3	0.000000E+0	2.139600E+4
5.780000E-3	0.000000E+0	2.130200E+4
5.800000E-3	0.000000E+0	2.167800E+4
5.820000E-3	0.000000E+0	2.134800E+4
5.840000E-3	0.000000E+0	2.145800E+4
5.860000E-3	0.000000E+0	2.141100E+4
5.880000E-3	0.000000E+0	2.111300E+4
5.900000E-3	0.000000E+0	2.115500E+4
5.920000E-3	0.000000E+0	2.110800E+4
5.940000E-3	0.000000E+0	2.077400E+4
5.960000E-3	0.000000E+0	2.090200E+4
5.980000E-3	0.000000E+0	2.045100E+4
6.000000E-3	0.000000E+0	2.052200E+4
6.020000E-3	0.000000E+0	2.049600E+4
6.040000E-3	0.000000E+0	2.063200E+4
6.060000E-3	0.000000E+0	2.141300E+4
6.080000E-3	0.000000E+0	2.150300E+4
6.100000E-3	0.000000E+0	2.137500E+4
6.120000E-3	0.000000E+0	2.133600E+4
6.140000E-3	0.000000E+0	2.139000E+4
6.160000E-3	0.000000E+0	2.162200E+4
6.180000E-3	0.000000E+0	2.135800E+4
6.200000E-3	0.000000E+0	2.154100E+4
6.220000E-3	0.000000E+0	2.150300E+4
6.240000E-3	0.000000E+0	2.145500E+4
6.260000E-3	0.000000E+0	2.162300E+4
6.280000E-3	0.000000E+0	2.129000E+4
6.300000E-3	0.000000E+0	2.170000E+4
6.320000E-3	0.000000E+0	2.146600E+4
6.340000E-3	0.000000E+0	2.168300E+4
6.360000E-3	0.000000E+0	2.163100E+4
6.380000E-3	0.000000E+0	2.159200E+4
6.400000E-3	0.000000E+0	2.133000E+4
6.420000E-3	0.000000E+0	2.161200E+4
6.440000E-3	0.000000E+0	2.150700E+4
6.460000E-3	0.000000E+0	2.158900E+4
6.480000E-3	0.000000E+0	2.163800E+4
6.500000E-3	0.000000E+0	2.154800E+4
6.520000E-3	0.000000E+0	2.143100E+4
6.540000E-3	0.000000E+0	2.159600E+4
6.560000E-3	0.000000E+0	2.144400E+4
6.580000E-3	0.000000E+0	2.132800E+4
6.600000E-3	0.000000E+0	2.161100E+4
6.620000E-3	0.000000E+0	2.152900E+4
6.640000E-3	0.000000E+0	2.160300E+4
6.660000E-3	0.000000E+0	2.136000E+4
6.680000E-3	0.000000E+0	2.137300E+4
6.700000E-3	0.000000E+0	2.132800E+4
6.720000E-3	0.000000E+0	2.185200E+4
6.740000E-3	0.000000E+0	2.160300E+4
6.760000E-3	0.000000E+0	2.155500E+4
6.780000E-3	0.000000E+0	2.165500E+4
6.800000E-3	0.000000E+0	2.152800E+4
6.820000E-3	0.000000E+0	2.140900E+4
6.840000E-3	0.000000E+0	2.159600E+4
6.860000E-3	0.000000E+0	2.136800E+4
6.880000E-3	0.000000E+0	2.121200E+4
6.900000E-3	0.000000E+0	2.128600E+4
6.920000E-3	0.000000E+0	2.119400E+4
6.940000E-3	0.000000E+0	2.114600E+4
6.960000E-3	0.000000E+0	2.075300E+4
6.980000E-3	0.000000E+0	2.043500E+4
7.000000E-3	0.000000E+0	2.030000E+4
7.020000E-3	0.000000E+0	1.959900E+4
7.040000E-3	0.000000E+0	1.979100E+4
7.060000E-3	0.000000E+0	1.982500E+4
7.080000E-3	0.000000E+0	2.039100E+4
7.100000E-3	0.000000E+0	2.057800E+4
7.120000E-3	0.000000E+0	2.115200E+4
7.140000E-3	0.000000E+0	2.133600E+4
7.160000E-3	0.000000E+0	2.133800E+4
7.180000E-3	0.000000E+0	2.149300E+4
7.200000E-3	0.000000E+0	2.152700E+4
7.220000E-3	0.000000E+0	2.136500E+4
7.240000E-3	0.000000E+0	2.148100E+4
7.260000E-3	0.000000E+0	2.147000E+4
7.280000E-3	0.000000E+0	2.139800E+4
7.300000E-3	0.000000E+0	2.162600E+4
7.320000E-3	0.000000E+0	2.152100E+4
7.340000E-3	0.000000E+0	2.132500E+4
7.360000E-3	0.000000E+0	2.129400E+4
7.380000E-3	0.000000E+0	2.151600E+4
7.400000E-3	0.000000E+0	2.149800E+4
7.420000E-3	0.000000E+0	2.140800E+4
7.440000E-3	0.000000E+0	2.156100E+4
7.460000E-3	0.000000E+0	2.159500E+4
7.480000E-3	0.000000E+0	2.173800E+4
7.500000E-3	0.000000E+0	2.144600E+4
7.520000E-3	0.000000E+0	2.120200E+4
7.540000E-3	0.000000E+0	2.155300E+4
7.560000E-3	0.000000E+0	2.151800E+4
7.580000E-3	0.000000E+0	2.157300E+4
7.600000E-3	0.000000E+0	2.192300E+4
7.620000E-3	0.000000E+0	2.157600E+4
7.640000E-3	0.000000E+0	2.153000E+4
7.660000E-3	0.000000E+0	2.186800E+4
7.680000E-3	0.000000E+0	2.148900E+4
7.700000E-3	0.000000E+0	2.166700E+4
7.720000E-3	0.000000E+0	2.125500E+4
7.740000E-3	0.000000E+0	2.180900E+4
7.760000E-3	0.000000E+0	2.128900E+4
7.780000E-3	0.000000E+0	2.129100E+4
7.800000E-3	0.000000E+0	2.144900E+4
7.820000E-3	0.000000E+0	2.151600E+4
7.840000E-3	0.000000E+0	2.148900E+4
7.860000E-3	0.000000E+0	2.169900E+4
7.880000E-3	0.000000E+0	2.127500E+4
7.900000E-3	0.000000E+0	2.152600E+4
7.920000E-3	0.000000E+0	2.159300E+4
7.940000E-3	0.000000E+0	2.139800E+4
7.960000E-3	0.000000E+0	2.166800E+4
7.980000E-3	0.000000E+0	2.152700E+4
8.000000E-3	0.000000E+0	2.146800E+4
8.020000E-3	0.000000E+0	2.138300E+4
8.040000E-3	0.000000E+0	2.153500E+4
8.060000E-3	0.000000E+0	2.139300E+4
8.080000E-3	0.000000E+0	2.126400E+4
8.100000E-3	0.000000E+0	2.131500E+4
8.120000E-3	0.000000E+0	2.122300E+4
8.140000E-3	0.000000E+0	2.099200E+4
8.160000E-3	0.000000E+0	2.077600E+4
8.180000E-3	0.000000E+0	2.087000E+4
8.200000E-3	0.000000E+0	2.053400E+4
8.220000E-3	0.000000E+0	2.029500E+4
8.240000E-3	0.000000E+0	1.952100E+4
8.260000E-3	0.000000E+0	1.952300E+4
8.280000E-3	0.000000E+0	1.934800E+4
8.300000E-3	0.000000E+0	1.928700E+4
8.320000E-3	0.000000E+0	1.950500E+4
8.340000E-3	0.000000E+0	1.994100E+4
8.360000E-3	0.000000E+0	2.005900E+4
8.380000E-3	0.000000E+0	2.052200E+4
8.400000E-3	0.000000E+0	2.096100E+4
8.420000E-3	0.000000E+0	2.102800E+4
8.440000E-3	0.000000E+0	2.091400E+4
8.460000E-3	0.000000E+0	2.098600E+4
8.480000E-3	0.000000E+0	2.116800E+4
8.500000E-3	0.000000E+0	2.124000E+4
8.520000E-3	0.000000E+0	2.137100E+4
8.540000E-3	0.000000E+0	2.154100E+4
8.560000E-3	0.000000E+0	2.141500E+4
8.580000E-3	0.000000E+0	2.143000E+4
8.600000E-3	0.000000E+0	2.158400E+4
8.620000E-3	0.000000E+0	2.156600E+4
8.640000E-3	0.000000E+0	2.157000E+4
8.660000E-3	0.000000E+0	2.167100E+4
8.680000E-3	0.000000E+0	2.173000E+4
8.700000E-3	0.000000E+0	2.165800E+4
8.720000E-3	0.000000E+0	2.137500E+4
8.740000E-3	0.000000E+0	2.172200E+4
8.760000E-3	0.000000E+0	2.160200E+4
8.780000E-3	0.000000E+0	2.142000E+4
8.800000E-3	0.000000E+0	2.164500E+4
8.820000E-3	0.000000E+0	2.168100E+4
8.840000E-3	0.000000E+0	2.159100E+4
8.860000E-3	0.000000E+0	2.155700E+4
8.880000E-3	0.000000E+0	2.153100E+4
8.900000E-3	0.000000E+0	2.175700E+4
8.920000E-3	0.000000E+0	2.162100E+4
8.940000E-3	0.000000E+0	2.171400E+4
8.960000E-3	0.000000E+0	2.167500E+4
8.980000E-3	0.000000E+0	2.143100E+4
9.000000E-3	0.000000E+0	2.170800E+4
9.020000E-3	0.000000E+0	2.169000E+4
9.040000E-3	0.000000E+0	2.157200E+4
9.060000E-3	0.000000E+0	2.151600E+4
9.080000E-3	0.000000E+0	2.150300E+4
9.100000E-3	0.000000E+0	2.182300E+4
9.120000E-3	0.000000E+0	2.155200E+4
9.140000E-3	0.000000E+0	2.171600E+4
9.160000E-3	0.000000E+0	2.122400E+4
9.180000E-3	0.000000E+0	2.135700E+4
9.200000E-3	0.000000E+0	2.179300E+4
9.220000E-3	0.000000E+0	2.168000E+4
9.240000E-3	0.000000E+0	2.160400E+4
9.260000E-3	0.000000E+0	2.148600E+4
9.280000E-3	0.000000E+0	2.184100E+4
9.300000E-3	0.000000E+0	2.171500E+4
9.320000E-3	0.000000E+0	2.164900E+4
9.340000E-3	0.000000E+0	2.169700E+4
9.360000E-3	0.000000E+0	2.157700E+4
9.380000E-3	0.000000E+0	2.149800E+4
9.400000E-3	0.000000E+0	2.141000E+4
9.420000E-3	0.000000E+0	2.146100E+4
9.440000E-3	0.000000E+0	2.181100E+4
9.460000E-3	0.000000E+0	2.154900E+4
9.480000E-3	0.000000E+0	2.152000E+4
9.500000E-3	0.000000E+0	2.167700E+4
9.520000E-3	0.000000E+0	2.179700E+4
9.540000E-3	0.000000E+0	2.150800E+4
9.560000E-3	0.000000E+0	2.154200E+4
9.580000E-3	0.000000E+0	2.162500E+4
9.600000E-3	0.000000E+0	2.151100E+4
9.620000E-3	0.000000E+0	2.173100E+4
9.640000E-3	0.000000E+0	2.156100E+4
9.660000E-3	0.000000E+0	2.157500E+4
9.680000E-3	0.000000E+0	2.154600E+4
9.700000E-3	0.000000E+0	2.162000E+4
9.720000E-3	0.000000E+0	2.163500E+4
9.740000E-3	0.000000E+0	2.147800E+4
9.760000E-3	0.000000E+0	2.159600E+4
9.780000E-3	0.000000E+0	2.175900E+4
9.800000E-3	0.000000E+0	2.155900E+4
9.820000E-3	0.000000E+0	2.157200E+4
9.840000E-3	0.000000E+0	2.138400E+4
9.860000E-3	0.000000E+0	2.186600E+4
9.880000E-3	0.000000E+0	2.176200E+4
9.900000E-3	0.000000E+0	2.173600E+4
9.920000E-3	0.000000E+0	2.149900E+4
9.940000E-3	0.000000E+0	2.162100E+4
9.960000E-3	0.000000E+0	2.171100E+4
9.980000E-3	0.000000E+0	2.159600E+4
1.000000E-2	0.000000E+0	2.154000E+4
1.002000E-2	0.000000E+0	2.126600E+4
1.004000E-2	0.000000E+0	2.148200E+4
1.006000E-2	0.000000E+0	2.160600E+4
1.008000E-2	0.000000E+0	2.170000E+4
1.010000E-2	0.000000E+0	2.183400E+4
1.012000E-2	0.000000E+0	2.167200E+4
1.014000E-2	0.000000E+0	2.174100E+4
1.016000E-2	0.000000E+0	2.145600E+4
1.018000E-2	0.000000E+0	2.154200E+4
1.020000E-2	0.000000E+0	2.165400E+4
1.022000E-2	0.000000E+0	2.140900E+4
1.024000E-2	0.000000E+0	2.171600E+4
1.026000E-2	0.000000E+0	2.127500E+4
1.028000E-2	0.000000E+0	2.164000E+4
1.030000E-2	0.000000E+0	2.157400E+4
1.032000E-2	0.000000E+0	2.173200E+4
1.034000E-2	0.000000E+0	2.158400E+4
1.036000E-2	0.000000E+0	2.133700E+4
1.038000E-2	0.000000E+0	2.147700E+4
1.040000E-2	0.000000E+0	2.121600E+4
1.042000E-2	0.000000E+0	2.142500E+4
1.044000E-2	0.000000E+0	2.148000E+4
1.046000E-2	0.000000E+0	2.164100E+4
1.048000E-2	0.000000E+0	2.185100E+4
1.050000E-2	0.000000E+0	2.166800E+4
1.052000E-2	0.000000E+0	2.167200E+4
1.054000E-2	0.000000E+0	2.156700E+4
1.056000E-2	0.000000E+0	2.171400E+4
1.058000E-2	0.000000E+0	2.178200E+4
1.060000E-2	0.000000E+0	2.119900E+4
1.062000E-2	0.000000E+0	2.183100E+4
1.064000E-2	0.000000E+0	2.185200E+4
1.066000E-2	0.000000E+0	2.177300E+4
1.068000E-2	0.000000E+0	2.158200E+4
1.070000E-2	0.000000E+0	2.161700E+4
1.072000E-2	0.000000E+0	2.174200E+4
1.074000E-2	0.000000E+0	2.164100E+4
1.076000E-2	0.000000E+0	2.181100E+4
1.078000E-2	0.000000E+0	2.168000E+4
1.080000E-2	0.000000E+0	2.140600E+4
1.082000E-2	0.000000E+0	2.163700E+4
1.084000E-2	0.000000E+0	2.146000E+4
1.086000E-2	0.000000E+0	2.136700E+4
1.088000E-2	0.000000E+0	2.174400E+4
1.090000E-2	0.000000E+0	2.160700E+4
1.092000E-2	0.000000E+0	2.169300E+4
1.094000E-2	0.000000E+0	2.174100E+4
1.096000E-2	0.000000E+0	2.155400E+4
1.098000E-2	0.000000E+0	2.166800E+4
1.100000E-2	0.000000E+0	2.168700E+4
1.102000E-2	0.000000E+0	2.145500E+4
1.104000E-2	0.000000E+0	2.144000E+4
1.106000E-2	0.000000E+0	2.184900E+4
1.108000E-2	0.000000E+0	2.161300E+4
1.110000E-2	0.000000E+0	2.153700E+4
1.112000E-2	0.000000E+0	2.171400E+4
1.114000E-2	0.000000E+0	2.162000E+4
1.116000E-2	0.000000E+0	2.145200E+4
1.118000E-2	0.000000E+0	2.164400E+4
1.120000E-2	0.000000E+0	2.169100E+4
1.122000E-2	0.000000E+0	2.167300E+4
1.124000E-2	0.000000E+0	2.156000E+4
1.126000E-2	0.000000E+0	2.148400E+4
1.128000E-2	0.000000E+0	2.177500E+4
1.130000E-2	0.000000E+0	2.164900E+4
1.132000E-2	0.000000E+0	2.154300E+4
1.134000E-2	0.000000E+0	2.147700E+4
1.136000E-2	0.000000E+0	2.189200E+4
1.138000E-2	0.000000E+0	2.168800E+4
1.140000E-2	0.000000E+0	2.157400E+4
1.142000E-2	0.000000E+0	2.190200E+4
1.144000E-2	0.000000E+0	2.141000E+4
1.146000E-2	0.000000E+0	2.191200E+4
1.148000E-2	0.000000E+0	2.144700E+4
1.150000E-2	0.000000E+0	2.175900E+4
1.152000E-2	0.000000E+0	2.181700E+4
1.154000E-2	0.000000E+0	2.176700E+4
1.156000E-2	0.000000E+0	2.176500E+4
1.158000E-2	0.000000E+0	2.182700E+4
1.160000E-2	0.000000E+0	2.181900E+4
1.162000E-2	0.000000E+0	2.163000E+4
1.164000E-2	0.000000E+0	2.194200E+4
1.166000E-2	0.000000E+0	2.162400E+4
1.168000E-2	0.000000E+0	2.164300E+4
1.170000E-2	0.000000E+0	2.171300E+4
1.172000E-2	0.000000E+0	2.177900E+4
1.174000E-2	0.000000E+0	2.161200E+4
1.176000E-2	0.000000E+0	2.169200E+4
1.178000E-2	0.000000E+0	2.153800E+4
1.180000E-2	0.000000E+0	2.158500E+4
1.182000E-2	0.000000E+0	2.170300E+4
1.184000E-2	0.000000E+0	2.147500E+4
1.186000E-2	0.000000E+0	2.162000E+4
1.188000E-2	0.000000E+0	2.175400E+4
1.190000E-2	0.000000E+0	2.183500E+4
1.192000E-2	0.000000E+0	2.181900E+4
1.194000E-2	0.000000E+0	2.148800E+4
1.196000E-2	0.000000E+0	2.145800E+4
1.198000E-2	0.000000E+0	2.193000E+4
1.200000E-2	0.000000E+0	2.161300E+4
1.202000E-2	0.000000E+0	2.127200E+4
1.204000E-2	0.000000E+0	2.176100E+4
1.206000E-2	0.000000E+0	2.149600E+4
1.208000E-2	0.000000E+0	2.146600E+4
1.210000E-2	0.000000E+0	2.160400E+4
1.212000E-2	0.000000E+0	2.168000E+4
1.214000E-2	0.000000E+0	2.154400E+4
1.216000E-2	0.000000E+0	2.176200E+4
1.218000E-2	0.000000E+0	2.144600E+4
1.220000E-2	0.000000E+0	2.167900E+4
1.222000E-2	0.000000E+0	2.179000E+4
1.224000E-2	0.000000E+0	2.151900E+4
1.226000E-2	0.000000E+0	2.165000E+4
1.228000E-2	0.000000E+0	2.170900E+4
1.230000E-2	0.000000E+0	2.142100E+4
1.232000E-2	0.000000E+0	2.208400E+4
1.234000E-2	0.000000E+0	2.167800E+4
1.236000E-2	0.000000E+0	2.177400E+4
1.238000E-2	0.000000E+0	2.156600E+4
1.240000E-2	0.000000E+0	2.162900E+4
1.242000E-2	0.000000E+0	2.163800E+4
1.244000E-2	0.000000E+0	2.144200E+4
1.246000E-2	0.000000E+0	2.168800E+4
1.248000E-2	0.000000E+0	2.179400E+4
1.250000E-2	0.000000E+0	2.185300E+4
1.252000E-2	0.000000E+0	2.184500E+4
1.254000E-2	0.000000E+0	2.160900E+4
1.256000E-2	0.000000E+0	2.185000E+4
1.258000E-2	0.000000E+0	2.177400E+4
1.260000E-2	0.000000E+0	2.144000E+4
1.262000E-2	0.000000E+0	2.164500E+4
1.264000E-2	0.000000E+0	2.152700E+4
1.266000E-2	0.000000E+0	2.176000E+4
1.268000E-2	0.000000E+0	2.182200E+4
1.270000E-2	0.000000E+0	2.180600E+4
1.272000E-2	0.000000E+0	2.173100E+4
1.274000E-2	0.000000E+0	2.141700E+4
1.276000E-2	0.000000E+0	2.183200E+4
1.278000E-2	0.000000E+0	2.185500E+4
1.280000E-2	0.000000E+0	2.164000E+4
1.282000E-2	0.000000E+0	2.169800E+4
1.284000E-2	0.000000E+0	2.174400E+4
1.286000E-2	0.000000E+0	2.153600E+4
1.288000E-2	0.000000E+0	2.189200E+4
1.290000E-2	0.000000E+0	2.165100E+4
1.292000E-2	0.000000E+0	2.153600E+4
1.294000E-2	0.000000E+0	2.168600E+4
1.296000E-2	0.000000E+0	2.154400E+4
1.298000E-2	0.000000E+0	2.158300E+4
1.300000E-2	0.000000E+0	2.159400E+4
1.302000E-2	0.000000E+0	2.150500E+4
1.304000E-2	0.000000E+0	2.145900E+4
1.306000E-2	0.000000E+0	2.168000E+4
1.308000E-2	0.000000E+0	2.160300E+4
1.310000E-2	0.000000E+0	2.198900E+4
1.312000E-2	0.000000E+0	2.151500E+4
1.314000E-2	0.000000E+0	2.154500E+4
1.316000E-2	0.000000E+0	2.148500E+4
1.318000E-2	0.000000E+0	2.182200E+4
1.320000E-2	0.000000E+0	2.170800E+4
1.322000E-2	0.000000E+0	2.161700E+4
1.324000E-2	0.000000E+0	2.182100E+4
1.326000E-2	0.000000E+0	2.162600E+4
1.328000E-2	0.000000E+0	2.150100E+4
1.330000E-2	0.000000E+0	2.151900E+4
1.332000E-2	0.000000E+0	2.140600E+4
1.334000E-2	0.000000E+0	2.119100E+4
1.336000E-2	0.000000E+0	2.164200E+4
1.338000E-2	0.000000E+0	2.147100E+4
1.340000E-2	0.000000E+0	2.153700E+4
1.342000E-2	0.000000E+0	2.152200E+4
1.344000E-2	0.000000E+0	2.187100E+4
1.346000E-2	0.000000E+0	2.186400E+4
1.348000E-2	0.000000E+0	2.167500E+4
1.350000E-2	0.000000E+0	2.152500E+4
1.352000E-2	0.000000E+0	2.180300E+4
1.354000E-2	0.000000E+0	2.153400E+4
1.356000E-2	0.000000E+0	2.181500E+4
1.358000E-2	0.000000E+0	2.168000E+4
1.360000E-2	0.000000E+0	2.161600E+4
1.362000E-2	0.000000E+0	2.186700E+4
1.364000E-2	0.000000E+0	2.172200E+4
1.366000E-2	0.000000E+0	2.141000E+4
1.368000E-2	0.000000E+0	2.166800E+4
1.370000E-2	0.000000E+0	2.160800E+4
1.372000E-2	0.000000E+0	2.177700E+4
1.374000E-2	0.000000E+0	2.154500E+4
1.376000E-2	0.000000E+0	2.163900E+4
1.378000E-2	0.000000E+0	2.170300E+4
1.380000E-2	0.000000E+0	2.145200E+4
1.382000E-2	0.000000E+0	2.169900E+4
1.384000E-2	0.000000E+0	2.179900E+4
1.386000E-2	0.000000E+0	2.158900E+4
1.388000E-2	0.000000E+0	2.144000E+4
1.390000E-2	0.000000E+0	2.158400E+4
1.392000E-2	0.000000E+0	2.171000E+4
1.394000E-2	0.000000E+0	2.173100E+4
1.396000E-2	0.000000E+0	2.157100E+4
1.398000E-2	0.000000E+0	2.172100E+4
1.400000E-2	0.000000E+0	2.134900E+4
1.402000E-2	0.000000E+0	2.192800E+4
1.404000E-2	0.000000E+0	2.157700E+4
1.406000E-2	0.000000E+0	2.157400E+4
1.408000E-2	0.000000E+0	2.175500E+4
1.410000E-2	0.000000E+0	2.136000E+4
1.412000E-2	0.000000E+0	2.143700E+4
1.414000E-2	0.000000E+0	2.159900E+4
1.416000E-2	0.000000E+0	2.140200E+4
1.418000E-2	0.000000E+0	2.165200E+4
1.420000E-2	0.000000E+0	2.157300E+4
1.422000E-2	0.000000E+0	2.162700E+4
1.424000E-2	0.000000E+0	2.146700E+4
1.426000E-2	0.000000E+0	2.143000E+4
1.428000E-2	0.000000E+0	2.131500E+4
1.430000E-2	0.000000E+0	2.147800E+4
1.432000E-2	0.000000E+0	2.154300E+4
1.434000E-2	0.000000E+0	2.167800E+4
1.436000E-2	0.000000E+0	2.156200E+4
1.438000E-2	0.000000E+0	2.141500E+4
1.440000E-2	0.000000E+0	2.158800E+4
1.442000E-2	0.000000E+0	2.129100E+4
1.444000E-2	0.000000E+0	2.142500E+4
1.446000E-2	0.000000E+0	2.145100E+4
1.448000E-2	0.000000E+0	2.135500E+4
1.450000E-2	0.000000E+0	2.122000E+4
1.452000E-2	0.000000E+0	2.118100E+4
1.454000E-2	0.000000E+0	2.097400E+4
1.456000E-2	0.000000E+0	2.058000E+4
1.458000E-2	0.000000E+0	2.060100E+4
1.460000E-2	0.000000E+0	2.002400E+4
1.462000E-2	0.000000E+0	1.983800E+4
1.464000E-2	0.000000E+0	1.924400E+4
1.466000E-2	0.000000E+0	1.913300E+4
1.468000E-2	0.000000E+0	1.938600E+4
1.470000E-2	0.000000E+0	2.005600E+4
1.472000E-2	0.000000E+0	2.002900E+4
1.474000E-2	0.000000E+0	2.055800E+4
1.476000E-2	0.000000E+0	2.043600E+4
1.478000E-2	0.000000E+0	2.103000E+4
1.480000E-2	0.000000E+0	2.079000E+4
1.482000E-2	0.000000E+0	2.104600E+4
1.484000E-2	0.000000E+0	2.130500E+4
1.486000E-2	0.000000E+0	2.134600E+4
1.488000E-2	0.000000E+0	2.151500E+4
1.490000E-2	0.000000E+0	2.139300E+4
1.492000E-2	0.000000E+0	2.146900E+4
1.494000E-2	0.000000E+0	2.139800E+4
1.496000E-2	0.000000E+0	2.120700E+4
1.498000E-2	0.000000E+0	2.165400E+4
1.500000E-2	0.000000E+0	2.145800E+4
1.502000E-2	0.000000E+0	2.115100E+4
1.504000E-2	0.000000E+0	2.150000E+4
1.506000E-2	0.000000E+0	2.154400E+4
1.508000E-2	0.000000E+0	2.126600E+4
1.510000E-2	0.000000E+0	2.167400E+4
1.512000E-2	0.000000E+0	2.160600E+4
1.514000E-2	0.000000E+0	2.171600E+4
1.516000E-2	0.000000E+0	2.135100E+4
1.518000E-2	0.000000E+0	2.156800E+4
1.520000E-2	0.000000E+0	2.170100E+4
1.522000E-2	0.000000E+0	2.119800E+4
1.524000E-2	0.000000E+0	2.139000E+4
1.526000E-2	0.000000E+0	2.173600E+4
1.528000E-2	0.000000E+0	2.121600E+4
1.530000E-2	0.000000E+0	2.150600E+4
1.532000E-2	0.000000E+0	2.174300E+4
1.534000E-2	0.000000E+0	2.158400E+4
1.536000E-2	0.000000E+0	2.153500E+4
1.538000E-2	0.000000E+0	2.164700E+4
1.540000E-2	0.000000E+0	2.138300E+4
1.542000E-2	0.000000E+0	2.142400E+4
1.544000E-2	0.000000E+0	2.137200E+4
1.546000E-2	0.000000E+0	2.142100E+4
1.548000E-2	0.000000E+0	2.144200E+4
1.550000E-2	0.000000E+0	2.162100E+4
1.552000E-2	0.000000E+0	2.139200E+4
1.554000E-2	0.000000E+0	2.190500E+4
1.556000E-2	0.000000E+0	2.149600E+4
1.558000E-2	0.000000E+0	2.143400E+4
1.560000E-2	0.000000E+0	2.151700E+4
1.562000E-2	0.000000E+0	2.157600E+4
1.564000E-2	0.000000E+0	2.166700E+4
1.566000E-2	0.000000E+0	2.145200E+4
1.568000E-2	0.000000E+0	2.160800E+4
1.570000E-2	0.000000E+0	2.124100E+4
1.572000E-2	0.000000E+0	2.149900E+4
1.574000E-2	0.000000E+0	2.141400E+4
1.576000E-2	0.000000E+0	2.153000E+4
1.578000E-2	0.000000E+0	2.135100E+4
1.580000E-2	0.000000E+0	2.111000E+4
1.582000E-2	0.000000E+0	2.118900E+4
1.584000E-2	0.000000E+0	2.108400E+4
1.586000E-2	0.000000E+0	2.066600E+4
1.588000E-2	0.000000E+0	2.028600E+4
1.590000E-2	0.000000E+0	1.976700E+4
1.592000E-2	0.000000E+0	1.983600E+4
1.594000E-2	0.000000E+0	2.011600E+4
1.596000E-2	0.000000E+0	2.036800E+4
1.598000E-2	0.000000E+0	2.069600E+4
1.600000E-2	0.000000E+0	2.056700E+4
1.602000E-2	0.000000E+0	2.099800E+4
1.604000E-2	0.000000E+0	2.118200E+4
1.606000E-2	0.000000E+0	2.107100E+4
1.608000E-2	0.000000E+0	2.143000E+4
1.610000E-2	0.000000E+0	2.141500E+4
1.612000E-2	0.000000E+0	2.158000E+4
1.614000E-2	0.000000E+0	2.165500E+4
1.616000E-2	0.000000E+0	2.167900E+4
1.618000E-2	0.000000E+0	2.164700E+4
1.620000E-2	0.000000E+0	2.130400E+4
1.622000E-2	0.000000E+0	2.165900E+4
1.624000E-2	0.000000E+0	2.164100E+4
1.626000E-2	0.000000E+0	2.173600E+4
1.628000E-2	0.000000E+0	2.157200E+4
1.630000E-2	0.000000E+0	2.170600E+4
1.632000E-2	0.000000E+0	2.147500E+4
1.634000E-2	0.000000E+0	2.156400E+4
1.636000E-2	0.000000E+0	2.180800E+4
1.638000E-2	0.000000E+0	2.142600E+4
1.640000E-2	0.000000E+0	2.176800E+4
1.642000E-2	0.000000E+0	2.127600E+4
1.644000E-2	0.000000E+0	2.158100E+4
1.646000E-2	0.000000E+0	2.132800E+4
1.648000E-2	0.000000E+0	2.178000E+4
1.650000E-2	0.000000E+0	2.144100E+4
1.652000E-2	0.000000E+0	2.137500E+4
1.654000E-2	0.000000E+0	2.160100E+4
1.656000E-2	0.000000E+0	2.163600E+4
1.658000E-2	0.000000E+0	2.155800E+4
1.660000E-2	0.000000E+0	2.139000E+4
1.662000E-2	0.000000E+0	2.154600E+4
1.664000E-2	0.000000E+0	2.162700E+4
1.666000E-2	0.000000E+0	2.175800E+4
1.668000E-2	0.000000E+0	2.159700E+4
1.670000E-2	0.000000E+0	2.165800E+4
1.672000E-2	0.000000E+0	2.168900E+4
1.674000E-2	0.000000E+0	2.189600E+4
1.676000E-2	0.000000E+0	2.147300E+4
1.678000E-2	0.000000E+0	2.166800E+4
1.680000E-2	0.000000E+0	2.163800E+4
1.682000E-2	0.000000E+0	2.150400E+4
1.684000E-2	0.000000E+0	2.130500E+4
1.686000E-2	0.000000E+0	2.158600E+4
1.688000E-2	0.000000E+0	2.155500E+4
1.690000E-2	0.000000E+0	2.120100E+4
1.692000E-2	0.000000E+0	2.089400E+4
1.694000E-2	0.000000E+0	2.054600E+4
1.696000E-2	0.000000E+0	2.042000E+4
1.698000E-2	0.000000E+0	2.040600E+4
1.700000E-2	0.000000E+0	2.068900E+4
1.702000E-2	0.000000E+0	2.082500E+4
1.704000E-2	0.000000E+0	2.137200E+4
1.706000E-2	0.000000E+0	2.145800E+4
1.708000E-2	0.000000E+0	2.138100E+4
1.710000E-2	0.000000E+0	2.135900E+4
1.712000E-2	0.000000E+0	2.162800E+4
1.714000E-2	0.000000E+0	2.188300E+4
1.716000E-2	0.000000E+0	2.140500E+4
1.718000E-2	0.000000E+0	2.154900E+4
1.720000E-2	0.000000E+0	2.144300E+4
1.722000E-2	0.000000E+0	2.145900E+4
1.724000E-2	0.000000E+0	2.156600E+4
1.726000E-2	0.000000E+0	2.164600E+4
1.728000E-2	0.000000E+0	2.168700E+4
1.730000E-2	0.000000E+0	2.149300E+4
1.732000E-2	0.000000E+0	2.163000E+4
1.734000E-2	0.000000E+0	2.167300E+4
1.736000E-2	0.000000E+0	2.144800E+4
1.738000E-2	0.000000E+0	2.159300E+4
1.740000E-2	0.000000E+0	2.144100E+4
1.742000E-2	0.000000E+0	2.174600E+4
1.744000E-2	0.000000E+0	2.168900E+4
1.746000E-2	0.000000E+0	2.150500E+4
1.748000E-2	0.000000E+0	2.172900E+4
1.750000E-2	0.000000E+0	2.159200E+4
1.752000E-2	0.000000E+0	2.160900E+4
1.754000E-2	0.000000E+0	2.165800E+4
1.756000E-2	0.000000E+0	2.158900E+4
1.758000E-2	0.000000E+0	2.129100E+4
1.760000E-2	0.000000E+0	2.172700E+4
1.762000E-2	0.000000E+0	2.159900E+4
1.764000E-2	0.000000E+0	2.103100E+4
1.766000E-2	0.000000E+0	2.107100E+4
1.768000E-2	0.000000E+0	2.091500E+4
1.770000E-2	0.000000E+0	2.035500E+4
1.772000E-2	0.000000E+0	2.031900E+4
1.774000E-2	0.000000E+0	2.039900E+4
1.776000E-2	0.000000E+0	2.077500E+4
1.778000E-2	0.000000E+0	2.087900E+4
1.780000E-2	0.000000E+0	2.113600E+4
1.782000E-2	0.000000E+0	2.140000E+4
1.784000E-2	0.000000E+0	2.146700E+4
1.786000E-2	0.000000E+0	2.187200E+4
1.788000E-2	0.000000E+0	2.141300E+4
1.790000E-2	0.000000E+0	2.166800E+4
1.792000E-2	0.000000E+0	2.154700E+4
1.794000E-2	0.000000E+0	2.152800E+4
1.796000E-2	0.000000E+0	2.184000E+4
1.798000E-2	0.000000E+0	2.148900E+4
1.800000E-2	0.000000E+0	2.173300E+4
1.802000E-2	0.000000E+0	2.150400E+4
1.804000E-2	0.000000E+0	2.133000E+4
1.806000E-2	0.000000E+0	2.161300E+4
1.808000E-2	0.000000E+0	2.170500E+4
1.810000E-2	0.000000E+0	2.132900E+4
1.812000E-2	0.000000E+0	2.160300E+4
1.814000E-2	0.000000E+0	2.163000E+4
1.816000E-2	0.000000E+0	2.152400E+4
1.818000E-2	0.000000E+0	2.167800E+4
1.820000E-2	0.000000E+0	2.142100E+4
1.822000E-2	0.000000E+0	2.155100E+4
1.824000E-2	0.000000E+0	2.187100E+4
1.826000E-2	0.000000E+0	2.136500E+4
1.828000E-2	0.000000E+0	2.170600E+4
1.830000E-2	0.000000E+0	2.147800E+4
1.832000E-2	0.000000E+0	2.157800E+4
1.834000E-2	0.000000E+0	2.155600E+4
1.836000E-2	0.000000E+0	2.137800E+4
1.838000E-2	0.000000E+0	2.149400E+4
1.840000E-2	0.000000E+0	2.140700E+4
1.842000E-2	0.000000E+0	2.187500E+4
1.844000E-2	0.000000E+0	2.157300E+4
1.846000E-2	0.000000E+0	2.141500E+4
1.848000E-2	0.000000E+0	2.157500E+4
1.850000E-2	0.000000E+0	2.155800E+4
1.852000E-2	0.000000E+0	2.159600E+4
1.854000E-2	0.000000E+0	2.117900E+4
1.856000E-2	0.000000E+0	2.158200E+4
1.858000E-2	0.000000E+0	2.143700E+4
1.860000E-2	0.000000E+0	2.155300E+4
1.862000E-2	0.000000E+0	2.142500E+4
1.864000E-2	0.000000E+0	2.096300E+4
1.866000E-2	0.000000E+0	2.125500E+4
1.868000E-2	0.000000E+0	2.095100E+4
1.870000E-2	0.000000E+0	2.096100E+4
1.872000E-2	0.000000E+0	2.074200E+4
1.874000E-2	0.000000E+0	2.029300E+4
1.876000E-2	0.000000E+0	1.975300E+4
1.878000E-2	0.000000E+0	1.972300E+4
1.880000E-2	0.000000E+0	1.987900E+4
1.882000E-2	0.000000E+0	2.035100E+4
1.884000E-2	0.000000E+0	2.045800E+4
1.886000E-2	0.000000E+0	2.092300E+4
1.888000E-2	0.000000E+0	2.103900E+4
1.890000E-2	0.000000E+0	2.103800E+4
1.892000E-2	0.000000E+0	2.116800E+4
1.894000E-2	0.000000E+0	2.118600E+4
1.896000E-2	0.000000E+0	2.153000E+4
1.898000E-2	0.000000E+0	2.165100E+4
1.900000E-2	0.000000E+0	2.175500E+4
1.902000E-2	0.000000E+0	2.140200E+4
1.904000E-2	0.000000E+0	2.147500E+4
1.906000E-2	0.000000E+0	2.124300E+4
1.908000E-2	0.000000E+0	2.134300E+4
1.910000E-2	0.000000E+0	2.147600E+4
1.912000E-2	0.000000E+0	2.123600E+4
1.914000E-2	0.000000E+0	2.142900E+4
1.916000E-2	0.000000E+0	2.150900E+4
1.918000E-2	0.000000E+0	2.148300E+4
1.920000E-2	0.000000E+0	2.119400E+4
1.922000E-2	0.000000E+0	2.143800E+4
1.924000E-2	0.000000E+0	2.171600E+4
1.926000E-2	0.000000E+0	2.155500E+4
1.928000E-2	0.000000E+0	2.147200E+4
1.930000E-2	0.000000E+0	2.188400E+4
1.932000E-2	0.000000E+0	2.169300E+4
1.934000E-2	0.000000E+0	2.150200E+4
1.936000E-2	0.000000E+0	2.137600E+4
1.938000E-2	0.000000E+0	2.143300E+4
1.940000E-2	0.000000E+0	2.152900E+4
1.942000E-2	0.000000E+0	2.165300E+4
1.944000E-2	0.000000E+0	2.160300E+4
1.946000E-2	0.000000E+0	2.164500E+4
1.948000E-2	0.000000E+0	2.166100E+4
1.950000E-2	0.000000E+0	2.161700E+4
1.952000E-2	0.000000E+0	2.159200E+4
1.954000E-2	0.000000E+0	2.162600E+4
1.956000E-2	0.000000E+0	2.151100E+4
1.958000E-2	0.000000E+0	2.161400E+4
1.960000E-2	0.000000E+0	2.142700E+4
1.962000E-2	0.000000E+0	2.151400E+4
1.964000E-2	0.000000E+0	2.089000E+4
1.966000E-2	0.000000E+0	2.112100E+4
1.968000E-2	0.000000E+0	2.171300E+4
1.970000E-2	0.000000E+0	2.130500E+4
1.972000E-2	0.000000E+0	2.106900E+4
1.974000E-2	0.000000E+0	2.111100E+4
1.976000E-2	0.000000E+0	2.120100E+4
1.978000E-2	0.000000E+0	2.128900E+4
1.980000E-2	0.000000E+0	2.059500E+4
1.982000E-2	0.000000E+0	2.057300E+4
1.984000E-2	0.000000E+0	2.040300E+4
1.986000E-2	0.000000E+0	2.030700E+4
1.988000E-2	0.000000E+0	1.954100E+4
1.990000E-2	0.000000E+0	1.952300E+4
1.992000E-2	0.000000E+0	1.948000E+4
1.994000E-2	0.000000E+0	1.956400E+4
1.996000E-2	0.000000E+0	1.961200E+4
1.998000E-2	0.000000E+0	2.000700E+4
