

live time:  196167.200000
real time:  226805.936000
sweeps:  9808360.000000
0.000000E+0	0.000000E+0	0.000000E+0
2.000000E-5	0.000000E+0	7.321300E+4
4.000000E-5	0.000000E+0	7.306300E+4
6.000000E-5	0.000000E+0	7.381600E+4
8.000000E-5	0.000000E+0	7.339500E+4
1.000000E-4	0.000000E+0	7.361200E+4
1.200000E-4	0.000000E+0	7.296100E+4
1.400000E-4	0.000000E+0	7.314100E+4
1.600000E-4	0.000000E+0	7.349500E+4
1.800000E-4	0.000000E+0	7.236300E+4
2.000000E-4	0.000000E+0	7.373700E+4
2.200000E-4	0.000000E+0	7.400500E+4
2.400000E-4	0.000000E+0	7.301400E+4
2.600000E-4	0.000000E+0	7.302600E+4
2.800000E-4	0.000000E+0	7.348400E+4
3.000000E-4	0.000000E+0	7.350000E+4
3.200000E-4	0.000000E+0	7.328300E+4
3.400000E-4	0.000000E+0	7.311000E+4
3.600000E-4	0.000000E+0	7.367800E+4
3.800000E-4	0.000000E+0	7.304600E+4
4.000000E-4	0.000000E+0	7.323900E+4
4.200000E-4	0.000000E+0	7.333900E+4
4.400000E-4	0.000000E+0	7.263600E+4
4.600000E-4	0.000000E+0	7.314400E+4
4.800000E-4	0.000000E+0	7.356700E+4
5.000000E-4	0.000000E+0	7.308100E+4
5.200000E-4	0.000000E+0	7.336300E+4
5.400000E-4	0.000000E+0	7.283400E+4
5.600000E-4	0.000000E+0	7.365000E+4
5.800000E-4	0.000000E+0	7.281100E+4
6.000000E-4	0.000000E+0	7.306800E+4
6.200000E-4	0.000000E+0	7.307500E+4
6.400000E-4	0.000000E+0	7.320300E+4
6.600000E-4	0.000000E+0	7.328300E+4
6.800000E-4	0.000000E+0	7.320500E+4
7.000000E-4	0.000000E+0	7.337500E+4
7.200000E-4	0.000000E+0	7.313500E+4
7.400000E-4	0.000000E+0	7.316200E+4
7.600000E-4	0.000000E+0	7.331000E+4
7.800000E-4	0.000000E+0	7.287400E+4
8.000000E-4	0.000000E+0	7.333800E+4
8.200000E-4	0.000000E+0	7.307400E+4
8.400000E-4	0.000000E+0	7.322300E+4
8.600000E-4	0.000000E+0	7.325000E+4
8.800000E-4	0.000000E+0	7.327700E+4
9.000000E-4	0.000000E+0	7.310900E+4
9.200000E-4	0.000000E+0	7.342700E+4
9.400000E-4	0.000000E+0	7.356100E+4
9.600000E-4	0.000000E+0	7.267000E+4
9.800000E-4	0.000000E+0	7.295700E+4
1.000000E-3	0.000000E+0	7.296300E+4
1.020000E-3	0.000000E+0	7.312200E+4
1.040000E-3	0.000000E+0	7.324800E+4
1.060000E-3	0.000000E+0	7.360400E+4
1.080000E-3	0.000000E+0	7.355500E+4
1.100000E-3	0.000000E+0	7.417700E+4
1.120000E-3	0.000000E+0	7.282900E+4
1.140000E-3	0.000000E+0	7.302500E+4
1.160000E-3	0.000000E+0	7.285000E+4
1.180000E-3	0.000000E+0	7.364300E+4
1.200000E-3	0.000000E+0	7.298700E+4
1.220000E-3	0.000000E+0	7.308300E+4
1.240000E-3	0.000000E+0	7.319300E+4
1.260000E-3	0.000000E+0	7.272100E+4
1.280000E-3	0.000000E+0	7.289700E+4
1.300000E-3	0.000000E+0	7.316600E+4
1.320000E-3	0.000000E+0	7.311500E+4
1.340000E-3	0.000000E+0	7.323300E+4
1.360000E-3	0.000000E+0	7.302400E+4
1.380000E-3	0.000000E+0	7.299600E+4
1.400000E-3	0.000000E+0	7.356000E+4
1.420000E-3	0.000000E+0	7.346000E+4
1.440000E-3	0.000000E+0	7.312800E+4
1.460000E-3	0.000000E+0	7.341900E+4
1.480000E-3	0.000000E+0	7.321100E+4
1.500000E-3	0.000000E+0	7.356200E+4
1.520000E-3	0.000000E+0	7.352300E+4
1.540000E-3	0.000000E+0	7.286300E+4
1.560000E-3	0.000000E+0	7.311500E+4
1.580000E-3	0.000000E+0	7.318800E+4
1.600000E-3	0.000000E+0	7.321700E+4
1.620000E-3	0.000000E+0	7.336600E+4
1.640000E-3	0.000000E+0	7.321600E+4
1.660000E-3	0.000000E+0	7.315500E+4
1.680000E-3	0.000000E+0	7.321800E+4
1.700000E-3	0.000000E+0	7.350200E+4
1.720000E-3	0.000000E+0	7.302700E+4
1.740000E-3	0.000000E+0	7.308700E+4
1.760000E-3	0.000000E+0	7.372300E+4
1.780000E-3	0.000000E+0	7.341000E+4
1.800000E-3	0.000000E+0	7.317000E+4
1.820000E-3	0.000000E+0	7.362800E+4
1.840000E-3	0.000000E+0	7.326200E+4
1.860000E-3	0.000000E+0	7.323500E+4
1.880000E-3	0.000000E+0	7.279900E+4
1.900000E-3	0.000000E+0	7.372300E+4
1.920000E-3	0.000000E+0	7.325900E+4
1.940000E-3	0.000000E+0	7.306400E+4
1.960000E-3	0.000000E+0	7.288400E+4
1.980000E-3	0.000000E+0	7.280000E+4
2.000000E-3	0.000000E+0	7.304700E+4
2.020000E-3	0.000000E+0	7.344700E+4
2.040000E-3	0.000000E+0	7.287000E+4
2.060000E-3	0.000000E+0	7.364600E+4
2.080000E-3	0.000000E+0	7.289800E+4
2.100000E-3	0.000000E+0	7.326700E+4
2.120000E-3	0.000000E+0	7.328700E+4
2.140000E-3	0.000000E+0	7.310100E+4
2.160000E-3	0.000000E+0	7.349100E+4
2.180000E-3	0.000000E+0	7.355900E+4
2.200000E-3	0.000000E+0	7.352500E+4
2.220000E-3	0.000000E+0	7.345400E+4
2.240000E-3	0.000000E+0	7.288100E+4
2.260000E-3	0.000000E+0	7.364900E+4
2.280000E-3	0.000000E+0	7.304200E+4
2.300000E-3	0.000000E+0	7.329100E+4
2.320000E-3	0.000000E+0	7.304100E+4
2.340000E-3	0.000000E+0	7.341000E+4
2.360000E-3	0.000000E+0	7.325600E+4
2.380000E-3	0.000000E+0	7.300600E+4
2.400000E-3	0.000000E+0	7.308800E+4
2.420000E-3	0.000000E+0	7.320100E+4
2.440000E-3	0.000000E+0	7.347700E+4
2.460000E-3	0.000000E+0	7.319800E+4
2.480000E-3	0.000000E+0	7.386900E+4
2.500000E-3	0.000000E+0	7.371600E+4
2.520000E-3	0.000000E+0	7.303800E+4
2.540000E-3	0.000000E+0	7.345600E+4
2.560000E-3	0.000000E+0	7.372700E+4
2.580000E-3	0.000000E+0	7.291600E+4
2.600000E-3	0.000000E+0	7.325400E+4
2.620000E-3	0.000000E+0	7.278100E+4
2.640000E-3	0.000000E+0	7.315300E+4
2.660000E-3	0.000000E+0	7.340100E+4
2.680000E-3	0.000000E+0	7.327500E+4
2.700000E-3	0.000000E+0	7.319500E+4
2.720000E-3	0.000000E+0	7.305700E+4
2.740000E-3	0.000000E+0	7.325200E+4
2.760000E-3	0.000000E+0	7.306700E+4
2.780000E-3	0.000000E+0	7.334600E+4
2.800000E-3	0.000000E+0	7.352200E+4
2.820000E-3	0.000000E+0	7.378400E+4
2.840000E-3	0.000000E+0	7.311600E+4
2.860000E-3	0.000000E+0	7.308400E+4
2.880000E-3	0.000000E+0	7.376800E+4
2.900000E-3	0.000000E+0	7.301600E+4
2.920000E-3	0.000000E+0	7.319700E+4
2.940000E-3	0.000000E+0	7.345100E+4
2.960000E-3	0.000000E+0	7.362100E+4
2.980000E-3	0.000000E+0	7.294900E+4
3.000000E-3	0.000000E+0	7.310900E+4
3.020000E-3	0.000000E+0	7.349200E+4
3.040000E-3	0.000000E+0	7.387200E+4
3.060000E-3	0.000000E+0	7.327200E+4
3.080000E-3	0.000000E+0	7.318900E+4
3.100000E-3	0.000000E+0	7.328800E+4
3.120000E-3	0.000000E+0	7.325000E+4
3.140000E-3	0.000000E+0	7.316500E+4
3.160000E-3	0.000000E+0	7.364700E+4
3.180000E-3	0.000000E+0	7.357000E+4
3.200000E-3	0.000000E+0	7.303000E+4
3.220000E-3	0.000000E+0	7.355400E+4
3.240000E-3	0.000000E+0	7.345100E+4
3.260000E-3	0.000000E+0	7.287700E+4
3.280000E-3	0.000000E+0	7.369100E+4
3.300000E-3	0.000000E+0	7.338400E+4
3.320000E-3	0.000000E+0	7.325600E+4
3.340000E-3	0.000000E+0	7.285300E+4
3.360000E-3	0.000000E+0	7.324300E+4
3.380000E-3	0.000000E+0	7.310400E+4
3.400000E-3	0.000000E+0	7.359400E+4
3.420000E-3	0.000000E+0	7.309400E+4
3.440000E-3	0.000000E+0	7.310400E+4
3.460000E-3	0.000000E+0	7.318400E+4
3.480000E-3	0.000000E+0	7.347300E+4
3.500000E-3	0.000000E+0	7.298800E+4
3.520000E-3	0.000000E+0	7.350200E+4
3.540000E-3	0.000000E+0	7.352100E+4
3.560000E-3	0.000000E+0	7.333300E+4
3.580000E-3	0.000000E+0	7.300300E+4
3.600000E-3	0.000000E+0	7.300500E+4
3.620000E-3	0.000000E+0	7.298000E+4
3.640000E-3	0.000000E+0	7.360100E+4
3.660000E-3	0.000000E+0	7.293600E+4
3.680000E-3	0.000000E+0	7.286800E+4
3.700000E-3	0.000000E+0	7.324100E+4
3.720000E-3	0.000000E+0	7.273800E+4
3.740000E-3	0.000000E+0	7.330300E+4
3.760000E-3	0.000000E+0	7.353000E+4
3.780000E-3	0.000000E+0	7.334800E+4
3.800000E-3	0.000000E+0	7.325400E+4
3.820000E-3	0.000000E+0	7.319600E+4
3.840000E-3	0.000000E+0	7.310700E+4
3.860000E-3	0.000000E+0	7.345300E+4
3.880000E-3	0.000000E+0	7.327600E+4
3.900000E-3	0.000000E+0	7.323200E+4
3.920000E-3	0.000000E+0	7.369800E+4
3.940000E-3	0.000000E+0	7.320600E+4
3.960000E-3	0.000000E+0	7.292000E+4
3.980000E-3	0.000000E+0	7.290700E+4
4.000000E-3	0.000000E+0	7.296400E+4
4.020000E-3	0.000000E+0	7.297800E+4
4.040000E-3	0.000000E+0	7.303500E+4
4.060000E-3	0.000000E+0	7.338500E+4
4.080000E-3	0.000000E+0	7.323900E+4
4.100000E-3	0.000000E+0	7.296300E+4
4.120000E-3	0.000000E+0	7.337400E+4
4.140000E-3	0.000000E+0	7.340500E+4
4.160000E-3	0.000000E+0	7.294500E+4
4.180000E-3	0.000000E+0	7.310400E+4
4.200000E-3	0.000000E+0	7.326700E+4
4.220000E-3	0.000000E+0	7.335500E+4
4.240000E-3	0.000000E+0	7.337200E+4
4.260000E-3	0.000000E+0	7.290100E+4
4.280000E-3	0.000000E+0	7.340300E+4
4.300000E-3	0.000000E+0	7.339800E+4
4.320000E-3	0.000000E+0	7.325500E+4
4.340000E-3	0.000000E+0	7.370200E+4
4.360000E-3	0.000000E+0	7.328600E+4
4.380000E-3	0.000000E+0	7.257300E+4
4.400000E-3	0.000000E+0	7.328800E+4
4.420000E-3	0.000000E+0	7.322200E+4
4.440000E-3	0.000000E+0	7.330900E+4
4.460000E-3	0.000000E+0	7.317900E+4
4.480000E-3	0.000000E+0	7.257500E+4
4.500000E-3	0.000000E+0	7.300900E+4
4.520000E-3	0.000000E+0	7.316100E+4
4.540000E-3	0.000000E+0	7.356800E+4
4.560000E-3	0.000000E+0	7.300500E+4
4.580000E-3	0.000000E+0	7.348800E+4
4.600000E-3	0.000000E+0	7.286900E+4
4.620000E-3	0.000000E+0	7.246100E+4
4.640000E-3	0.000000E+0	7.306800E+4
4.660000E-3	0.000000E+0	7.263900E+4
4.680000E-3	0.000000E+0	7.279100E+4
4.700000E-3	0.000000E+0	7.246200E+4
4.720000E-3	0.000000E+0	7.224600E+4
4.740000E-3	0.000000E+0	7.228300E+4
4.760000E-3	0.000000E+0	7.201600E+4
4.780000E-3	0.000000E+0	7.158200E+4
4.800000E-3	0.000000E+0	7.129600E+4
4.820000E-3	0.000000E+0	7.102700E+4
4.840000E-3	0.000000E+0	6.999000E+4
4.860000E-3	0.000000E+0	6.911800E+4
4.880000E-3	0.000000E+0	6.694300E+4
4.900000E-3	0.000000E+0	6.429400E+4
4.920000E-3	0.000000E+0	6.138600E+4
4.940000E-3	0.000000E+0	5.785400E+4
4.960000E-3	0.000000E+0	5.768100E+4
4.980000E-3	0.000000E+0	6.056100E+4
5.000000E-3	0.000000E+0	6.399500E+4
5.020000E-3	0.000000E+0	6.717200E+4
5.040000E-3	0.000000E+0	6.818500E+4
5.060000E-3	0.000000E+0	7.010300E+4
5.080000E-3	0.000000E+0	7.069900E+4
5.100000E-3	0.000000E+0	7.091800E+4
5.120000E-3	0.000000E+0	7.182400E+4
5.140000E-3	0.000000E+0	7.191600E+4
5.160000E-3	0.000000E+0	7.152300E+4
5.180000E-3	0.000000E+0	7.225500E+4
5.200000E-3	0.000000E+0	7.205200E+4
5.220000E-3	0.000000E+0	7.240200E+4
5.240000E-3	0.000000E+0	7.282700E+4
5.260000E-3	0.000000E+0	7.232600E+4
5.280000E-3	0.000000E+0	7.219400E+4
5.300000E-3	0.000000E+0	7.242200E+4
5.320000E-3	0.000000E+0	7.212300E+4
5.340000E-3	0.000000E+0	7.234400E+4
5.360000E-3	0.000000E+0	7.260000E+4
5.380000E-3	0.000000E+0	7.230000E+4
5.400000E-3	0.000000E+0	7.209700E+4
5.420000E-3	0.000000E+0	7.110400E+4
5.440000E-3	0.000000E+0	7.193800E+4
5.460000E-3	0.000000E+0	7.096800E+4
5.480000E-3	0.000000E+0	7.048500E+4
5.500000E-3	0.000000E+0	7.035700E+4
5.520000E-3	0.000000E+0	6.975700E+4
5.540000E-3	0.000000E+0	6.924000E+4
5.560000E-3	0.000000E+0	6.926500E+4
5.580000E-3	0.000000E+0	6.933000E+4
5.600000E-3	0.000000E+0	6.905700E+4
5.620000E-3	0.000000E+0	6.872400E+4
5.640000E-3	0.000000E+0	6.743300E+4
5.660000E-3	0.000000E+0	6.682300E+4
5.680000E-3	0.000000E+0	6.418300E+4
5.700000E-3	0.000000E+0	6.202600E+4
5.720000E-3	0.000000E+0	5.889900E+4
5.740000E-3	0.000000E+0	5.661800E+4
5.760000E-3	0.000000E+0	5.697700E+4
5.780000E-3	0.000000E+0	5.998100E+4
5.800000E-3	0.000000E+0	6.385000E+4
5.820000E-3	0.000000E+0	6.641400E+4
5.840000E-3	0.000000E+0	6.837400E+4
5.860000E-3	0.000000E+0	7.011100E+4
5.880000E-3	0.000000E+0	7.049200E+4
5.900000E-3	0.000000E+0	7.111200E+4
5.920000E-3	0.000000E+0	7.184400E+4
5.940000E-3	0.000000E+0	7.181500E+4
5.960000E-3	0.000000E+0	7.213300E+4
5.980000E-3	0.000000E+0	7.210500E+4
6.000000E-3	0.000000E+0	7.254800E+4
6.020000E-3	0.000000E+0	7.234000E+4
6.040000E-3	0.000000E+0	7.268200E+4
6.060000E-3	0.000000E+0	7.290900E+4
6.080000E-3	0.000000E+0	7.272700E+4
6.100000E-3	0.000000E+0	7.298800E+4
6.120000E-3	0.000000E+0	7.281500E+4
6.140000E-3	0.000000E+0	7.286300E+4
6.160000E-3	0.000000E+0	7.324200E+4
6.180000E-3	0.000000E+0	7.339500E+4
6.200000E-3	0.000000E+0	7.302300E+4
6.220000E-3	0.000000E+0	7.288600E+4
6.240000E-3	0.000000E+0	7.336900E+4
6.260000E-3	0.000000E+0	7.291900E+4
6.280000E-3	0.000000E+0	7.299000E+4
6.300000E-3	0.000000E+0	7.314100E+4
6.320000E-3	0.000000E+0	7.338700E+4
6.340000E-3	0.000000E+0	7.316500E+4
6.360000E-3	0.000000E+0	7.300200E+4
6.380000E-3	0.000000E+0	7.315700E+4
6.400000E-3	0.000000E+0	7.338200E+4
6.420000E-3	0.000000E+0	7.338100E+4
6.440000E-3	0.000000E+0	7.274800E+4
6.460000E-3	0.000000E+0	7.322500E+4
6.480000E-3	0.000000E+0	7.268800E+4
6.500000E-3	0.000000E+0	7.297300E+4
6.520000E-3	0.000000E+0	7.279200E+4
6.540000E-3	0.000000E+0	7.317000E+4
6.560000E-3	0.000000E+0	7.317000E+4
6.580000E-3	0.000000E+0	7.288300E+4
6.600000E-3	0.000000E+0	7.299100E+4
6.620000E-3	0.000000E+0	7.364000E+4
6.640000E-3	0.000000E+0	7.289700E+4
6.660000E-3	0.000000E+0	7.290300E+4
6.680000E-3	0.000000E+0	7.302100E+4
6.700000E-3	0.000000E+0	7.324000E+4
6.720000E-3	0.000000E+0	7.249300E+4
6.740000E-3	0.000000E+0	7.292000E+4
6.760000E-3	0.000000E+0	7.312700E+4
6.780000E-3	0.000000E+0	7.334900E+4
6.800000E-3	0.000000E+0	7.283200E+4
6.820000E-3	0.000000E+0	7.289500E+4
6.840000E-3	0.000000E+0	7.298700E+4
6.860000E-3	0.000000E+0	7.316000E+4
6.880000E-3	0.000000E+0	7.306400E+4
6.900000E-3	0.000000E+0	7.349000E+4
6.920000E-3	0.000000E+0	7.310400E+4
6.940000E-3	0.000000E+0	7.329800E+4
6.960000E-3	0.000000E+0	7.331800E+4
6.980000E-3	0.000000E+0	7.350800E+4
7.000000E-3	0.000000E+0	7.322000E+4
7.020000E-3	0.000000E+0	7.325600E+4
7.040000E-3	0.000000E+0	7.300600E+4
7.060000E-3	0.000000E+0	7.307900E+4
7.080000E-3	0.000000E+0	7.313500E+4
7.100000E-3	0.000000E+0	7.313500E+4
7.120000E-3	0.000000E+0	7.347500E+4
7.140000E-3	0.000000E+0	7.314800E+4
7.160000E-3	0.000000E+0	7.320400E+4
7.180000E-3	0.000000E+0	7.290000E+4
7.200000E-3	0.000000E+0	7.346900E+4
7.220000E-3	0.000000E+0	7.327800E+4
7.240000E-3	0.000000E+0	7.333100E+4
7.260000E-3	0.000000E+0	7.338100E+4
7.280000E-3	0.000000E+0	7.382600E+4
7.300000E-3	0.000000E+0	7.307200E+4
7.320000E-3	0.000000E+0	7.356300E+4
7.340000E-3	0.000000E+0	7.349100E+4
7.360000E-3	0.000000E+0	7.316600E+4
7.380000E-3	0.000000E+0	7.307100E+4
7.400000E-3	0.000000E+0	7.287100E+4
7.420000E-3	0.000000E+0	7.333500E+4
7.440000E-3	0.000000E+0	7.354900E+4
7.460000E-3	0.000000E+0	7.382400E+4
7.480000E-3	0.000000E+0	7.307300E+4
7.500000E-3	0.000000E+0	7.287300E+4
7.520000E-3	0.000000E+0	7.292600E+4
7.540000E-3	0.000000E+0	7.329900E+4
7.560000E-3	0.000000E+0	7.291600E+4
7.580000E-3	0.000000E+0	7.338800E+4
7.600000E-3	0.000000E+0	7.295000E+4
7.620000E-3	0.000000E+0	7.337000E+4
7.640000E-3	0.000000E+0	7.345800E+4
7.660000E-3	0.000000E+0	7.313800E+4
7.680000E-3	0.000000E+0	7.347900E+4
7.700000E-3	0.000000E+0	7.315300E+4
7.720000E-3	0.000000E+0	7.318900E+4
7.740000E-3	0.000000E+0	7.314500E+4
7.760000E-3	0.000000E+0	7.282800E+4
7.780000E-3	0.000000E+0	7.310900E+4
7.800000E-3	0.000000E+0	7.344000E+4
7.820000E-3	0.000000E+0	7.344000E+4
7.840000E-3	0.000000E+0	7.327400E+4
7.860000E-3	0.000000E+0	7.335400E+4
7.880000E-3	0.000000E+0	7.322000E+4
7.900000E-3	0.000000E+0	7.328500E+4
7.920000E-3	0.000000E+0	7.348100E+4
7.940000E-3	0.000000E+0	7.272700E+4
7.960000E-3	0.000000E+0	7.328100E+4
7.980000E-3	0.000000E+0	7.370800E+4
8.000000E-3	0.000000E+0	7.346700E+4
8.020000E-3	0.000000E+0	7.249000E+4
8.040000E-3	0.000000E+0	7.316800E+4
8.060000E-3	0.000000E+0	7.291900E+4
8.080000E-3	0.000000E+0	7.326400E+4
8.100000E-3	0.000000E+0	7.306700E+4
8.120000E-3	0.000000E+0	7.289000E+4
8.140000E-3	0.000000E+0	7.355700E+4
8.160000E-3	0.000000E+0	7.365200E+4
8.180000E-3	0.000000E+0	7.353000E+4
8.200000E-3	0.000000E+0	7.340600E+4
8.220000E-3	0.000000E+0	7.328400E+4
8.240000E-3	0.000000E+0	7.332600E+4
8.260000E-3	0.000000E+0	7.296300E+4
8.280000E-3	0.000000E+0	7.316000E+4
8.300000E-3	0.000000E+0	7.323800E+4
8.320000E-3	0.000000E+0	7.297100E+4
8.340000E-3	0.000000E+0	7.304200E+4
8.360000E-3	0.000000E+0	7.276700E+4
8.380000E-3	0.000000E+0	7.321900E+4
8.400000E-3	0.000000E+0	7.375100E+4
8.420000E-3	0.000000E+0	7.306200E+4
8.440000E-3	0.000000E+0	7.262600E+4
8.460000E-3	0.000000E+0	7.285400E+4
8.480000E-3	0.000000E+0	7.364200E+4
8.500000E-3	0.000000E+0	7.318200E+4
8.520000E-3	0.000000E+0	7.359900E+4
8.540000E-3	0.000000E+0	7.333100E+4
8.560000E-3	0.000000E+0	7.342300E+4
8.580000E-3	0.000000E+0	7.339600E+4
8.600000E-3	0.000000E+0	7.348700E+4
8.620000E-3	0.000000E+0	7.389000E+4
8.640000E-3	0.000000E+0	7.344800E+4
8.660000E-3	0.000000E+0	7.396200E+4
8.680000E-3	0.000000E+0	7.311600E+4
8.700000E-3	0.000000E+0	7.311400E+4
8.720000E-3	0.000000E+0	7.310900E+4
8.740000E-3	0.000000E+0	7.336000E+4
8.760000E-3	0.000000E+0	7.345600E+4
8.780000E-3	0.000000E+0	7.336400E+4
8.800000E-3	0.000000E+0	7.333500E+4
8.820000E-3	0.000000E+0	7.318300E+4
8.840000E-3	0.000000E+0	7.331400E+4
8.860000E-3	0.000000E+0	7.303200E+4
8.880000E-3	0.000000E+0	7.354300E+4
8.900000E-3	0.000000E+0	7.294400E+4
8.920000E-3	0.000000E+0	7.259300E+4
8.940000E-3	0.000000E+0	7.309700E+4
8.960000E-3	0.000000E+0	7.318200E+4
8.980000E-3	0.000000E+0	7.313000E+4
9.000000E-3	0.000000E+0	7.312800E+4
9.020000E-3	0.000000E+0	7.337000E+4
9.040000E-3	0.000000E+0	7.286800E+4
9.060000E-3	0.000000E+0	7.302000E+4
9.080000E-3	0.000000E+0	7.315300E+4
9.100000E-3	0.000000E+0	7.385000E+4
9.120000E-3	0.000000E+0	7.368100E+4
9.140000E-3	0.000000E+0	7.298600E+4
9.160000E-3	0.000000E+0	7.325600E+4
9.180000E-3	0.000000E+0	7.334100E+4
9.200000E-3	0.000000E+0	7.321900E+4
9.220000E-3	0.000000E+0	7.308600E+4
9.240000E-3	0.000000E+0	7.318700E+4
9.260000E-3	0.000000E+0	7.361700E+4
9.280000E-3	0.000000E+0	7.354100E+4
9.300000E-3	0.000000E+0	7.308700E+4
9.320000E-3	0.000000E+0	7.269800E+4
9.340000E-3	0.000000E+0	7.310100E+4
9.360000E-3	0.000000E+0	7.307000E+4
9.380000E-3	0.000000E+0	7.361400E+4
9.400000E-3	0.000000E+0	7.277600E+4
9.420000E-3	0.000000E+0	7.326800E+4
9.440000E-3	0.000000E+0	7.326000E+4
9.460000E-3	0.000000E+0	7.300900E+4
9.480000E-3	0.000000E+0	7.343200E+4
9.500000E-3	0.000000E+0	7.326600E+4
9.520000E-3	0.000000E+0	7.280000E+4
9.540000E-3	0.000000E+0	7.347300E+4
9.560000E-3	0.000000E+0	7.297300E+4
9.580000E-3	0.000000E+0	7.343500E+4
9.600000E-3	0.000000E+0	7.301800E+4
9.620000E-3	0.000000E+0	7.358500E+4
9.640000E-3	0.000000E+0	7.340000E+4
9.660000E-3	0.000000E+0	7.324600E+4
9.680000E-3	0.000000E+0	7.325700E+4
9.700000E-3	0.000000E+0	7.293000E+4
9.720000E-3	0.000000E+0	7.373200E+4
9.740000E-3	0.000000E+0	7.334700E+4
9.760000E-3	0.000000E+0	7.317400E+4
9.780000E-3	0.000000E+0	7.340600E+4
9.800000E-3	0.000000E+0	7.312300E+4
9.820000E-3	0.000000E+0	7.355000E+4
9.840000E-3	0.000000E+0	7.341900E+4
9.860000E-3	0.000000E+0	7.312200E+4
9.880000E-3	0.000000E+0	7.273900E+4
9.900000E-3	0.000000E+0	7.337500E+4
9.920000E-3	0.000000E+0	7.278400E+4
9.940000E-3	0.000000E+0	7.318500E+4
9.960000E-3	0.000000E+0	7.354500E+4
9.980000E-3	0.000000E+0	7.373300E+4
1.000000E-2	0.000000E+0	7.332200E+4
1.002000E-2	0.000000E+0	7.332400E+4
1.004000E-2	0.000000E+0	7.357000E+4
1.006000E-2	0.000000E+0	7.340400E+4
1.008000E-2	0.000000E+0	7.348200E+4
1.010000E-2	0.000000E+0	7.284500E+4
1.012000E-2	0.000000E+0	7.291400E+4
1.014000E-2	0.000000E+0	7.346800E+4
1.016000E-2	0.000000E+0	7.306000E+4
1.018000E-2	0.000000E+0	7.282600E+4
1.020000E-2	0.000000E+0	7.319300E+4
1.022000E-2	0.000000E+0	7.350600E+4
1.024000E-2	0.000000E+0	7.344400E+4
1.026000E-2	0.000000E+0	7.330500E+4
1.028000E-2	0.000000E+0	7.295000E+4
1.030000E-2	0.000000E+0	7.335300E+4
1.032000E-2	0.000000E+0	7.326800E+4
1.034000E-2	0.000000E+0	7.305900E+4
1.036000E-2	0.000000E+0	7.294200E+4
1.038000E-2	0.000000E+0	7.347200E+4
1.040000E-2	0.000000E+0	7.334600E+4
1.042000E-2	0.000000E+0	7.378400E+4
1.044000E-2	0.000000E+0	7.313700E+4
1.046000E-2	0.000000E+0	7.323400E+4
1.048000E-2	0.000000E+0	7.295400E+4
1.050000E-2	0.000000E+0	7.299700E+4
1.052000E-2	0.000000E+0	7.299600E+4
1.054000E-2	0.000000E+0	7.333000E+4
1.056000E-2	0.000000E+0	7.368200E+4
1.058000E-2	0.000000E+0	7.331700E+4
1.060000E-2	0.000000E+0	7.338300E+4
1.062000E-2	0.000000E+0	7.362100E+4
1.064000E-2	0.000000E+0	7.308200E+4
1.066000E-2	0.000000E+0	7.313400E+4
1.068000E-2	0.000000E+0	7.300700E+4
1.070000E-2	0.000000E+0	7.313400E+4
1.072000E-2	0.000000E+0	7.344300E+4
1.074000E-2	0.000000E+0	7.350000E+4
1.076000E-2	0.000000E+0	7.245100E+4
1.078000E-2	0.000000E+0	7.308400E+4
1.080000E-2	0.000000E+0	7.272200E+4
1.082000E-2	0.000000E+0	7.334200E+4
1.084000E-2	0.000000E+0	7.340600E+4
1.086000E-2	0.000000E+0	7.292500E+4
1.088000E-2	0.000000E+0	7.314400E+4
1.090000E-2	0.000000E+0	7.364100E+4
1.092000E-2	0.000000E+0	7.325600E+4
1.094000E-2	0.000000E+0	7.271900E+4
1.096000E-2	0.000000E+0	7.300900E+4
1.098000E-2	0.000000E+0	7.304600E+4
1.100000E-2	0.000000E+0	7.326200E+4
1.102000E-2	0.000000E+0	7.248600E+4
1.104000E-2	0.000000E+0	7.312500E+4
1.106000E-2	0.000000E+0	7.298800E+4
1.108000E-2	0.000000E+0	7.282200E+4
1.110000E-2	0.000000E+0	7.341700E+4
1.112000E-2	0.000000E+0	7.322600E+4
1.114000E-2	0.000000E+0	7.334900E+4
1.116000E-2	0.000000E+0	7.368700E+4
1.118000E-2	0.000000E+0	7.365600E+4
1.120000E-2	0.000000E+0	7.268400E+4
1.122000E-2	0.000000E+0	7.382500E+4
1.124000E-2	0.000000E+0	7.308100E+4
1.126000E-2	0.000000E+0	7.350700E+4
1.128000E-2	0.000000E+0	7.295300E+4
1.130000E-2	0.000000E+0	7.347800E+4
1.132000E-2	0.000000E+0	7.318400E+4
1.134000E-2	0.000000E+0	7.334600E+4
1.136000E-2	0.000000E+0	7.359400E+4
1.138000E-2	0.000000E+0	7.319300E+4
1.140000E-2	0.000000E+0	7.289400E+4
1.142000E-2	0.000000E+0	7.327300E+4
1.144000E-2	0.000000E+0	7.287300E+4
1.146000E-2	0.000000E+0	7.324500E+4
1.148000E-2	0.000000E+0	7.286100E+4
1.150000E-2	0.000000E+0	7.303700E+4
1.152000E-2	0.000000E+0	7.342100E+4
1.154000E-2	0.000000E+0	7.252800E+4
1.156000E-2	0.000000E+0	7.296100E+4
1.158000E-2	0.000000E+0	7.304200E+4
1.160000E-2	0.000000E+0	7.333900E+4
1.162000E-2	0.000000E+0	7.352800E+4
1.164000E-2	0.000000E+0	7.372800E+4
1.166000E-2	0.000000E+0	7.322500E+4
1.168000E-2	0.000000E+0	7.299000E+4
1.170000E-2	0.000000E+0	7.311600E+4
1.172000E-2	0.000000E+0	7.263000E+4
1.174000E-2	0.000000E+0	7.322300E+4
1.176000E-2	0.000000E+0	7.288600E+4
1.178000E-2	0.000000E+0	7.319100E+4
1.180000E-2	0.000000E+0	7.308600E+4
1.182000E-2	0.000000E+0	7.385100E+4
1.184000E-2	0.000000E+0	7.282400E+4
1.186000E-2	0.000000E+0	7.323200E+4
1.188000E-2	0.000000E+0	7.292600E+4
1.190000E-2	0.000000E+0	7.239100E+4
1.192000E-2	0.000000E+0	7.358100E+4
1.194000E-2	0.000000E+0	7.329900E+4
1.196000E-2	0.000000E+0	7.297000E+4
1.198000E-2	0.000000E+0	7.308700E+4
1.200000E-2	0.000000E+0	7.276900E+4
1.202000E-2	0.000000E+0	7.310400E+4
1.204000E-2	0.000000E+0	7.352700E+4
1.206000E-2	0.000000E+0	7.273700E+4
1.208000E-2	0.000000E+0	7.335300E+4
1.210000E-2	0.000000E+0	7.352600E+4
1.212000E-2	0.000000E+0	7.368400E+4
1.214000E-2	0.000000E+0	7.321600E+4
1.216000E-2	0.000000E+0	7.365800E+4
1.218000E-2	0.000000E+0	7.324900E+4
1.220000E-2	0.000000E+0	7.326400E+4
1.222000E-2	0.000000E+0	7.287500E+4
1.224000E-2	0.000000E+0	7.341500E+4
1.226000E-2	0.000000E+0	7.308000E+4
1.228000E-2	0.000000E+0	7.346500E+4
1.230000E-2	0.000000E+0	7.325400E+4
1.232000E-2	0.000000E+0	7.349600E+4
1.234000E-2	0.000000E+0	7.272000E+4
1.236000E-2	0.000000E+0	7.280600E+4
1.238000E-2	0.000000E+0	7.275500E+4
1.240000E-2	0.000000E+0	7.356900E+4
1.242000E-2	0.000000E+0	7.298800E+4
1.244000E-2	0.000000E+0	7.306700E+4
1.246000E-2	0.000000E+0	7.296300E+4
1.248000E-2	0.000000E+0	7.306900E+4
1.250000E-2	0.000000E+0	7.301000E+4
1.252000E-2	0.000000E+0	7.312300E+4
1.254000E-2	0.000000E+0	7.313600E+4
1.256000E-2	0.000000E+0	7.343500E+4
1.258000E-2	0.000000E+0	7.336500E+4
1.260000E-2	0.000000E+0	7.367600E+4
1.262000E-2	0.000000E+0	7.294900E+4
1.264000E-2	0.000000E+0	7.321900E+4
1.266000E-2	0.000000E+0	7.331200E+4
1.268000E-2	0.000000E+0	7.325800E+4
1.270000E-2	0.000000E+0	7.300300E+4
1.272000E-2	0.000000E+0	7.307900E+4
1.274000E-2	0.000000E+0	7.306900E+4
1.276000E-2	0.000000E+0	7.284700E+4
1.278000E-2	0.000000E+0	7.396900E+4
1.280000E-2	0.000000E+0	7.333000E+4
1.282000E-2	0.000000E+0	7.355600E+4
1.284000E-2	0.000000E+0	7.315200E+4
1.286000E-2	0.000000E+0	7.352600E+4
1.288000E-2	0.000000E+0	7.335300E+4
1.290000E-2	0.000000E+0	7.285500E+4
1.292000E-2	0.000000E+0	7.341900E+4
1.294000E-2	0.000000E+0	7.309500E+4
1.296000E-2	0.000000E+0	7.351600E+4
1.298000E-2	0.000000E+0	7.248100E+4
1.300000E-2	0.000000E+0	7.318100E+4
1.302000E-2	0.000000E+0	7.330800E+4
1.304000E-2	0.000000E+0	7.366600E+4
1.306000E-2	0.000000E+0	7.291700E+4
1.308000E-2	0.000000E+0	7.296800E+4
1.310000E-2	0.000000E+0	7.348500E+4
1.312000E-2	0.000000E+0	7.277100E+4
1.314000E-2	0.000000E+0	7.298900E+4
1.316000E-2	0.000000E+0	7.363800E+4
1.318000E-2	0.000000E+0	7.308500E+4
1.320000E-2	0.000000E+0	7.322500E+4
1.322000E-2	0.000000E+0	7.316100E+4
1.324000E-2	0.000000E+0	7.250600E+4
1.326000E-2	0.000000E+0	7.352500E+4
1.328000E-2	0.000000E+0	7.326800E+4
1.330000E-2	0.000000E+0	7.335600E+4
1.332000E-2	0.000000E+0	7.287900E+4
1.334000E-2	0.000000E+0	7.288000E+4
1.336000E-2	0.000000E+0	7.343900E+4
1.338000E-2	0.000000E+0	7.343700E+4
1.340000E-2	0.000000E+0	7.305500E+4
1.342000E-2	0.000000E+0	7.289400E+4
1.344000E-2	0.000000E+0	7.295000E+4
1.346000E-2	0.000000E+0	7.330700E+4
1.348000E-2	0.000000E+0	7.316800E+4
1.350000E-2	0.000000E+0	7.292600E+4
1.352000E-2	0.000000E+0	7.321500E+4
1.354000E-2	0.000000E+0	7.331700E+4
1.356000E-2	0.000000E+0	7.340200E+4
1.358000E-2	0.000000E+0	7.333800E+4
1.360000E-2	0.000000E+0	7.306800E+4
1.362000E-2	0.000000E+0	7.285500E+4
1.364000E-2	0.000000E+0	7.289700E+4
1.366000E-2	0.000000E+0	7.310500E+4
1.368000E-2	0.000000E+0	7.349000E+4
1.370000E-2	0.000000E+0	7.295900E+4
1.372000E-2	0.000000E+0	7.324100E+4
1.374000E-2	0.000000E+0	7.301300E+4
1.376000E-2	0.000000E+0	7.310300E+4
1.378000E-2	0.000000E+0	7.340600E+4
1.380000E-2	0.000000E+0	7.318800E+4
1.382000E-2	0.000000E+0	7.340100E+4
1.384000E-2	0.000000E+0	7.301800E+4
1.386000E-2	0.000000E+0	7.287700E+4
1.388000E-2	0.000000E+0	7.304100E+4
1.390000E-2	0.000000E+0	7.286200E+4
1.392000E-2	0.000000E+0	7.308500E+4
1.394000E-2	0.000000E+0	7.285400E+4
1.396000E-2	0.000000E+0	7.314800E+4
1.398000E-2	0.000000E+0	7.335100E+4
1.400000E-2	0.000000E+0	7.323200E+4
1.402000E-2	0.000000E+0	7.337400E+4
1.404000E-2	0.000000E+0	7.304600E+4
1.406000E-2	0.000000E+0	7.317800E+4
1.408000E-2	0.000000E+0	7.332400E+4
1.410000E-2	0.000000E+0	7.316800E+4
1.412000E-2	0.000000E+0	7.356700E+4
1.414000E-2	0.000000E+0	7.311500E+4
1.416000E-2	0.000000E+0	7.355500E+4
1.418000E-2	0.000000E+0	7.285500E+4
1.420000E-2	0.000000E+0	7.294600E+4
1.422000E-2	0.000000E+0	7.354100E+4
1.424000E-2	0.000000E+0	7.284200E+4
1.426000E-2	0.000000E+0	7.324800E+4
1.428000E-2	0.000000E+0	7.334400E+4
1.430000E-2	0.000000E+0	7.314500E+4
1.432000E-2	0.000000E+0	7.317300E+4
1.434000E-2	0.000000E+0	7.280400E+4
1.436000E-2	0.000000E+0	7.338900E+4
1.438000E-2	0.000000E+0	7.302900E+4
1.440000E-2	0.000000E+0	7.310000E+4
1.442000E-2	0.000000E+0	7.294400E+4
1.444000E-2	0.000000E+0	7.293000E+4
1.446000E-2	0.000000E+0	7.288700E+4
1.448000E-2	0.000000E+0	7.341800E+4
1.450000E-2	0.000000E+0	7.297500E+4
1.452000E-2	0.000000E+0	7.315200E+4
1.454000E-2	0.000000E+0	7.281500E+4
1.456000E-2	0.000000E+0	7.320400E+4
1.458000E-2	0.000000E+0	7.300100E+4
1.460000E-2	0.000000E+0	7.294100E+4
1.462000E-2	0.000000E+0	7.369900E+4
1.464000E-2	0.000000E+0	7.274100E+4
1.466000E-2	0.000000E+0	7.316600E+4
1.468000E-2	0.000000E+0	7.282600E+4
1.470000E-2	0.000000E+0	7.302300E+4
1.472000E-2	0.000000E+0	7.256800E+4
1.474000E-2	0.000000E+0	7.307500E+4
1.476000E-2	0.000000E+0	7.330100E+4
1.478000E-2	0.000000E+0	7.294800E+4
1.480000E-2	0.000000E+0	7.293400E+4
1.482000E-2	0.000000E+0	7.301700E+4
1.484000E-2	0.000000E+0	7.304100E+4
1.486000E-2	0.000000E+0	7.328500E+4
1.488000E-2	0.000000E+0	7.281600E+4
1.490000E-2	0.000000E+0	7.283300E+4
1.492000E-2	0.000000E+0	7.276500E+4
1.494000E-2	0.000000E+0	7.282500E+4
1.496000E-2	0.000000E+0	7.356900E+4
1.498000E-2	0.000000E+0	7.344400E+4
1.500000E-2	0.000000E+0	7.291700E+4
1.502000E-2	0.000000E+0	7.290400E+4
1.504000E-2	0.000000E+0	7.285200E+4
1.506000E-2	0.000000E+0	7.302800E+4
1.508000E-2	0.000000E+0	7.246200E+4
1.510000E-2	0.000000E+0	7.272500E+4
1.512000E-2	0.000000E+0	7.362500E+4
1.514000E-2	0.000000E+0	7.270900E+4
1.516000E-2	0.000000E+0	7.304200E+4
1.518000E-2	0.000000E+0	7.273300E+4
1.520000E-2	0.000000E+0	7.305500E+4
1.522000E-2	0.000000E+0	7.270900E+4
1.524000E-2	0.000000E+0	7.301100E+4
1.526000E-2	0.000000E+0	7.292900E+4
1.528000E-2	0.000000E+0	7.266400E+4
1.530000E-2	0.000000E+0	7.342100E+4
1.532000E-2	0.000000E+0	7.263200E+4
1.534000E-2	0.000000E+0	7.285000E+4
1.536000E-2	0.000000E+0	7.335700E+4
1.538000E-2	0.000000E+0	7.329700E+4
1.540000E-2	0.000000E+0	7.295000E+4
1.542000E-2	0.000000E+0	7.308900E+4
1.544000E-2	0.000000E+0	7.286000E+4
1.546000E-2	0.000000E+0	7.307500E+4
1.548000E-2	0.000000E+0	7.267800E+4
1.550000E-2	0.000000E+0	7.315800E+4
1.552000E-2	0.000000E+0	7.330900E+4
1.554000E-2	0.000000E+0	7.350000E+4
1.556000E-2	0.000000E+0	7.350200E+4
1.558000E-2	0.000000E+0	7.388900E+4
1.560000E-2	0.000000E+0	7.343200E+4
1.562000E-2	0.000000E+0	7.342800E+4
1.564000E-2	0.000000E+0	7.301700E+4
1.566000E-2	0.000000E+0	7.337400E+4
1.568000E-2	0.000000E+0	7.285200E+4
1.570000E-2	0.000000E+0	7.310900E+4
1.572000E-2	0.000000E+0	7.313500E+4
1.574000E-2	0.000000E+0	7.309200E+4
1.576000E-2	0.000000E+0	7.299200E+4
1.578000E-2	0.000000E+0	7.305000E+4
1.580000E-2	0.000000E+0	7.345100E+4
1.582000E-2	0.000000E+0	7.302800E+4
1.584000E-2	0.000000E+0	7.319400E+4
1.586000E-2	0.000000E+0	7.312800E+4
1.588000E-2	0.000000E+0	7.290200E+4
1.590000E-2	0.000000E+0	7.318300E+4
1.592000E-2	0.000000E+0	7.312300E+4
1.594000E-2	0.000000E+0	7.361900E+4
1.596000E-2	0.000000E+0	7.342900E+4
1.598000E-2	0.000000E+0	7.315700E+4
1.600000E-2	0.000000E+0	7.237000E+4
1.602000E-2	0.000000E+0	7.320800E+4
1.604000E-2	0.000000E+0	7.333800E+4
1.606000E-2	0.000000E+0	7.297500E+4
1.608000E-2	0.000000E+0	7.326100E+4
1.610000E-2	0.000000E+0	7.300300E+4
1.612000E-2	0.000000E+0	7.363200E+4
1.614000E-2	0.000000E+0	7.283900E+4
1.616000E-2	0.000000E+0	7.314400E+4
1.618000E-2	0.000000E+0	7.286400E+4
1.620000E-2	0.000000E+0	7.286700E+4
1.622000E-2	0.000000E+0	7.337600E+4
1.624000E-2	0.000000E+0	7.309300E+4
1.626000E-2	0.000000E+0	7.299200E+4
1.628000E-2	0.000000E+0	7.303300E+4
1.630000E-2	0.000000E+0	7.267100E+4
1.632000E-2	0.000000E+0	7.281200E+4
1.634000E-2	0.000000E+0	7.255200E+4
1.636000E-2	0.000000E+0	7.257100E+4
1.638000E-2	0.000000E+0	7.304600E+4
1.640000E-2	0.000000E+0	7.343400E+4
1.642000E-2	0.000000E+0	7.304800E+4
1.644000E-2	0.000000E+0	7.283100E+4
1.646000E-2	0.000000E+0	7.328300E+4
1.648000E-2	0.000000E+0	7.265800E+4
1.650000E-2	0.000000E+0	7.296200E+4
1.652000E-2	0.000000E+0	7.324800E+4
1.654000E-2	0.000000E+0	7.313000E+4
1.656000E-2	0.000000E+0	7.314200E+4
1.658000E-2	0.000000E+0	7.239100E+4
1.660000E-2	0.000000E+0	7.275600E+4
1.662000E-2	0.000000E+0	7.274900E+4
1.664000E-2	0.000000E+0	7.349100E+4
1.666000E-2	0.000000E+0	7.332400E+4
1.668000E-2	0.000000E+0	7.234400E+4
1.670000E-2	0.000000E+0	7.285400E+4
1.672000E-2	0.000000E+0	7.302200E+4
1.674000E-2	0.000000E+0	7.253800E+4
1.676000E-2	0.000000E+0	7.310500E+4
1.678000E-2	0.000000E+0	7.254100E+4
1.680000E-2	0.000000E+0	7.306500E+4
1.682000E-2	0.000000E+0	7.251900E+4
1.684000E-2	0.000000E+0	7.246000E+4
1.686000E-2	0.000000E+0	7.296700E+4
1.688000E-2	0.000000E+0	7.284200E+4
1.690000E-2	0.000000E+0	7.291300E+4
1.692000E-2	0.000000E+0	7.237400E+4
1.694000E-2	0.000000E+0	7.173800E+4
1.696000E-2	0.000000E+0	7.214600E+4
1.698000E-2	0.000000E+0	7.141000E+4
1.700000E-2	0.000000E+0	7.119900E+4
1.702000E-2	0.000000E+0	7.098700E+4
1.704000E-2	0.000000E+0	6.997600E+4
1.706000E-2	0.000000E+0	6.829500E+4
1.708000E-2	0.000000E+0	6.670600E+4
1.710000E-2	0.000000E+0	6.474400E+4
1.712000E-2	0.000000E+0	6.144000E+4
1.714000E-2	0.000000E+0	5.783400E+4
1.716000E-2	0.000000E+0	5.644000E+4
1.718000E-2	0.000000E+0	5.736600E+4
1.720000E-2	0.000000E+0	6.020300E+4
1.722000E-2	0.000000E+0	6.374100E+4
1.724000E-2	0.000000E+0	6.596700E+4
1.726000E-2	0.000000E+0	6.796100E+4
1.728000E-2	0.000000E+0	6.857900E+4
1.730000E-2	0.000000E+0	6.852900E+4
1.732000E-2	0.000000E+0	6.887300E+4
1.734000E-2	0.000000E+0	6.905200E+4
1.736000E-2	0.000000E+0	6.920300E+4
1.738000E-2	0.000000E+0	6.914000E+4
1.740000E-2	0.000000E+0	6.967600E+4
1.742000E-2	0.000000E+0	7.010000E+4
1.744000E-2	0.000000E+0	7.069300E+4
1.746000E-2	0.000000E+0	7.119700E+4
1.748000E-2	0.000000E+0	7.130400E+4
1.750000E-2	0.000000E+0	7.109100E+4
1.752000E-2	0.000000E+0	7.147500E+4
1.754000E-2	0.000000E+0	7.174000E+4
1.756000E-2	0.000000E+0	7.202600E+4
1.758000E-2	0.000000E+0	7.220300E+4
1.760000E-2	0.000000E+0	7.222400E+4
1.762000E-2	0.000000E+0	7.255800E+4
1.764000E-2	0.000000E+0	7.216600E+4
1.766000E-2	0.000000E+0	7.217400E+4
1.768000E-2	0.000000E+0	7.249300E+4
1.770000E-2	0.000000E+0	7.162200E+4
1.772000E-2	0.000000E+0	7.258100E+4
1.774000E-2	0.000000E+0	7.186300E+4
1.776000E-2	0.000000E+0	7.169800E+4
1.778000E-2	0.000000E+0	7.126600E+4
1.780000E-2	0.000000E+0	7.137800E+4
1.782000E-2	0.000000E+0	7.089200E+4
1.784000E-2	0.000000E+0	6.974400E+4
1.786000E-2	0.000000E+0	6.898300E+4
1.788000E-2	0.000000E+0	6.756600E+4
1.790000E-2	0.000000E+0	6.569300E+4
1.792000E-2	0.000000E+0	6.238600E+4
1.794000E-2	0.000000E+0	5.937400E+4
1.796000E-2	0.000000E+0	5.765900E+4
1.798000E-2	0.000000E+0	5.912700E+4
1.800000E-2	0.000000E+0	6.238500E+4
1.802000E-2	0.000000E+0	6.534400E+4
1.804000E-2	0.000000E+0	6.780200E+4
1.806000E-2	0.000000E+0	6.940600E+4
1.808000E-2	0.000000E+0	7.060200E+4
1.810000E-2	0.000000E+0	7.039000E+4
1.812000E-2	0.000000E+0	7.177900E+4
1.814000E-2	0.000000E+0	7.201200E+4
1.816000E-2	0.000000E+0	7.192700E+4
1.818000E-2	0.000000E+0	7.200600E+4
1.820000E-2	0.000000E+0	7.267900E+4
1.822000E-2	0.000000E+0	7.253100E+4
1.824000E-2	0.000000E+0	7.232000E+4
1.826000E-2	0.000000E+0	7.328200E+4
1.828000E-2	0.000000E+0	7.257100E+4
1.830000E-2	0.000000E+0	7.253700E+4
1.832000E-2	0.000000E+0	7.262800E+4
1.834000E-2	0.000000E+0	7.288800E+4
1.836000E-2	0.000000E+0	7.244000E+4
1.838000E-2	0.000000E+0	7.278800E+4
1.840000E-2	0.000000E+0	7.297300E+4
1.842000E-2	0.000000E+0	7.276700E+4
1.844000E-2	0.000000E+0	7.237100E+4
1.846000E-2	0.000000E+0	7.260000E+4
1.848000E-2	0.000000E+0	7.272300E+4
1.850000E-2	0.000000E+0	7.227900E+4
1.852000E-2	0.000000E+0	7.270700E+4
1.854000E-2	0.000000E+0	7.320100E+4
1.856000E-2	0.000000E+0	7.293500E+4
1.858000E-2	0.000000E+0	7.295200E+4
1.860000E-2	0.000000E+0	7.326400E+4
1.862000E-2	0.000000E+0	7.255300E+4
1.864000E-2	0.000000E+0	7.275900E+4
1.866000E-2	0.000000E+0	7.278600E+4
1.868000E-2	0.000000E+0	7.322600E+4
1.870000E-2	0.000000E+0	7.328100E+4
1.872000E-2	0.000000E+0	7.320000E+4
1.874000E-2	0.000000E+0	7.306900E+4
1.876000E-2	0.000000E+0	7.316600E+4
1.878000E-2	0.000000E+0	7.344300E+4
1.880000E-2	0.000000E+0	7.332500E+4
1.882000E-2	0.000000E+0	7.325700E+4
1.884000E-2	0.000000E+0	7.307800E+4
1.886000E-2	0.000000E+0	7.278500E+4
1.888000E-2	0.000000E+0	7.287500E+4
1.890000E-2	0.000000E+0	7.297900E+4
1.892000E-2	0.000000E+0	7.344300E+4
1.894000E-2	0.000000E+0	7.295300E+4
1.896000E-2	0.000000E+0	7.277900E+4
1.898000E-2	0.000000E+0	7.275200E+4
1.900000E-2	0.000000E+0	7.259800E+4
1.902000E-2	0.000000E+0	7.330100E+4
1.904000E-2	0.000000E+0	7.321900E+4
1.906000E-2	0.000000E+0	7.282900E+4
1.908000E-2	0.000000E+0	7.312700E+4
1.910000E-2	0.000000E+0	7.297000E+4
1.912000E-2	0.000000E+0	7.290200E+4
1.914000E-2	0.000000E+0	7.334500E+4
1.916000E-2	0.000000E+0	7.296200E+4
1.918000E-2	0.000000E+0	7.262400E+4
1.920000E-2	0.000000E+0	7.310900E+4
1.922000E-2	0.000000E+0	7.285100E+4
1.924000E-2	0.000000E+0	7.321400E+4
1.926000E-2	0.000000E+0	7.325000E+4
1.928000E-2	0.000000E+0	7.273100E+4
1.930000E-2	0.000000E+0	7.327500E+4
1.932000E-2	0.000000E+0	7.291400E+4
1.934000E-2	0.000000E+0	7.311500E+4
1.936000E-2	0.000000E+0	7.289500E+4
1.938000E-2	0.000000E+0	7.314500E+4
1.940000E-2	0.000000E+0	7.324400E+4
1.942000E-2	0.000000E+0	7.320700E+4
1.944000E-2	0.000000E+0	7.306700E+4
1.946000E-2	0.000000E+0	7.268300E+4
1.948000E-2	0.000000E+0	7.304600E+4
1.950000E-2	0.000000E+0	7.311600E+4
1.952000E-2	0.000000E+0	7.334100E+4
1.954000E-2	0.000000E+0	7.350200E+4
1.956000E-2	0.000000E+0	7.296600E+4
1.958000E-2	0.000000E+0	7.309100E+4
1.960000E-2	0.000000E+0	7.321700E+4
1.962000E-2	0.000000E+0	7.286400E+4
1.964000E-2	0.000000E+0	7.319700E+4
1.966000E-2	0.000000E+0	7.291700E+4
1.968000E-2	0.000000E+0	7.283500E+4
1.970000E-2	0.000000E+0	7.281500E+4
1.972000E-2	0.000000E+0	7.324700E+4
1.974000E-2	0.000000E+0	7.333700E+4
1.976000E-2	0.000000E+0	7.336700E+4
1.978000E-2	0.000000E+0	7.268000E+4
1.980000E-2	0.000000E+0	7.276600E+4
1.982000E-2	0.000000E+0	7.311900E+4
1.984000E-2	0.000000E+0	7.307000E+4
1.986000E-2	0.000000E+0	7.322500E+4
1.988000E-2	0.000000E+0	7.318300E+4
1.990000E-2	0.000000E+0	7.347600E+4
1.992000E-2	0.000000E+0	7.302000E+4
1.994000E-2	0.000000E+0	7.351400E+4
1.996000E-2	0.000000E+0	7.301200E+4
1.998000E-2	0.000000E+0	7.294400E+4
