

live time:  205506.700000
real time:  237600.641000
sweeps:  10275335.000000
0.000000E+0	0.000000E+0	0.000000E+0
2.000000E-5	0.000000E+0	7.675600E+4
4.000000E-5	0.000000E+0	7.657800E+4
6.000000E-5	0.000000E+0	7.731700E+4
8.000000E-5	0.000000E+0	7.689100E+4
1.000000E-4	0.000000E+0	7.719000E+4
1.200000E-4	0.000000E+0	7.652300E+4
1.400000E-4	0.000000E+0	7.664800E+4
1.600000E-4	0.000000E+0	7.709000E+4
1.800000E-4	0.000000E+0	7.581600E+4
2.000000E-4	0.000000E+0	7.719300E+4
2.200000E-4	0.000000E+0	7.740200E+4
2.400000E-4	0.000000E+0	7.650400E+4
2.600000E-4	0.000000E+0	7.642800E+4
2.800000E-4	0.000000E+0	7.693500E+4
3.000000E-4	0.000000E+0	7.699600E+4
3.200000E-4	0.000000E+0	7.677200E+4
3.400000E-4	0.000000E+0	7.658300E+4
3.600000E-4	0.000000E+0	7.725800E+4
3.800000E-4	0.000000E+0	7.647000E+4
4.000000E-4	0.000000E+0	7.670800E+4
4.200000E-4	0.000000E+0	7.671500E+4
4.400000E-4	0.000000E+0	7.611400E+4
4.600000E-4	0.000000E+0	7.668500E+4
4.800000E-4	0.000000E+0	7.719900E+4
5.000000E-4	0.000000E+0	7.649200E+4
5.200000E-4	0.000000E+0	7.685100E+4
5.400000E-4	0.000000E+0	7.642300E+4
5.600000E-4	0.000000E+0	7.716300E+4
5.800000E-4	0.000000E+0	7.635000E+4
6.000000E-4	0.000000E+0	7.648500E+4
6.200000E-4	0.000000E+0	7.664800E+4
6.400000E-4	0.000000E+0	7.668400E+4
6.600000E-4	0.000000E+0	7.680800E+4
6.800000E-4	0.000000E+0	7.676300E+4
7.000000E-4	0.000000E+0	7.691000E+4
7.200000E-4	0.000000E+0	7.658900E+4
7.400000E-4	0.000000E+0	7.670600E+4
7.600000E-4	0.000000E+0	7.671200E+4
7.800000E-4	0.000000E+0	7.633200E+4
8.000000E-4	0.000000E+0	7.680100E+4
8.200000E-4	0.000000E+0	7.656000E+4
8.400000E-4	0.000000E+0	7.661200E+4
8.600000E-4	0.000000E+0	7.668500E+4
8.800000E-4	0.000000E+0	7.671800E+4
9.000000E-4	0.000000E+0	7.659200E+4
9.200000E-4	0.000000E+0	7.685300E+4
9.400000E-4	0.000000E+0	7.692900E+4
9.600000E-4	0.000000E+0	7.615900E+4
9.800000E-4	0.000000E+0	7.652400E+4
1.000000E-3	0.000000E+0	7.643100E+4
1.020000E-3	0.000000E+0	7.661800E+4
1.040000E-3	0.000000E+0	7.668700E+4
1.060000E-3	0.000000E+0	7.710200E+4
1.080000E-3	0.000000E+0	7.703100E+4
1.100000E-3	0.000000E+0	7.768600E+4
1.120000E-3	0.000000E+0	7.632300E+4
1.140000E-3	0.000000E+0	7.656100E+4
1.160000E-3	0.000000E+0	7.630300E+4
1.180000E-3	0.000000E+0	7.710900E+4
1.200000E-3	0.000000E+0	7.645000E+4
1.220000E-3	0.000000E+0	7.652300E+4
1.240000E-3	0.000000E+0	7.676600E+4
1.260000E-3	0.000000E+0	7.610100E+4
1.280000E-3	0.000000E+0	7.636100E+4
1.300000E-3	0.000000E+0	7.656500E+4
1.320000E-3	0.000000E+0	7.662300E+4
1.340000E-3	0.000000E+0	7.678400E+4
1.360000E-3	0.000000E+0	7.659900E+4
1.380000E-3	0.000000E+0	7.644300E+4
1.400000E-3	0.000000E+0	7.702300E+4
1.420000E-3	0.000000E+0	7.688100E+4
1.440000E-3	0.000000E+0	7.666700E+4
1.460000E-3	0.000000E+0	7.688500E+4
1.480000E-3	0.000000E+0	7.667300E+4
1.500000E-3	0.000000E+0	7.696800E+4
1.520000E-3	0.000000E+0	7.700800E+4
1.540000E-3	0.000000E+0	7.630900E+4
1.560000E-3	0.000000E+0	7.655500E+4
1.580000E-3	0.000000E+0	7.667400E+4
1.600000E-3	0.000000E+0	7.662400E+4
1.620000E-3	0.000000E+0	7.688700E+4
1.640000E-3	0.000000E+0	7.680700E+4
1.660000E-3	0.000000E+0	7.658000E+4
1.680000E-3	0.000000E+0	7.668900E+4
1.700000E-3	0.000000E+0	7.701000E+4
1.720000E-3	0.000000E+0	7.655900E+4
1.740000E-3	0.000000E+0	7.658200E+4
1.760000E-3	0.000000E+0	7.718200E+4
1.780000E-3	0.000000E+0	7.679000E+4
1.800000E-3	0.000000E+0	7.668500E+4
1.820000E-3	0.000000E+0	7.707600E+4
1.840000E-3	0.000000E+0	7.671700E+4
1.860000E-3	0.000000E+0	7.671100E+4
1.880000E-3	0.000000E+0	7.636500E+4
1.900000E-3	0.000000E+0	7.722600E+4
1.920000E-3	0.000000E+0	7.669800E+4
1.940000E-3	0.000000E+0	7.647900E+4
1.960000E-3	0.000000E+0	7.641100E+4
1.980000E-3	0.000000E+0	7.634900E+4
2.000000E-3	0.000000E+0	7.657300E+4
2.020000E-3	0.000000E+0	7.687400E+4
2.040000E-3	0.000000E+0	7.636800E+4
2.060000E-3	0.000000E+0	7.709800E+4
2.080000E-3	0.000000E+0	7.638700E+4
2.100000E-3	0.000000E+0	7.671100E+4
2.120000E-3	0.000000E+0	7.678300E+4
2.140000E-3	0.000000E+0	7.654700E+4
2.160000E-3	0.000000E+0	7.695600E+4
2.180000E-3	0.000000E+0	7.711300E+4
2.200000E-3	0.000000E+0	7.698700E+4
2.220000E-3	0.000000E+0	7.683800E+4
2.240000E-3	0.000000E+0	7.648000E+4
2.260000E-3	0.000000E+0	7.713000E+4
2.280000E-3	0.000000E+0	7.654200E+4
2.300000E-3	0.000000E+0	7.667200E+4
2.320000E-3	0.000000E+0	7.646600E+4
2.340000E-3	0.000000E+0	7.691600E+4
2.360000E-3	0.000000E+0	7.665600E+4
2.380000E-3	0.000000E+0	7.651100E+4
2.400000E-3	0.000000E+0	7.647900E+4
2.420000E-3	0.000000E+0	7.677100E+4
2.440000E-3	0.000000E+0	7.696800E+4
2.460000E-3	0.000000E+0	7.667800E+4
2.480000E-3	0.000000E+0	7.735100E+4
2.500000E-3	0.000000E+0	7.715800E+4
2.520000E-3	0.000000E+0	7.651800E+4
2.540000E-3	0.000000E+0	7.691300E+4
2.560000E-3	0.000000E+0	7.716300E+4
2.580000E-3	0.000000E+0	7.639700E+4
2.600000E-3	0.000000E+0	7.676200E+4
2.620000E-3	0.000000E+0	7.626300E+4
2.640000E-3	0.000000E+0	7.667000E+4
2.660000E-3	0.000000E+0	7.684300E+4
2.680000E-3	0.000000E+0	7.673200E+4
2.700000E-3	0.000000E+0	7.661500E+4
2.720000E-3	0.000000E+0	7.653800E+4
2.740000E-3	0.000000E+0	7.676500E+4
2.760000E-3	0.000000E+0	7.645700E+4
2.780000E-3	0.000000E+0	7.681200E+4
2.800000E-3	0.000000E+0	7.691700E+4
2.820000E-3	0.000000E+0	7.726900E+4
2.840000E-3	0.000000E+0	7.656500E+4
2.860000E-3	0.000000E+0	7.650300E+4
2.880000E-3	0.000000E+0	7.719000E+4
2.900000E-3	0.000000E+0	7.650300E+4
2.920000E-3	0.000000E+0	7.660900E+4
2.940000E-3	0.000000E+0	7.693400E+4
2.960000E-3	0.000000E+0	7.707500E+4
2.980000E-3	0.000000E+0	7.645400E+4
3.000000E-3	0.000000E+0	7.663300E+4
3.020000E-3	0.000000E+0	7.698300E+4
3.040000E-3	0.000000E+0	7.742600E+4
3.060000E-3	0.000000E+0	7.667400E+4
3.080000E-3	0.000000E+0	7.664000E+4
3.100000E-3	0.000000E+0	7.677500E+4
3.120000E-3	0.000000E+0	7.672400E+4
3.140000E-3	0.000000E+0	7.671100E+4
3.160000E-3	0.000000E+0	7.708400E+4
3.180000E-3	0.000000E+0	7.703900E+4
3.200000E-3	0.000000E+0	7.646900E+4
3.220000E-3	0.000000E+0	7.704500E+4
3.240000E-3	0.000000E+0	7.689600E+4
3.260000E-3	0.000000E+0	7.635600E+4
3.280000E-3	0.000000E+0	7.718200E+4
3.300000E-3	0.000000E+0	7.689800E+4
3.320000E-3	0.000000E+0	7.671100E+4
3.340000E-3	0.000000E+0	7.639100E+4
3.360000E-3	0.000000E+0	7.667600E+4
3.380000E-3	0.000000E+0	7.660900E+4
3.400000E-3	0.000000E+0	7.716500E+4
3.420000E-3	0.000000E+0	7.669300E+4
3.440000E-3	0.000000E+0	7.650100E+4
3.460000E-3	0.000000E+0	7.673700E+4
3.480000E-3	0.000000E+0	7.701400E+4
3.500000E-3	0.000000E+0	7.644600E+4
3.520000E-3	0.000000E+0	7.708200E+4
3.540000E-3	0.000000E+0	7.695700E+4
3.560000E-3	0.000000E+0	7.677600E+4
3.580000E-3	0.000000E+0	7.647400E+4
3.600000E-3	0.000000E+0	7.643500E+4
3.620000E-3	0.000000E+0	7.643800E+4
3.640000E-3	0.000000E+0	7.707000E+4
3.660000E-3	0.000000E+0	7.644000E+4
3.680000E-3	0.000000E+0	7.627700E+4
3.700000E-3	0.000000E+0	7.665100E+4
3.720000E-3	0.000000E+0	7.616700E+4
3.740000E-3	0.000000E+0	7.676900E+4
3.760000E-3	0.000000E+0	7.690400E+4
3.780000E-3	0.000000E+0	7.675000E+4
3.800000E-3	0.000000E+0	7.675400E+4
3.820000E-3	0.000000E+0	7.664500E+4
3.840000E-3	0.000000E+0	7.664000E+4
3.860000E-3	0.000000E+0	7.697200E+4
3.880000E-3	0.000000E+0	7.675500E+4
3.900000E-3	0.000000E+0	7.660900E+4
3.920000E-3	0.000000E+0	7.719300E+4
3.940000E-3	0.000000E+0	7.669600E+4
3.960000E-3	0.000000E+0	7.640000E+4
3.980000E-3	0.000000E+0	7.636500E+4
4.000000E-3	0.000000E+0	7.642000E+4
4.020000E-3	0.000000E+0	7.652900E+4
4.040000E-3	0.000000E+0	7.654800E+4
4.060000E-3	0.000000E+0	7.673600E+4
4.080000E-3	0.000000E+0	7.668400E+4
4.100000E-3	0.000000E+0	7.641900E+4
4.120000E-3	0.000000E+0	7.685300E+4
4.140000E-3	0.000000E+0	7.690300E+4
4.160000E-3	0.000000E+0	7.641800E+4
4.180000E-3	0.000000E+0	7.654900E+4
4.200000E-3	0.000000E+0	7.670700E+4
4.220000E-3	0.000000E+0	7.680100E+4
4.240000E-3	0.000000E+0	7.686400E+4
4.260000E-3	0.000000E+0	7.636100E+4
4.280000E-3	0.000000E+0	7.691700E+4
4.300000E-3	0.000000E+0	7.680700E+4
4.320000E-3	0.000000E+0	7.669200E+4
4.340000E-3	0.000000E+0	7.709500E+4
4.360000E-3	0.000000E+0	7.669900E+4
4.380000E-3	0.000000E+0	7.604000E+4
4.400000E-3	0.000000E+0	7.676400E+4
4.420000E-3	0.000000E+0	7.674100E+4
4.440000E-3	0.000000E+0	7.673800E+4
4.460000E-3	0.000000E+0	7.657200E+4
4.480000E-3	0.000000E+0	7.611400E+4
4.500000E-3	0.000000E+0	7.643800E+4
4.520000E-3	0.000000E+0	7.665100E+4
4.540000E-3	0.000000E+0	7.694200E+4
4.560000E-3	0.000000E+0	7.643600E+4
4.580000E-3	0.000000E+0	7.697500E+4
4.600000E-3	0.000000E+0	7.635600E+4
4.620000E-3	0.000000E+0	7.589900E+4
4.640000E-3	0.000000E+0	7.650800E+4
4.660000E-3	0.000000E+0	7.613800E+4
4.680000E-3	0.000000E+0	7.615600E+4
4.700000E-3	0.000000E+0	7.579800E+4
4.720000E-3	0.000000E+0	7.576200E+4
4.740000E-3	0.000000E+0	7.569400E+4
4.760000E-3	0.000000E+0	7.538700E+4
4.780000E-3	0.000000E+0	7.499700E+4
4.800000E-3	0.000000E+0	7.475500E+4
4.820000E-3	0.000000E+0	7.434000E+4
4.840000E-3	0.000000E+0	7.325300E+4
4.860000E-3	0.000000E+0	7.241800E+4
4.880000E-3	0.000000E+0	7.003700E+4
4.900000E-3	0.000000E+0	6.742400E+4
4.920000E-3	0.000000E+0	6.423300E+4
4.940000E-3	0.000000E+0	6.058600E+4
4.960000E-3	0.000000E+0	6.036400E+4
4.980000E-3	0.000000E+0	6.341100E+4
5.000000E-3	0.000000E+0	6.709900E+4
5.020000E-3	0.000000E+0	7.034200E+4
5.040000E-3	0.000000E+0	7.132600E+4
5.060000E-3	0.000000E+0	7.341200E+4
5.080000E-3	0.000000E+0	7.411500E+4
5.100000E-3	0.000000E+0	7.426300E+4
5.120000E-3	0.000000E+0	7.516800E+4
5.140000E-3	0.000000E+0	7.524800E+4
5.160000E-3	0.000000E+0	7.507300E+4
5.180000E-3	0.000000E+0	7.572800E+4
5.200000E-3	0.000000E+0	7.544400E+4
5.220000E-3	0.000000E+0	7.585100E+4
5.240000E-3	0.000000E+0	7.628100E+4
5.260000E-3	0.000000E+0	7.572400E+4
5.280000E-3	0.000000E+0	7.563700E+4
5.300000E-3	0.000000E+0	7.581700E+4
5.320000E-3	0.000000E+0	7.548600E+4
5.340000E-3	0.000000E+0	7.573000E+4
5.360000E-3	0.000000E+0	7.596300E+4
5.380000E-3	0.000000E+0	7.566300E+4
5.400000E-3	0.000000E+0	7.538000E+4
5.420000E-3	0.000000E+0	7.440000E+4
5.440000E-3	0.000000E+0	7.531700E+4
5.460000E-3	0.000000E+0	7.437100E+4
5.480000E-3	0.000000E+0	7.387300E+4
5.500000E-3	0.000000E+0	7.377000E+4
5.520000E-3	0.000000E+0	7.301400E+4
5.540000E-3	0.000000E+0	7.249700E+4
5.560000E-3	0.000000E+0	7.249400E+4
5.580000E-3	0.000000E+0	7.262800E+4
5.600000E-3	0.000000E+0	7.234000E+4
5.620000E-3	0.000000E+0	7.198800E+4
5.640000E-3	0.000000E+0	7.065500E+4
5.660000E-3	0.000000E+0	6.996900E+4
5.680000E-3	0.000000E+0	6.724100E+4
5.700000E-3	0.000000E+0	6.496100E+4
5.720000E-3	0.000000E+0	6.163600E+4
5.740000E-3	0.000000E+0	5.929600E+4
5.760000E-3	0.000000E+0	5.959600E+4
5.780000E-3	0.000000E+0	6.275700E+4
5.800000E-3	0.000000E+0	6.690400E+4
5.820000E-3	0.000000E+0	6.954500E+4
5.840000E-3	0.000000E+0	7.163900E+4
5.860000E-3	0.000000E+0	7.341800E+4
5.880000E-3	0.000000E+0	7.388300E+4
5.900000E-3	0.000000E+0	7.456500E+4
5.920000E-3	0.000000E+0	7.524900E+4
5.940000E-3	0.000000E+0	7.522800E+4
5.960000E-3	0.000000E+0	7.553300E+4
5.980000E-3	0.000000E+0	7.553600E+4
6.000000E-3	0.000000E+0	7.602100E+4
6.020000E-3	0.000000E+0	7.570700E+4
6.040000E-3	0.000000E+0	7.602200E+4
6.060000E-3	0.000000E+0	7.630200E+4
6.080000E-3	0.000000E+0	7.610100E+4
6.100000E-3	0.000000E+0	7.654100E+4
6.120000E-3	0.000000E+0	7.633300E+4
6.140000E-3	0.000000E+0	7.628400E+4
6.160000E-3	0.000000E+0	7.669700E+4
6.180000E-3	0.000000E+0	7.692300E+4
6.200000E-3	0.000000E+0	7.639600E+4
6.220000E-3	0.000000E+0	7.642800E+4
6.240000E-3	0.000000E+0	7.687400E+4
6.260000E-3	0.000000E+0	7.637600E+4
6.280000E-3	0.000000E+0	7.645300E+4
6.300000E-3	0.000000E+0	7.664400E+4
6.320000E-3	0.000000E+0	7.687000E+4
6.340000E-3	0.000000E+0	7.658000E+4
6.360000E-3	0.000000E+0	7.643800E+4
6.380000E-3	0.000000E+0	7.666000E+4
6.400000E-3	0.000000E+0	7.677000E+4
6.420000E-3	0.000000E+0	7.683700E+4
6.440000E-3	0.000000E+0	7.615800E+4
6.460000E-3	0.000000E+0	7.675300E+4
6.480000E-3	0.000000E+0	7.624300E+4
6.500000E-3	0.000000E+0	7.641700E+4
6.520000E-3	0.000000E+0	7.631100E+4
6.540000E-3	0.000000E+0	7.666300E+4
6.560000E-3	0.000000E+0	7.668800E+4
6.580000E-3	0.000000E+0	7.634100E+4
6.600000E-3	0.000000E+0	7.648200E+4
6.620000E-3	0.000000E+0	7.711900E+4
6.640000E-3	0.000000E+0	7.636200E+4
6.660000E-3	0.000000E+0	7.629000E+4
6.680000E-3	0.000000E+0	7.645700E+4
6.700000E-3	0.000000E+0	7.678300E+4
6.720000E-3	0.000000E+0	7.590300E+4
6.740000E-3	0.000000E+0	7.644200E+4
6.760000E-3	0.000000E+0	7.657500E+4
6.780000E-3	0.000000E+0	7.694200E+4
6.800000E-3	0.000000E+0	7.624500E+4
6.820000E-3	0.000000E+0	7.636000E+4
6.840000E-3	0.000000E+0	7.647200E+4
6.860000E-3	0.000000E+0	7.670300E+4
6.880000E-3	0.000000E+0	7.669000E+4
6.900000E-3	0.000000E+0	7.695000E+4
6.920000E-3	0.000000E+0	7.644800E+4
6.940000E-3	0.000000E+0	7.683100E+4
6.960000E-3	0.000000E+0	7.671600E+4
6.980000E-3	0.000000E+0	7.693500E+4
7.000000E-3	0.000000E+0	7.666100E+4
7.020000E-3	0.000000E+0	7.668800E+4
7.040000E-3	0.000000E+0	7.645600E+4
7.060000E-3	0.000000E+0	7.655200E+4
7.080000E-3	0.000000E+0	7.649800E+4
7.100000E-3	0.000000E+0	7.661400E+4
7.120000E-3	0.000000E+0	7.696100E+4
7.140000E-3	0.000000E+0	7.668100E+4
7.160000E-3	0.000000E+0	7.664600E+4
7.180000E-3	0.000000E+0	7.634000E+4
7.200000E-3	0.000000E+0	7.692900E+4
7.220000E-3	0.000000E+0	7.679900E+4
7.240000E-3	0.000000E+0	7.678800E+4
7.260000E-3	0.000000E+0	7.681600E+4
7.280000E-3	0.000000E+0	7.731500E+4
7.300000E-3	0.000000E+0	7.657200E+4
7.320000E-3	0.000000E+0	7.705200E+4
7.340000E-3	0.000000E+0	7.690000E+4
7.360000E-3	0.000000E+0	7.657300E+4
7.380000E-3	0.000000E+0	7.650300E+4
7.400000E-3	0.000000E+0	7.627300E+4
7.420000E-3	0.000000E+0	7.674800E+4
7.440000E-3	0.000000E+0	7.696700E+4
7.460000E-3	0.000000E+0	7.726800E+4
7.480000E-3	0.000000E+0	7.650100E+4
7.500000E-3	0.000000E+0	7.626600E+4
7.520000E-3	0.000000E+0	7.634000E+4
7.540000E-3	0.000000E+0	7.680600E+4
7.560000E-3	0.000000E+0	7.635500E+4
7.580000E-3	0.000000E+0	7.680800E+4
7.600000E-3	0.000000E+0	7.641000E+4
7.620000E-3	0.000000E+0	7.689700E+4
7.640000E-3	0.000000E+0	7.695600E+4
7.660000E-3	0.000000E+0	7.673700E+4
7.680000E-3	0.000000E+0	7.686500E+4
7.700000E-3	0.000000E+0	7.661000E+4
7.720000E-3	0.000000E+0	7.674900E+4
7.740000E-3	0.000000E+0	7.662200E+4
7.760000E-3	0.000000E+0	7.631000E+4
7.780000E-3	0.000000E+0	7.666900E+4
7.800000E-3	0.000000E+0	7.688100E+4
7.820000E-3	0.000000E+0	7.687600E+4
7.840000E-3	0.000000E+0	7.664200E+4
7.860000E-3	0.000000E+0	7.693800E+4
7.880000E-3	0.000000E+0	7.659300E+4
7.900000E-3	0.000000E+0	7.672000E+4
7.920000E-3	0.000000E+0	7.698100E+4
7.940000E-3	0.000000E+0	7.620700E+4
7.960000E-3	0.000000E+0	7.678800E+4
7.980000E-3	0.000000E+0	7.718500E+4
8.000000E-3	0.000000E+0	7.685200E+4
8.020000E-3	0.000000E+0	7.604200E+4
8.040000E-3	0.000000E+0	7.668300E+4
8.060000E-3	0.000000E+0	7.639800E+4
8.080000E-3	0.000000E+0	7.671500E+4
8.100000E-3	0.000000E+0	7.650000E+4
8.120000E-3	0.000000E+0	7.624700E+4
8.140000E-3	0.000000E+0	7.699400E+4
8.160000E-3	0.000000E+0	7.716500E+4
8.180000E-3	0.000000E+0	7.691000E+4
8.200000E-3	0.000000E+0	7.680600E+4
8.220000E-3	0.000000E+0	7.681800E+4
8.240000E-3	0.000000E+0	7.664100E+4
8.260000E-3	0.000000E+0	7.640300E+4
8.280000E-3	0.000000E+0	7.676700E+4
8.300000E-3	0.000000E+0	7.661700E+4
8.320000E-3	0.000000E+0	7.640100E+4
8.340000E-3	0.000000E+0	7.650900E+4
8.360000E-3	0.000000E+0	7.626200E+4
8.380000E-3	0.000000E+0	7.662400E+4
8.400000E-3	0.000000E+0	7.722600E+4
8.420000E-3	0.000000E+0	7.662200E+4
8.440000E-3	0.000000E+0	7.606100E+4
8.460000E-3	0.000000E+0	7.627500E+4
8.480000E-3	0.000000E+0	7.704500E+4
8.500000E-3	0.000000E+0	7.672300E+4
8.520000E-3	0.000000E+0	7.711500E+4
8.540000E-3	0.000000E+0	7.679200E+4
8.560000E-3	0.000000E+0	7.686000E+4
8.580000E-3	0.000000E+0	7.689900E+4
8.600000E-3	0.000000E+0	7.695000E+4
8.620000E-3	0.000000E+0	7.731100E+4
8.640000E-3	0.000000E+0	7.693900E+4
8.660000E-3	0.000000E+0	7.747100E+4
8.680000E-3	0.000000E+0	7.657600E+4
8.700000E-3	0.000000E+0	7.660200E+4
8.720000E-3	0.000000E+0	7.652800E+4
8.740000E-3	0.000000E+0	7.695700E+4
8.760000E-3	0.000000E+0	7.700000E+4
8.780000E-3	0.000000E+0	7.684200E+4
8.800000E-3	0.000000E+0	7.681900E+4
8.820000E-3	0.000000E+0	7.661800E+4
8.840000E-3	0.000000E+0	7.683400E+4
8.860000E-3	0.000000E+0	7.652800E+4
8.880000E-3	0.000000E+0	7.700100E+4
8.900000E-3	0.000000E+0	7.634100E+4
8.920000E-3	0.000000E+0	7.595100E+4
8.940000E-3	0.000000E+0	7.655800E+4
8.960000E-3	0.000000E+0	7.668300E+4
8.980000E-3	0.000000E+0	7.656500E+4
9.000000E-3	0.000000E+0	7.654000E+4
9.020000E-3	0.000000E+0	7.683200E+4
9.040000E-3	0.000000E+0	7.630300E+4
9.060000E-3	0.000000E+0	7.648900E+4
9.080000E-3	0.000000E+0	7.653600E+4
9.100000E-3	0.000000E+0	7.737600E+4
9.120000E-3	0.000000E+0	7.701600E+4
9.140000E-3	0.000000E+0	7.628100E+4
9.160000E-3	0.000000E+0	7.672000E+4
9.180000E-3	0.000000E+0	7.676900E+4
9.200000E-3	0.000000E+0	7.665400E+4
9.220000E-3	0.000000E+0	7.656800E+4
9.240000E-3	0.000000E+0	7.657600E+4
9.260000E-3	0.000000E+0	7.710000E+4
9.280000E-3	0.000000E+0	7.704700E+4
9.300000E-3	0.000000E+0	7.658500E+4
9.320000E-3	0.000000E+0	7.613700E+4
9.340000E-3	0.000000E+0	7.659400E+4
9.360000E-3	0.000000E+0	7.648200E+4
9.380000E-3	0.000000E+0	7.700200E+4
9.400000E-3	0.000000E+0	7.624200E+4
9.420000E-3	0.000000E+0	7.681000E+4
9.440000E-3	0.000000E+0	7.683100E+4
9.460000E-3	0.000000E+0	7.648600E+4
9.480000E-3	0.000000E+0	7.693800E+4
9.500000E-3	0.000000E+0	7.667200E+4
9.520000E-3	0.000000E+0	7.632800E+4
9.540000E-3	0.000000E+0	7.701900E+4
9.560000E-3	0.000000E+0	7.645800E+4
9.580000E-3	0.000000E+0	7.696400E+4
9.600000E-3	0.000000E+0	7.641200E+4
9.620000E-3	0.000000E+0	7.706800E+4
9.640000E-3	0.000000E+0	7.696600E+4
9.660000E-3	0.000000E+0	7.676500E+4
9.680000E-3	0.000000E+0	7.663000E+4
9.700000E-3	0.000000E+0	7.649300E+4
9.720000E-3	0.000000E+0	7.722200E+4
9.740000E-3	0.000000E+0	7.666700E+4
9.760000E-3	0.000000E+0	7.664800E+4
9.780000E-3	0.000000E+0	7.688300E+4
9.800000E-3	0.000000E+0	7.670600E+4
9.820000E-3	0.000000E+0	7.706000E+4
9.840000E-3	0.000000E+0	7.686900E+4
9.860000E-3	0.000000E+0	7.660800E+4
9.880000E-3	0.000000E+0	7.627000E+4
9.900000E-3	0.000000E+0	7.682200E+4
9.920000E-3	0.000000E+0	7.621500E+4
9.940000E-3	0.000000E+0	7.664200E+4
9.960000E-3	0.000000E+0	7.709900E+4
9.980000E-3	0.000000E+0	7.719100E+4
1.000000E-2	0.000000E+0	7.680500E+4
1.002000E-2	0.000000E+0	7.679600E+4
1.004000E-2	0.000000E+0	7.707300E+4
1.006000E-2	0.000000E+0	7.685400E+4
1.008000E-2	0.000000E+0	7.697000E+4
1.010000E-2	0.000000E+0	7.634800E+4
1.012000E-2	0.000000E+0	7.644500E+4
1.014000E-2	0.000000E+0	7.702300E+4
1.016000E-2	0.000000E+0	7.660400E+4
1.018000E-2	0.000000E+0	7.637200E+4
1.020000E-2	0.000000E+0	7.669900E+4
1.022000E-2	0.000000E+0	7.686400E+4
1.024000E-2	0.000000E+0	7.702000E+4
1.026000E-2	0.000000E+0	7.683100E+4
1.028000E-2	0.000000E+0	7.647000E+4
1.030000E-2	0.000000E+0	7.680400E+4
1.032000E-2	0.000000E+0	7.673500E+4
1.034000E-2	0.000000E+0	7.648000E+4
1.036000E-2	0.000000E+0	7.629600E+4
1.038000E-2	0.000000E+0	7.696200E+4
1.040000E-2	0.000000E+0	7.684900E+4
1.042000E-2	0.000000E+0	7.718500E+4
1.044000E-2	0.000000E+0	7.659400E+4
1.046000E-2	0.000000E+0	7.666500E+4
1.048000E-2	0.000000E+0	7.645900E+4
1.050000E-2	0.000000E+0	7.639200E+4
1.052000E-2	0.000000E+0	7.648600E+4
1.054000E-2	0.000000E+0	7.683800E+4
1.056000E-2	0.000000E+0	7.714600E+4
1.058000E-2	0.000000E+0	7.686200E+4
1.060000E-2	0.000000E+0	7.675800E+4
1.062000E-2	0.000000E+0	7.707200E+4
1.064000E-2	0.000000E+0	7.651100E+4
1.066000E-2	0.000000E+0	7.665000E+4
1.068000E-2	0.000000E+0	7.653200E+4
1.070000E-2	0.000000E+0	7.658400E+4
1.072000E-2	0.000000E+0	7.701300E+4
1.074000E-2	0.000000E+0	7.694300E+4
1.076000E-2	0.000000E+0	7.592800E+4
1.078000E-2	0.000000E+0	7.667100E+4
1.080000E-2	0.000000E+0	7.627200E+4
1.082000E-2	0.000000E+0	7.673800E+4
1.084000E-2	0.000000E+0	7.679600E+4
1.086000E-2	0.000000E+0	7.631500E+4
1.088000E-2	0.000000E+0	7.666100E+4
1.090000E-2	0.000000E+0	7.726800E+4
1.092000E-2	0.000000E+0	7.675000E+4
1.094000E-2	0.000000E+0	7.622400E+4
1.096000E-2	0.000000E+0	7.660500E+4
1.098000E-2	0.000000E+0	7.656900E+4
1.100000E-2	0.000000E+0	7.676200E+4
1.102000E-2	0.000000E+0	7.588300E+4
1.104000E-2	0.000000E+0	7.668100E+4
1.106000E-2	0.000000E+0	7.645300E+4
1.108000E-2	0.000000E+0	7.632300E+4
1.110000E-2	0.000000E+0	7.691000E+4
1.112000E-2	0.000000E+0	7.668300E+4
1.114000E-2	0.000000E+0	7.675700E+4
1.116000E-2	0.000000E+0	7.706400E+4
1.118000E-2	0.000000E+0	7.709100E+4
1.120000E-2	0.000000E+0	7.616700E+4
1.122000E-2	0.000000E+0	7.728000E+4
1.124000E-2	0.000000E+0	7.649300E+4
1.126000E-2	0.000000E+0	7.689800E+4
1.128000E-2	0.000000E+0	7.636000E+4
1.130000E-2	0.000000E+0	7.704400E+4
1.132000E-2	0.000000E+0	7.675400E+4
1.134000E-2	0.000000E+0	7.674200E+4
1.136000E-2	0.000000E+0	7.709000E+4
1.138000E-2	0.000000E+0	7.661500E+4
1.140000E-2	0.000000E+0	7.637800E+4
1.142000E-2	0.000000E+0	7.681600E+4
1.144000E-2	0.000000E+0	7.638600E+4
1.146000E-2	0.000000E+0	7.679000E+4
1.148000E-2	0.000000E+0	7.632100E+4
1.150000E-2	0.000000E+0	7.651300E+4
1.152000E-2	0.000000E+0	7.692200E+4
1.154000E-2	0.000000E+0	7.599500E+4
1.156000E-2	0.000000E+0	7.648500E+4
1.158000E-2	0.000000E+0	7.657000E+4
1.160000E-2	0.000000E+0	7.678100E+4
1.162000E-2	0.000000E+0	7.694600E+4
1.164000E-2	0.000000E+0	7.716000E+4
1.166000E-2	0.000000E+0	7.666300E+4
1.168000E-2	0.000000E+0	7.643700E+4
1.170000E-2	0.000000E+0	7.649700E+4
1.172000E-2	0.000000E+0	7.614300E+4
1.174000E-2	0.000000E+0	7.666200E+4
1.176000E-2	0.000000E+0	7.631200E+4
1.178000E-2	0.000000E+0	7.667000E+4
1.180000E-2	0.000000E+0	7.645900E+4
1.182000E-2	0.000000E+0	7.728300E+4
1.184000E-2	0.000000E+0	7.627000E+4
1.186000E-2	0.000000E+0	7.669400E+4
1.188000E-2	0.000000E+0	7.655200E+4
1.190000E-2	0.000000E+0	7.591000E+4
1.192000E-2	0.000000E+0	7.700200E+4
1.194000E-2	0.000000E+0	7.686500E+4
1.196000E-2	0.000000E+0	7.650900E+4
1.198000E-2	0.000000E+0	7.658200E+4
1.200000E-2	0.000000E+0	7.629800E+4
1.202000E-2	0.000000E+0	7.651700E+4
1.204000E-2	0.000000E+0	7.713200E+4
1.206000E-2	0.000000E+0	7.625700E+4
1.208000E-2	0.000000E+0	7.685100E+4
1.210000E-2	0.000000E+0	7.696000E+4
1.212000E-2	0.000000E+0	7.708600E+4
1.214000E-2	0.000000E+0	7.673200E+4
1.216000E-2	0.000000E+0	7.711700E+4
1.218000E-2	0.000000E+0	7.671300E+4
1.220000E-2	0.000000E+0	7.664700E+4
1.222000E-2	0.000000E+0	7.634300E+4
1.224000E-2	0.000000E+0	7.677400E+4
1.226000E-2	0.000000E+0	7.647400E+4
1.228000E-2	0.000000E+0	7.700700E+4
1.230000E-2	0.000000E+0	7.677900E+4
1.232000E-2	0.000000E+0	7.708300E+4
1.234000E-2	0.000000E+0	7.624500E+4
1.236000E-2	0.000000E+0	7.619400E+4
1.238000E-2	0.000000E+0	7.612200E+4
1.240000E-2	0.000000E+0	7.696900E+4
1.242000E-2	0.000000E+0	7.650700E+4
1.244000E-2	0.000000E+0	7.646500E+4
1.246000E-2	0.000000E+0	7.651200E+4
1.248000E-2	0.000000E+0	7.654600E+4
1.250000E-2	0.000000E+0	7.642100E+4
1.252000E-2	0.000000E+0	7.657900E+4
1.254000E-2	0.000000E+0	7.657400E+4
1.256000E-2	0.000000E+0	7.692700E+4
1.258000E-2	0.000000E+0	7.675900E+4
1.260000E-2	0.000000E+0	7.728900E+4
1.262000E-2	0.000000E+0	7.646900E+4
1.264000E-2	0.000000E+0	7.677800E+4
1.266000E-2	0.000000E+0	7.682800E+4
1.268000E-2	0.000000E+0	7.670900E+4
1.270000E-2	0.000000E+0	7.653100E+4
1.272000E-2	0.000000E+0	7.652300E+4
1.274000E-2	0.000000E+0	7.661300E+4
1.276000E-2	0.000000E+0	7.627800E+4
1.278000E-2	0.000000E+0	7.740500E+4
1.280000E-2	0.000000E+0	7.666100E+4
1.282000E-2	0.000000E+0	7.717000E+4
1.284000E-2	0.000000E+0	7.662400E+4
1.286000E-2	0.000000E+0	7.695100E+4
1.288000E-2	0.000000E+0	7.685800E+4
1.290000E-2	0.000000E+0	7.637800E+4
1.292000E-2	0.000000E+0	7.684000E+4
1.294000E-2	0.000000E+0	7.658700E+4
1.296000E-2	0.000000E+0	7.692600E+4
1.298000E-2	0.000000E+0	7.594300E+4
1.300000E-2	0.000000E+0	7.662300E+4
1.302000E-2	0.000000E+0	7.687500E+4
1.304000E-2	0.000000E+0	7.708600E+4
1.306000E-2	0.000000E+0	7.634400E+4
1.308000E-2	0.000000E+0	7.637200E+4
1.310000E-2	0.000000E+0	7.695300E+4
1.312000E-2	0.000000E+0	7.627200E+4
1.314000E-2	0.000000E+0	7.660800E+4
1.316000E-2	0.000000E+0	7.708900E+4
1.318000E-2	0.000000E+0	7.653200E+4
1.320000E-2	0.000000E+0	7.673600E+4
1.322000E-2	0.000000E+0	7.656000E+4
1.324000E-2	0.000000E+0	7.596700E+4
1.326000E-2	0.000000E+0	7.693800E+4
1.328000E-2	0.000000E+0	7.667000E+4
1.330000E-2	0.000000E+0	7.681500E+4
1.332000E-2	0.000000E+0	7.640500E+4
1.334000E-2	0.000000E+0	7.625600E+4
1.336000E-2	0.000000E+0	7.692300E+4
1.338000E-2	0.000000E+0	7.691800E+4
1.340000E-2	0.000000E+0	7.652000E+4
1.342000E-2	0.000000E+0	7.627800E+4
1.344000E-2	0.000000E+0	7.645700E+4
1.346000E-2	0.000000E+0	7.675900E+4
1.348000E-2	0.000000E+0	7.663800E+4
1.350000E-2	0.000000E+0	7.639200E+4
1.352000E-2	0.000000E+0	7.674200E+4
1.354000E-2	0.000000E+0	7.674800E+4
1.356000E-2	0.000000E+0	7.671800E+4
1.358000E-2	0.000000E+0	7.683900E+4
1.360000E-2	0.000000E+0	7.653400E+4
1.362000E-2	0.000000E+0	7.638100E+4
1.364000E-2	0.000000E+0	7.626900E+4
1.366000E-2	0.000000E+0	7.653100E+4
1.368000E-2	0.000000E+0	7.695200E+4
1.370000E-2	0.000000E+0	7.646400E+4
1.372000E-2	0.000000E+0	7.668100E+4
1.374000E-2	0.000000E+0	7.655400E+4
1.376000E-2	0.000000E+0	7.663600E+4
1.378000E-2	0.000000E+0	7.692200E+4
1.380000E-2	0.000000E+0	7.659800E+4
1.382000E-2	0.000000E+0	7.687700E+4
1.384000E-2	0.000000E+0	7.651900E+4
1.386000E-2	0.000000E+0	7.634100E+4
1.388000E-2	0.000000E+0	7.654900E+4
1.390000E-2	0.000000E+0	7.632200E+4
1.392000E-2	0.000000E+0	7.651400E+4
1.394000E-2	0.000000E+0	7.643600E+4
1.396000E-2	0.000000E+0	7.655100E+4
1.398000E-2	0.000000E+0	7.684100E+4
1.400000E-2	0.000000E+0	7.668100E+4
1.402000E-2	0.000000E+0	7.673100E+4
1.404000E-2	0.000000E+0	7.647900E+4
1.406000E-2	0.000000E+0	7.668600E+4
1.408000E-2	0.000000E+0	7.679900E+4
1.410000E-2	0.000000E+0	7.666400E+4
1.412000E-2	0.000000E+0	7.702900E+4
1.414000E-2	0.000000E+0	7.653700E+4
1.416000E-2	0.000000E+0	7.703400E+4
1.418000E-2	0.000000E+0	7.633300E+4
1.420000E-2	0.000000E+0	7.646100E+4
1.422000E-2	0.000000E+0	7.696900E+4
1.424000E-2	0.000000E+0	7.640000E+4
1.426000E-2	0.000000E+0	7.664000E+4
1.428000E-2	0.000000E+0	7.684800E+4
1.430000E-2	0.000000E+0	7.669900E+4
1.432000E-2	0.000000E+0	7.661200E+4
1.434000E-2	0.000000E+0	7.626500E+4
1.436000E-2	0.000000E+0	7.694100E+4
1.438000E-2	0.000000E+0	7.642200E+4
1.440000E-2	0.000000E+0	7.660800E+4
1.442000E-2	0.000000E+0	7.636800E+4
1.444000E-2	0.000000E+0	7.638700E+4
1.446000E-2	0.000000E+0	7.634800E+4
1.448000E-2	0.000000E+0	7.692000E+4
1.450000E-2	0.000000E+0	7.643200E+4
1.452000E-2	0.000000E+0	7.662100E+4
1.454000E-2	0.000000E+0	7.623700E+4
1.456000E-2	0.000000E+0	7.677900E+4
1.458000E-2	0.000000E+0	7.647000E+4
1.460000E-2	0.000000E+0	7.649600E+4
1.462000E-2	0.000000E+0	7.708500E+4
1.464000E-2	0.000000E+0	7.623500E+4
1.466000E-2	0.000000E+0	7.667900E+4
1.468000E-2	0.000000E+0	7.627600E+4
1.470000E-2	0.000000E+0	7.644000E+4
1.472000E-2	0.000000E+0	7.602500E+4
1.474000E-2	0.000000E+0	7.656500E+4
1.476000E-2	0.000000E+0	7.672500E+4
1.478000E-2	0.000000E+0	7.641900E+4
1.480000E-2	0.000000E+0	7.634800E+4
1.482000E-2	0.000000E+0	7.645500E+4
1.484000E-2	0.000000E+0	7.656200E+4
1.486000E-2	0.000000E+0	7.675700E+4
1.488000E-2	0.000000E+0	7.618800E+4
1.490000E-2	0.000000E+0	7.638100E+4
1.492000E-2	0.000000E+0	7.624100E+4
1.494000E-2	0.000000E+0	7.625300E+4
1.496000E-2	0.000000E+0	7.703800E+4
1.498000E-2	0.000000E+0	7.691400E+4
1.500000E-2	0.000000E+0	7.634200E+4
1.502000E-2	0.000000E+0	7.637400E+4
1.504000E-2	0.000000E+0	7.636400E+4
1.506000E-2	0.000000E+0	7.656800E+4
1.508000E-2	0.000000E+0	7.595800E+4
1.510000E-2	0.000000E+0	7.614800E+4
1.512000E-2	0.000000E+0	7.705200E+4
1.514000E-2	0.000000E+0	7.611800E+4
1.516000E-2	0.000000E+0	7.644400E+4
1.518000E-2	0.000000E+0	7.612600E+4
1.520000E-2	0.000000E+0	7.663000E+4
1.522000E-2	0.000000E+0	7.605700E+4
1.524000E-2	0.000000E+0	7.647500E+4
1.526000E-2	0.000000E+0	7.648100E+4
1.528000E-2	0.000000E+0	7.597800E+4
1.530000E-2	0.000000E+0	7.684000E+4
1.532000E-2	0.000000E+0	7.602500E+4
1.534000E-2	0.000000E+0	7.635600E+4
1.536000E-2	0.000000E+0	7.684700E+4
1.538000E-2	0.000000E+0	7.676100E+4
1.540000E-2	0.000000E+0	7.639100E+4
1.542000E-2	0.000000E+0	7.652000E+4
1.544000E-2	0.000000E+0	7.632900E+4
1.546000E-2	0.000000E+0	7.649600E+4
1.548000E-2	0.000000E+0	7.612500E+4
1.550000E-2	0.000000E+0	7.670800E+4
1.552000E-2	0.000000E+0	7.672200E+4
1.554000E-2	0.000000E+0	7.705300E+4
1.556000E-2	0.000000E+0	7.695500E+4
1.558000E-2	0.000000E+0	7.730300E+4
1.560000E-2	0.000000E+0	7.694400E+4
1.562000E-2	0.000000E+0	7.695600E+4
1.564000E-2	0.000000E+0	7.652700E+4
1.566000E-2	0.000000E+0	7.687400E+4
1.568000E-2	0.000000E+0	7.630300E+4
1.570000E-2	0.000000E+0	7.645400E+4
1.572000E-2	0.000000E+0	7.665300E+4
1.574000E-2	0.000000E+0	7.656600E+4
1.576000E-2	0.000000E+0	7.638300E+4
1.578000E-2	0.000000E+0	7.652600E+4
1.580000E-2	0.000000E+0	7.685400E+4
1.582000E-2	0.000000E+0	7.640400E+4
1.584000E-2	0.000000E+0	7.661800E+4
1.586000E-2	0.000000E+0	7.663100E+4
1.588000E-2	0.000000E+0	7.634400E+4
1.590000E-2	0.000000E+0	7.664800E+4
1.592000E-2	0.000000E+0	7.661600E+4
1.594000E-2	0.000000E+0	7.704200E+4
1.596000E-2	0.000000E+0	7.671300E+4
1.598000E-2	0.000000E+0	7.666500E+4
1.600000E-2	0.000000E+0	7.578500E+4
1.602000E-2	0.000000E+0	7.670600E+4
1.604000E-2	0.000000E+0	7.694200E+4
1.606000E-2	0.000000E+0	7.653200E+4
1.608000E-2	0.000000E+0	7.673000E+4
1.610000E-2	0.000000E+0	7.645500E+4
1.612000E-2	0.000000E+0	7.712100E+4
1.614000E-2	0.000000E+0	7.637700E+4
1.616000E-2	0.000000E+0	7.666800E+4
1.618000E-2	0.000000E+0	7.644100E+4
1.620000E-2	0.000000E+0	7.635300E+4
1.622000E-2	0.000000E+0	7.676300E+4
1.624000E-2	0.000000E+0	7.668200E+4
1.626000E-2	0.000000E+0	7.652300E+4
1.628000E-2	0.000000E+0	7.644300E+4
1.630000E-2	0.000000E+0	7.620600E+4
1.632000E-2	0.000000E+0	7.620700E+4
1.634000E-2	0.000000E+0	7.598900E+4
1.636000E-2	0.000000E+0	7.601300E+4
1.638000E-2	0.000000E+0	7.658000E+4
1.640000E-2	0.000000E+0	7.690400E+4
1.642000E-2	0.000000E+0	7.643900E+4
1.644000E-2	0.000000E+0	7.631500E+4
1.646000E-2	0.000000E+0	7.672300E+4
1.648000E-2	0.000000E+0	7.626800E+4
1.650000E-2	0.000000E+0	7.645300E+4
1.652000E-2	0.000000E+0	7.680100E+4
1.654000E-2	0.000000E+0	7.655700E+4
1.656000E-2	0.000000E+0	7.654400E+4
1.658000E-2	0.000000E+0	7.588200E+4
1.660000E-2	0.000000E+0	7.622400E+4
1.662000E-2	0.000000E+0	7.615000E+4
1.664000E-2	0.000000E+0	7.682300E+4
1.666000E-2	0.000000E+0	7.680100E+4
1.668000E-2	0.000000E+0	7.580400E+4
1.670000E-2	0.000000E+0	7.633400E+4
1.672000E-2	0.000000E+0	7.648000E+4
1.674000E-2	0.000000E+0	7.601700E+4
1.676000E-2	0.000000E+0	7.653700E+4
1.678000E-2	0.000000E+0	7.593600E+4
1.680000E-2	0.000000E+0	7.662400E+4
1.682000E-2	0.000000E+0	7.592300E+4
1.684000E-2	0.000000E+0	7.593400E+4
1.686000E-2	0.000000E+0	7.644600E+4
1.688000E-2	0.000000E+0	7.626900E+4
1.690000E-2	0.000000E+0	7.635700E+4
1.692000E-2	0.000000E+0	7.574500E+4
1.694000E-2	0.000000E+0	7.515400E+4
1.696000E-2	0.000000E+0	7.548200E+4
1.698000E-2	0.000000E+0	7.479100E+4
1.700000E-2	0.000000E+0	7.459800E+4
1.702000E-2	0.000000E+0	7.434600E+4
1.704000E-2	0.000000E+0	7.327700E+4
1.706000E-2	0.000000E+0	7.154900E+4
1.708000E-2	0.000000E+0	6.980900E+4
1.710000E-2	0.000000E+0	6.778600E+4
1.712000E-2	0.000000E+0	6.428300E+4
1.714000E-2	0.000000E+0	6.050700E+4
1.716000E-2	0.000000E+0	5.914700E+4
1.718000E-2	0.000000E+0	6.010300E+4
1.720000E-2	0.000000E+0	6.313000E+4
1.722000E-2	0.000000E+0	6.680600E+4
1.724000E-2	0.000000E+0	6.912400E+4
1.726000E-2	0.000000E+0	7.116700E+4
1.728000E-2	0.000000E+0	7.183100E+4
1.730000E-2	0.000000E+0	7.180200E+4
1.732000E-2	0.000000E+0	7.204600E+4
1.734000E-2	0.000000E+0	7.238100E+4
1.736000E-2	0.000000E+0	7.243200E+4
1.738000E-2	0.000000E+0	7.249300E+4
1.740000E-2	0.000000E+0	7.303200E+4
1.742000E-2	0.000000E+0	7.337400E+4
1.744000E-2	0.000000E+0	7.400100E+4
1.746000E-2	0.000000E+0	7.455200E+4
1.748000E-2	0.000000E+0	7.476400E+4
1.750000E-2	0.000000E+0	7.457900E+4
1.752000E-2	0.000000E+0	7.483200E+4
1.754000E-2	0.000000E+0	7.517700E+4
1.756000E-2	0.000000E+0	7.537500E+4
1.758000E-2	0.000000E+0	7.554400E+4
1.760000E-2	0.000000E+0	7.572000E+4
1.762000E-2	0.000000E+0	7.598200E+4
1.764000E-2	0.000000E+0	7.557300E+4
1.766000E-2	0.000000E+0	7.562700E+4
1.768000E-2	0.000000E+0	7.588700E+4
1.770000E-2	0.000000E+0	7.506800E+4
1.772000E-2	0.000000E+0	7.614500E+4
1.774000E-2	0.000000E+0	7.527100E+4
1.776000E-2	0.000000E+0	7.516500E+4
1.778000E-2	0.000000E+0	7.460700E+4
1.780000E-2	0.000000E+0	7.468800E+4
1.782000E-2	0.000000E+0	7.424400E+4
1.784000E-2	0.000000E+0	7.307700E+4
1.786000E-2	0.000000E+0	7.218400E+4
1.788000E-2	0.000000E+0	7.073000E+4
1.790000E-2	0.000000E+0	6.873000E+4
1.792000E-2	0.000000E+0	6.534700E+4
1.794000E-2	0.000000E+0	6.206000E+4
1.796000E-2	0.000000E+0	6.039800E+4
1.798000E-2	0.000000E+0	6.199900E+4
1.800000E-2	0.000000E+0	6.533000E+4
1.802000E-2	0.000000E+0	6.858900E+4
1.804000E-2	0.000000E+0	7.105200E+4
1.806000E-2	0.000000E+0	7.268800E+4
1.808000E-2	0.000000E+0	7.381300E+4
1.810000E-2	0.000000E+0	7.375300E+4
1.812000E-2	0.000000E+0	7.511800E+4
1.814000E-2	0.000000E+0	7.536100E+4
1.816000E-2	0.000000E+0	7.539600E+4
1.818000E-2	0.000000E+0	7.547800E+4
1.820000E-2	0.000000E+0	7.608900E+4
1.822000E-2	0.000000E+0	7.588100E+4
1.824000E-2	0.000000E+0	7.585900E+4
1.826000E-2	0.000000E+0	7.659500E+4
1.828000E-2	0.000000E+0	7.606900E+4
1.830000E-2	0.000000E+0	7.599100E+4
1.832000E-2	0.000000E+0	7.616900E+4
1.834000E-2	0.000000E+0	7.634100E+4
1.836000E-2	0.000000E+0	7.572400E+4
1.838000E-2	0.000000E+0	7.618500E+4
1.840000E-2	0.000000E+0	7.642600E+4
1.842000E-2	0.000000E+0	7.632400E+4
1.844000E-2	0.000000E+0	7.583900E+4
1.846000E-2	0.000000E+0	7.604200E+4
1.848000E-2	0.000000E+0	7.618800E+4
1.850000E-2	0.000000E+0	7.569700E+4
1.852000E-2	0.000000E+0	7.623100E+4
1.854000E-2	0.000000E+0	7.668700E+4
1.856000E-2	0.000000E+0	7.644500E+4
1.858000E-2	0.000000E+0	7.640300E+4
1.860000E-2	0.000000E+0	7.664900E+4
1.862000E-2	0.000000E+0	7.608200E+4
1.864000E-2	0.000000E+0	7.619500E+4
1.866000E-2	0.000000E+0	7.623600E+4
1.868000E-2	0.000000E+0	7.676000E+4
1.870000E-2	0.000000E+0	7.675500E+4
1.872000E-2	0.000000E+0	7.669200E+4
1.874000E-2	0.000000E+0	7.653300E+4
1.876000E-2	0.000000E+0	7.659400E+4
1.878000E-2	0.000000E+0	7.697400E+4
1.880000E-2	0.000000E+0	7.688300E+4
1.882000E-2	0.000000E+0	7.673400E+4
1.884000E-2	0.000000E+0	7.651000E+4
1.886000E-2	0.000000E+0	7.627200E+4
1.888000E-2	0.000000E+0	7.635500E+4
1.890000E-2	0.000000E+0	7.651100E+4
1.892000E-2	0.000000E+0	7.701200E+4
1.894000E-2	0.000000E+0	7.643600E+4
1.896000E-2	0.000000E+0	7.623400E+4
1.898000E-2	0.000000E+0	7.616200E+4
1.900000E-2	0.000000E+0	7.605700E+4
1.902000E-2	0.000000E+0	7.684100E+4
1.904000E-2	0.000000E+0	7.677600E+4
1.906000E-2	0.000000E+0	7.633500E+4
1.908000E-2	0.000000E+0	7.665500E+4
1.910000E-2	0.000000E+0	7.638600E+4
1.912000E-2	0.000000E+0	7.634000E+4
1.914000E-2	0.000000E+0	7.676200E+4
1.916000E-2	0.000000E+0	7.632000E+4
1.918000E-2	0.000000E+0	7.605300E+4
1.920000E-2	0.000000E+0	7.658800E+4
1.922000E-2	0.000000E+0	7.627500E+4
1.924000E-2	0.000000E+0	7.669300E+4
1.926000E-2	0.000000E+0	7.669800E+4
1.928000E-2	0.000000E+0	7.625800E+4
1.930000E-2	0.000000E+0	7.681300E+4
1.932000E-2	0.000000E+0	7.645000E+4
1.934000E-2	0.000000E+0	7.663200E+4
1.936000E-2	0.000000E+0	7.626000E+4
1.938000E-2	0.000000E+0	7.663100E+4
1.940000E-2	0.000000E+0	7.670200E+4
1.942000E-2	0.000000E+0	7.668700E+4
1.944000E-2	0.000000E+0	7.652600E+4
1.946000E-2	0.000000E+0	7.620200E+4
1.948000E-2	0.000000E+0	7.646600E+4
1.950000E-2	0.000000E+0	7.655100E+4
1.952000E-2	0.000000E+0	7.672200E+4
1.954000E-2	0.000000E+0	7.691100E+4
1.956000E-2	0.000000E+0	7.647300E+4
1.958000E-2	0.000000E+0	7.660500E+4
1.960000E-2	0.000000E+0	7.666800E+4
1.962000E-2	0.000000E+0	7.626700E+4
1.964000E-2	0.000000E+0	7.667700E+4
1.966000E-2	0.000000E+0	7.644100E+4
1.968000E-2	0.000000E+0	7.625100E+4
1.970000E-2	0.000000E+0	7.617100E+4
1.972000E-2	0.000000E+0	7.663500E+4
1.974000E-2	0.000000E+0	7.680200E+4
1.976000E-2	0.000000E+0	7.686200E+4
1.978000E-2	0.000000E+0	7.624000E+4
1.980000E-2	0.000000E+0	7.610100E+4
1.982000E-2	0.000000E+0	7.657700E+4
1.984000E-2	0.000000E+0	7.655500E+4
1.986000E-2	0.000000E+0	7.672200E+4
1.988000E-2	0.000000E+0	7.659400E+4
1.990000E-2	0.000000E+0	7.693100E+4
1.992000E-2	0.000000E+0	7.653900E+4
1.994000E-2	0.000000E+0	7.704900E+4
1.996000E-2	0.000000E+0	7.652300E+4
1.998000E-2	0.000000E+0	7.638300E+4
