

live time:  71600.860000
real time:  82807.375000
sweeps:  3580043.000000
0.000000E+0	0.000000E+0	0.000000E+0
2.000000E-5	0.000000E+0	2.674500E+4
4.000000E-5	0.000000E+0	2.684300E+4
6.000000E-5	0.000000E+0	2.703900E+4
8.000000E-5	0.000000E+0	2.694900E+4
1.000000E-4	0.000000E+0	2.687900E+4
1.200000E-4	0.000000E+0	2.654800E+4
1.400000E-4	0.000000E+0	2.656500E+4
1.600000E-4	0.000000E+0	2.704800E+4
1.800000E-4	0.000000E+0	2.633700E+4
2.000000E-4	0.000000E+0	2.707700E+4
2.200000E-4	0.000000E+0	2.715300E+4
2.400000E-4	0.000000E+0	2.670000E+4
2.600000E-4	0.000000E+0	2.659500E+4
2.800000E-4	0.000000E+0	2.658700E+4
3.000000E-4	0.000000E+0	2.664800E+4
3.200000E-4	0.000000E+0	2.673200E+4
3.400000E-4	0.000000E+0	2.668900E+4
3.600000E-4	0.000000E+0	2.696600E+4
3.800000E-4	0.000000E+0	2.682400E+4
4.000000E-4	0.000000E+0	2.684700E+4
4.200000E-4	0.000000E+0	2.675600E+4
4.400000E-4	0.000000E+0	2.654900E+4
4.600000E-4	0.000000E+0	2.674500E+4
4.800000E-4	0.000000E+0	2.702700E+4
5.000000E-4	0.000000E+0	2.666700E+4
5.200000E-4	0.000000E+0	2.682000E+4
5.400000E-4	0.000000E+0	2.661700E+4
5.600000E-4	0.000000E+0	2.709400E+4
5.800000E-4	0.000000E+0	2.660200E+4
6.000000E-4	0.000000E+0	2.673300E+4
6.200000E-4	0.000000E+0	2.671500E+4
6.400000E-4	0.000000E+0	2.690400E+4
6.600000E-4	0.000000E+0	2.660700E+4
6.800000E-4	0.000000E+0	2.673100E+4
7.000000E-4	0.000000E+0	2.691400E+4
7.200000E-4	0.000000E+0	2.679200E+4
7.400000E-4	0.000000E+0	2.673300E+4
7.600000E-4	0.000000E+0	2.679600E+4
7.800000E-4	0.000000E+0	2.670300E+4
8.000000E-4	0.000000E+0	2.688400E+4
8.200000E-4	0.000000E+0	2.691400E+4
8.400000E-4	0.000000E+0	2.667300E+4
8.600000E-4	0.000000E+0	2.694400E+4
8.800000E-4	0.000000E+0	2.647600E+4
9.000000E-4	0.000000E+0	2.678600E+4
9.200000E-4	0.000000E+0	2.668800E+4
9.400000E-4	0.000000E+0	2.701200E+4
9.600000E-4	0.000000E+0	2.668500E+4
9.800000E-4	0.000000E+0	2.682900E+4
1.000000E-3	0.000000E+0	2.684500E+4
1.020000E-3	0.000000E+0	2.689200E+4
1.040000E-3	0.000000E+0	2.668000E+4
1.060000E-3	0.000000E+0	2.664300E+4
1.080000E-3	0.000000E+0	2.682200E+4
1.100000E-3	0.000000E+0	2.697900E+4
1.120000E-3	0.000000E+0	2.665700E+4
1.140000E-3	0.000000E+0	2.678600E+4
1.160000E-3	0.000000E+0	2.647700E+4
1.180000E-3	0.000000E+0	2.678500E+4
1.200000E-3	0.000000E+0	2.653700E+4
1.220000E-3	0.000000E+0	2.665500E+4
1.240000E-3	0.000000E+0	2.680800E+4
1.260000E-3	0.000000E+0	2.624300E+4
1.280000E-3	0.000000E+0	2.665800E+4
1.300000E-3	0.000000E+0	2.690200E+4
1.320000E-3	0.000000E+0	2.676200E+4
1.340000E-3	0.000000E+0	2.673000E+4
1.360000E-3	0.000000E+0	2.667200E+4
1.380000E-3	0.000000E+0	2.648100E+4
1.400000E-3	0.000000E+0	2.677800E+4
1.420000E-3	0.000000E+0	2.695800E+4
1.440000E-3	0.000000E+0	2.674500E+4
1.460000E-3	0.000000E+0	2.703000E+4
1.480000E-3	0.000000E+0	2.653800E+4
1.500000E-3	0.000000E+0	2.696300E+4
1.520000E-3	0.000000E+0	2.698100E+4
1.540000E-3	0.000000E+0	2.664000E+4
1.560000E-3	0.000000E+0	2.679000E+4
1.580000E-3	0.000000E+0	2.672900E+4
1.600000E-3	0.000000E+0	2.674700E+4
1.620000E-3	0.000000E+0	2.667800E+4
1.640000E-3	0.000000E+0	2.667500E+4
1.660000E-3	0.000000E+0	2.658900E+4
1.680000E-3	0.000000E+0	2.681900E+4
1.700000E-3	0.000000E+0	2.662300E+4
1.720000E-3	0.000000E+0	2.659000E+4
1.740000E-3	0.000000E+0	2.656900E+4
1.760000E-3	0.000000E+0	2.699900E+4
1.780000E-3	0.000000E+0	2.700000E+4
1.800000E-3	0.000000E+0	2.690100E+4
1.820000E-3	0.000000E+0	2.707200E+4
1.840000E-3	0.000000E+0	2.673900E+4
1.860000E-3	0.000000E+0	2.665100E+4
1.880000E-3	0.000000E+0	2.671900E+4
1.900000E-3	0.000000E+0	2.687200E+4
1.920000E-3	0.000000E+0	2.677300E+4
1.940000E-3	0.000000E+0	2.669100E+4
1.960000E-3	0.000000E+0	2.668700E+4
1.980000E-3	0.000000E+0	2.663800E+4
2.000000E-3	0.000000E+0	2.659400E+4
2.020000E-3	0.000000E+0	2.688700E+4
2.040000E-3	0.000000E+0	2.664600E+4
2.060000E-3	0.000000E+0	2.677500E+4
2.080000E-3	0.000000E+0	2.669000E+4
2.100000E-3	0.000000E+0	2.680100E+4
2.120000E-3	0.000000E+0	2.686000E+4
2.140000E-3	0.000000E+0	2.684600E+4
2.160000E-3	0.000000E+0	2.685800E+4
2.180000E-3	0.000000E+0	2.682300E+4
2.200000E-3	0.000000E+0	2.684000E+4
2.220000E-3	0.000000E+0	2.681100E+4
2.240000E-3	0.000000E+0	2.638200E+4
2.260000E-3	0.000000E+0	2.684200E+4
2.280000E-3	0.000000E+0	2.659900E+4
2.300000E-3	0.000000E+0	2.681000E+4
2.320000E-3	0.000000E+0	2.678100E+4
2.340000E-3	0.000000E+0	2.699100E+4
2.360000E-3	0.000000E+0	2.685000E+4
2.380000E-3	0.000000E+0	2.659000E+4
2.400000E-3	0.000000E+0	2.661000E+4
2.420000E-3	0.000000E+0	2.677100E+4
2.440000E-3	0.000000E+0	2.689300E+4
2.460000E-3	0.000000E+0	2.665100E+4
2.480000E-3	0.000000E+0	2.706300E+4
2.500000E-3	0.000000E+0	2.691800E+4
2.520000E-3	0.000000E+0	2.672100E+4
2.540000E-3	0.000000E+0	2.708700E+4
2.560000E-3	0.000000E+0	2.659900E+4
2.580000E-3	0.000000E+0	2.680500E+4
2.600000E-3	0.000000E+0	2.700600E+4
2.620000E-3	0.000000E+0	2.682900E+4
2.640000E-3	0.000000E+0	2.679400E+4
2.660000E-3	0.000000E+0	2.680300E+4
2.680000E-3	0.000000E+0	2.646600E+4
2.700000E-3	0.000000E+0	2.685400E+4
2.720000E-3	0.000000E+0	2.683600E+4
2.740000E-3	0.000000E+0	2.673900E+4
2.760000E-3	0.000000E+0	2.683800E+4
2.780000E-3	0.000000E+0	2.691600E+4
2.800000E-3	0.000000E+0	2.691500E+4
2.820000E-3	0.000000E+0	2.719100E+4
2.840000E-3	0.000000E+0	2.681400E+4
2.860000E-3	0.000000E+0	2.679400E+4
2.880000E-3	0.000000E+0	2.659800E+4
2.900000E-3	0.000000E+0	2.665400E+4
2.920000E-3	0.000000E+0	2.685400E+4
2.940000E-3	0.000000E+0	2.690000E+4
2.960000E-3	0.000000E+0	2.693600E+4
2.980000E-3	0.000000E+0	2.682300E+4
3.000000E-3	0.000000E+0	2.642300E+4
3.020000E-3	0.000000E+0	2.675300E+4
3.040000E-3	0.000000E+0	2.717900E+4
3.060000E-3	0.000000E+0	2.690300E+4
3.080000E-3	0.000000E+0	2.670900E+4
3.100000E-3	0.000000E+0	2.676900E+4
3.120000E-3	0.000000E+0	2.675000E+4
3.140000E-3	0.000000E+0	2.685300E+4
3.160000E-3	0.000000E+0	2.685900E+4
3.180000E-3	0.000000E+0	2.680900E+4
3.200000E-3	0.000000E+0	2.670100E+4
3.220000E-3	0.000000E+0	2.698500E+4
3.240000E-3	0.000000E+0	2.695300E+4
3.260000E-3	0.000000E+0	2.637700E+4
3.280000E-3	0.000000E+0	2.698400E+4
3.300000E-3	0.000000E+0	2.694600E+4
3.320000E-3	0.000000E+0	2.670000E+4
3.340000E-3	0.000000E+0	2.666200E+4
3.360000E-3	0.000000E+0	2.650900E+4
3.380000E-3	0.000000E+0	2.661200E+4
3.400000E-3	0.000000E+0	2.686200E+4
3.420000E-3	0.000000E+0	2.659900E+4
3.440000E-3	0.000000E+0	2.682800E+4
3.460000E-3	0.000000E+0	2.675900E+4
3.480000E-3	0.000000E+0	2.693800E+4
3.500000E-3	0.000000E+0	2.654500E+4
3.520000E-3	0.000000E+0	2.713900E+4
3.540000E-3	0.000000E+0	2.683300E+4
3.560000E-3	0.000000E+0	2.674100E+4
3.580000E-3	0.000000E+0	2.664200E+4
3.600000E-3	0.000000E+0	2.652400E+4
3.620000E-3	0.000000E+0	2.643000E+4
3.640000E-3	0.000000E+0	2.671700E+4
3.660000E-3	0.000000E+0	2.644800E+4
3.680000E-3	0.000000E+0	2.687500E+4
3.700000E-3	0.000000E+0	2.655500E+4
3.720000E-3	0.000000E+0	2.662400E+4
3.740000E-3	0.000000E+0	2.667400E+4
3.760000E-3	0.000000E+0	2.674500E+4
3.780000E-3	0.000000E+0	2.669000E+4
3.800000E-3	0.000000E+0	2.687900E+4
3.820000E-3	0.000000E+0	2.686500E+4
3.840000E-3	0.000000E+0	2.688100E+4
3.860000E-3	0.000000E+0	2.684900E+4
3.880000E-3	0.000000E+0	2.669900E+4
3.900000E-3	0.000000E+0	2.692000E+4
3.920000E-3	0.000000E+0	2.681200E+4
3.940000E-3	0.000000E+0	2.675400E+4
3.960000E-3	0.000000E+0	2.661400E+4
3.980000E-3	0.000000E+0	2.682900E+4
4.000000E-3	0.000000E+0	2.659400E+4
4.020000E-3	0.000000E+0	2.661900E+4
4.040000E-3	0.000000E+0	2.677700E+4
4.060000E-3	0.000000E+0	2.684900E+4
4.080000E-3	0.000000E+0	2.694300E+4
4.100000E-3	0.000000E+0	2.660000E+4
4.120000E-3	0.000000E+0	2.680800E+4
4.140000E-3	0.000000E+0	2.671800E+4
4.160000E-3	0.000000E+0	2.650800E+4
4.180000E-3	0.000000E+0	2.665600E+4
4.200000E-3	0.000000E+0	2.689200E+4
4.220000E-3	0.000000E+0	2.702600E+4
4.240000E-3	0.000000E+0	2.666600E+4
4.260000E-3	0.000000E+0	2.679200E+4
4.280000E-3	0.000000E+0	2.685900E+4
4.300000E-3	0.000000E+0	2.689700E+4
4.320000E-3	0.000000E+0	2.674800E+4
4.340000E-3	0.000000E+0	2.714300E+4
4.360000E-3	0.000000E+0	2.701300E+4
4.380000E-3	0.000000E+0	2.658900E+4
4.400000E-3	0.000000E+0	2.682000E+4
4.420000E-3	0.000000E+0	2.679400E+4
4.440000E-3	0.000000E+0	2.701200E+4
4.460000E-3	0.000000E+0	2.681700E+4
4.480000E-3	0.000000E+0	2.635700E+4
4.500000E-3	0.000000E+0	2.663000E+4
4.520000E-3	0.000000E+0	2.659700E+4
4.540000E-3	0.000000E+0	2.677600E+4
4.560000E-3	0.000000E+0	2.659800E+4
4.580000E-3	0.000000E+0	2.679200E+4
4.600000E-3	0.000000E+0	2.648400E+4
4.620000E-3	0.000000E+0	2.646900E+4
4.640000E-3	0.000000E+0	2.690600E+4
4.660000E-3	0.000000E+0	2.665700E+4
4.680000E-3	0.000000E+0	2.646700E+4
4.700000E-3	0.000000E+0	2.640600E+4
4.720000E-3	0.000000E+0	2.653500E+4
4.740000E-3	0.000000E+0	2.640000E+4
4.760000E-3	0.000000E+0	2.633300E+4
4.780000E-3	0.000000E+0	2.603800E+4
4.800000E-3	0.000000E+0	2.608800E+4
4.820000E-3	0.000000E+0	2.604200E+4
4.840000E-3	0.000000E+0	2.561200E+4
4.860000E-3	0.000000E+0	2.546300E+4
4.880000E-3	0.000000E+0	2.477900E+4
4.900000E-3	0.000000E+0	2.382000E+4
4.920000E-3	0.000000E+0	2.284300E+4
4.940000E-3	0.000000E+0	2.137600E+4
4.960000E-3	0.000000E+0	2.110700E+4
4.980000E-3	0.000000E+0	2.138200E+4
5.000000E-3	0.000000E+0	2.295300E+4
5.020000E-3	0.000000E+0	2.422600E+4
5.040000E-3	0.000000E+0	2.495400E+4
5.060000E-3	0.000000E+0	2.556600E+4
5.080000E-3	0.000000E+0	2.585600E+4
5.100000E-3	0.000000E+0	2.582300E+4
5.120000E-3	0.000000E+0	2.633100E+4
5.140000E-3	0.000000E+0	2.641300E+4
5.160000E-3	0.000000E+0	2.599500E+4
5.180000E-3	0.000000E+0	2.627500E+4
5.200000E-3	0.000000E+0	2.617200E+4
5.220000E-3	0.000000E+0	2.639200E+4
5.240000E-3	0.000000E+0	2.658600E+4
5.260000E-3	0.000000E+0	2.635800E+4
5.280000E-3	0.000000E+0	2.631400E+4
5.300000E-3	0.000000E+0	2.637000E+4
5.320000E-3	0.000000E+0	2.654600E+4
5.340000E-3	0.000000E+0	2.628800E+4
5.360000E-3	0.000000E+0	2.678600E+4
5.380000E-3	0.000000E+0	2.648300E+4
5.400000E-3	0.000000E+0	2.646900E+4
5.420000E-3	0.000000E+0	2.583100E+4
5.440000E-3	0.000000E+0	2.643400E+4
5.460000E-3	0.000000E+0	2.585000E+4
5.480000E-3	0.000000E+0	2.591500E+4
5.500000E-3	0.000000E+0	2.584600E+4
5.520000E-3	0.000000E+0	2.546100E+4
5.540000E-3	0.000000E+0	2.538700E+4
5.560000E-3	0.000000E+0	2.532300E+4
5.580000E-3	0.000000E+0	2.553400E+4
5.600000E-3	0.000000E+0	2.526100E+4
5.620000E-3	0.000000E+0	2.518400E+4
5.640000E-3	0.000000E+0	2.473300E+4
5.660000E-3	0.000000E+0	2.448900E+4
5.680000E-3	0.000000E+0	2.394600E+4
5.700000E-3	0.000000E+0	2.298700E+4
5.720000E-3	0.000000E+0	2.218200E+4
5.740000E-3	0.000000E+0	2.087100E+4
5.760000E-3	0.000000E+0	2.045000E+4
5.780000E-3	0.000000E+0	2.134300E+4
5.800000E-3	0.000000E+0	2.278900E+4
5.820000E-3	0.000000E+0	2.365800E+4
5.840000E-3	0.000000E+0	2.487400E+4
5.860000E-3	0.000000E+0	2.529500E+4
5.880000E-3	0.000000E+0	2.554600E+4
5.900000E-3	0.000000E+0	2.604800E+4
5.920000E-3	0.000000E+0	2.627000E+4
5.940000E-3	0.000000E+0	2.612500E+4
5.960000E-3	0.000000E+0	2.632100E+4
5.980000E-3	0.000000E+0	2.657700E+4
6.000000E-3	0.000000E+0	2.655900E+4
6.020000E-3	0.000000E+0	2.631200E+4
6.040000E-3	0.000000E+0	2.658600E+4
6.060000E-3	0.000000E+0	2.662900E+4
6.080000E-3	0.000000E+0	2.659100E+4
6.100000E-3	0.000000E+0	2.669000E+4
6.120000E-3	0.000000E+0	2.657200E+4
6.140000E-3	0.000000E+0	2.659800E+4
6.160000E-3	0.000000E+0	2.664500E+4
6.180000E-3	0.000000E+0	2.698900E+4
6.200000E-3	0.000000E+0	2.663400E+4
6.220000E-3	0.000000E+0	2.660100E+4
6.240000E-3	0.000000E+0	2.691700E+4
6.260000E-3	0.000000E+0	2.664300E+4
6.280000E-3	0.000000E+0	2.662300E+4
6.300000E-3	0.000000E+0	2.668800E+4
6.320000E-3	0.000000E+0	2.666800E+4
6.340000E-3	0.000000E+0	2.675400E+4
6.360000E-3	0.000000E+0	2.672800E+4
6.380000E-3	0.000000E+0	2.684000E+4
6.400000E-3	0.000000E+0	2.692200E+4
6.420000E-3	0.000000E+0	2.684700E+4
6.440000E-3	0.000000E+0	2.656500E+4
6.460000E-3	0.000000E+0	2.666900E+4
6.480000E-3	0.000000E+0	2.638000E+4
6.500000E-3	0.000000E+0	2.657900E+4
6.520000E-3	0.000000E+0	2.651400E+4
6.540000E-3	0.000000E+0	2.669500E+4
6.560000E-3	0.000000E+0	2.658900E+4
6.580000E-3	0.000000E+0	2.655300E+4
6.600000E-3	0.000000E+0	2.654100E+4
6.620000E-3	0.000000E+0	2.676000E+4
6.640000E-3	0.000000E+0	2.665000E+4
6.660000E-3	0.000000E+0	2.661200E+4
6.680000E-3	0.000000E+0	2.688700E+4
6.700000E-3	0.000000E+0	2.677600E+4
6.720000E-3	0.000000E+0	2.659200E+4
6.740000E-3	0.000000E+0	2.661700E+4
6.760000E-3	0.000000E+0	2.674100E+4
6.780000E-3	0.000000E+0	2.654300E+4
6.800000E-3	0.000000E+0	2.677600E+4
6.820000E-3	0.000000E+0	2.664200E+4
6.840000E-3	0.000000E+0	2.655100E+4
6.860000E-3	0.000000E+0	2.683200E+4
6.880000E-3	0.000000E+0	2.678400E+4
6.900000E-3	0.000000E+0	2.676900E+4
6.920000E-3	0.000000E+0	2.694500E+4
6.940000E-3	0.000000E+0	2.700300E+4
6.960000E-3	0.000000E+0	2.685700E+4
6.980000E-3	0.000000E+0	2.664300E+4
7.000000E-3	0.000000E+0	2.695300E+4
7.020000E-3	0.000000E+0	2.652500E+4
7.040000E-3	0.000000E+0	2.659800E+4
7.060000E-3	0.000000E+0	2.674200E+4
7.080000E-3	0.000000E+0	2.690500E+4
7.100000E-3	0.000000E+0	2.675900E+4
7.120000E-3	0.000000E+0	2.684400E+4
7.140000E-3	0.000000E+0	2.677200E+4
7.160000E-3	0.000000E+0	2.673700E+4
7.180000E-3	0.000000E+0	2.666500E+4
7.200000E-3	0.000000E+0	2.696200E+4
7.220000E-3	0.000000E+0	2.669700E+4
7.240000E-3	0.000000E+0	2.677900E+4
7.260000E-3	0.000000E+0	2.685600E+4
7.280000E-3	0.000000E+0	2.702200E+4
7.300000E-3	0.000000E+0	2.675900E+4
7.320000E-3	0.000000E+0	2.673000E+4
7.340000E-3	0.000000E+0	2.683400E+4
7.360000E-3	0.000000E+0	2.682200E+4
7.380000E-3	0.000000E+0	2.652100E+4
7.400000E-3	0.000000E+0	2.668600E+4
7.420000E-3	0.000000E+0	2.691400E+4
7.440000E-3	0.000000E+0	2.687500E+4
7.460000E-3	0.000000E+0	2.713200E+4
7.480000E-3	0.000000E+0	2.650300E+4
7.500000E-3	0.000000E+0	2.673000E+4
7.520000E-3	0.000000E+0	2.679900E+4
7.540000E-3	0.000000E+0	2.678100E+4
7.560000E-3	0.000000E+0	2.668800E+4
7.580000E-3	0.000000E+0	2.683100E+4
7.600000E-3	0.000000E+0	2.661100E+4
7.620000E-3	0.000000E+0	2.691800E+4
7.640000E-3	0.000000E+0	2.691200E+4
7.660000E-3	0.000000E+0	2.690100E+4
7.680000E-3	0.000000E+0	2.668400E+4
7.700000E-3	0.000000E+0	2.661500E+4
7.720000E-3	0.000000E+0	2.685200E+4
7.740000E-3	0.000000E+0	2.675600E+4
7.760000E-3	0.000000E+0	2.655600E+4
7.780000E-3	0.000000E+0	2.663800E+4
7.800000E-3	0.000000E+0	2.707700E+4
7.820000E-3	0.000000E+0	2.679900E+4
7.840000E-3	0.000000E+0	2.669600E+4
7.860000E-3	0.000000E+0	2.695300E+4
7.880000E-3	0.000000E+0	2.697700E+4
7.900000E-3	0.000000E+0	2.682000E+4
7.920000E-3	0.000000E+0	2.696000E+4
7.940000E-3	0.000000E+0	2.662300E+4
7.960000E-3	0.000000E+0	2.665200E+4
7.980000E-3	0.000000E+0	2.713900E+4
8.000000E-3	0.000000E+0	2.683900E+4
8.020000E-3	0.000000E+0	2.648400E+4
8.040000E-3	0.000000E+0	2.657200E+4
8.060000E-3	0.000000E+0	2.662600E+4
8.080000E-3	0.000000E+0	2.683400E+4
8.100000E-3	0.000000E+0	2.661900E+4
8.120000E-3	0.000000E+0	2.619900E+4
8.140000E-3	0.000000E+0	2.712400E+4
8.160000E-3	0.000000E+0	2.700600E+4
8.180000E-3	0.000000E+0	2.687500E+4
8.200000E-3	0.000000E+0	2.694600E+4
8.220000E-3	0.000000E+0	2.663500E+4
8.240000E-3	0.000000E+0	2.686500E+4
8.260000E-3	0.000000E+0	2.678800E+4
8.280000E-3	0.000000E+0	2.667700E+4
8.300000E-3	0.000000E+0	2.686100E+4
8.320000E-3	0.000000E+0	2.646500E+4
8.340000E-3	0.000000E+0	2.679600E+4
8.360000E-3	0.000000E+0	2.671600E+4
8.380000E-3	0.000000E+0	2.653800E+4
8.400000E-3	0.000000E+0	2.686600E+4
8.420000E-3	0.000000E+0	2.652200E+4
8.440000E-3	0.000000E+0	2.672000E+4
8.460000E-3	0.000000E+0	2.627700E+4
8.480000E-3	0.000000E+0	2.703700E+4
8.500000E-3	0.000000E+0	2.673800E+4
8.520000E-3	0.000000E+0	2.673500E+4
8.540000E-3	0.000000E+0	2.659800E+4
8.560000E-3	0.000000E+0	2.679100E+4
8.580000E-3	0.000000E+0	2.672300E+4
8.600000E-3	0.000000E+0	2.692200E+4
8.620000E-3	0.000000E+0	2.707100E+4
8.640000E-3	0.000000E+0	2.692900E+4
8.660000E-3	0.000000E+0	2.712000E+4
8.680000E-3	0.000000E+0	2.669100E+4
8.700000E-3	0.000000E+0	2.673400E+4
8.720000E-3	0.000000E+0	2.696200E+4
8.740000E-3	0.000000E+0	2.696800E+4
8.760000E-3	0.000000E+0	2.696500E+4
8.780000E-3	0.000000E+0	2.666300E+4
8.800000E-3	0.000000E+0	2.664600E+4
8.820000E-3	0.000000E+0	2.680900E+4
8.840000E-3	0.000000E+0	2.683100E+4
8.860000E-3	0.000000E+0	2.650800E+4
8.880000E-3	0.000000E+0	2.688300E+4
8.900000E-3	0.000000E+0	2.655400E+4
8.920000E-3	0.000000E+0	2.642000E+4
8.940000E-3	0.000000E+0	2.658200E+4
8.960000E-3	0.000000E+0	2.681400E+4
8.980000E-3	0.000000E+0	2.685000E+4
9.000000E-3	0.000000E+0	2.695600E+4
9.020000E-3	0.000000E+0	2.678500E+4
9.040000E-3	0.000000E+0	2.658500E+4
9.060000E-3	0.000000E+0	2.669000E+4
9.080000E-3	0.000000E+0	2.671200E+4
9.100000E-3	0.000000E+0	2.698400E+4
9.120000E-3	0.000000E+0	2.716900E+4
9.140000E-3	0.000000E+0	2.655700E+4
9.160000E-3	0.000000E+0	2.660600E+4
9.180000E-3	0.000000E+0	2.699500E+4
9.200000E-3	0.000000E+0	2.689700E+4
9.220000E-3	0.000000E+0	2.682700E+4
9.240000E-3	0.000000E+0	2.678500E+4
9.260000E-3	0.000000E+0	2.665600E+4
9.280000E-3	0.000000E+0	2.693400E+4
9.300000E-3	0.000000E+0	2.664000E+4
9.320000E-3	0.000000E+0	2.654000E+4
9.340000E-3	0.000000E+0	2.674700E+4
9.360000E-3	0.000000E+0	2.685300E+4
9.380000E-3	0.000000E+0	2.688000E+4
9.400000E-3	0.000000E+0	2.646900E+4
9.420000E-3	0.000000E+0	2.685000E+4
9.440000E-3	0.000000E+0	2.675700E+4
9.460000E-3	0.000000E+0	2.660400E+4
9.480000E-3	0.000000E+0	2.676800E+4
9.500000E-3	0.000000E+0	2.675500E+4
9.520000E-3	0.000000E+0	2.660400E+4
9.540000E-3	0.000000E+0	2.701700E+4
9.560000E-3	0.000000E+0	2.676900E+4
9.580000E-3	0.000000E+0	2.685300E+4
9.600000E-3	0.000000E+0	2.663400E+4
9.620000E-3	0.000000E+0	2.679600E+4
9.640000E-3	0.000000E+0	2.692000E+4
9.660000E-3	0.000000E+0	2.675800E+4
9.680000E-3	0.000000E+0	2.690300E+4
9.700000E-3	0.000000E+0	2.681500E+4
9.720000E-3	0.000000E+0	2.669300E+4
9.740000E-3	0.000000E+0	2.687400E+4
9.760000E-3	0.000000E+0	2.672000E+4
9.780000E-3	0.000000E+0	2.682200E+4
9.800000E-3	0.000000E+0	2.666600E+4
9.820000E-3	0.000000E+0	2.680800E+4
9.840000E-3	0.000000E+0	2.688700E+4
9.860000E-3	0.000000E+0	2.657800E+4
9.880000E-3	0.000000E+0	2.662400E+4
9.900000E-3	0.000000E+0	2.680700E+4
9.920000E-3	0.000000E+0	2.658900E+4
9.940000E-3	0.000000E+0	2.682700E+4
9.960000E-3	0.000000E+0	2.724600E+4
9.980000E-3	0.000000E+0	2.691500E+4
1.000000E-2	0.000000E+0	2.671800E+4
1.002000E-2	0.000000E+0	2.698100E+4
1.004000E-2	0.000000E+0	2.694400E+4
1.006000E-2	0.000000E+0	2.671100E+4
1.008000E-2	0.000000E+0	2.680400E+4
1.010000E-2	0.000000E+0	2.659400E+4
1.012000E-2	0.000000E+0	2.662400E+4
1.014000E-2	0.000000E+0	2.679400E+4
1.016000E-2	0.000000E+0	2.666800E+4
1.018000E-2	0.000000E+0	2.640700E+4
1.020000E-2	0.000000E+0	2.684500E+4
1.022000E-2	0.000000E+0	2.669100E+4
1.024000E-2	0.000000E+0	2.695200E+4
1.026000E-2	0.000000E+0	2.652600E+4
1.028000E-2	0.000000E+0	2.670800E+4
1.030000E-2	0.000000E+0	2.696600E+4
1.032000E-2	0.000000E+0	2.671700E+4
1.034000E-2	0.000000E+0	2.682600E+4
1.036000E-2	0.000000E+0	2.645400E+4
1.038000E-2	0.000000E+0	2.681300E+4
1.040000E-2	0.000000E+0	2.677800E+4
1.042000E-2	0.000000E+0	2.708200E+4
1.044000E-2	0.000000E+0	2.662000E+4
1.046000E-2	0.000000E+0	2.682000E+4
1.048000E-2	0.000000E+0	2.665200E+4
1.050000E-2	0.000000E+0	2.654700E+4
1.052000E-2	0.000000E+0	2.675400E+4
1.054000E-2	0.000000E+0	2.671200E+4
1.056000E-2	0.000000E+0	2.680800E+4
1.058000E-2	0.000000E+0	2.685800E+4
1.060000E-2	0.000000E+0	2.672000E+4
1.062000E-2	0.000000E+0	2.698700E+4
1.064000E-2	0.000000E+0	2.698100E+4
1.066000E-2	0.000000E+0	2.686400E+4
1.068000E-2	0.000000E+0	2.676000E+4
1.070000E-2	0.000000E+0	2.680900E+4
1.072000E-2	0.000000E+0	2.698200E+4
1.074000E-2	0.000000E+0	2.678100E+4
1.076000E-2	0.000000E+0	2.631400E+4
1.078000E-2	0.000000E+0	2.693800E+4
1.080000E-2	0.000000E+0	2.672600E+4
1.082000E-2	0.000000E+0	2.678400E+4
1.084000E-2	0.000000E+0	2.668400E+4
1.086000E-2	0.000000E+0	2.648800E+4
1.088000E-2	0.000000E+0	2.655500E+4
1.090000E-2	0.000000E+0	2.699900E+4
1.092000E-2	0.000000E+0	2.689300E+4
1.094000E-2	0.000000E+0	2.680800E+4
1.096000E-2	0.000000E+0	2.659900E+4
1.098000E-2	0.000000E+0	2.672500E+4
1.100000E-2	0.000000E+0	2.664400E+4
1.102000E-2	0.000000E+0	2.667400E+4
1.104000E-2	0.000000E+0	2.689000E+4
1.106000E-2	0.000000E+0	2.676800E+4
1.108000E-2	0.000000E+0	2.643300E+4
1.110000E-2	0.000000E+0	2.673200E+4
1.112000E-2	0.000000E+0	2.671200E+4
1.114000E-2	0.000000E+0	2.696700E+4
1.116000E-2	0.000000E+0	2.708600E+4
1.118000E-2	0.000000E+0	2.707200E+4
1.120000E-2	0.000000E+0	2.663500E+4
1.122000E-2	0.000000E+0	2.687000E+4
1.124000E-2	0.000000E+0	2.694700E+4
1.126000E-2	0.000000E+0	2.692300E+4
1.128000E-2	0.000000E+0	2.657800E+4
1.130000E-2	0.000000E+0	2.679300E+4
1.132000E-2	0.000000E+0	2.675700E+4
1.134000E-2	0.000000E+0	2.661000E+4
1.136000E-2	0.000000E+0	2.699300E+4
1.138000E-2	0.000000E+0	2.660500E+4
1.140000E-2	0.000000E+0	2.651700E+4
1.142000E-2	0.000000E+0	2.684100E+4
1.144000E-2	0.000000E+0	2.639000E+4
1.146000E-2	0.000000E+0	2.655700E+4
1.148000E-2	0.000000E+0	2.647900E+4
1.150000E-2	0.000000E+0	2.663800E+4
1.152000E-2	0.000000E+0	2.686500E+4
1.154000E-2	0.000000E+0	2.639400E+4
1.156000E-2	0.000000E+0	2.660500E+4
1.158000E-2	0.000000E+0	2.677200E+4
1.160000E-2	0.000000E+0	2.677100E+4
1.162000E-2	0.000000E+0	2.696700E+4
1.164000E-2	0.000000E+0	2.711000E+4
1.166000E-2	0.000000E+0	2.672600E+4
1.168000E-2	0.000000E+0	2.684800E+4
1.170000E-2	0.000000E+0	2.667300E+4
1.172000E-2	0.000000E+0	2.674200E+4
1.174000E-2	0.000000E+0	2.678800E+4
1.176000E-2	0.000000E+0	2.673400E+4
1.178000E-2	0.000000E+0	2.678300E+4
1.180000E-2	0.000000E+0	2.687000E+4
1.182000E-2	0.000000E+0	2.719100E+4
1.184000E-2	0.000000E+0	2.666100E+4
1.186000E-2	0.000000E+0	2.681000E+4
1.188000E-2	0.000000E+0	2.650300E+4
1.190000E-2	0.000000E+0	2.646500E+4
1.192000E-2	0.000000E+0	2.694400E+4
1.194000E-2	0.000000E+0	2.705200E+4
1.196000E-2	0.000000E+0	2.657700E+4
1.198000E-2	0.000000E+0	2.668700E+4
1.200000E-2	0.000000E+0	2.664200E+4
1.202000E-2	0.000000E+0	2.673400E+4
1.204000E-2	0.000000E+0	2.688100E+4
1.206000E-2	0.000000E+0	2.667300E+4
1.208000E-2	0.000000E+0	2.680800E+4
1.210000E-2	0.000000E+0	2.665400E+4
1.212000E-2	0.000000E+0	2.699300E+4
1.214000E-2	0.000000E+0	2.667800E+4
1.216000E-2	0.000000E+0	2.723000E+4
1.218000E-2	0.000000E+0	2.695500E+4
1.220000E-2	0.000000E+0	2.672400E+4
1.222000E-2	0.000000E+0	2.679500E+4
1.224000E-2	0.000000E+0	2.677800E+4
1.226000E-2	0.000000E+0	2.677900E+4
1.228000E-2	0.000000E+0	2.692400E+4
1.230000E-2	0.000000E+0	2.671500E+4
1.232000E-2	0.000000E+0	2.681900E+4
1.234000E-2	0.000000E+0	2.661600E+4
1.236000E-2	0.000000E+0	2.669400E+4
1.238000E-2	0.000000E+0	2.673200E+4
1.240000E-2	0.000000E+0	2.688800E+4
1.242000E-2	0.000000E+0	2.643600E+4
1.244000E-2	0.000000E+0	2.664000E+4
1.246000E-2	0.000000E+0	2.641400E+4
1.248000E-2	0.000000E+0	2.678800E+4
1.250000E-2	0.000000E+0	2.664600E+4
1.252000E-2	0.000000E+0	2.664600E+4
1.254000E-2	0.000000E+0	2.673400E+4
1.256000E-2	0.000000E+0	2.676000E+4
1.258000E-2	0.000000E+0	2.665800E+4
1.260000E-2	0.000000E+0	2.697300E+4
1.262000E-2	0.000000E+0	2.659100E+4
1.264000E-2	0.000000E+0	2.697800E+4
1.266000E-2	0.000000E+0	2.679600E+4
1.268000E-2	0.000000E+0	2.676600E+4
1.270000E-2	0.000000E+0	2.647600E+4
1.272000E-2	0.000000E+0	2.669400E+4
1.274000E-2	0.000000E+0	2.678800E+4
1.276000E-2	0.000000E+0	2.658000E+4
1.278000E-2	0.000000E+0	2.689300E+4
1.280000E-2	0.000000E+0	2.684700E+4
1.282000E-2	0.000000E+0	2.701400E+4
1.284000E-2	0.000000E+0	2.674200E+4
1.286000E-2	0.000000E+0	2.681900E+4
1.288000E-2	0.000000E+0	2.679500E+4
1.290000E-2	0.000000E+0	2.665600E+4
1.292000E-2	0.000000E+0	2.696400E+4
1.294000E-2	0.000000E+0	2.681300E+4
1.296000E-2	0.000000E+0	2.710500E+4
1.298000E-2	0.000000E+0	2.640500E+4
1.300000E-2	0.000000E+0	2.697400E+4
1.302000E-2	0.000000E+0	2.676400E+4
1.304000E-2	0.000000E+0	2.673100E+4
1.306000E-2	0.000000E+0	2.668900E+4
1.308000E-2	0.000000E+0	2.656400E+4
1.310000E-2	0.000000E+0	2.676600E+4
1.312000E-2	0.000000E+0	2.655800E+4
1.314000E-2	0.000000E+0	2.691000E+4
1.316000E-2	0.000000E+0	2.685800E+4
1.318000E-2	0.000000E+0	2.652800E+4
1.320000E-2	0.000000E+0	2.685300E+4
1.322000E-2	0.000000E+0	2.676000E+4
1.324000E-2	0.000000E+0	2.663000E+4
1.326000E-2	0.000000E+0	2.681100E+4
1.328000E-2	0.000000E+0	2.672600E+4
1.330000E-2	0.000000E+0	2.664700E+4
1.332000E-2	0.000000E+0	2.689900E+4
1.334000E-2	0.000000E+0	2.691600E+4
1.336000E-2	0.000000E+0	2.709000E+4
1.338000E-2	0.000000E+0	2.658100E+4
1.340000E-2	0.000000E+0	2.660600E+4
1.342000E-2	0.000000E+0	2.677400E+4
1.344000E-2	0.000000E+0	2.669800E+4
1.346000E-2	0.000000E+0	2.658800E+4
1.348000E-2	0.000000E+0	2.667300E+4
1.350000E-2	0.000000E+0	2.679800E+4
1.352000E-2	0.000000E+0	2.668300E+4
1.354000E-2	0.000000E+0	2.670700E+4
1.356000E-2	0.000000E+0	2.678600E+4
1.358000E-2	0.000000E+0	2.683900E+4
1.360000E-2	0.000000E+0	2.674800E+4
1.362000E-2	0.000000E+0	2.664000E+4
1.364000E-2	0.000000E+0	2.666400E+4
1.366000E-2	0.000000E+0	2.681400E+4
1.368000E-2	0.000000E+0	2.698300E+4
1.370000E-2	0.000000E+0	2.673500E+4
1.372000E-2	0.000000E+0	2.671900E+4
1.374000E-2	0.000000E+0	2.672500E+4
1.376000E-2	0.000000E+0	2.679500E+4
1.378000E-2	0.000000E+0	2.696300E+4
1.380000E-2	0.000000E+0	2.662700E+4
1.382000E-2	0.000000E+0	2.664400E+4
1.384000E-2	0.000000E+0	2.667400E+4
1.386000E-2	0.000000E+0	2.634600E+4
1.388000E-2	0.000000E+0	2.667000E+4
1.390000E-2	0.000000E+0	2.662100E+4
1.392000E-2	0.000000E+0	2.677200E+4
1.394000E-2	0.000000E+0	2.665500E+4
1.396000E-2	0.000000E+0	2.685100E+4
1.398000E-2	0.000000E+0	2.705800E+4
1.400000E-2	0.000000E+0	2.685500E+4
1.402000E-2	0.000000E+0	2.679000E+4
1.404000E-2	0.000000E+0	2.681800E+4
1.406000E-2	0.000000E+0	2.675500E+4
1.408000E-2	0.000000E+0	2.685400E+4
1.410000E-2	0.000000E+0	2.692900E+4
1.412000E-2	0.000000E+0	2.678600E+4
1.414000E-2	0.000000E+0	2.668000E+4
1.416000E-2	0.000000E+0	2.686700E+4
1.418000E-2	0.000000E+0	2.662400E+4
1.420000E-2	0.000000E+0	2.662300E+4
1.422000E-2	0.000000E+0	2.683100E+4
1.424000E-2	0.000000E+0	2.684900E+4
1.426000E-2	0.000000E+0	2.693000E+4
1.428000E-2	0.000000E+0	2.686800E+4
1.430000E-2	0.000000E+0	2.678100E+4
1.432000E-2	0.000000E+0	2.683100E+4
1.434000E-2	0.000000E+0	2.669300E+4
1.436000E-2	0.000000E+0	2.692800E+4
1.438000E-2	0.000000E+0	2.677300E+4
1.440000E-2	0.000000E+0	2.680300E+4
1.442000E-2	0.000000E+0	2.672800E+4
1.444000E-2	0.000000E+0	2.678100E+4
1.446000E-2	0.000000E+0	2.663300E+4
1.448000E-2	0.000000E+0	2.660100E+4
1.450000E-2	0.000000E+0	2.658300E+4
1.452000E-2	0.000000E+0	2.670800E+4
1.454000E-2	0.000000E+0	2.655100E+4
1.456000E-2	0.000000E+0	2.675800E+4
1.458000E-2	0.000000E+0	2.649000E+4
1.460000E-2	0.000000E+0	2.691100E+4
1.462000E-2	0.000000E+0	2.703700E+4
1.464000E-2	0.000000E+0	2.653900E+4
1.466000E-2	0.000000E+0	2.657400E+4
1.468000E-2	0.000000E+0	2.662600E+4
1.470000E-2	0.000000E+0	2.669100E+4
1.472000E-2	0.000000E+0	2.640000E+4
1.474000E-2	0.000000E+0	2.678800E+4
1.476000E-2	0.000000E+0	2.663800E+4
1.478000E-2	0.000000E+0	2.668100E+4
1.480000E-2	0.000000E+0	2.660300E+4
1.482000E-2	0.000000E+0	2.684400E+4
1.484000E-2	0.000000E+0	2.664500E+4
1.486000E-2	0.000000E+0	2.677500E+4
1.488000E-2	0.000000E+0	2.678400E+4
1.490000E-2	0.000000E+0	2.666200E+4
1.492000E-2	0.000000E+0	2.649300E+4
1.494000E-2	0.000000E+0	2.664400E+4
1.496000E-2	0.000000E+0	2.690300E+4
1.498000E-2	0.000000E+0	2.682800E+4
1.500000E-2	0.000000E+0	2.664600E+4
1.502000E-2	0.000000E+0	2.651500E+4
1.504000E-2	0.000000E+0	2.671500E+4
1.506000E-2	0.000000E+0	2.662700E+4
1.508000E-2	0.000000E+0	2.649800E+4
1.510000E-2	0.000000E+0	2.674700E+4
1.512000E-2	0.000000E+0	2.692600E+4
1.514000E-2	0.000000E+0	2.666500E+4
1.516000E-2	0.000000E+0	2.656900E+4
1.518000E-2	0.000000E+0	2.641600E+4
1.520000E-2	0.000000E+0	2.666600E+4
1.522000E-2	0.000000E+0	2.663500E+4
1.524000E-2	0.000000E+0	2.684200E+4
1.526000E-2	0.000000E+0	2.646700E+4
1.528000E-2	0.000000E+0	2.670700E+4
1.530000E-2	0.000000E+0	2.687300E+4
1.532000E-2	0.000000E+0	2.662200E+4
1.534000E-2	0.000000E+0	2.673500E+4
1.536000E-2	0.000000E+0	2.684300E+4
1.538000E-2	0.000000E+0	2.679000E+4
1.540000E-2	0.000000E+0	2.638000E+4
1.542000E-2	0.000000E+0	2.665600E+4
1.544000E-2	0.000000E+0	2.664300E+4
1.546000E-2	0.000000E+0	2.686900E+4
1.548000E-2	0.000000E+0	2.655000E+4
1.550000E-2	0.000000E+0	2.692100E+4
1.552000E-2	0.000000E+0	2.697300E+4
1.554000E-2	0.000000E+0	2.700000E+4
1.556000E-2	0.000000E+0	2.689200E+4
1.558000E-2	0.000000E+0	2.695100E+4
1.560000E-2	0.000000E+0	2.686700E+4
1.562000E-2	0.000000E+0	2.667300E+4
1.564000E-2	0.000000E+0	2.675100E+4
1.566000E-2	0.000000E+0	2.694000E+4
1.568000E-2	0.000000E+0	2.660700E+4
1.570000E-2	0.000000E+0	2.648400E+4
1.572000E-2	0.000000E+0	2.675900E+4
1.574000E-2	0.000000E+0	2.655400E+4
1.576000E-2	0.000000E+0	2.679200E+4
1.578000E-2	0.000000E+0	2.660700E+4
1.580000E-2	0.000000E+0	2.689600E+4
1.582000E-2	0.000000E+0	2.682800E+4
1.584000E-2	0.000000E+0	2.681000E+4
1.586000E-2	0.000000E+0	2.699500E+4
1.588000E-2	0.000000E+0	2.671900E+4
1.590000E-2	0.000000E+0	2.663300E+4
1.592000E-2	0.000000E+0	2.670000E+4
1.594000E-2	0.000000E+0	2.701900E+4
1.596000E-2	0.000000E+0	2.664900E+4
1.598000E-2	0.000000E+0	2.708800E+4
1.600000E-2	0.000000E+0	2.645600E+4
1.602000E-2	0.000000E+0	2.677500E+4
1.604000E-2	0.000000E+0	2.669000E+4
1.606000E-2	0.000000E+0	2.643700E+4
1.608000E-2	0.000000E+0	2.664400E+4
1.610000E-2	0.000000E+0	2.650300E+4
1.612000E-2	0.000000E+0	2.696000E+4
1.614000E-2	0.000000E+0	2.661900E+4
1.616000E-2	0.000000E+0	2.682400E+4
1.618000E-2	0.000000E+0	2.660800E+4
1.620000E-2	0.000000E+0	2.683200E+4
1.622000E-2	0.000000E+0	2.674900E+4
1.624000E-2	0.000000E+0	2.677300E+4
1.626000E-2	0.000000E+0	2.651500E+4
1.628000E-2	0.000000E+0	2.650400E+4
1.630000E-2	0.000000E+0	2.671600E+4
1.632000E-2	0.000000E+0	2.667900E+4
1.634000E-2	0.000000E+0	2.661600E+4
1.636000E-2	0.000000E+0	2.652200E+4
1.638000E-2	0.000000E+0	2.675100E+4
1.640000E-2	0.000000E+0	2.684500E+4
1.642000E-2	0.000000E+0	2.688400E+4
1.644000E-2	0.000000E+0	2.664200E+4
1.646000E-2	0.000000E+0	2.689300E+4
1.648000E-2	0.000000E+0	2.658200E+4
1.650000E-2	0.000000E+0	2.670100E+4
1.652000E-2	0.000000E+0	2.670400E+4
1.654000E-2	0.000000E+0	2.682000E+4
1.656000E-2	0.000000E+0	2.665600E+4
1.658000E-2	0.000000E+0	2.645000E+4
1.660000E-2	0.000000E+0	2.659500E+4
1.662000E-2	0.000000E+0	2.666300E+4
1.664000E-2	0.000000E+0	2.684900E+4
1.666000E-2	0.000000E+0	2.673800E+4
1.668000E-2	0.000000E+0	2.638800E+4
1.670000E-2	0.000000E+0	2.653600E+4
1.672000E-2	0.000000E+0	2.656000E+4
1.674000E-2	0.000000E+0	2.666900E+4
1.676000E-2	0.000000E+0	2.673700E+4
1.678000E-2	0.000000E+0	2.642700E+4
1.680000E-2	0.000000E+0	2.677000E+4
1.682000E-2	0.000000E+0	2.663800E+4
1.684000E-2	0.000000E+0	2.642000E+4
1.686000E-2	0.000000E+0	2.674000E+4
1.688000E-2	0.000000E+0	2.675400E+4
1.690000E-2	0.000000E+0	2.667800E+4
1.692000E-2	0.000000E+0	2.627600E+4
1.694000E-2	0.000000E+0	2.610200E+4
1.696000E-2	0.000000E+0	2.666400E+4
1.698000E-2	0.000000E+0	2.602600E+4
1.700000E-2	0.000000E+0	2.606000E+4
1.702000E-2	0.000000E+0	2.637900E+4
1.704000E-2	0.000000E+0	2.566100E+4
1.706000E-2	0.000000E+0	2.512800E+4
1.708000E-2	0.000000E+0	2.482100E+4
1.710000E-2	0.000000E+0	2.425100E+4
1.712000E-2	0.000000E+0	2.314700E+4
1.714000E-2	0.000000E+0	2.189500E+4
1.716000E-2	0.000000E+0	2.068500E+4
1.718000E-2	0.000000E+0	2.065800E+4
1.720000E-2	0.000000E+0	2.144000E+4
1.722000E-2	0.000000E+0	2.279100E+4
1.724000E-2	0.000000E+0	2.347200E+4
1.726000E-2	0.000000E+0	2.457200E+4
1.728000E-2	0.000000E+0	2.489000E+4
1.730000E-2	0.000000E+0	2.476900E+4
1.732000E-2	0.000000E+0	2.507300E+4
1.734000E-2	0.000000E+0	2.548800E+4
1.736000E-2	0.000000E+0	2.509400E+4
1.738000E-2	0.000000E+0	2.537000E+4
1.740000E-2	0.000000E+0	2.567100E+4
1.742000E-2	0.000000E+0	2.540700E+4
1.744000E-2	0.000000E+0	2.565300E+4
1.746000E-2	0.000000E+0	2.628000E+4
1.748000E-2	0.000000E+0	2.596500E+4
1.750000E-2	0.000000E+0	2.594700E+4
1.752000E-2	0.000000E+0	2.602200E+4
1.754000E-2	0.000000E+0	2.627800E+4
1.756000E-2	0.000000E+0	2.606500E+4
1.758000E-2	0.000000E+0	2.642800E+4
1.760000E-2	0.000000E+0	2.662900E+4
1.762000E-2	0.000000E+0	2.641500E+4
1.764000E-2	0.000000E+0	2.641200E+4
1.766000E-2	0.000000E+0	2.638900E+4
1.768000E-2	0.000000E+0	2.658800E+4
1.770000E-2	0.000000E+0	2.621700E+4
1.772000E-2	0.000000E+0	2.666400E+4
1.774000E-2	0.000000E+0	2.639600E+4
1.776000E-2	0.000000E+0	2.616100E+4
1.778000E-2	0.000000E+0	2.620900E+4
1.780000E-2	0.000000E+0	2.623100E+4
1.782000E-2	0.000000E+0	2.624100E+4
1.784000E-2	0.000000E+0	2.566000E+4
1.786000E-2	0.000000E+0	2.555400E+4
1.788000E-2	0.000000E+0	2.519500E+4
1.790000E-2	0.000000E+0	2.456100E+4
1.792000E-2	0.000000E+0	2.363800E+4
1.794000E-2	0.000000E+0	2.267200E+4
1.796000E-2	0.000000E+0	2.134900E+4
1.798000E-2	0.000000E+0	2.104700E+4
1.800000E-2	0.000000E+0	2.175400E+4
1.802000E-2	0.000000E+0	2.320500E+4
1.804000E-2	0.000000E+0	2.446300E+4
1.806000E-2	0.000000E+0	2.501000E+4
1.808000E-2	0.000000E+0	2.563000E+4
1.810000E-2	0.000000E+0	2.567700E+4
1.812000E-2	0.000000E+0	2.608900E+4
1.814000E-2	0.000000E+0	2.623300E+4
1.816000E-2	0.000000E+0	2.631600E+4
1.818000E-2	0.000000E+0	2.630000E+4
1.820000E-2	0.000000E+0	2.668000E+4
1.822000E-2	0.000000E+0	2.666300E+4
1.824000E-2	0.000000E+0	2.643700E+4
1.826000E-2	0.000000E+0	2.687100E+4
1.828000E-2	0.000000E+0	2.641600E+4
1.830000E-2	0.000000E+0	2.629700E+4
1.832000E-2	0.000000E+0	2.666800E+4
1.834000E-2	0.000000E+0	2.659100E+4
1.836000E-2	0.000000E+0	2.655300E+4
1.838000E-2	0.000000E+0	2.672600E+4
1.840000E-2	0.000000E+0	2.670800E+4
1.842000E-2	0.000000E+0	2.653800E+4
1.844000E-2	0.000000E+0	2.645300E+4
1.846000E-2	0.000000E+0	2.630800E+4
1.848000E-2	0.000000E+0	2.652700E+4
1.850000E-2	0.000000E+0	2.636600E+4
1.852000E-2	0.000000E+0	2.663300E+4
1.854000E-2	0.000000E+0	2.682400E+4
1.856000E-2	0.000000E+0	2.665400E+4
1.858000E-2	0.000000E+0	2.646400E+4
1.860000E-2	0.000000E+0	2.700700E+4
1.862000E-2	0.000000E+0	2.656100E+4
1.864000E-2	0.000000E+0	2.641400E+4
1.866000E-2	0.000000E+0	2.645300E+4
1.868000E-2	0.000000E+0	2.683200E+4
1.870000E-2	0.000000E+0	2.670000E+4
1.872000E-2	0.000000E+0	2.675800E+4
1.874000E-2	0.000000E+0	2.681000E+4
1.876000E-2	0.000000E+0	2.660900E+4
1.878000E-2	0.000000E+0	2.688000E+4
1.880000E-2	0.000000E+0	2.678600E+4
1.882000E-2	0.000000E+0	2.698900E+4
1.884000E-2	0.000000E+0	2.688100E+4
1.886000E-2	0.000000E+0	2.638400E+4
1.888000E-2	0.000000E+0	2.661400E+4
1.890000E-2	0.000000E+0	2.679500E+4
1.892000E-2	0.000000E+0	2.687500E+4
1.894000E-2	0.000000E+0	2.635100E+4
1.896000E-2	0.000000E+0	2.655200E+4
1.898000E-2	0.000000E+0	2.647500E+4
1.900000E-2	0.000000E+0	2.656500E+4
1.902000E-2	0.000000E+0	2.683800E+4
1.904000E-2	0.000000E+0	2.670200E+4
1.906000E-2	0.000000E+0	2.660100E+4
1.908000E-2	0.000000E+0	2.694900E+4
1.910000E-2	0.000000E+0	2.661800E+4
1.912000E-2	0.000000E+0	2.653200E+4
1.914000E-2	0.000000E+0	2.647800E+4
1.916000E-2	0.000000E+0	2.672000E+4
1.918000E-2	0.000000E+0	2.661700E+4
1.920000E-2	0.000000E+0	2.687700E+4
1.922000E-2	0.000000E+0	2.645000E+4
1.924000E-2	0.000000E+0	2.658500E+4
1.926000E-2	0.000000E+0	2.686600E+4
1.928000E-2	0.000000E+0	2.675600E+4
1.930000E-2	0.000000E+0	2.664200E+4
1.932000E-2	0.000000E+0	2.658200E+4
1.934000E-2	0.000000E+0	2.682400E+4
1.936000E-2	0.000000E+0	2.676200E+4
1.938000E-2	0.000000E+0	2.693200E+4
1.940000E-2	0.000000E+0	2.669800E+4
1.942000E-2	0.000000E+0	2.695600E+4
1.944000E-2	0.000000E+0	2.663900E+4
1.946000E-2	0.000000E+0	2.679800E+4
1.948000E-2	0.000000E+0	2.665700E+4
1.950000E-2	0.000000E+0	2.659100E+4
1.952000E-2	0.000000E+0	2.680800E+4
1.954000E-2	0.000000E+0	2.676600E+4
1.956000E-2	0.000000E+0	2.666400E+4
1.958000E-2	0.000000E+0	2.653800E+4
1.960000E-2	0.000000E+0	2.657700E+4
1.962000E-2	0.000000E+0	2.657600E+4
1.964000E-2	0.000000E+0	2.662300E+4
1.966000E-2	0.000000E+0	2.672000E+4
1.968000E-2	0.000000E+0	2.673600E+4
1.970000E-2	0.000000E+0	2.651100E+4
1.972000E-2	0.000000E+0	2.691700E+4
1.974000E-2	0.000000E+0	2.664100E+4
1.976000E-2	0.000000E+0	2.660700E+4
1.978000E-2	0.000000E+0	2.659700E+4
1.980000E-2	0.000000E+0	2.659300E+4
1.982000E-2	0.000000E+0	2.683600E+4
1.984000E-2	0.000000E+0	2.670100E+4
1.986000E-2	0.000000E+0	2.682200E+4
1.988000E-2	0.000000E+0	2.679100E+4
1.990000E-2	0.000000E+0	2.685000E+4
1.992000E-2	0.000000E+0	2.660400E+4
1.994000E-2	0.000000E+0	2.685500E+4
1.996000E-2	0.000000E+0	2.670000E+4
1.998000E-2	0.000000E+0	2.665100E+4
