

live time:  93396.480000
real time:  108007.968000
sweeps:  4669824.000000
0.000000E+0	0.000000E+0	0.000000E+0
2.000000E-5	0.000000E+0	3.482900E+4
4.000000E-5	0.000000E+0	3.497200E+4
6.000000E-5	0.000000E+0	3.534800E+4
8.000000E-5	0.000000E+0	3.499300E+4
1.000000E-4	0.000000E+0	3.504600E+4
1.200000E-4	0.000000E+0	3.470700E+4
1.400000E-4	0.000000E+0	3.472400E+4
1.600000E-4	0.000000E+0	3.519900E+4
1.800000E-4	0.000000E+0	3.438200E+4
2.000000E-4	0.000000E+0	3.528400E+4
2.200000E-4	0.000000E+0	3.545500E+4
2.400000E-4	0.000000E+0	3.486400E+4
2.600000E-4	0.000000E+0	3.467900E+4
2.800000E-4	0.000000E+0	3.476200E+4
3.000000E-4	0.000000E+0	3.484900E+4
3.200000E-4	0.000000E+0	3.486500E+4
3.400000E-4	0.000000E+0	3.468600E+4
3.600000E-4	0.000000E+0	3.513500E+4
3.800000E-4	0.000000E+0	3.478300E+4
4.000000E-4	0.000000E+0	3.492200E+4
4.200000E-4	0.000000E+0	3.500600E+4
4.400000E-4	0.000000E+0	3.468100E+4
4.600000E-4	0.000000E+0	3.474000E+4
4.800000E-4	0.000000E+0	3.508300E+4
5.000000E-4	0.000000E+0	3.482600E+4
5.200000E-4	0.000000E+0	3.500200E+4
5.400000E-4	0.000000E+0	3.471500E+4
5.600000E-4	0.000000E+0	3.540200E+4
5.800000E-4	0.000000E+0	3.466300E+4
6.000000E-4	0.000000E+0	3.480300E+4
6.200000E-4	0.000000E+0	3.489700E+4
6.400000E-4	0.000000E+0	3.502200E+4
6.600000E-4	0.000000E+0	3.478900E+4
6.800000E-4	0.000000E+0	3.481000E+4
7.000000E-4	0.000000E+0	3.505700E+4
7.200000E-4	0.000000E+0	3.487000E+4
7.400000E-4	0.000000E+0	3.506600E+4
7.600000E-4	0.000000E+0	3.488500E+4
7.800000E-4	0.000000E+0	3.467000E+4
8.000000E-4	0.000000E+0	3.512500E+4
8.200000E-4	0.000000E+0	3.500600E+4
8.400000E-4	0.000000E+0	3.497200E+4
8.600000E-4	0.000000E+0	3.509900E+4
8.800000E-4	0.000000E+0	3.468300E+4
9.000000E-4	0.000000E+0	3.491900E+4
9.200000E-4	0.000000E+0	3.487900E+4
9.400000E-4	0.000000E+0	3.515600E+4
9.600000E-4	0.000000E+0	3.468800E+4
9.800000E-4	0.000000E+0	3.497500E+4
1.000000E-3	0.000000E+0	3.488600E+4
1.020000E-3	0.000000E+0	3.499200E+4
1.040000E-3	0.000000E+0	3.479200E+4
1.060000E-3	0.000000E+0	3.491600E+4
1.080000E-3	0.000000E+0	3.512400E+4
1.100000E-3	0.000000E+0	3.524400E+4
1.120000E-3	0.000000E+0	3.469000E+4
1.140000E-3	0.000000E+0	3.495300E+4
1.160000E-3	0.000000E+0	3.460300E+4
1.180000E-3	0.000000E+0	3.494200E+4
1.200000E-3	0.000000E+0	3.473300E+4
1.220000E-3	0.000000E+0	3.479300E+4
1.240000E-3	0.000000E+0	3.484700E+4
1.260000E-3	0.000000E+0	3.440300E+4
1.280000E-3	0.000000E+0	3.477700E+4
1.300000E-3	0.000000E+0	3.495100E+4
1.320000E-3	0.000000E+0	3.495400E+4
1.340000E-3	0.000000E+0	3.497400E+4
1.360000E-3	0.000000E+0	3.472600E+4
1.380000E-3	0.000000E+0	3.448300E+4
1.400000E-3	0.000000E+0	3.510400E+4
1.420000E-3	0.000000E+0	3.510600E+4
1.440000E-3	0.000000E+0	3.489500E+4
1.460000E-3	0.000000E+0	3.518800E+4
1.480000E-3	0.000000E+0	3.463000E+4
1.500000E-3	0.000000E+0	3.511000E+4
1.520000E-3	0.000000E+0	3.511400E+4
1.540000E-3	0.000000E+0	3.474600E+4
1.560000E-3	0.000000E+0	3.487100E+4
1.580000E-3	0.000000E+0	3.488000E+4
1.600000E-3	0.000000E+0	3.483600E+4
1.620000E-3	0.000000E+0	3.490800E+4
1.640000E-3	0.000000E+0	3.480700E+4
1.660000E-3	0.000000E+0	3.476800E+4
1.680000E-3	0.000000E+0	3.478000E+4
1.700000E-3	0.000000E+0	3.483300E+4
1.720000E-3	0.000000E+0	3.471800E+4
1.740000E-3	0.000000E+0	3.477500E+4
1.760000E-3	0.000000E+0	3.511600E+4
1.780000E-3	0.000000E+0	3.509800E+4
1.800000E-3	0.000000E+0	3.504100E+4
1.820000E-3	0.000000E+0	3.521600E+4
1.840000E-3	0.000000E+0	3.491700E+4
1.860000E-3	0.000000E+0	3.492600E+4
1.880000E-3	0.000000E+0	3.478900E+4
1.900000E-3	0.000000E+0	3.494100E+4
1.920000E-3	0.000000E+0	3.494500E+4
1.940000E-3	0.000000E+0	3.479500E+4
1.960000E-3	0.000000E+0	3.489200E+4
1.980000E-3	0.000000E+0	3.478800E+4
2.000000E-3	0.000000E+0	3.480900E+4
2.020000E-3	0.000000E+0	3.522700E+4
2.040000E-3	0.000000E+0	3.483400E+4
2.060000E-3	0.000000E+0	3.510600E+4
2.080000E-3	0.000000E+0	3.478100E+4
2.100000E-3	0.000000E+0	3.483000E+4
2.120000E-3	0.000000E+0	3.483700E+4
2.140000E-3	0.000000E+0	3.501900E+4
2.160000E-3	0.000000E+0	3.504900E+4
2.180000E-3	0.000000E+0	3.503400E+4
2.200000E-3	0.000000E+0	3.491600E+4
2.220000E-3	0.000000E+0	3.499600E+4
2.240000E-3	0.000000E+0	3.450900E+4
2.260000E-3	0.000000E+0	3.502600E+4
2.280000E-3	0.000000E+0	3.476100E+4
2.300000E-3	0.000000E+0	3.497200E+4
2.320000E-3	0.000000E+0	3.492600E+4
2.340000E-3	0.000000E+0	3.499700E+4
2.360000E-3	0.000000E+0	3.502000E+4
2.380000E-3	0.000000E+0	3.475100E+4
2.400000E-3	0.000000E+0	3.478300E+4
2.420000E-3	0.000000E+0	3.490800E+4
2.440000E-3	0.000000E+0	3.508600E+4
2.460000E-3	0.000000E+0	3.492800E+4
2.480000E-3	0.000000E+0	3.519700E+4
2.500000E-3	0.000000E+0	3.515200E+4
2.520000E-3	0.000000E+0	3.473900E+4
2.540000E-3	0.000000E+0	3.537900E+4
2.560000E-3	0.000000E+0	3.492000E+4
2.580000E-3	0.000000E+0	3.488200E+4
2.600000E-3	0.000000E+0	3.521400E+4
2.620000E-3	0.000000E+0	3.491600E+4
2.640000E-3	0.000000E+0	3.507900E+4
2.660000E-3	0.000000E+0	3.492900E+4
2.680000E-3	0.000000E+0	3.469500E+4
2.700000E-3	0.000000E+0	3.489000E+4
2.720000E-3	0.000000E+0	3.496800E+4
2.740000E-3	0.000000E+0	3.483500E+4
2.760000E-3	0.000000E+0	3.488800E+4
2.780000E-3	0.000000E+0	3.516800E+4
2.800000E-3	0.000000E+0	3.507300E+4
2.820000E-3	0.000000E+0	3.554700E+4
2.840000E-3	0.000000E+0	3.490800E+4
2.860000E-3	0.000000E+0	3.477100E+4
2.880000E-3	0.000000E+0	3.488600E+4
2.900000E-3	0.000000E+0	3.493400E+4
2.920000E-3	0.000000E+0	3.503800E+4
2.940000E-3	0.000000E+0	3.517700E+4
2.960000E-3	0.000000E+0	3.526300E+4
2.980000E-3	0.000000E+0	3.486200E+4
3.000000E-3	0.000000E+0	3.451600E+4
3.020000E-3	0.000000E+0	3.496100E+4
3.040000E-3	0.000000E+0	3.526700E+4
3.060000E-3	0.000000E+0	3.501900E+4
3.080000E-3	0.000000E+0	3.495700E+4
3.100000E-3	0.000000E+0	3.493700E+4
3.120000E-3	0.000000E+0	3.500000E+4
3.140000E-3	0.000000E+0	3.490500E+4
3.160000E-3	0.000000E+0	3.502300E+4
3.180000E-3	0.000000E+0	3.494100E+4
3.200000E-3	0.000000E+0	3.490000E+4
3.220000E-3	0.000000E+0	3.512100E+4
3.240000E-3	0.000000E+0	3.503700E+4
3.260000E-3	0.000000E+0	3.445400E+4
3.280000E-3	0.000000E+0	3.519200E+4
3.300000E-3	0.000000E+0	3.512500E+4
3.320000E-3	0.000000E+0	3.487500E+4
3.340000E-3	0.000000E+0	3.481500E+4
3.360000E-3	0.000000E+0	3.466400E+4
3.380000E-3	0.000000E+0	3.492000E+4
3.400000E-3	0.000000E+0	3.498900E+4
3.420000E-3	0.000000E+0	3.462600E+4
3.440000E-3	0.000000E+0	3.490300E+4
3.460000E-3	0.000000E+0	3.482500E+4
3.480000E-3	0.000000E+0	3.507100E+4
3.500000E-3	0.000000E+0	3.470500E+4
3.520000E-3	0.000000E+0	3.537900E+4
3.540000E-3	0.000000E+0	3.498600E+4
3.560000E-3	0.000000E+0	3.495100E+4
3.580000E-3	0.000000E+0	3.485200E+4
3.600000E-3	0.000000E+0	3.482400E+4
3.620000E-3	0.000000E+0	3.447200E+4
3.640000E-3	0.000000E+0	3.487300E+4
3.660000E-3	0.000000E+0	3.458100E+4
3.680000E-3	0.000000E+0	3.487100E+4
3.700000E-3	0.000000E+0	3.471600E+4
3.720000E-3	0.000000E+0	3.461100E+4
3.740000E-3	0.000000E+0	3.490300E+4
3.760000E-3	0.000000E+0	3.490700E+4
3.780000E-3	0.000000E+0	3.502200E+4
3.800000E-3	0.000000E+0	3.500700E+4
3.820000E-3	0.000000E+0	3.505300E+4
3.840000E-3	0.000000E+0	3.503200E+4
3.860000E-3	0.000000E+0	3.506900E+4
3.880000E-3	0.000000E+0	3.487500E+4
3.900000E-3	0.000000E+0	3.501400E+4
3.920000E-3	0.000000E+0	3.518000E+4
3.940000E-3	0.000000E+0	3.477000E+4
3.960000E-3	0.000000E+0	3.481200E+4
3.980000E-3	0.000000E+0	3.497400E+4
4.000000E-3	0.000000E+0	3.479300E+4
4.020000E-3	0.000000E+0	3.466200E+4
4.040000E-3	0.000000E+0	3.475600E+4
4.060000E-3	0.000000E+0	3.510000E+4
4.080000E-3	0.000000E+0	3.500900E+4
4.100000E-3	0.000000E+0	3.468700E+4
4.120000E-3	0.000000E+0	3.476500E+4
4.140000E-3	0.000000E+0	3.481100E+4
4.160000E-3	0.000000E+0	3.459100E+4
4.180000E-3	0.000000E+0	3.462000E+4
4.200000E-3	0.000000E+0	3.505700E+4
4.220000E-3	0.000000E+0	3.518400E+4
4.240000E-3	0.000000E+0	3.485700E+4
4.260000E-3	0.000000E+0	3.488500E+4
4.280000E-3	0.000000E+0	3.507500E+4
4.300000E-3	0.000000E+0	3.510500E+4
4.320000E-3	0.000000E+0	3.491500E+4
4.340000E-3	0.000000E+0	3.539100E+4
4.360000E-3	0.000000E+0	3.505300E+4
4.380000E-3	0.000000E+0	3.464800E+4
4.400000E-3	0.000000E+0	3.496700E+4
4.420000E-3	0.000000E+0	3.487600E+4
4.440000E-3	0.000000E+0	3.506800E+4
4.460000E-3	0.000000E+0	3.498800E+4
4.480000E-3	0.000000E+0	3.446300E+4
4.500000E-3	0.000000E+0	3.474500E+4
4.520000E-3	0.000000E+0	3.468800E+4
4.540000E-3	0.000000E+0	3.504400E+4
4.560000E-3	0.000000E+0	3.469200E+4
4.580000E-3	0.000000E+0	3.487400E+4
4.600000E-3	0.000000E+0	3.464900E+4
4.620000E-3	0.000000E+0	3.454800E+4
4.640000E-3	0.000000E+0	3.496300E+4
4.660000E-3	0.000000E+0	3.466900E+4
4.680000E-3	0.000000E+0	3.445400E+4
4.700000E-3	0.000000E+0	3.454400E+4
4.720000E-3	0.000000E+0	3.451000E+4
4.740000E-3	0.000000E+0	3.439000E+4
4.760000E-3	0.000000E+0	3.439200E+4
4.780000E-3	0.000000E+0	3.390000E+4
4.800000E-3	0.000000E+0	3.408500E+4
4.820000E-3	0.000000E+0	3.403200E+4
4.840000E-3	0.000000E+0	3.341900E+4
4.860000E-3	0.000000E+0	3.314000E+4
4.880000E-3	0.000000E+0	3.228000E+4
4.900000E-3	0.000000E+0	3.090000E+4
4.920000E-3	0.000000E+0	2.956500E+4
4.940000E-3	0.000000E+0	2.768200E+4
4.960000E-3	0.000000E+0	2.755600E+4
4.980000E-3	0.000000E+0	2.815100E+4
5.000000E-3	0.000000E+0	3.018700E+4
5.020000E-3	0.000000E+0	3.175100E+4
5.040000E-3	0.000000E+0	3.246900E+4
5.060000E-3	0.000000E+0	3.345900E+4
5.080000E-3	0.000000E+0	3.377600E+4
5.100000E-3	0.000000E+0	3.367800E+4
5.120000E-3	0.000000E+0	3.427300E+4
5.140000E-3	0.000000E+0	3.445000E+4
5.160000E-3	0.000000E+0	3.405800E+4
5.180000E-3	0.000000E+0	3.433800E+4
5.200000E-3	0.000000E+0	3.422000E+4
5.220000E-3	0.000000E+0	3.453700E+4
5.240000E-3	0.000000E+0	3.466100E+4
5.260000E-3	0.000000E+0	3.444800E+4
5.280000E-3	0.000000E+0	3.424800E+4
5.300000E-3	0.000000E+0	3.445500E+4
5.320000E-3	0.000000E+0	3.456700E+4
5.340000E-3	0.000000E+0	3.431000E+4
5.360000E-3	0.000000E+0	3.480800E+4
5.380000E-3	0.000000E+0	3.437500E+4
5.400000E-3	0.000000E+0	3.449600E+4
5.420000E-3	0.000000E+0	3.377900E+4
5.440000E-3	0.000000E+0	3.444400E+4
5.460000E-3	0.000000E+0	3.375800E+4
5.480000E-3	0.000000E+0	3.382600E+4
5.500000E-3	0.000000E+0	3.364000E+4
5.520000E-3	0.000000E+0	3.321500E+4
5.540000E-3	0.000000E+0	3.306400E+4
5.560000E-3	0.000000E+0	3.291800E+4
5.580000E-3	0.000000E+0	3.324900E+4
5.600000E-3	0.000000E+0	3.276800E+4
5.620000E-3	0.000000E+0	3.269900E+4
5.640000E-3	0.000000E+0	3.225800E+4
5.660000E-3	0.000000E+0	3.185600E+4
5.680000E-3	0.000000E+0	3.091100E+4
5.700000E-3	0.000000E+0	2.978100E+4
5.720000E-3	0.000000E+0	2.865300E+4
5.740000E-3	0.000000E+0	2.713800E+4
5.760000E-3	0.000000E+0	2.681600E+4
5.780000E-3	0.000000E+0	2.802300E+4
5.800000E-3	0.000000E+0	2.996900E+4
5.820000E-3	0.000000E+0	3.111800E+4
5.840000E-3	0.000000E+0	3.248600E+4
5.860000E-3	0.000000E+0	3.309000E+4
5.880000E-3	0.000000E+0	3.346500E+4
5.900000E-3	0.000000E+0	3.400700E+4
5.920000E-3	0.000000E+0	3.422400E+4
5.940000E-3	0.000000E+0	3.410000E+4
5.960000E-3	0.000000E+0	3.424900E+4
5.980000E-3	0.000000E+0	3.460300E+4
6.000000E-3	0.000000E+0	3.463100E+4
6.020000E-3	0.000000E+0	3.438900E+4
6.040000E-3	0.000000E+0	3.468300E+4
6.060000E-3	0.000000E+0	3.479300E+4
6.080000E-3	0.000000E+0	3.467800E+4
6.100000E-3	0.000000E+0	3.488400E+4
6.120000E-3	0.000000E+0	3.477900E+4
6.140000E-3	0.000000E+0	3.463900E+4
6.160000E-3	0.000000E+0	3.486300E+4
6.180000E-3	0.000000E+0	3.517400E+4
6.200000E-3	0.000000E+0	3.474600E+4
6.220000E-3	0.000000E+0	3.458900E+4
6.240000E-3	0.000000E+0	3.503700E+4
6.260000E-3	0.000000E+0	3.483700E+4
6.280000E-3	0.000000E+0	3.470000E+4
6.300000E-3	0.000000E+0	3.494000E+4
6.320000E-3	0.000000E+0	3.481800E+4
6.340000E-3	0.000000E+0	3.493000E+4
6.360000E-3	0.000000E+0	3.490600E+4
6.380000E-3	0.000000E+0	3.495000E+4
6.400000E-3	0.000000E+0	3.523800E+4
6.420000E-3	0.000000E+0	3.483000E+4
6.440000E-3	0.000000E+0	3.463500E+4
6.460000E-3	0.000000E+0	3.471200E+4
6.480000E-3	0.000000E+0	3.444900E+4
6.500000E-3	0.000000E+0	3.473400E+4
6.520000E-3	0.000000E+0	3.458700E+4
6.540000E-3	0.000000E+0	3.488700E+4
6.560000E-3	0.000000E+0	3.462400E+4
6.580000E-3	0.000000E+0	3.479100E+4
6.600000E-3	0.000000E+0	3.478300E+4
6.620000E-3	0.000000E+0	3.493100E+4
6.640000E-3	0.000000E+0	3.480200E+4
6.660000E-3	0.000000E+0	3.480600E+4
6.680000E-3	0.000000E+0	3.494600E+4
6.700000E-3	0.000000E+0	3.496000E+4
6.720000E-3	0.000000E+0	3.459400E+4
6.740000E-3	0.000000E+0	3.473900E+4
6.760000E-3	0.000000E+0	3.485900E+4
6.780000E-3	0.000000E+0	3.472400E+4
6.800000E-3	0.000000E+0	3.479100E+4
6.820000E-3	0.000000E+0	3.456200E+4
6.840000E-3	0.000000E+0	3.468900E+4
6.860000E-3	0.000000E+0	3.504600E+4
6.880000E-3	0.000000E+0	3.480300E+4
6.900000E-3	0.000000E+0	3.491200E+4
6.920000E-3	0.000000E+0	3.498200E+4
6.940000E-3	0.000000E+0	3.502600E+4
6.960000E-3	0.000000E+0	3.500100E+4
6.980000E-3	0.000000E+0	3.471800E+4
7.000000E-3	0.000000E+0	3.511400E+4
7.020000E-3	0.000000E+0	3.472600E+4
7.040000E-3	0.000000E+0	3.477900E+4
7.060000E-3	0.000000E+0	3.483900E+4
7.080000E-3	0.000000E+0	3.487900E+4
7.100000E-3	0.000000E+0	3.482800E+4
7.120000E-3	0.000000E+0	3.511900E+4
7.140000E-3	0.000000E+0	3.486800E+4
7.160000E-3	0.000000E+0	3.487800E+4
7.180000E-3	0.000000E+0	3.475700E+4
7.200000E-3	0.000000E+0	3.521300E+4
7.220000E-3	0.000000E+0	3.490100E+4
7.240000E-3	0.000000E+0	3.490200E+4
7.260000E-3	0.000000E+0	3.496600E+4
7.280000E-3	0.000000E+0	3.514700E+4
7.300000E-3	0.000000E+0	3.502100E+4
7.320000E-3	0.000000E+0	3.508400E+4
7.340000E-3	0.000000E+0	3.499400E+4
7.360000E-3	0.000000E+0	3.488000E+4
7.380000E-3	0.000000E+0	3.459500E+4
7.400000E-3	0.000000E+0	3.482200E+4
7.420000E-3	0.000000E+0	3.511100E+4
7.440000E-3	0.000000E+0	3.510400E+4
7.460000E-3	0.000000E+0	3.530600E+4
7.480000E-3	0.000000E+0	3.469400E+4
7.500000E-3	0.000000E+0	3.471400E+4
7.520000E-3	0.000000E+0	3.490500E+4
7.540000E-3	0.000000E+0	3.488800E+4
7.560000E-3	0.000000E+0	3.481300E+4
7.580000E-3	0.000000E+0	3.498600E+4
7.600000E-3	0.000000E+0	3.471500E+4
7.620000E-3	0.000000E+0	3.495900E+4
7.640000E-3	0.000000E+0	3.497600E+4
7.660000E-3	0.000000E+0	3.491700E+4
7.680000E-3	0.000000E+0	3.481400E+4
7.700000E-3	0.000000E+0	3.464100E+4
7.720000E-3	0.000000E+0	3.504700E+4
7.740000E-3	0.000000E+0	3.491000E+4
7.760000E-3	0.000000E+0	3.468100E+4
7.780000E-3	0.000000E+0	3.473600E+4
7.800000E-3	0.000000E+0	3.515300E+4
7.820000E-3	0.000000E+0	3.511800E+4
7.840000E-3	0.000000E+0	3.472200E+4
7.860000E-3	0.000000E+0	3.486200E+4
7.880000E-3	0.000000E+0	3.513100E+4
7.900000E-3	0.000000E+0	3.505700E+4
7.920000E-3	0.000000E+0	3.501900E+4
7.940000E-3	0.000000E+0	3.475900E+4
7.960000E-3	0.000000E+0	3.492900E+4
7.980000E-3	0.000000E+0	3.522000E+4
8.000000E-3	0.000000E+0	3.501300E+4
8.020000E-3	0.000000E+0	3.462800E+4
8.040000E-3	0.000000E+0	3.477800E+4
8.060000E-3	0.000000E+0	3.468500E+4
8.080000E-3	0.000000E+0	3.507800E+4
8.100000E-3	0.000000E+0	3.494900E+4
8.120000E-3	0.000000E+0	3.442500E+4
8.140000E-3	0.000000E+0	3.526600E+4
8.160000E-3	0.000000E+0	3.526800E+4
8.180000E-3	0.000000E+0	3.503600E+4
8.200000E-3	0.000000E+0	3.507100E+4
8.220000E-3	0.000000E+0	3.475400E+4
8.240000E-3	0.000000E+0	3.508400E+4
8.260000E-3	0.000000E+0	3.502000E+4
8.280000E-3	0.000000E+0	3.487900E+4
8.300000E-3	0.000000E+0	3.489600E+4
8.320000E-3	0.000000E+0	3.474700E+4
8.340000E-3	0.000000E+0	3.486500E+4
8.360000E-3	0.000000E+0	3.480200E+4
8.380000E-3	0.000000E+0	3.465600E+4
8.400000E-3	0.000000E+0	3.505700E+4
8.420000E-3	0.000000E+0	3.482600E+4
8.440000E-3	0.000000E+0	3.475700E+4
8.460000E-3	0.000000E+0	3.438800E+4
8.480000E-3	0.000000E+0	3.516200E+4
8.500000E-3	0.000000E+0	3.503300E+4
8.520000E-3	0.000000E+0	3.495700E+4
8.540000E-3	0.000000E+0	3.467600E+4
8.560000E-3	0.000000E+0	3.503100E+4
8.580000E-3	0.000000E+0	3.493700E+4
8.600000E-3	0.000000E+0	3.501400E+4
8.620000E-3	0.000000E+0	3.517900E+4
8.640000E-3	0.000000E+0	3.517400E+4
8.660000E-3	0.000000E+0	3.531100E+4
8.680000E-3	0.000000E+0	3.487500E+4
8.700000E-3	0.000000E+0	3.500500E+4
8.720000E-3	0.000000E+0	3.500200E+4
8.740000E-3	0.000000E+0	3.511600E+4
8.760000E-3	0.000000E+0	3.511800E+4
8.780000E-3	0.000000E+0	3.478800E+4
8.800000E-3	0.000000E+0	3.493500E+4
8.820000E-3	0.000000E+0	3.494700E+4
8.840000E-3	0.000000E+0	3.493400E+4
8.860000E-3	0.000000E+0	3.466400E+4
8.880000E-3	0.000000E+0	3.495200E+4
8.900000E-3	0.000000E+0	3.471500E+4
8.920000E-3	0.000000E+0	3.442400E+4
8.940000E-3	0.000000E+0	3.482900E+4
8.960000E-3	0.000000E+0	3.494900E+4
8.980000E-3	0.000000E+0	3.502900E+4
9.000000E-3	0.000000E+0	3.511400E+4
9.020000E-3	0.000000E+0	3.489700E+4
9.040000E-3	0.000000E+0	3.472900E+4
9.060000E-3	0.000000E+0	3.462900E+4
9.080000E-3	0.000000E+0	3.496100E+4
9.100000E-3	0.000000E+0	3.512300E+4
9.120000E-3	0.000000E+0	3.534600E+4
9.140000E-3	0.000000E+0	3.475000E+4
9.160000E-3	0.000000E+0	3.483600E+4
9.180000E-3	0.000000E+0	3.522100E+4
9.200000E-3	0.000000E+0	3.513800E+4
9.220000E-3	0.000000E+0	3.472600E+4
9.240000E-3	0.000000E+0	3.485600E+4
9.260000E-3	0.000000E+0	3.483800E+4
9.280000E-3	0.000000E+0	3.507100E+4
9.300000E-3	0.000000E+0	3.469100E+4
9.320000E-3	0.000000E+0	3.482200E+4
9.340000E-3	0.000000E+0	3.488600E+4
9.360000E-3	0.000000E+0	3.507600E+4
9.380000E-3	0.000000E+0	3.491700E+4
9.400000E-3	0.000000E+0	3.465200E+4
9.420000E-3	0.000000E+0	3.492600E+4
9.440000E-3	0.000000E+0	3.492500E+4
9.460000E-3	0.000000E+0	3.468700E+4
9.480000E-3	0.000000E+0	3.493600E+4
9.500000E-3	0.000000E+0	3.492400E+4
9.520000E-3	0.000000E+0	3.475800E+4
9.540000E-3	0.000000E+0	3.516200E+4
9.560000E-3	0.000000E+0	3.493000E+4
9.580000E-3	0.000000E+0	3.508100E+4
9.600000E-3	0.000000E+0	3.476400E+4
9.620000E-3	0.000000E+0	3.513000E+4
9.640000E-3	0.000000E+0	3.503500E+4
9.660000E-3	0.000000E+0	3.486500E+4
9.680000E-3	0.000000E+0	3.498500E+4
9.700000E-3	0.000000E+0	3.497700E+4
9.720000E-3	0.000000E+0	3.482900E+4
9.740000E-3	0.000000E+0	3.493200E+4
9.760000E-3	0.000000E+0	3.476100E+4
9.780000E-3	0.000000E+0	3.495200E+4
9.800000E-3	0.000000E+0	3.477600E+4
9.820000E-3	0.000000E+0	3.510900E+4
9.840000E-3	0.000000E+0	3.503500E+4
9.860000E-3	0.000000E+0	3.477900E+4
9.880000E-3	0.000000E+0	3.471900E+4
9.900000E-3	0.000000E+0	3.494100E+4
9.920000E-3	0.000000E+0	3.470200E+4
9.940000E-3	0.000000E+0	3.492700E+4
9.960000E-3	0.000000E+0	3.540000E+4
9.980000E-3	0.000000E+0	3.531800E+4
1.000000E-2	0.000000E+0	3.483200E+4
1.002000E-2	0.000000E+0	3.521400E+4
1.004000E-2	0.000000E+0	3.523400E+4
1.006000E-2	0.000000E+0	3.475900E+4
1.008000E-2	0.000000E+0	3.497200E+4
1.010000E-2	0.000000E+0	3.449500E+4
1.012000E-2	0.000000E+0	3.473100E+4
1.014000E-2	0.000000E+0	3.497700E+4
1.016000E-2	0.000000E+0	3.472100E+4
1.018000E-2	0.000000E+0	3.456800E+4
1.020000E-2	0.000000E+0	3.504000E+4
1.022000E-2	0.000000E+0	3.480700E+4
1.024000E-2	0.000000E+0	3.514200E+4
1.026000E-2	0.000000E+0	3.460200E+4
1.028000E-2	0.000000E+0	3.476400E+4
1.030000E-2	0.000000E+0	3.521300E+4
1.032000E-2	0.000000E+0	3.471800E+4
1.034000E-2	0.000000E+0	3.496600E+4
1.036000E-2	0.000000E+0	3.450600E+4
1.038000E-2	0.000000E+0	3.480600E+4
1.040000E-2	0.000000E+0	3.493500E+4
1.042000E-2	0.000000E+0	3.526800E+4
1.044000E-2	0.000000E+0	3.487500E+4
1.046000E-2	0.000000E+0	3.500500E+4
1.048000E-2	0.000000E+0	3.475600E+4
1.050000E-2	0.000000E+0	3.458700E+4
1.052000E-2	0.000000E+0	3.476200E+4
1.054000E-2	0.000000E+0	3.478700E+4
1.056000E-2	0.000000E+0	3.500700E+4
1.058000E-2	0.000000E+0	3.505900E+4
1.060000E-2	0.000000E+0	3.494800E+4
1.062000E-2	0.000000E+0	3.522600E+4
1.064000E-2	0.000000E+0	3.494700E+4
1.066000E-2	0.000000E+0	3.492000E+4
1.068000E-2	0.000000E+0	3.497500E+4
1.070000E-2	0.000000E+0	3.482100E+4
1.072000E-2	0.000000E+0	3.508700E+4
1.074000E-2	0.000000E+0	3.499300E+4
1.076000E-2	0.000000E+0	3.442200E+4
1.078000E-2	0.000000E+0	3.499600E+4
1.080000E-2	0.000000E+0	3.480200E+4
1.082000E-2	0.000000E+0	3.486200E+4
1.084000E-2	0.000000E+0	3.496400E+4
1.086000E-2	0.000000E+0	3.465700E+4
1.088000E-2	0.000000E+0	3.462900E+4
1.090000E-2	0.000000E+0	3.519700E+4
1.092000E-2	0.000000E+0	3.497900E+4
1.094000E-2	0.000000E+0	3.483200E+4
1.096000E-2	0.000000E+0	3.471300E+4
1.098000E-2	0.000000E+0	3.489000E+4
1.100000E-2	0.000000E+0	3.476900E+4
1.102000E-2	0.000000E+0	3.474200E+4
1.104000E-2	0.000000E+0	3.496700E+4
1.106000E-2	0.000000E+0	3.494100E+4
1.108000E-2	0.000000E+0	3.468300E+4
1.110000E-2	0.000000E+0	3.488400E+4
1.112000E-2	0.000000E+0	3.491100E+4
1.114000E-2	0.000000E+0	3.517900E+4
1.116000E-2	0.000000E+0	3.527200E+4
1.118000E-2	0.000000E+0	3.535600E+4
1.120000E-2	0.000000E+0	3.456200E+4
1.122000E-2	0.000000E+0	3.513400E+4
1.124000E-2	0.000000E+0	3.505500E+4
1.126000E-2	0.000000E+0	3.525300E+4
1.128000E-2	0.000000E+0	3.482800E+4
1.130000E-2	0.000000E+0	3.500600E+4
1.132000E-2	0.000000E+0	3.490900E+4
1.134000E-2	0.000000E+0	3.477200E+4
1.136000E-2	0.000000E+0	3.513300E+4
1.138000E-2	0.000000E+0	3.479900E+4
1.140000E-2	0.000000E+0	3.471100E+4
1.142000E-2	0.000000E+0	3.502900E+4
1.144000E-2	0.000000E+0	3.447400E+4
1.146000E-2	0.000000E+0	3.481800E+4
1.148000E-2	0.000000E+0	3.458700E+4
1.150000E-2	0.000000E+0	3.473400E+4
1.152000E-2	0.000000E+0	3.504500E+4
1.154000E-2	0.000000E+0	3.439500E+4
1.156000E-2	0.000000E+0	3.484200E+4
1.158000E-2	0.000000E+0	3.483300E+4
1.160000E-2	0.000000E+0	3.501200E+4
1.162000E-2	0.000000E+0	3.524500E+4
1.164000E-2	0.000000E+0	3.517400E+4
1.166000E-2	0.000000E+0	3.492300E+4
1.168000E-2	0.000000E+0	3.491700E+4
1.170000E-2	0.000000E+0	3.478500E+4
1.172000E-2	0.000000E+0	3.484700E+4
1.174000E-2	0.000000E+0	3.486600E+4
1.176000E-2	0.000000E+0	3.476800E+4
1.178000E-2	0.000000E+0	3.487700E+4
1.180000E-2	0.000000E+0	3.505700E+4
1.182000E-2	0.000000E+0	3.533100E+4
1.184000E-2	0.000000E+0	3.475500E+4
1.186000E-2	0.000000E+0	3.492600E+4
1.188000E-2	0.000000E+0	3.465200E+4
1.190000E-2	0.000000E+0	3.451400E+4
1.192000E-2	0.000000E+0	3.518300E+4
1.194000E-2	0.000000E+0	3.510000E+4
1.196000E-2	0.000000E+0	3.468900E+4
1.198000E-2	0.000000E+0	3.478200E+4
1.200000E-2	0.000000E+0	3.471700E+4
1.202000E-2	0.000000E+0	3.495100E+4
1.204000E-2	0.000000E+0	3.516900E+4
1.206000E-2	0.000000E+0	3.469600E+4
1.208000E-2	0.000000E+0	3.492300E+4
1.210000E-2	0.000000E+0	3.484800E+4
1.212000E-2	0.000000E+0	3.515400E+4
1.214000E-2	0.000000E+0	3.483600E+4
1.216000E-2	0.000000E+0	3.555500E+4
1.218000E-2	0.000000E+0	3.509900E+4
1.220000E-2	0.000000E+0	3.495600E+4
1.222000E-2	0.000000E+0	3.487100E+4
1.224000E-2	0.000000E+0	3.506900E+4
1.226000E-2	0.000000E+0	3.492800E+4
1.228000E-2	0.000000E+0	3.516500E+4
1.230000E-2	0.000000E+0	3.485200E+4
1.232000E-2	0.000000E+0	3.499800E+4
1.234000E-2	0.000000E+0	3.475400E+4
1.236000E-2	0.000000E+0	3.465200E+4
1.238000E-2	0.000000E+0	3.489500E+4
1.240000E-2	0.000000E+0	3.489200E+4
1.242000E-2	0.000000E+0	3.459000E+4
1.244000E-2	0.000000E+0	3.484500E+4
1.246000E-2	0.000000E+0	3.459800E+4
1.248000E-2	0.000000E+0	3.489200E+4
1.250000E-2	0.000000E+0	3.463900E+4
1.252000E-2	0.000000E+0	3.465500E+4
1.254000E-2	0.000000E+0	3.490800E+4
1.256000E-2	0.000000E+0	3.483500E+4
1.258000E-2	0.000000E+0	3.486800E+4
1.260000E-2	0.000000E+0	3.521800E+4
1.262000E-2	0.000000E+0	3.452200E+4
1.264000E-2	0.000000E+0	3.520800E+4
1.266000E-2	0.000000E+0	3.483800E+4
1.268000E-2	0.000000E+0	3.495800E+4
1.270000E-2	0.000000E+0	3.454200E+4
1.272000E-2	0.000000E+0	3.477300E+4
1.274000E-2	0.000000E+0	3.481100E+4
1.276000E-2	0.000000E+0	3.457500E+4
1.278000E-2	0.000000E+0	3.511500E+4
1.280000E-2	0.000000E+0	3.498100E+4
1.282000E-2	0.000000E+0	3.519600E+4
1.284000E-2	0.000000E+0	3.499500E+4
1.286000E-2	0.000000E+0	3.499900E+4
1.288000E-2	0.000000E+0	3.489400E+4
1.290000E-2	0.000000E+0	3.462000E+4
1.292000E-2	0.000000E+0	3.501200E+4
1.294000E-2	0.000000E+0	3.474100E+4
1.296000E-2	0.000000E+0	3.511800E+4
1.298000E-2	0.000000E+0	3.453000E+4
1.300000E-2	0.000000E+0	3.505800E+4
1.302000E-2	0.000000E+0	3.480700E+4
1.304000E-2	0.000000E+0	3.492900E+4
1.306000E-2	0.000000E+0	3.461200E+4
1.308000E-2	0.000000E+0	3.469900E+4
1.310000E-2	0.000000E+0	3.487200E+4
1.312000E-2	0.000000E+0	3.458500E+4
1.314000E-2	0.000000E+0	3.512600E+4
1.316000E-2	0.000000E+0	3.511700E+4
1.318000E-2	0.000000E+0	3.470200E+4
1.320000E-2	0.000000E+0	3.495500E+4
1.322000E-2	0.000000E+0	3.485200E+4
1.324000E-2	0.000000E+0	3.464900E+4
1.326000E-2	0.000000E+0	3.493600E+4
1.328000E-2	0.000000E+0	3.477000E+4
1.330000E-2	0.000000E+0	3.480100E+4
1.332000E-2	0.000000E+0	3.498400E+4
1.334000E-2	0.000000E+0	3.502900E+4
1.336000E-2	0.000000E+0	3.529800E+4
1.338000E-2	0.000000E+0	3.467800E+4
1.340000E-2	0.000000E+0	3.481800E+4
1.342000E-2	0.000000E+0	3.476200E+4
1.344000E-2	0.000000E+0	3.466500E+4
1.346000E-2	0.000000E+0	3.474700E+4
1.348000E-2	0.000000E+0	3.488100E+4
1.350000E-2	0.000000E+0	3.500500E+4
1.352000E-2	0.000000E+0	3.484800E+4
1.354000E-2	0.000000E+0	3.497900E+4
1.356000E-2	0.000000E+0	3.495200E+4
1.358000E-2	0.000000E+0	3.482200E+4
1.360000E-2	0.000000E+0	3.477500E+4
1.362000E-2	0.000000E+0	3.481900E+4
1.364000E-2	0.000000E+0	3.477000E+4
1.366000E-2	0.000000E+0	3.496900E+4
1.368000E-2	0.000000E+0	3.497600E+4
1.370000E-2	0.000000E+0	3.474500E+4
1.372000E-2	0.000000E+0	3.487500E+4
1.374000E-2	0.000000E+0	3.459500E+4
1.376000E-2	0.000000E+0	3.485900E+4
1.378000E-2	0.000000E+0	3.514300E+4
1.380000E-2	0.000000E+0	3.493600E+4
1.382000E-2	0.000000E+0	3.485200E+4
1.384000E-2	0.000000E+0	3.471500E+4
1.386000E-2	0.000000E+0	3.437000E+4
1.388000E-2	0.000000E+0	3.484900E+4
1.390000E-2	0.000000E+0	3.465900E+4
1.392000E-2	0.000000E+0	3.484400E+4
1.394000E-2	0.000000E+0	3.466500E+4
1.396000E-2	0.000000E+0	3.491700E+4
1.398000E-2	0.000000E+0	3.501000E+4
1.400000E-2	0.000000E+0	3.490600E+4
1.402000E-2	0.000000E+0	3.502500E+4
1.404000E-2	0.000000E+0	3.496500E+4
1.406000E-2	0.000000E+0	3.483100E+4
1.408000E-2	0.000000E+0	3.503600E+4
1.410000E-2	0.000000E+0	3.494600E+4
1.412000E-2	0.000000E+0	3.493100E+4
1.414000E-2	0.000000E+0	3.482100E+4
1.416000E-2	0.000000E+0	3.495000E+4
1.418000E-2	0.000000E+0	3.482600E+4
1.420000E-2	0.000000E+0	3.467300E+4
1.422000E-2	0.000000E+0	3.497500E+4
1.424000E-2	0.000000E+0	3.493000E+4
1.426000E-2	0.000000E+0	3.501700E+4
1.428000E-2	0.000000E+0	3.502100E+4
1.430000E-2	0.000000E+0	3.500300E+4
1.432000E-2	0.000000E+0	3.504300E+4
1.434000E-2	0.000000E+0	3.475600E+4
1.436000E-2	0.000000E+0	3.511900E+4
1.438000E-2	0.000000E+0	3.497100E+4
1.440000E-2	0.000000E+0	3.493600E+4
1.442000E-2	0.000000E+0	3.485700E+4
1.444000E-2	0.000000E+0	3.490000E+4
1.446000E-2	0.000000E+0	3.476000E+4
1.448000E-2	0.000000E+0	3.476200E+4
1.450000E-2	0.000000E+0	3.467400E+4
1.452000E-2	0.000000E+0	3.476800E+4
1.454000E-2	0.000000E+0	3.477400E+4
1.456000E-2	0.000000E+0	3.493700E+4
1.458000E-2	0.000000E+0	3.461500E+4
1.460000E-2	0.000000E+0	3.511000E+4
1.462000E-2	0.000000E+0	3.527800E+4
1.464000E-2	0.000000E+0	3.466000E+4
1.466000E-2	0.000000E+0	3.481800E+4
1.468000E-2	0.000000E+0	3.465900E+4
1.470000E-2	0.000000E+0	3.490100E+4
1.472000E-2	0.000000E+0	3.453600E+4
1.474000E-2	0.000000E+0	3.476600E+4
1.476000E-2	0.000000E+0	3.479200E+4
1.478000E-2	0.000000E+0	3.483100E+4
1.480000E-2	0.000000E+0	3.478100E+4
1.482000E-2	0.000000E+0	3.484800E+4
1.484000E-2	0.000000E+0	3.463300E+4
1.486000E-2	0.000000E+0	3.479500E+4
1.488000E-2	0.000000E+0	3.489600E+4
1.490000E-2	0.000000E+0	3.467200E+4
1.492000E-2	0.000000E+0	3.462100E+4
1.494000E-2	0.000000E+0	3.476800E+4
1.496000E-2	0.000000E+0	3.520100E+4
1.498000E-2	0.000000E+0	3.505100E+4
1.500000E-2	0.000000E+0	3.468700E+4
1.502000E-2	0.000000E+0	3.468000E+4
1.504000E-2	0.000000E+0	3.481000E+4
1.506000E-2	0.000000E+0	3.476700E+4
1.508000E-2	0.000000E+0	3.447700E+4
1.510000E-2	0.000000E+0	3.468900E+4
1.512000E-2	0.000000E+0	3.501700E+4
1.514000E-2	0.000000E+0	3.469400E+4
1.516000E-2	0.000000E+0	3.462600E+4
1.518000E-2	0.000000E+0	3.457300E+4
1.520000E-2	0.000000E+0	3.465700E+4
1.522000E-2	0.000000E+0	3.471500E+4
1.524000E-2	0.000000E+0	3.490200E+4
1.526000E-2	0.000000E+0	3.473400E+4
1.528000E-2	0.000000E+0	3.477300E+4
1.530000E-2	0.000000E+0	3.521900E+4
1.532000E-2	0.000000E+0	3.467700E+4
1.534000E-2	0.000000E+0	3.484800E+4
1.536000E-2	0.000000E+0	3.495800E+4
1.538000E-2	0.000000E+0	3.480500E+4
1.540000E-2	0.000000E+0	3.451600E+4
1.542000E-2	0.000000E+0	3.475000E+4
1.544000E-2	0.000000E+0	3.465800E+4
1.546000E-2	0.000000E+0	3.508300E+4
1.548000E-2	0.000000E+0	3.462700E+4
1.550000E-2	0.000000E+0	3.496700E+4
1.552000E-2	0.000000E+0	3.510400E+4
1.554000E-2	0.000000E+0	3.506400E+4
1.556000E-2	0.000000E+0	3.500400E+4
1.558000E-2	0.000000E+0	3.512700E+4
1.560000E-2	0.000000E+0	3.512900E+4
1.562000E-2	0.000000E+0	3.475000E+4
1.564000E-2	0.000000E+0	3.498100E+4
1.566000E-2	0.000000E+0	3.495000E+4
1.568000E-2	0.000000E+0	3.477600E+4
1.570000E-2	0.000000E+0	3.470700E+4
1.572000E-2	0.000000E+0	3.490100E+4
1.574000E-2	0.000000E+0	3.468300E+4
1.576000E-2	0.000000E+0	3.485900E+4
1.578000E-2	0.000000E+0	3.479300E+4
1.580000E-2	0.000000E+0	3.511600E+4
1.582000E-2	0.000000E+0	3.485000E+4
1.584000E-2	0.000000E+0	3.491300E+4
1.586000E-2	0.000000E+0	3.517200E+4
1.588000E-2	0.000000E+0	3.471100E+4
1.590000E-2	0.000000E+0	3.478000E+4
1.592000E-2	0.000000E+0	3.484100E+4
1.594000E-2	0.000000E+0	3.506700E+4
1.596000E-2	0.000000E+0	3.479400E+4
1.598000E-2	0.000000E+0	3.522300E+4
1.600000E-2	0.000000E+0	3.457100E+4
1.602000E-2	0.000000E+0	3.508600E+4
1.604000E-2	0.000000E+0	3.490000E+4
1.606000E-2	0.000000E+0	3.448300E+4
1.608000E-2	0.000000E+0	3.481900E+4
1.610000E-2	0.000000E+0	3.457900E+4
1.612000E-2	0.000000E+0	3.509400E+4
1.614000E-2	0.000000E+0	3.477400E+4
1.616000E-2	0.000000E+0	3.488000E+4
1.618000E-2	0.000000E+0	3.461500E+4
1.620000E-2	0.000000E+0	3.494600E+4
1.622000E-2	0.000000E+0	3.476400E+4
1.624000E-2	0.000000E+0	3.492400E+4
1.626000E-2	0.000000E+0	3.472300E+4
1.628000E-2	0.000000E+0	3.481000E+4
1.630000E-2	0.000000E+0	3.482500E+4
1.632000E-2	0.000000E+0	3.464200E+4
1.634000E-2	0.000000E+0	3.474400E+4
1.636000E-2	0.000000E+0	3.455300E+4
1.638000E-2	0.000000E+0	3.495000E+4
1.640000E-2	0.000000E+0	3.493400E+4
1.642000E-2	0.000000E+0	3.495900E+4
1.644000E-2	0.000000E+0	3.471500E+4
1.646000E-2	0.000000E+0	3.499500E+4
1.648000E-2	0.000000E+0	3.484300E+4
1.650000E-2	0.000000E+0	3.487100E+4
1.652000E-2	0.000000E+0	3.473200E+4
1.654000E-2	0.000000E+0	3.495400E+4
1.656000E-2	0.000000E+0	3.480000E+4
1.658000E-2	0.000000E+0	3.439900E+4
1.660000E-2	0.000000E+0	3.457600E+4
1.662000E-2	0.000000E+0	3.470900E+4
1.664000E-2	0.000000E+0	3.510700E+4
1.666000E-2	0.000000E+0	3.484500E+4
1.668000E-2	0.000000E+0	3.456100E+4
1.670000E-2	0.000000E+0	3.470200E+4
1.672000E-2	0.000000E+0	3.471300E+4
1.674000E-2	0.000000E+0	3.475500E+4
1.676000E-2	0.000000E+0	3.484700E+4
1.678000E-2	0.000000E+0	3.449000E+4
1.680000E-2	0.000000E+0	3.492300E+4
1.682000E-2	0.000000E+0	3.473100E+4
1.684000E-2	0.000000E+0	3.461800E+4
1.686000E-2	0.000000E+0	3.491000E+4
1.688000E-2	0.000000E+0	3.472900E+4
1.690000E-2	0.000000E+0	3.465200E+4
1.692000E-2	0.000000E+0	3.433600E+4
1.694000E-2	0.000000E+0	3.426600E+4
1.696000E-2	0.000000E+0	3.455400E+4
1.698000E-2	0.000000E+0	3.401500E+4
1.700000E-2	0.000000E+0	3.412900E+4
1.702000E-2	0.000000E+0	3.417400E+4
1.704000E-2	0.000000E+0	3.352800E+4
1.706000E-2	0.000000E+0	3.258800E+4
1.708000E-2	0.000000E+0	3.217100E+4
1.710000E-2	0.000000E+0	3.139600E+4
1.712000E-2	0.000000E+0	2.987000E+4
1.714000E-2	0.000000E+0	2.826200E+4
1.716000E-2	0.000000E+0	2.688300E+4
1.718000E-2	0.000000E+0	2.718600E+4
1.720000E-2	0.000000E+0	2.819200E+4
1.722000E-2	0.000000E+0	2.992800E+4
1.724000E-2	0.000000E+0	3.091900E+4
1.726000E-2	0.000000E+0	3.217900E+4
1.728000E-2	0.000000E+0	3.259700E+4
1.730000E-2	0.000000E+0	3.243200E+4
1.732000E-2	0.000000E+0	3.279400E+4
1.734000E-2	0.000000E+0	3.315100E+4
1.736000E-2	0.000000E+0	3.280400E+4
1.738000E-2	0.000000E+0	3.298500E+4
1.740000E-2	0.000000E+0	3.345400E+4
1.742000E-2	0.000000E+0	3.324500E+4
1.744000E-2	0.000000E+0	3.362400E+4
1.746000E-2	0.000000E+0	3.420500E+4
1.748000E-2	0.000000E+0	3.389100E+4
1.750000E-2	0.000000E+0	3.390700E+4
1.752000E-2	0.000000E+0	3.399100E+4
1.754000E-2	0.000000E+0	3.404100E+4
1.756000E-2	0.000000E+0	3.416400E+4
1.758000E-2	0.000000E+0	3.446900E+4
1.760000E-2	0.000000E+0	3.451900E+4
1.762000E-2	0.000000E+0	3.455000E+4
1.764000E-2	0.000000E+0	3.449500E+4
1.766000E-2	0.000000E+0	3.446400E+4
1.768000E-2	0.000000E+0	3.457400E+4
1.770000E-2	0.000000E+0	3.412100E+4
1.772000E-2	0.000000E+0	3.461800E+4
1.774000E-2	0.000000E+0	3.439200E+4
1.776000E-2	0.000000E+0	3.415800E+4
1.778000E-2	0.000000E+0	3.398500E+4
1.780000E-2	0.000000E+0	3.420700E+4
1.782000E-2	0.000000E+0	3.419800E+4
1.784000E-2	0.000000E+0	3.344100E+4
1.786000E-2	0.000000E+0	3.314800E+4
1.788000E-2	0.000000E+0	3.263300E+4
1.790000E-2	0.000000E+0	3.177900E+4
1.792000E-2	0.000000E+0	3.042600E+4
1.794000E-2	0.000000E+0	2.911300E+4
1.796000E-2	0.000000E+0	2.769100E+4
1.798000E-2	0.000000E+0	2.775200E+4
1.800000E-2	0.000000E+0	2.882200E+4
1.802000E-2	0.000000E+0	3.051900E+4
1.804000E-2	0.000000E+0	3.201500E+4
1.806000E-2	0.000000E+0	3.282000E+4
1.808000E-2	0.000000E+0	3.338500E+4
1.810000E-2	0.000000E+0	3.347700E+4
1.812000E-2	0.000000E+0	3.405600E+4
1.814000E-2	0.000000E+0	3.419700E+4
1.816000E-2	0.000000E+0	3.435600E+4
1.818000E-2	0.000000E+0	3.437100E+4
1.820000E-2	0.000000E+0	3.479100E+4
1.822000E-2	0.000000E+0	3.465200E+4
1.824000E-2	0.000000E+0	3.444200E+4
1.826000E-2	0.000000E+0	3.500400E+4
1.828000E-2	0.000000E+0	3.453500E+4
1.830000E-2	0.000000E+0	3.448300E+4
1.832000E-2	0.000000E+0	3.467200E+4
1.834000E-2	0.000000E+0	3.468800E+4
1.836000E-2	0.000000E+0	3.461900E+4
1.838000E-2	0.000000E+0	3.481400E+4
1.840000E-2	0.000000E+0	3.484000E+4
1.842000E-2	0.000000E+0	3.466700E+4
1.844000E-2	0.000000E+0	3.455600E+4
1.846000E-2	0.000000E+0	3.439800E+4
1.848000E-2	0.000000E+0	3.455700E+4
1.850000E-2	0.000000E+0	3.434900E+4
1.852000E-2	0.000000E+0	3.469200E+4
1.854000E-2	0.000000E+0	3.494400E+4
1.856000E-2	0.000000E+0	3.476300E+4
1.858000E-2	0.000000E+0	3.458900E+4
1.860000E-2	0.000000E+0	3.499800E+4
1.862000E-2	0.000000E+0	3.446600E+4
1.864000E-2	0.000000E+0	3.452100E+4
1.866000E-2	0.000000E+0	3.463000E+4
1.868000E-2	0.000000E+0	3.497700E+4
1.870000E-2	0.000000E+0	3.477700E+4
1.872000E-2	0.000000E+0	3.487400E+4
1.874000E-2	0.000000E+0	3.495400E+4
1.876000E-2	0.000000E+0	3.471400E+4
1.878000E-2	0.000000E+0	3.496600E+4
1.880000E-2	0.000000E+0	3.485300E+4
1.882000E-2	0.000000E+0	3.499700E+4
1.884000E-2	0.000000E+0	3.485300E+4
1.886000E-2	0.000000E+0	3.451900E+4
1.888000E-2	0.000000E+0	3.474300E+4
1.890000E-2	0.000000E+0	3.480400E+4
1.892000E-2	0.000000E+0	3.499900E+4
1.894000E-2	0.000000E+0	3.471800E+4
1.896000E-2	0.000000E+0	3.472300E+4
1.898000E-2	0.000000E+0	3.457300E+4
1.900000E-2	0.000000E+0	3.453800E+4
1.902000E-2	0.000000E+0	3.504900E+4
1.904000E-2	0.000000E+0	3.487100E+4
1.906000E-2	0.000000E+0	3.461200E+4
1.908000E-2	0.000000E+0	3.513100E+4
1.910000E-2	0.000000E+0	3.469300E+4
1.912000E-2	0.000000E+0	3.464800E+4
1.914000E-2	0.000000E+0	3.473600E+4
1.916000E-2	0.000000E+0	3.485300E+4
1.918000E-2	0.000000E+0	3.458500E+4
1.920000E-2	0.000000E+0	3.515300E+4
1.922000E-2	0.000000E+0	3.454900E+4
1.924000E-2	0.000000E+0	3.482100E+4
1.926000E-2	0.000000E+0	3.493300E+4
1.928000E-2	0.000000E+0	3.484100E+4
1.930000E-2	0.000000E+0	3.493100E+4
1.932000E-2	0.000000E+0	3.482700E+4
1.934000E-2	0.000000E+0	3.506900E+4
1.936000E-2	0.000000E+0	3.490800E+4
1.938000E-2	0.000000E+0	3.509100E+4
1.940000E-2	0.000000E+0	3.494600E+4
1.942000E-2	0.000000E+0	3.502700E+4
1.944000E-2	0.000000E+0	3.477500E+4
1.946000E-2	0.000000E+0	3.475100E+4
1.948000E-2	0.000000E+0	3.480600E+4
1.950000E-2	0.000000E+0	3.473100E+4
1.952000E-2	0.000000E+0	3.498900E+4
1.954000E-2	0.000000E+0	3.502400E+4
1.956000E-2	0.000000E+0	3.469500E+4
1.958000E-2	0.000000E+0	3.454400E+4
1.960000E-2	0.000000E+0	3.471200E+4
1.962000E-2	0.000000E+0	3.470500E+4
1.964000E-2	0.000000E+0	3.477300E+4
1.966000E-2	0.000000E+0	3.480600E+4
1.968000E-2	0.000000E+0	3.482000E+4
1.970000E-2	0.000000E+0	3.462300E+4
1.972000E-2	0.000000E+0	3.496700E+4
1.974000E-2	0.000000E+0	3.467800E+4
1.976000E-2	0.000000E+0	3.482300E+4
1.978000E-2	0.000000E+0	3.464800E+4
1.980000E-2	0.000000E+0	3.483900E+4
1.982000E-2	0.000000E+0	3.503400E+4
1.984000E-2	0.000000E+0	3.494500E+4
1.986000E-2	0.000000E+0	3.493800E+4
1.988000E-2	0.000000E+0	3.489800E+4
1.990000E-2	0.000000E+0	3.506500E+4
1.992000E-2	0.000000E+0	3.463800E+4
1.994000E-2	0.000000E+0	3.504600E+4
1.996000E-2	0.000000E+0	3.472200E+4
1.998000E-2	0.000000E+0	3.463600E+4
