

live time:  143219.280000
real time:  165607.402000
sweeps:  7160964.000000
0.000000E+0	0.000000E+0	0.000000E+0
2.000000E-5	0.000000E+0	5.348600E+4
4.000000E-5	0.000000E+0	5.347600E+4
6.000000E-5	0.000000E+0	5.395300E+4
8.000000E-5	0.000000E+0	5.351500E+4
1.000000E-4	0.000000E+0	5.359300E+4
1.200000E-4	0.000000E+0	5.301500E+4
1.400000E-4	0.000000E+0	5.317900E+4
1.600000E-4	0.000000E+0	5.386900E+4
1.800000E-4	0.000000E+0	5.277200E+4
2.000000E-4	0.000000E+0	5.389700E+4
2.200000E-4	0.000000E+0	5.404900E+4
2.400000E-4	0.000000E+0	5.343700E+4
2.600000E-4	0.000000E+0	5.330400E+4
2.800000E-4	0.000000E+0	5.364600E+4
3.000000E-4	0.000000E+0	5.354600E+4
3.200000E-4	0.000000E+0	5.351600E+4
3.400000E-4	0.000000E+0	5.343000E+4
3.600000E-4	0.000000E+0	5.374700E+4
3.800000E-4	0.000000E+0	5.345500E+4
4.000000E-4	0.000000E+0	5.360100E+4
4.200000E-4	0.000000E+0	5.352600E+4
4.400000E-4	0.000000E+0	5.304900E+4
4.600000E-4	0.000000E+0	5.347500E+4
4.800000E-4	0.000000E+0	5.378000E+4
5.000000E-4	0.000000E+0	5.340500E+4
5.200000E-4	0.000000E+0	5.355900E+4
5.400000E-4	0.000000E+0	5.311800E+4
5.600000E-4	0.000000E+0	5.384400E+4
5.800000E-4	0.000000E+0	5.323500E+4
6.000000E-4	0.000000E+0	5.352500E+4
6.200000E-4	0.000000E+0	5.366300E+4
6.400000E-4	0.000000E+0	5.346500E+4
6.600000E-4	0.000000E+0	5.360500E+4
6.800000E-4	0.000000E+0	5.351300E+4
7.000000E-4	0.000000E+0	5.354600E+4
7.200000E-4	0.000000E+0	5.339000E+4
7.400000E-4	0.000000E+0	5.352700E+4
7.600000E-4	0.000000E+0	5.368800E+4
7.800000E-4	0.000000E+0	5.310800E+4
8.000000E-4	0.000000E+0	5.359200E+4
8.200000E-4	0.000000E+0	5.325800E+4
8.400000E-4	0.000000E+0	5.362600E+4
8.600000E-4	0.000000E+0	5.380500E+4
8.800000E-4	0.000000E+0	5.355600E+4
9.000000E-4	0.000000E+0	5.364800E+4
9.200000E-4	0.000000E+0	5.361300E+4
9.400000E-4	0.000000E+0	5.393500E+4
9.600000E-4	0.000000E+0	5.331400E+4
9.800000E-4	0.000000E+0	5.347500E+4
1.000000E-3	0.000000E+0	5.339600E+4
1.020000E-3	0.000000E+0	5.353900E+4
1.040000E-3	0.000000E+0	5.368300E+4
1.060000E-3	0.000000E+0	5.365000E+4
1.080000E-3	0.000000E+0	5.369300E+4
1.100000E-3	0.000000E+0	5.412100E+4
1.120000E-3	0.000000E+0	5.315700E+4
1.140000E-3	0.000000E+0	5.341600E+4
1.160000E-3	0.000000E+0	5.311600E+4
1.180000E-3	0.000000E+0	5.380600E+4
1.200000E-3	0.000000E+0	5.324100E+4
1.220000E-3	0.000000E+0	5.344300E+4
1.240000E-3	0.000000E+0	5.340400E+4
1.260000E-3	0.000000E+0	5.324900E+4
1.280000E-3	0.000000E+0	5.329500E+4
1.300000E-3	0.000000E+0	5.346900E+4
1.320000E-3	0.000000E+0	5.340700E+4
1.340000E-3	0.000000E+0	5.339100E+4
1.360000E-3	0.000000E+0	5.323200E+4
1.380000E-3	0.000000E+0	5.303300E+4
1.400000E-3	0.000000E+0	5.389700E+4
1.420000E-3	0.000000E+0	5.377100E+4
1.440000E-3	0.000000E+0	5.345500E+4
1.460000E-3	0.000000E+0	5.361000E+4
1.480000E-3	0.000000E+0	5.336300E+4
1.500000E-3	0.000000E+0	5.374000E+4
1.520000E-3	0.000000E+0	5.378000E+4
1.540000E-3	0.000000E+0	5.305800E+4
1.560000E-3	0.000000E+0	5.333100E+4
1.580000E-3	0.000000E+0	5.350300E+4
1.600000E-3	0.000000E+0	5.343500E+4
1.620000E-3	0.000000E+0	5.343300E+4
1.640000E-3	0.000000E+0	5.343300E+4
1.660000E-3	0.000000E+0	5.317600E+4
1.680000E-3	0.000000E+0	5.339800E+4
1.700000E-3	0.000000E+0	5.363900E+4
1.720000E-3	0.000000E+0	5.336200E+4
1.740000E-3	0.000000E+0	5.344100E+4
1.760000E-3	0.000000E+0	5.351500E+4
1.780000E-3	0.000000E+0	5.348000E+4
1.800000E-3	0.000000E+0	5.357800E+4
1.820000E-3	0.000000E+0	5.384400E+4
1.840000E-3	0.000000E+0	5.357700E+4
1.860000E-3	0.000000E+0	5.336600E+4
1.880000E-3	0.000000E+0	5.338500E+4
1.900000E-3	0.000000E+0	5.371000E+4
1.920000E-3	0.000000E+0	5.356900E+4
1.940000E-3	0.000000E+0	5.347000E+4
1.960000E-3	0.000000E+0	5.323400E+4
1.980000E-3	0.000000E+0	5.318800E+4
2.000000E-3	0.000000E+0	5.325300E+4
2.020000E-3	0.000000E+0	5.389900E+4
2.040000E-3	0.000000E+0	5.348700E+4
2.060000E-3	0.000000E+0	5.387600E+4
2.080000E-3	0.000000E+0	5.322400E+4
2.100000E-3	0.000000E+0	5.354800E+4
2.120000E-3	0.000000E+0	5.346900E+4
2.140000E-3	0.000000E+0	5.341900E+4
2.160000E-3	0.000000E+0	5.369900E+4
2.180000E-3	0.000000E+0	5.359500E+4
2.200000E-3	0.000000E+0	5.362200E+4
2.220000E-3	0.000000E+0	5.368500E+4
2.240000E-3	0.000000E+0	5.303000E+4
2.260000E-3	0.000000E+0	5.371300E+4
2.280000E-3	0.000000E+0	5.329800E+4
2.300000E-3	0.000000E+0	5.347800E+4
2.320000E-3	0.000000E+0	5.341700E+4
2.340000E-3	0.000000E+0	5.362700E+4
2.360000E-3	0.000000E+0	5.359700E+4
2.380000E-3	0.000000E+0	5.344400E+4
2.400000E-3	0.000000E+0	5.340400E+4
2.420000E-3	0.000000E+0	5.359400E+4
2.440000E-3	0.000000E+0	5.363200E+4
2.460000E-3	0.000000E+0	5.347700E+4
2.480000E-3	0.000000E+0	5.398000E+4
2.500000E-3	0.000000E+0	5.358400E+4
2.520000E-3	0.000000E+0	5.332600E+4
2.540000E-3	0.000000E+0	5.374400E+4
2.560000E-3	0.000000E+0	5.383800E+4
2.580000E-3	0.000000E+0	5.315100E+4
2.600000E-3	0.000000E+0	5.368100E+4
2.620000E-3	0.000000E+0	5.323200E+4
2.640000E-3	0.000000E+0	5.347600E+4
2.660000E-3	0.000000E+0	5.350200E+4
2.680000E-3	0.000000E+0	5.352000E+4
2.700000E-3	0.000000E+0	5.354800E+4
2.720000E-3	0.000000E+0	5.350700E+4
2.740000E-3	0.000000E+0	5.353100E+4
2.760000E-3	0.000000E+0	5.350300E+4
2.780000E-3	0.000000E+0	5.381700E+4
2.800000E-3	0.000000E+0	5.383700E+4
2.820000E-3	0.000000E+0	5.413600E+4
2.840000E-3	0.000000E+0	5.338300E+4
2.860000E-3	0.000000E+0	5.324300E+4
2.880000E-3	0.000000E+0	5.383100E+4
2.900000E-3	0.000000E+0	5.344600E+4
2.920000E-3	0.000000E+0	5.347300E+4
2.940000E-3	0.000000E+0	5.372000E+4
2.960000E-3	0.000000E+0	5.388400E+4
2.980000E-3	0.000000E+0	5.341200E+4
3.000000E-3	0.000000E+0	5.339000E+4
3.020000E-3	0.000000E+0	5.389100E+4
3.040000E-3	0.000000E+0	5.406700E+4
3.060000E-3	0.000000E+0	5.347300E+4
3.080000E-3	0.000000E+0	5.349100E+4
3.100000E-3	0.000000E+0	5.337100E+4
3.120000E-3	0.000000E+0	5.356600E+4
3.140000E-3	0.000000E+0	5.356400E+4
3.160000E-3	0.000000E+0	5.379300E+4
3.180000E-3	0.000000E+0	5.383500E+4
3.200000E-3	0.000000E+0	5.337100E+4
3.220000E-3	0.000000E+0	5.389400E+4
3.240000E-3	0.000000E+0	5.374100E+4
3.260000E-3	0.000000E+0	5.302900E+4
3.280000E-3	0.000000E+0	5.389000E+4
3.300000E-3	0.000000E+0	5.371400E+4
3.320000E-3	0.000000E+0	5.336400E+4
3.340000E-3	0.000000E+0	5.324500E+4
3.360000E-3	0.000000E+0	5.332000E+4
3.380000E-3	0.000000E+0	5.344500E+4
3.400000E-3	0.000000E+0	5.375600E+4
3.420000E-3	0.000000E+0	5.336500E+4
3.440000E-3	0.000000E+0	5.346400E+4
3.460000E-3	0.000000E+0	5.362100E+4
3.480000E-3	0.000000E+0	5.359600E+4
3.500000E-3	0.000000E+0	5.321300E+4
3.520000E-3	0.000000E+0	5.404600E+4
3.540000E-3	0.000000E+0	5.353800E+4
3.560000E-3	0.000000E+0	5.375900E+4
3.580000E-3	0.000000E+0	5.342900E+4
3.600000E-3	0.000000E+0	5.337300E+4
3.620000E-3	0.000000E+0	5.330700E+4
3.640000E-3	0.000000E+0	5.380300E+4
3.660000E-3	0.000000E+0	5.336600E+4
3.680000E-3	0.000000E+0	5.326100E+4
3.700000E-3	0.000000E+0	5.336200E+4
3.720000E-3	0.000000E+0	5.315400E+4
3.740000E-3	0.000000E+0	5.352100E+4
3.760000E-3	0.000000E+0	5.358100E+4
3.780000E-3	0.000000E+0	5.358200E+4
3.800000E-3	0.000000E+0	5.360600E+4
3.820000E-3	0.000000E+0	5.373200E+4
3.840000E-3	0.000000E+0	5.369400E+4
3.860000E-3	0.000000E+0	5.380700E+4
3.880000E-3	0.000000E+0	5.362000E+4
3.900000E-3	0.000000E+0	5.350100E+4
3.920000E-3	0.000000E+0	5.388000E+4
3.940000E-3	0.000000E+0	5.328200E+4
3.960000E-3	0.000000E+0	5.298200E+4
3.980000E-3	0.000000E+0	5.344500E+4
4.000000E-3	0.000000E+0	5.328500E+4
4.020000E-3	0.000000E+0	5.336200E+4
4.040000E-3	0.000000E+0	5.337900E+4
4.060000E-3	0.000000E+0	5.369400E+4
4.080000E-3	0.000000E+0	5.366800E+4
4.100000E-3	0.000000E+0	5.320600E+4
4.120000E-3	0.000000E+0	5.355400E+4
4.140000E-3	0.000000E+0	5.353200E+4
4.160000E-3	0.000000E+0	5.327200E+4
4.180000E-3	0.000000E+0	5.334800E+4
4.200000E-3	0.000000E+0	5.353400E+4
4.220000E-3	0.000000E+0	5.375300E+4
4.240000E-3	0.000000E+0	5.339100E+4
4.260000E-3	0.000000E+0	5.330300E+4
4.280000E-3	0.000000E+0	5.380400E+4
4.300000E-3	0.000000E+0	5.372800E+4
4.320000E-3	0.000000E+0	5.356700E+4
4.340000E-3	0.000000E+0	5.409200E+4
4.360000E-3	0.000000E+0	5.352000E+4
4.380000E-3	0.000000E+0	5.304700E+4
4.400000E-3	0.000000E+0	5.360200E+4
4.420000E-3	0.000000E+0	5.338700E+4
4.440000E-3	0.000000E+0	5.346700E+4
4.460000E-3	0.000000E+0	5.371500E+4
4.480000E-3	0.000000E+0	5.290900E+4
4.500000E-3	0.000000E+0	5.339900E+4
4.520000E-3	0.000000E+0	5.322300E+4
4.540000E-3	0.000000E+0	5.385400E+4
4.560000E-3	0.000000E+0	5.330000E+4
4.580000E-3	0.000000E+0	5.360100E+4
4.600000E-3	0.000000E+0	5.332400E+4
4.620000E-3	0.000000E+0	5.285400E+4
4.640000E-3	0.000000E+0	5.322400E+4
4.660000E-3	0.000000E+0	5.318500E+4
4.680000E-3	0.000000E+0	5.309400E+4
4.700000E-3	0.000000E+0	5.300000E+4
4.720000E-3	0.000000E+0	5.268400E+4
4.740000E-3	0.000000E+0	5.263700E+4
4.760000E-3	0.000000E+0	5.259300E+4
4.780000E-3	0.000000E+0	5.202900E+4
4.800000E-3	0.000000E+0	5.207800E+4
4.820000E-3	0.000000E+0	5.204900E+4
4.840000E-3	0.000000E+0	5.109500E+4
4.860000E-3	0.000000E+0	5.060900E+4
4.880000E-3	0.000000E+0	4.902000E+4
4.900000E-3	0.000000E+0	4.706900E+4
4.920000E-3	0.000000E+0	4.519300E+4
4.940000E-3	0.000000E+0	4.248600E+4
4.960000E-3	0.000000E+0	4.216500E+4
4.980000E-3	0.000000E+0	4.384600E+4
5.000000E-3	0.000000E+0	4.652500E+4
5.020000E-3	0.000000E+0	4.905700E+4
5.040000E-3	0.000000E+0	4.976800E+4
5.060000E-3	0.000000E+0	5.125500E+4
5.080000E-3	0.000000E+0	5.172400E+4
5.100000E-3	0.000000E+0	5.173300E+4
5.120000E-3	0.000000E+0	5.249800E+4
5.140000E-3	0.000000E+0	5.249600E+4
5.160000E-3	0.000000E+0	5.230000E+4
5.180000E-3	0.000000E+0	5.267700E+4
5.200000E-3	0.000000E+0	5.252600E+4
5.220000E-3	0.000000E+0	5.273000E+4
5.240000E-3	0.000000E+0	5.312500E+4
5.260000E-3	0.000000E+0	5.271400E+4
5.280000E-3	0.000000E+0	5.258700E+4
5.300000E-3	0.000000E+0	5.277400E+4
5.320000E-3	0.000000E+0	5.273900E+4
5.340000E-3	0.000000E+0	5.277100E+4
5.360000E-3	0.000000E+0	5.309300E+4
5.380000E-3	0.000000E+0	5.273500E+4
5.400000E-3	0.000000E+0	5.270600E+4
5.420000E-3	0.000000E+0	5.183700E+4
5.440000E-3	0.000000E+0	5.275800E+4
5.460000E-3	0.000000E+0	5.178700E+4
5.480000E-3	0.000000E+0	5.147100E+4
5.500000E-3	0.000000E+0	5.142300E+4
5.520000E-3	0.000000E+0	5.101300E+4
5.540000E-3	0.000000E+0	5.054800E+4
5.560000E-3	0.000000E+0	5.048400E+4
5.580000E-3	0.000000E+0	5.075600E+4
5.600000E-3	0.000000E+0	5.052500E+4
5.620000E-3	0.000000E+0	5.006800E+4
5.640000E-3	0.000000E+0	4.933300E+4
5.660000E-3	0.000000E+0	4.894700E+4
5.680000E-3	0.000000E+0	4.701200E+4
5.700000E-3	0.000000E+0	4.539700E+4
5.720000E-3	0.000000E+0	4.348200E+4
5.740000E-3	0.000000E+0	4.128000E+4
5.760000E-3	0.000000E+0	4.142700E+4
5.780000E-3	0.000000E+0	4.331400E+4
5.800000E-3	0.000000E+0	4.626600E+4
5.820000E-3	0.000000E+0	4.823000E+4
5.840000E-3	0.000000E+0	4.979500E+4
5.860000E-3	0.000000E+0	5.096800E+4
5.880000E-3	0.000000E+0	5.136100E+4
5.900000E-3	0.000000E+0	5.205200E+4
5.920000E-3	0.000000E+0	5.238100E+4
5.940000E-3	0.000000E+0	5.242400E+4
5.960000E-3	0.000000E+0	5.267200E+4
5.980000E-3	0.000000E+0	5.271900E+4
6.000000E-3	0.000000E+0	5.305100E+4
6.020000E-3	0.000000E+0	5.280200E+4
6.040000E-3	0.000000E+0	5.316100E+4
6.060000E-3	0.000000E+0	5.328300E+4
6.080000E-3	0.000000E+0	5.321800E+4
6.100000E-3	0.000000E+0	5.336800E+4
6.120000E-3	0.000000E+0	5.326900E+4
6.140000E-3	0.000000E+0	5.327800E+4
6.160000E-3	0.000000E+0	5.355100E+4
6.180000E-3	0.000000E+0	5.369800E+4
6.200000E-3	0.000000E+0	5.327300E+4
6.220000E-3	0.000000E+0	5.315300E+4
6.240000E-3	0.000000E+0	5.363800E+4
6.260000E-3	0.000000E+0	5.343900E+4
6.280000E-3	0.000000E+0	5.323300E+4
6.300000E-3	0.000000E+0	5.339300E+4
6.320000E-3	0.000000E+0	5.340300E+4
6.340000E-3	0.000000E+0	5.344500E+4
6.360000E-3	0.000000E+0	5.348300E+4
6.380000E-3	0.000000E+0	5.344400E+4
6.400000E-3	0.000000E+0	5.372600E+4
6.420000E-3	0.000000E+0	5.359500E+4
6.440000E-3	0.000000E+0	5.316900E+4
6.460000E-3	0.000000E+0	5.342500E+4
6.480000E-3	0.000000E+0	5.308300E+4
6.500000E-3	0.000000E+0	5.330100E+4
6.520000E-3	0.000000E+0	5.286500E+4
6.540000E-3	0.000000E+0	5.336100E+4
6.560000E-3	0.000000E+0	5.335400E+4
6.580000E-3	0.000000E+0	5.324400E+4
6.600000E-3	0.000000E+0	5.306000E+4
6.620000E-3	0.000000E+0	5.377600E+4
6.640000E-3	0.000000E+0	5.329400E+4
6.660000E-3	0.000000E+0	5.329400E+4
6.680000E-3	0.000000E+0	5.341000E+4
6.700000E-3	0.000000E+0	5.353400E+4
6.720000E-3	0.000000E+0	5.300400E+4
6.740000E-3	0.000000E+0	5.316500E+4
6.760000E-3	0.000000E+0	5.352100E+4
6.780000E-3	0.000000E+0	5.337700E+4
6.800000E-3	0.000000E+0	5.332200E+4
6.820000E-3	0.000000E+0	5.315600E+4
6.840000E-3	0.000000E+0	5.311100E+4
6.860000E-3	0.000000E+0	5.353100E+4
6.880000E-3	0.000000E+0	5.341300E+4
6.900000E-3	0.000000E+0	5.368700E+4
6.920000E-3	0.000000E+0	5.351900E+4
6.940000E-3	0.000000E+0	5.353500E+4
6.960000E-3	0.000000E+0	5.367800E+4
6.980000E-3	0.000000E+0	5.363500E+4
7.000000E-3	0.000000E+0	5.351100E+4
7.020000E-3	0.000000E+0	5.341400E+4
7.040000E-3	0.000000E+0	5.330700E+4
7.060000E-3	0.000000E+0	5.342100E+4
7.080000E-3	0.000000E+0	5.342100E+4
7.100000E-3	0.000000E+0	5.344700E+4
7.120000E-3	0.000000E+0	5.379800E+4
7.140000E-3	0.000000E+0	5.341000E+4
7.160000E-3	0.000000E+0	5.346100E+4
7.180000E-3	0.000000E+0	5.338000E+4
7.200000E-3	0.000000E+0	5.381200E+4
7.220000E-3	0.000000E+0	5.364700E+4
7.240000E-3	0.000000E+0	5.357500E+4
7.260000E-3	0.000000E+0	5.369000E+4
7.280000E-3	0.000000E+0	5.378800E+4
7.300000E-3	0.000000E+0	5.342100E+4
7.320000E-3	0.000000E+0	5.366000E+4
7.340000E-3	0.000000E+0	5.381200E+4
7.360000E-3	0.000000E+0	5.354200E+4
7.380000E-3	0.000000E+0	5.332700E+4
7.400000E-3	0.000000E+0	5.325300E+4
7.420000E-3	0.000000E+0	5.355500E+4
7.440000E-3	0.000000E+0	5.383700E+4
7.460000E-3	0.000000E+0	5.408600E+4
7.480000E-3	0.000000E+0	5.327100E+4
7.500000E-3	0.000000E+0	5.333800E+4
7.520000E-3	0.000000E+0	5.342600E+4
7.540000E-3	0.000000E+0	5.366700E+4
7.560000E-3	0.000000E+0	5.333700E+4
7.580000E-3	0.000000E+0	5.367400E+4
7.600000E-3	0.000000E+0	5.330000E+4
7.620000E-3	0.000000E+0	5.364100E+4
7.640000E-3	0.000000E+0	5.359000E+4
7.660000E-3	0.000000E+0	5.328600E+4
7.680000E-3	0.000000E+0	5.360800E+4
7.700000E-3	0.000000E+0	5.332400E+4
7.720000E-3	0.000000E+0	5.371100E+4
7.740000E-3	0.000000E+0	5.343400E+4
7.760000E-3	0.000000E+0	5.322900E+4
7.780000E-3	0.000000E+0	5.339700E+4
7.800000E-3	0.000000E+0	5.367300E+4
7.820000E-3	0.000000E+0	5.375400E+4
7.840000E-3	0.000000E+0	5.347600E+4
7.860000E-3	0.000000E+0	5.353600E+4
7.880000E-3	0.000000E+0	5.374000E+4
7.900000E-3	0.000000E+0	5.346800E+4
7.920000E-3	0.000000E+0	5.351500E+4
7.940000E-3	0.000000E+0	5.321200E+4
7.960000E-3	0.000000E+0	5.344200E+4
7.980000E-3	0.000000E+0	5.382800E+4
8.000000E-3	0.000000E+0	5.366900E+4
8.020000E-3	0.000000E+0	5.295700E+4
8.040000E-3	0.000000E+0	5.350900E+4
8.060000E-3	0.000000E+0	5.306800E+4
8.080000E-3	0.000000E+0	5.369500E+4
8.100000E-3	0.000000E+0	5.338700E+4
8.120000E-3	0.000000E+0	5.303200E+4
8.140000E-3	0.000000E+0	5.375500E+4
8.160000E-3	0.000000E+0	5.398700E+4
8.180000E-3	0.000000E+0	5.370200E+4
8.200000E-3	0.000000E+0	5.370800E+4
8.220000E-3	0.000000E+0	5.340900E+4
8.240000E-3	0.000000E+0	5.378200E+4
8.260000E-3	0.000000E+0	5.334900E+4
8.280000E-3	0.000000E+0	5.347400E+4
8.300000E-3	0.000000E+0	5.350600E+4
8.320000E-3	0.000000E+0	5.335000E+4
8.340000E-3	0.000000E+0	5.343500E+4
8.360000E-3	0.000000E+0	5.321200E+4
8.380000E-3	0.000000E+0	5.332100E+4
8.400000E-3	0.000000E+0	5.389300E+4
8.420000E-3	0.000000E+0	5.342200E+4
8.440000E-3	0.000000E+0	5.311900E+4
8.460000E-3	0.000000E+0	5.301400E+4
8.480000E-3	0.000000E+0	5.394100E+4
8.500000E-3	0.000000E+0	5.338700E+4
8.520000E-3	0.000000E+0	5.374000E+4
8.540000E-3	0.000000E+0	5.353800E+4
8.560000E-3	0.000000E+0	5.353000E+4
8.580000E-3	0.000000E+0	5.361500E+4
8.600000E-3	0.000000E+0	5.355200E+4
8.620000E-3	0.000000E+0	5.400400E+4
8.640000E-3	0.000000E+0	5.369000E+4
8.660000E-3	0.000000E+0	5.401900E+4
8.680000E-3	0.000000E+0	5.351200E+4
8.700000E-3	0.000000E+0	5.332500E+4
8.720000E-3	0.000000E+0	5.346900E+4
8.740000E-3	0.000000E+0	5.361900E+4
8.760000E-3	0.000000E+0	5.372600E+4
8.780000E-3	0.000000E+0	5.353800E+4
8.800000E-3	0.000000E+0	5.369400E+4
8.820000E-3	0.000000E+0	5.339400E+4
8.840000E-3	0.000000E+0	5.362100E+4
8.860000E-3	0.000000E+0	5.337700E+4
8.880000E-3	0.000000E+0	5.381300E+4
8.900000E-3	0.000000E+0	5.342600E+4
8.920000E-3	0.000000E+0	5.302200E+4
8.940000E-3	0.000000E+0	5.344700E+4
8.960000E-3	0.000000E+0	5.368100E+4
8.980000E-3	0.000000E+0	5.338100E+4
9.000000E-3	0.000000E+0	5.367500E+4
9.020000E-3	0.000000E+0	5.338600E+4
9.040000E-3	0.000000E+0	5.320300E+4
9.060000E-3	0.000000E+0	5.316400E+4
9.080000E-3	0.000000E+0	5.344900E+4
9.100000E-3	0.000000E+0	5.397200E+4
9.120000E-3	0.000000E+0	5.401600E+4
9.140000E-3	0.000000E+0	5.323300E+4
9.160000E-3	0.000000E+0	5.357400E+4
9.180000E-3	0.000000E+0	5.379500E+4
9.200000E-3	0.000000E+0	5.373400E+4
9.220000E-3	0.000000E+0	5.328000E+4
9.240000E-3	0.000000E+0	5.353000E+4
9.260000E-3	0.000000E+0	5.389500E+4
9.280000E-3	0.000000E+0	5.380300E+4
9.300000E-3	0.000000E+0	5.312900E+4
9.320000E-3	0.000000E+0	5.305100E+4
9.340000E-3	0.000000E+0	5.362800E+4
9.360000E-3	0.000000E+0	5.371600E+4
9.380000E-3	0.000000E+0	5.360300E+4
9.400000E-3	0.000000E+0	5.302400E+4
9.420000E-3	0.000000E+0	5.342400E+4
9.440000E-3	0.000000E+0	5.351100E+4
9.460000E-3	0.000000E+0	5.318500E+4
9.480000E-3	0.000000E+0	5.367400E+4
9.500000E-3	0.000000E+0	5.371400E+4
9.520000E-3	0.000000E+0	5.314300E+4
9.540000E-3	0.000000E+0	5.388600E+4
9.560000E-3	0.000000E+0	5.332800E+4
9.580000E-3	0.000000E+0	5.365700E+4
9.600000E-3	0.000000E+0	5.338600E+4
9.620000E-3	0.000000E+0	5.391200E+4
9.640000E-3	0.000000E+0	5.363900E+4
9.660000E-3	0.000000E+0	5.349100E+4
9.680000E-3	0.000000E+0	5.351300E+4
9.700000E-3	0.000000E+0	5.328000E+4
9.720000E-3	0.000000E+0	5.379600E+4
9.740000E-3	0.000000E+0	5.344900E+4
9.760000E-3	0.000000E+0	5.336700E+4
9.780000E-3	0.000000E+0	5.356600E+4
9.800000E-3	0.000000E+0	5.330200E+4
9.820000E-3	0.000000E+0	5.384200E+4
9.840000E-3	0.000000E+0	5.392100E+4
9.860000E-3	0.000000E+0	5.332400E+4
9.880000E-3	0.000000E+0	5.314300E+4
9.900000E-3	0.000000E+0	5.357100E+4
9.920000E-3	0.000000E+0	5.292500E+4
9.940000E-3	0.000000E+0	5.354200E+4
9.960000E-3	0.000000E+0	5.408800E+4
9.980000E-3	0.000000E+0	5.402500E+4
1.000000E-2	0.000000E+0	5.337400E+4
1.002000E-2	0.000000E+0	5.384300E+4
1.004000E-2	0.000000E+0	5.369800E+4
1.006000E-2	0.000000E+0	5.350800E+4
1.008000E-2	0.000000E+0	5.372900E+4
1.010000E-2	0.000000E+0	5.300000E+4
1.012000E-2	0.000000E+0	5.333800E+4
1.014000E-2	0.000000E+0	5.354700E+4
1.016000E-2	0.000000E+0	5.353100E+4
1.018000E-2	0.000000E+0	5.327400E+4
1.020000E-2	0.000000E+0	5.346600E+4
1.022000E-2	0.000000E+0	5.346100E+4
1.024000E-2	0.000000E+0	5.375500E+4
1.026000E-2	0.000000E+0	5.332500E+4
1.028000E-2	0.000000E+0	5.334500E+4
1.030000E-2	0.000000E+0	5.369900E+4
1.032000E-2	0.000000E+0	5.355000E+4
1.034000E-2	0.000000E+0	5.340400E+4
1.036000E-2	0.000000E+0	5.316700E+4
1.038000E-2	0.000000E+0	5.357400E+4
1.040000E-2	0.000000E+0	5.352800E+4
1.042000E-2	0.000000E+0	5.381800E+4
1.044000E-2	0.000000E+0	5.350800E+4
1.046000E-2	0.000000E+0	5.358300E+4
1.048000E-2	0.000000E+0	5.344400E+4
1.050000E-2	0.000000E+0	5.332900E+4
1.052000E-2	0.000000E+0	5.321200E+4
1.054000E-2	0.000000E+0	5.342200E+4
1.056000E-2	0.000000E+0	5.393200E+4
1.058000E-2	0.000000E+0	5.374900E+4
1.060000E-2	0.000000E+0	5.360200E+4
1.062000E-2	0.000000E+0	5.382800E+4
1.064000E-2	0.000000E+0	5.337100E+4
1.066000E-2	0.000000E+0	5.350600E+4
1.068000E-2	0.000000E+0	5.339700E+4
1.070000E-2	0.000000E+0	5.361200E+4
1.072000E-2	0.000000E+0	5.368900E+4
1.074000E-2	0.000000E+0	5.365600E+4
1.076000E-2	0.000000E+0	5.290800E+4
1.078000E-2	0.000000E+0	5.359500E+4
1.080000E-2	0.000000E+0	5.311200E+4
1.082000E-2	0.000000E+0	5.344300E+4
1.084000E-2	0.000000E+0	5.379000E+4
1.086000E-2	0.000000E+0	5.334200E+4
1.088000E-2	0.000000E+0	5.323700E+4
1.090000E-2	0.000000E+0	5.377900E+4
1.092000E-2	0.000000E+0	5.353900E+4
1.094000E-2	0.000000E+0	5.305900E+4
1.096000E-2	0.000000E+0	5.338500E+4
1.098000E-2	0.000000E+0	5.340000E+4
1.100000E-2	0.000000E+0	5.336200E+4
1.102000E-2	0.000000E+0	5.325500E+4
1.104000E-2	0.000000E+0	5.353700E+4
1.106000E-2	0.000000E+0	5.330500E+4
1.108000E-2	0.000000E+0	5.319800E+4
1.110000E-2	0.000000E+0	5.356500E+4
1.112000E-2	0.000000E+0	5.347500E+4
1.114000E-2	0.000000E+0	5.366200E+4
1.116000E-2	0.000000E+0	5.396300E+4
1.118000E-2	0.000000E+0	5.388700E+4
1.120000E-2	0.000000E+0	5.320000E+4
1.122000E-2	0.000000E+0	5.385500E+4
1.124000E-2	0.000000E+0	5.348000E+4
1.126000E-2	0.000000E+0	5.364600E+4
1.128000E-2	0.000000E+0	5.334100E+4
1.130000E-2	0.000000E+0	5.374500E+4
1.132000E-2	0.000000E+0	5.356500E+4
1.134000E-2	0.000000E+0	5.350400E+4
1.136000E-2	0.000000E+0	5.388800E+4
1.138000E-2	0.000000E+0	5.335000E+4
1.140000E-2	0.000000E+0	5.327200E+4
1.142000E-2	0.000000E+0	5.360800E+4
1.144000E-2	0.000000E+0	5.307800E+4
1.146000E-2	0.000000E+0	5.329000E+4
1.148000E-2	0.000000E+0	5.321100E+4
1.150000E-2	0.000000E+0	5.330600E+4
1.152000E-2	0.000000E+0	5.371800E+4
1.154000E-2	0.000000E+0	5.282500E+4
1.156000E-2	0.000000E+0	5.316300E+4
1.158000E-2	0.000000E+0	5.330900E+4
1.160000E-2	0.000000E+0	5.376600E+4
1.162000E-2	0.000000E+0	5.366700E+4
1.164000E-2	0.000000E+0	5.369000E+4
1.166000E-2	0.000000E+0	5.345400E+4
1.168000E-2	0.000000E+0	5.341600E+4
1.170000E-2	0.000000E+0	5.353100E+4
1.172000E-2	0.000000E+0	5.314100E+4
1.174000E-2	0.000000E+0	5.348500E+4
1.176000E-2	0.000000E+0	5.320000E+4
1.178000E-2	0.000000E+0	5.349700E+4
1.180000E-2	0.000000E+0	5.349800E+4
1.182000E-2	0.000000E+0	5.390700E+4
1.184000E-2	0.000000E+0	5.304500E+4
1.186000E-2	0.000000E+0	5.358900E+4
1.188000E-2	0.000000E+0	5.310200E+4
1.190000E-2	0.000000E+0	5.293100E+4
1.192000E-2	0.000000E+0	5.398300E+4
1.194000E-2	0.000000E+0	5.355000E+4
1.196000E-2	0.000000E+0	5.332900E+4
1.198000E-2	0.000000E+0	5.349100E+4
1.200000E-2	0.000000E+0	5.326800E+4
1.202000E-2	0.000000E+0	5.344600E+4
1.204000E-2	0.000000E+0	5.378700E+4
1.206000E-2	0.000000E+0	5.309700E+4
1.208000E-2	0.000000E+0	5.360500E+4
1.210000E-2	0.000000E+0	5.357400E+4
1.212000E-2	0.000000E+0	5.383700E+4
1.214000E-2	0.000000E+0	5.347300E+4
1.216000E-2	0.000000E+0	5.399700E+4
1.218000E-2	0.000000E+0	5.366300E+4
1.220000E-2	0.000000E+0	5.353200E+4
1.222000E-2	0.000000E+0	5.318500E+4
1.224000E-2	0.000000E+0	5.359300E+4
1.226000E-2	0.000000E+0	5.338700E+4
1.228000E-2	0.000000E+0	5.368000E+4
1.230000E-2	0.000000E+0	5.347800E+4
1.232000E-2	0.000000E+0	5.380300E+4
1.234000E-2	0.000000E+0	5.308900E+4
1.236000E-2	0.000000E+0	5.309100E+4
1.238000E-2	0.000000E+0	5.344800E+4
1.240000E-2	0.000000E+0	5.373300E+4
1.242000E-2	0.000000E+0	5.314200E+4
1.244000E-2	0.000000E+0	5.334200E+4
1.246000E-2	0.000000E+0	5.301400E+4
1.248000E-2	0.000000E+0	5.338700E+4
1.250000E-2	0.000000E+0	5.310300E+4
1.252000E-2	0.000000E+0	5.334300E+4
1.254000E-2	0.000000E+0	5.344800E+4
1.256000E-2	0.000000E+0	5.355700E+4
1.258000E-2	0.000000E+0	5.351600E+4
1.260000E-2	0.000000E+0	5.372700E+4
1.262000E-2	0.000000E+0	5.328300E+4
1.264000E-2	0.000000E+0	5.367800E+4
1.266000E-2	0.000000E+0	5.345000E+4
1.268000E-2	0.000000E+0	5.361100E+4
1.270000E-2	0.000000E+0	5.339300E+4
1.272000E-2	0.000000E+0	5.321900E+4
1.274000E-2	0.000000E+0	5.369000E+4
1.276000E-2	0.000000E+0	5.316500E+4
1.278000E-2	0.000000E+0	5.408300E+4
1.280000E-2	0.000000E+0	5.352500E+4
1.282000E-2	0.000000E+0	5.384100E+4
1.284000E-2	0.000000E+0	5.347300E+4
1.286000E-2	0.000000E+0	5.350700E+4
1.288000E-2	0.000000E+0	5.373900E+4
1.290000E-2	0.000000E+0	5.307100E+4
1.292000E-2	0.000000E+0	5.362200E+4
1.294000E-2	0.000000E+0	5.326300E+4
1.296000E-2	0.000000E+0	5.361500E+4
1.298000E-2	0.000000E+0	5.310700E+4
1.300000E-2	0.000000E+0	5.354800E+4
1.302000E-2	0.000000E+0	5.337000E+4
1.304000E-2	0.000000E+0	5.399200E+4
1.306000E-2	0.000000E+0	5.312200E+4
1.308000E-2	0.000000E+0	5.324200E+4
1.310000E-2	0.000000E+0	5.366700E+4
1.312000E-2	0.000000E+0	5.318400E+4
1.314000E-2	0.000000E+0	5.358000E+4
1.316000E-2	0.000000E+0	5.380900E+4
1.318000E-2	0.000000E+0	5.330700E+4
1.320000E-2	0.000000E+0	5.349000E+4
1.322000E-2	0.000000E+0	5.339000E+4
1.324000E-2	0.000000E+0	5.311500E+4
1.326000E-2	0.000000E+0	5.375100E+4
1.328000E-2	0.000000E+0	5.349500E+4
1.330000E-2	0.000000E+0	5.356600E+4
1.332000E-2	0.000000E+0	5.348700E+4
1.334000E-2	0.000000E+0	5.339200E+4
1.336000E-2	0.000000E+0	5.381000E+4
1.338000E-2	0.000000E+0	5.341700E+4
1.340000E-2	0.000000E+0	5.338200E+4
1.342000E-2	0.000000E+0	5.328300E+4
1.344000E-2	0.000000E+0	5.331400E+4
1.346000E-2	0.000000E+0	5.349200E+4
1.348000E-2	0.000000E+0	5.347400E+4
1.350000E-2	0.000000E+0	5.347700E+4
1.352000E-2	0.000000E+0	5.342400E+4
1.354000E-2	0.000000E+0	5.350500E+4
1.356000E-2	0.000000E+0	5.359300E+4
1.358000E-2	0.000000E+0	5.358700E+4
1.360000E-2	0.000000E+0	5.330500E+4
1.362000E-2	0.000000E+0	5.332000E+4
1.364000E-2	0.000000E+0	5.335100E+4
1.366000E-2	0.000000E+0	5.331300E+4
1.368000E-2	0.000000E+0	5.362500E+4
1.370000E-2	0.000000E+0	5.325700E+4
1.372000E-2	0.000000E+0	5.342100E+4
1.374000E-2	0.000000E+0	5.336300E+4
1.376000E-2	0.000000E+0	5.359300E+4
1.378000E-2	0.000000E+0	5.360400E+4
1.380000E-2	0.000000E+0	5.354400E+4
1.382000E-2	0.000000E+0	5.369600E+4
1.384000E-2	0.000000E+0	5.333500E+4
1.386000E-2	0.000000E+0	5.305300E+4
1.388000E-2	0.000000E+0	5.321400E+4
1.390000E-2	0.000000E+0	5.340200E+4
1.392000E-2	0.000000E+0	5.330100E+4
1.394000E-2	0.000000E+0	5.325400E+4
1.396000E-2	0.000000E+0	5.337500E+4
1.398000E-2	0.000000E+0	5.341900E+4
1.400000E-2	0.000000E+0	5.359300E+4
1.402000E-2	0.000000E+0	5.357600E+4
1.404000E-2	0.000000E+0	5.343700E+4
1.406000E-2	0.000000E+0	5.326800E+4
1.408000E-2	0.000000E+0	5.363200E+4
1.410000E-2	0.000000E+0	5.340400E+4
1.412000E-2	0.000000E+0	5.375800E+4
1.414000E-2	0.000000E+0	5.348000E+4
1.416000E-2	0.000000E+0	5.364400E+4
1.418000E-2	0.000000E+0	5.340200E+4
1.420000E-2	0.000000E+0	5.318200E+4
1.422000E-2	0.000000E+0	5.375300E+4
1.424000E-2	0.000000E+0	5.334700E+4
1.426000E-2	0.000000E+0	5.372300E+4
1.428000E-2	0.000000E+0	5.361600E+4
1.430000E-2	0.000000E+0	5.333200E+4
1.432000E-2	0.000000E+0	5.354400E+4
1.434000E-2	0.000000E+0	5.333700E+4
1.436000E-2	0.000000E+0	5.369600E+4
1.438000E-2	0.000000E+0	5.333900E+4
1.440000E-2	0.000000E+0	5.352600E+4
1.442000E-2	0.000000E+0	5.345200E+4
1.444000E-2	0.000000E+0	5.331300E+4
1.446000E-2	0.000000E+0	5.317500E+4
1.448000E-2	0.000000E+0	5.346300E+4
1.450000E-2	0.000000E+0	5.340000E+4
1.452000E-2	0.000000E+0	5.332200E+4
1.454000E-2	0.000000E+0	5.327600E+4
1.456000E-2	0.000000E+0	5.360700E+4
1.458000E-2	0.000000E+0	5.303000E+4
1.460000E-2	0.000000E+0	5.330300E+4
1.462000E-2	0.000000E+0	5.397500E+4
1.464000E-2	0.000000E+0	5.312300E+4
1.466000E-2	0.000000E+0	5.341900E+4
1.468000E-2	0.000000E+0	5.312700E+4
1.470000E-2	0.000000E+0	5.337100E+4
1.472000E-2	0.000000E+0	5.305200E+4
1.474000E-2	0.000000E+0	5.330700E+4
1.476000E-2	0.000000E+0	5.349900E+4
1.478000E-2	0.000000E+0	5.340000E+4
1.480000E-2	0.000000E+0	5.334500E+4
1.482000E-2	0.000000E+0	5.340100E+4
1.484000E-2	0.000000E+0	5.311300E+4
1.486000E-2	0.000000E+0	5.333700E+4
1.488000E-2	0.000000E+0	5.341000E+4
1.490000E-2	0.000000E+0	5.320200E+4
1.492000E-2	0.000000E+0	5.301900E+4
1.494000E-2	0.000000E+0	5.341400E+4
1.496000E-2	0.000000E+0	5.371100E+4
1.498000E-2	0.000000E+0	5.373500E+4
1.500000E-2	0.000000E+0	5.332700E+4
1.502000E-2	0.000000E+0	5.333000E+4
1.504000E-2	0.000000E+0	5.326000E+4
1.506000E-2	0.000000E+0	5.342100E+4
1.508000E-2	0.000000E+0	5.282400E+4
1.510000E-2	0.000000E+0	5.308200E+4
1.512000E-2	0.000000E+0	5.363400E+4
1.514000E-2	0.000000E+0	5.317400E+4
1.516000E-2	0.000000E+0	5.329800E+4
1.518000E-2	0.000000E+0	5.307100E+4
1.520000E-2	0.000000E+0	5.322900E+4
1.522000E-2	0.000000E+0	5.327100E+4
1.524000E-2	0.000000E+0	5.345100E+4
1.526000E-2	0.000000E+0	5.328100E+4
1.528000E-2	0.000000E+0	5.325100E+4
1.530000E-2	0.000000E+0	5.366500E+4
1.532000E-2	0.000000E+0	5.310500E+4
1.534000E-2	0.000000E+0	5.346100E+4
1.536000E-2	0.000000E+0	5.363100E+4
1.538000E-2	0.000000E+0	5.345600E+4
1.540000E-2	0.000000E+0	5.310400E+4
1.542000E-2	0.000000E+0	5.331200E+4
1.544000E-2	0.000000E+0	5.318700E+4
1.546000E-2	0.000000E+0	5.332000E+4
1.548000E-2	0.000000E+0	5.328000E+4
1.550000E-2	0.000000E+0	5.340600E+4
1.552000E-2	0.000000E+0	5.369900E+4
1.554000E-2	0.000000E+0	5.376800E+4
1.556000E-2	0.000000E+0	5.372500E+4
1.558000E-2	0.000000E+0	5.413900E+4
1.560000E-2	0.000000E+0	5.382000E+4
1.562000E-2	0.000000E+0	5.353300E+4
1.564000E-2	0.000000E+0	5.361900E+4
1.566000E-2	0.000000E+0	5.347400E+4
1.568000E-2	0.000000E+0	5.318800E+4
1.570000E-2	0.000000E+0	5.325900E+4
1.572000E-2	0.000000E+0	5.338300E+4
1.574000E-2	0.000000E+0	5.331100E+4
1.576000E-2	0.000000E+0	5.354200E+4
1.578000E-2	0.000000E+0	5.334200E+4
1.580000E-2	0.000000E+0	5.362700E+4
1.582000E-2	0.000000E+0	5.329800E+4
1.584000E-2	0.000000E+0	5.352300E+4
1.586000E-2	0.000000E+0	5.363600E+4
1.588000E-2	0.000000E+0	5.321600E+4
1.590000E-2	0.000000E+0	5.332100E+4
1.592000E-2	0.000000E+0	5.353700E+4
1.594000E-2	0.000000E+0	5.383600E+4
1.596000E-2	0.000000E+0	5.355600E+4
1.598000E-2	0.000000E+0	5.359300E+4
1.600000E-2	0.000000E+0	5.280300E+4
1.602000E-2	0.000000E+0	5.352900E+4
1.604000E-2	0.000000E+0	5.355700E+4
1.606000E-2	0.000000E+0	5.328000E+4
1.608000E-2	0.000000E+0	5.345200E+4
1.610000E-2	0.000000E+0	5.315800E+4
1.612000E-2	0.000000E+0	5.404300E+4
1.614000E-2	0.000000E+0	5.330900E+4
1.616000E-2	0.000000E+0	5.342400E+4
1.618000E-2	0.000000E+0	5.310000E+4
1.620000E-2	0.000000E+0	5.343300E+4
1.622000E-2	0.000000E+0	5.342400E+4
1.624000E-2	0.000000E+0	5.346500E+4
1.626000E-2	0.000000E+0	5.328800E+4
1.628000E-2	0.000000E+0	5.337900E+4
1.630000E-2	0.000000E+0	5.322400E+4
1.632000E-2	0.000000E+0	5.303700E+4
1.634000E-2	0.000000E+0	5.315500E+4
1.636000E-2	0.000000E+0	5.291200E+4
1.638000E-2	0.000000E+0	5.344000E+4
1.640000E-2	0.000000E+0	5.377100E+4
1.642000E-2	0.000000E+0	5.316200E+4
1.644000E-2	0.000000E+0	5.317300E+4
1.646000E-2	0.000000E+0	5.362400E+4
1.648000E-2	0.000000E+0	5.309500E+4
1.650000E-2	0.000000E+0	5.335100E+4
1.652000E-2	0.000000E+0	5.354800E+4
1.654000E-2	0.000000E+0	5.346500E+4
1.656000E-2	0.000000E+0	5.346400E+4
1.658000E-2	0.000000E+0	5.281000E+4
1.660000E-2	0.000000E+0	5.314000E+4
1.662000E-2	0.000000E+0	5.309300E+4
1.664000E-2	0.000000E+0	5.358100E+4
1.666000E-2	0.000000E+0	5.364200E+4
1.668000E-2	0.000000E+0	5.290200E+4
1.670000E-2	0.000000E+0	5.335500E+4
1.672000E-2	0.000000E+0	5.338400E+4
1.674000E-2	0.000000E+0	5.310800E+4
1.676000E-2	0.000000E+0	5.338200E+4
1.678000E-2	0.000000E+0	5.277900E+4
1.680000E-2	0.000000E+0	5.329700E+4
1.682000E-2	0.000000E+0	5.300200E+4
1.684000E-2	0.000000E+0	5.312800E+4
1.686000E-2	0.000000E+0	5.336600E+4
1.688000E-2	0.000000E+0	5.328900E+4
1.690000E-2	0.000000E+0	5.319200E+4
1.692000E-2	0.000000E+0	5.275400E+4
1.694000E-2	0.000000E+0	5.244600E+4
1.696000E-2	0.000000E+0	5.276800E+4
1.698000E-2	0.000000E+0	5.192100E+4
1.700000E-2	0.000000E+0	5.213300E+4
1.702000E-2	0.000000E+0	5.203200E+4
1.704000E-2	0.000000E+0	5.117600E+4
1.706000E-2	0.000000E+0	4.993500E+4
1.708000E-2	0.000000E+0	4.901600E+4
1.710000E-2	0.000000E+0	4.756700E+4
1.712000E-2	0.000000E+0	4.521800E+4
1.714000E-2	0.000000E+0	4.261500E+4
1.716000E-2	0.000000E+0	4.126800E+4
1.718000E-2	0.000000E+0	4.148600E+4
1.720000E-2	0.000000E+0	4.366800E+4
1.722000E-2	0.000000E+0	4.639300E+4
1.724000E-2	0.000000E+0	4.781800E+4
1.726000E-2	0.000000E+0	4.949300E+4
1.728000E-2	0.000000E+0	5.006800E+4
1.730000E-2	0.000000E+0	4.997800E+4
1.732000E-2	0.000000E+0	5.019100E+4
1.734000E-2	0.000000E+0	5.035800E+4
1.736000E-2	0.000000E+0	5.031500E+4
1.738000E-2	0.000000E+0	5.029700E+4
1.740000E-2	0.000000E+0	5.086700E+4
1.742000E-2	0.000000E+0	5.093900E+4
1.744000E-2	0.000000E+0	5.157000E+4
1.746000E-2	0.000000E+0	5.197400E+4
1.748000E-2	0.000000E+0	5.199700E+4
1.750000E-2	0.000000E+0	5.191900E+4
1.752000E-2	0.000000E+0	5.205500E+4
1.754000E-2	0.000000E+0	5.231200E+4
1.756000E-2	0.000000E+0	5.254200E+4
1.758000E-2	0.000000E+0	5.272200E+4
1.760000E-2	0.000000E+0	5.292400E+4
1.762000E-2	0.000000E+0	5.293800E+4
1.764000E-2	0.000000E+0	5.262700E+4
1.766000E-2	0.000000E+0	5.286600E+4
1.768000E-2	0.000000E+0	5.311100E+4
1.770000E-2	0.000000E+0	5.224000E+4
1.772000E-2	0.000000E+0	5.308900E+4
1.774000E-2	0.000000E+0	5.251900E+4
1.776000E-2	0.000000E+0	5.240800E+4
1.778000E-2	0.000000E+0	5.192700E+4
1.780000E-2	0.000000E+0	5.237400E+4
1.782000E-2	0.000000E+0	5.206900E+4
1.784000E-2	0.000000E+0	5.103500E+4
1.786000E-2	0.000000E+0	5.064200E+4
1.788000E-2	0.000000E+0	4.960600E+4
1.790000E-2	0.000000E+0	4.838600E+4
1.792000E-2	0.000000E+0	4.605300E+4
1.794000E-2	0.000000E+0	4.388700E+4
1.796000E-2	0.000000E+0	4.219500E+4
1.798000E-2	0.000000E+0	4.277600E+4
1.800000E-2	0.000000E+0	4.491600E+4
1.802000E-2	0.000000E+0	4.714200E+4
1.804000E-2	0.000000E+0	4.928500E+4
1.806000E-2	0.000000E+0	5.073900E+4
1.808000E-2	0.000000E+0	5.145100E+4
1.810000E-2	0.000000E+0	5.143700E+4
1.812000E-2	0.000000E+0	5.240200E+4
1.814000E-2	0.000000E+0	5.249400E+4
1.816000E-2	0.000000E+0	5.247300E+4
1.818000E-2	0.000000E+0	5.257200E+4
1.820000E-2	0.000000E+0	5.300900E+4
1.822000E-2	0.000000E+0	5.302700E+4
1.824000E-2	0.000000E+0	5.272200E+4
1.826000E-2	0.000000E+0	5.356000E+4
1.828000E-2	0.000000E+0	5.287100E+4
1.830000E-2	0.000000E+0	5.281300E+4
1.832000E-2	0.000000E+0	5.299900E+4
1.834000E-2	0.000000E+0	5.315600E+4
1.836000E-2	0.000000E+0	5.304500E+4
1.838000E-2	0.000000E+0	5.301000E+4
1.840000E-2	0.000000E+0	5.333200E+4
1.842000E-2	0.000000E+0	5.312700E+4
1.844000E-2	0.000000E+0	5.286900E+4
1.846000E-2	0.000000E+0	5.283000E+4
1.848000E-2	0.000000E+0	5.302600E+4
1.850000E-2	0.000000E+0	5.270100E+4
1.852000E-2	0.000000E+0	5.300500E+4
1.854000E-2	0.000000E+0	5.341800E+4
1.856000E-2	0.000000E+0	5.323100E+4
1.858000E-2	0.000000E+0	5.319100E+4
1.860000E-2	0.000000E+0	5.336300E+4
1.862000E-2	0.000000E+0	5.289000E+4
1.864000E-2	0.000000E+0	5.302500E+4
1.866000E-2	0.000000E+0	5.320800E+4
1.868000E-2	0.000000E+0	5.359800E+4
1.870000E-2	0.000000E+0	5.340700E+4
1.872000E-2	0.000000E+0	5.354000E+4
1.874000E-2	0.000000E+0	5.339100E+4
1.876000E-2	0.000000E+0	5.337900E+4
1.878000E-2	0.000000E+0	5.369400E+4
1.880000E-2	0.000000E+0	5.354100E+4
1.882000E-2	0.000000E+0	5.360400E+4
1.884000E-2	0.000000E+0	5.344500E+4
1.886000E-2	0.000000E+0	5.295300E+4
1.888000E-2	0.000000E+0	5.323900E+4
1.890000E-2	0.000000E+0	5.308500E+4
1.892000E-2	0.000000E+0	5.351400E+4
1.894000E-2	0.000000E+0	5.339900E+4
1.896000E-2	0.000000E+0	5.321900E+4
1.898000E-2	0.000000E+0	5.307400E+4
1.900000E-2	0.000000E+0	5.318000E+4
1.902000E-2	0.000000E+0	5.359800E+4
1.904000E-2	0.000000E+0	5.349600E+4
1.906000E-2	0.000000E+0	5.310700E+4
1.908000E-2	0.000000E+0	5.342900E+4
1.910000E-2	0.000000E+0	5.329000E+4
1.912000E-2	0.000000E+0	5.321200E+4
1.914000E-2	0.000000E+0	5.337100E+4
1.916000E-2	0.000000E+0	5.331000E+4
1.918000E-2	0.000000E+0	5.308000E+4
1.920000E-2	0.000000E+0	5.360800E+4
1.922000E-2	0.000000E+0	5.310400E+4
1.924000E-2	0.000000E+0	5.356200E+4
1.926000E-2	0.000000E+0	5.355000E+4
1.928000E-2	0.000000E+0	5.324100E+4
1.930000E-2	0.000000E+0	5.353100E+4
1.932000E-2	0.000000E+0	5.327700E+4
1.934000E-2	0.000000E+0	5.338800E+4
1.936000E-2	0.000000E+0	5.341000E+4
1.938000E-2	0.000000E+0	5.348800E+4
1.940000E-2	0.000000E+0	5.358500E+4
1.942000E-2	0.000000E+0	5.363100E+4
1.944000E-2	0.000000E+0	5.329100E+4
1.946000E-2	0.000000E+0	5.318600E+4
1.948000E-2	0.000000E+0	5.344300E+4
1.950000E-2	0.000000E+0	5.329500E+4
1.952000E-2	0.000000E+0	5.352400E+4
1.954000E-2	0.000000E+0	5.365000E+4
1.956000E-2	0.000000E+0	5.343700E+4
1.958000E-2	0.000000E+0	5.311500E+4
1.960000E-2	0.000000E+0	5.344500E+4
1.962000E-2	0.000000E+0	5.316200E+4
1.964000E-2	0.000000E+0	5.354100E+4
1.966000E-2	0.000000E+0	5.317600E+4
1.968000E-2	0.000000E+0	5.319000E+4
1.970000E-2	0.000000E+0	5.302100E+4
1.972000E-2	0.000000E+0	5.332100E+4
1.974000E-2	0.000000E+0	5.325700E+4
1.976000E-2	0.000000E+0	5.359900E+4
1.978000E-2	0.000000E+0	5.300000E+4
1.980000E-2	0.000000E+0	5.319700E+4
1.982000E-2	0.000000E+0	5.362100E+4
1.984000E-2	0.000000E+0	5.341900E+4
1.986000E-2	0.000000E+0	5.345500E+4
1.988000E-2	0.000000E+0	5.360700E+4
1.990000E-2	0.000000E+0	5.373600E+4
1.992000E-2	0.000000E+0	5.327400E+4
1.994000E-2	0.000000E+0	5.378600E+4
1.996000E-2	0.000000E+0	5.330800E+4
1.998000E-2	0.000000E+0	5.317100E+4
