

live time:  90280.380000
real time:  104404.786000
sweeps:  4514019.000000
0.000000E+0	0.000000E+0	0.000000E+0
2.000000E-5	0.000000E+0	3.372700E+4
4.000000E-5	0.000000E+0	3.381700E+4
6.000000E-5	0.000000E+0	3.413200E+4
8.000000E-5	0.000000E+0	3.385500E+4
1.000000E-4	0.000000E+0	3.388900E+4
1.200000E-4	0.000000E+0	3.358700E+4
1.400000E-4	0.000000E+0	3.351200E+4
1.600000E-4	0.000000E+0	3.396700E+4
1.800000E-4	0.000000E+0	3.320200E+4
2.000000E-4	0.000000E+0	3.412600E+4
2.200000E-4	0.000000E+0	3.425000E+4
2.400000E-4	0.000000E+0	3.360100E+4
2.600000E-4	0.000000E+0	3.353500E+4
2.800000E-4	0.000000E+0	3.361900E+4
3.000000E-4	0.000000E+0	3.368900E+4
3.200000E-4	0.000000E+0	3.374700E+4
3.400000E-4	0.000000E+0	3.356900E+4
3.600000E-4	0.000000E+0	3.392400E+4
3.800000E-4	0.000000E+0	3.358200E+4
4.000000E-4	0.000000E+0	3.373700E+4
4.200000E-4	0.000000E+0	3.375300E+4
4.400000E-4	0.000000E+0	3.348500E+4
4.600000E-4	0.000000E+0	3.358300E+4
4.800000E-4	0.000000E+0	3.390300E+4
5.000000E-4	0.000000E+0	3.369700E+4
5.200000E-4	0.000000E+0	3.381700E+4
5.400000E-4	0.000000E+0	3.353300E+4
5.600000E-4	0.000000E+0	3.422300E+4
5.800000E-4	0.000000E+0	3.346000E+4
6.000000E-4	0.000000E+0	3.363900E+4
6.200000E-4	0.000000E+0	3.369900E+4
6.400000E-4	0.000000E+0	3.385100E+4
6.600000E-4	0.000000E+0	3.365100E+4
6.800000E-4	0.000000E+0	3.361300E+4
7.000000E-4	0.000000E+0	3.394800E+4
7.200000E-4	0.000000E+0	3.370400E+4
7.400000E-4	0.000000E+0	3.388600E+4
7.600000E-4	0.000000E+0	3.374700E+4
7.800000E-4	0.000000E+0	3.353000E+4
8.000000E-4	0.000000E+0	3.395900E+4
8.200000E-4	0.000000E+0	3.386200E+4
8.400000E-4	0.000000E+0	3.379200E+4
8.600000E-4	0.000000E+0	3.393700E+4
8.800000E-4	0.000000E+0	3.349700E+4
9.000000E-4	0.000000E+0	3.373500E+4
9.200000E-4	0.000000E+0	3.375800E+4
9.400000E-4	0.000000E+0	3.399200E+4
9.600000E-4	0.000000E+0	3.353000E+4
9.800000E-4	0.000000E+0	3.379900E+4
1.000000E-3	0.000000E+0	3.376600E+4
1.020000E-3	0.000000E+0	3.378500E+4
1.040000E-3	0.000000E+0	3.360800E+4
1.060000E-3	0.000000E+0	3.371100E+4
1.080000E-3	0.000000E+0	3.386900E+4
1.100000E-3	0.000000E+0	3.409900E+4
1.120000E-3	0.000000E+0	3.353700E+4
1.140000E-3	0.000000E+0	3.382500E+4
1.160000E-3	0.000000E+0	3.346000E+4
1.180000E-3	0.000000E+0	3.377000E+4
1.200000E-3	0.000000E+0	3.356500E+4
1.220000E-3	0.000000E+0	3.360600E+4
1.240000E-3	0.000000E+0	3.372200E+4
1.260000E-3	0.000000E+0	3.321900E+4
1.280000E-3	0.000000E+0	3.367500E+4
1.300000E-3	0.000000E+0	3.376500E+4
1.320000E-3	0.000000E+0	3.379300E+4
1.340000E-3	0.000000E+0	3.377400E+4
1.360000E-3	0.000000E+0	3.355400E+4
1.380000E-3	0.000000E+0	3.326600E+4
1.400000E-3	0.000000E+0	3.391500E+4
1.420000E-3	0.000000E+0	3.398000E+4
1.440000E-3	0.000000E+0	3.371700E+4
1.460000E-3	0.000000E+0	3.399600E+4
1.480000E-3	0.000000E+0	3.348100E+4
1.500000E-3	0.000000E+0	3.401000E+4
1.520000E-3	0.000000E+0	3.397800E+4
1.540000E-3	0.000000E+0	3.360300E+4
1.560000E-3	0.000000E+0	3.376200E+4
1.580000E-3	0.000000E+0	3.370200E+4
1.600000E-3	0.000000E+0	3.363500E+4
1.620000E-3	0.000000E+0	3.376300E+4
1.640000E-3	0.000000E+0	3.366900E+4
1.660000E-3	0.000000E+0	3.356000E+4
1.680000E-3	0.000000E+0	3.366200E+4
1.700000E-3	0.000000E+0	3.367800E+4
1.720000E-3	0.000000E+0	3.351500E+4
1.740000E-3	0.000000E+0	3.365500E+4
1.760000E-3	0.000000E+0	3.398500E+4
1.780000E-3	0.000000E+0	3.397600E+4
1.800000E-3	0.000000E+0	3.387800E+4
1.820000E-3	0.000000E+0	3.403500E+4
1.840000E-3	0.000000E+0	3.375800E+4
1.860000E-3	0.000000E+0	3.376100E+4
1.880000E-3	0.000000E+0	3.364800E+4
1.900000E-3	0.000000E+0	3.382600E+4
1.920000E-3	0.000000E+0	3.372100E+4
1.940000E-3	0.000000E+0	3.368100E+4
1.960000E-3	0.000000E+0	3.371500E+4
1.980000E-3	0.000000E+0	3.363400E+4
2.000000E-3	0.000000E+0	3.366300E+4
2.020000E-3	0.000000E+0	3.399500E+4
2.040000E-3	0.000000E+0	3.361700E+4
2.060000E-3	0.000000E+0	3.393400E+4
2.080000E-3	0.000000E+0	3.370600E+4
2.100000E-3	0.000000E+0	3.372800E+4
2.120000E-3	0.000000E+0	3.366100E+4
2.140000E-3	0.000000E+0	3.386700E+4
2.160000E-3	0.000000E+0	3.387500E+4
2.180000E-3	0.000000E+0	3.388700E+4
2.200000E-3	0.000000E+0	3.375200E+4
2.220000E-3	0.000000E+0	3.378700E+4
2.240000E-3	0.000000E+0	3.333100E+4
2.260000E-3	0.000000E+0	3.387000E+4
2.280000E-3	0.000000E+0	3.357500E+4
2.300000E-3	0.000000E+0	3.380600E+4
2.320000E-3	0.000000E+0	3.373200E+4
2.340000E-3	0.000000E+0	3.384800E+4
2.360000E-3	0.000000E+0	3.386900E+4
2.380000E-3	0.000000E+0	3.357500E+4
2.400000E-3	0.000000E+0	3.363900E+4
2.420000E-3	0.000000E+0	3.368500E+4
2.440000E-3	0.000000E+0	3.388300E+4
2.460000E-3	0.000000E+0	3.378900E+4
2.480000E-3	0.000000E+0	3.407100E+4
2.500000E-3	0.000000E+0	3.397100E+4
2.520000E-3	0.000000E+0	3.359600E+4
2.540000E-3	0.000000E+0	3.420100E+4
2.560000E-3	0.000000E+0	3.371300E+4
2.580000E-3	0.000000E+0	3.370400E+4
2.600000E-3	0.000000E+0	3.401100E+4
2.620000E-3	0.000000E+0	3.379400E+4
2.640000E-3	0.000000E+0	3.394500E+4
2.660000E-3	0.000000E+0	3.378600E+4
2.680000E-3	0.000000E+0	3.348600E+4
2.700000E-3	0.000000E+0	3.372200E+4
2.720000E-3	0.000000E+0	3.382700E+4
2.740000E-3	0.000000E+0	3.364900E+4
2.760000E-3	0.000000E+0	3.374900E+4
2.780000E-3	0.000000E+0	3.399300E+4
2.800000E-3	0.000000E+0	3.390000E+4
2.820000E-3	0.000000E+0	3.439900E+4
2.840000E-3	0.000000E+0	3.373100E+4
2.860000E-3	0.000000E+0	3.366600E+4
2.880000E-3	0.000000E+0	3.365100E+4
2.900000E-3	0.000000E+0	3.380900E+4
2.920000E-3	0.000000E+0	3.384700E+4
2.940000E-3	0.000000E+0	3.397700E+4
2.960000E-3	0.000000E+0	3.408900E+4
2.980000E-3	0.000000E+0	3.374300E+4
3.000000E-3	0.000000E+0	3.331300E+4
3.020000E-3	0.000000E+0	3.379500E+4
3.040000E-3	0.000000E+0	3.406100E+4
3.060000E-3	0.000000E+0	3.390500E+4
3.080000E-3	0.000000E+0	3.375100E+4
3.100000E-3	0.000000E+0	3.381200E+4
3.120000E-3	0.000000E+0	3.381300E+4
3.140000E-3	0.000000E+0	3.379000E+4
3.160000E-3	0.000000E+0	3.387300E+4
3.180000E-3	0.000000E+0	3.379800E+4
3.200000E-3	0.000000E+0	3.374100E+4
3.220000E-3	0.000000E+0	3.393800E+4
3.240000E-3	0.000000E+0	3.388800E+4
3.260000E-3	0.000000E+0	3.328600E+4
3.280000E-3	0.000000E+0	3.403000E+4
3.300000E-3	0.000000E+0	3.395400E+4
3.320000E-3	0.000000E+0	3.366400E+4
3.340000E-3	0.000000E+0	3.364800E+4
3.360000E-3	0.000000E+0	3.347900E+4
3.380000E-3	0.000000E+0	3.371800E+4
3.400000E-3	0.000000E+0	3.385200E+4
3.420000E-3	0.000000E+0	3.351900E+4
3.440000E-3	0.000000E+0	3.376700E+4
3.460000E-3	0.000000E+0	3.366800E+4
3.480000E-3	0.000000E+0	3.393400E+4
3.500000E-3	0.000000E+0	3.354900E+4
3.520000E-3	0.000000E+0	3.418500E+4
3.540000E-3	0.000000E+0	3.381400E+4
3.560000E-3	0.000000E+0	3.377900E+4
3.580000E-3	0.000000E+0	3.362900E+4
3.600000E-3	0.000000E+0	3.364300E+4
3.620000E-3	0.000000E+0	3.338700E+4
3.640000E-3	0.000000E+0	3.369500E+4
3.660000E-3	0.000000E+0	3.343300E+4
3.680000E-3	0.000000E+0	3.372600E+4
3.700000E-3	0.000000E+0	3.352800E+4
3.720000E-3	0.000000E+0	3.348000E+4
3.740000E-3	0.000000E+0	3.370900E+4
3.760000E-3	0.000000E+0	3.367500E+4
3.780000E-3	0.000000E+0	3.385100E+4
3.800000E-3	0.000000E+0	3.383800E+4
3.820000E-3	0.000000E+0	3.391300E+4
3.840000E-3	0.000000E+0	3.388100E+4
3.860000E-3	0.000000E+0	3.392700E+4
3.880000E-3	0.000000E+0	3.373200E+4
3.900000E-3	0.000000E+0	3.386300E+4
3.920000E-3	0.000000E+0	3.400100E+4
3.940000E-3	0.000000E+0	3.357700E+4
3.960000E-3	0.000000E+0	3.359400E+4
3.980000E-3	0.000000E+0	3.384300E+4
4.000000E-3	0.000000E+0	3.363400E+4
4.020000E-3	0.000000E+0	3.350700E+4
4.040000E-3	0.000000E+0	3.364900E+4
4.060000E-3	0.000000E+0	3.394600E+4
4.080000E-3	0.000000E+0	3.382600E+4
4.100000E-3	0.000000E+0	3.349400E+4
4.120000E-3	0.000000E+0	3.365100E+4
4.140000E-3	0.000000E+0	3.364000E+4
4.160000E-3	0.000000E+0	3.343500E+4
4.180000E-3	0.000000E+0	3.350900E+4
4.200000E-3	0.000000E+0	3.388400E+4
4.220000E-3	0.000000E+0	3.402700E+4
4.240000E-3	0.000000E+0	3.373800E+4
4.260000E-3	0.000000E+0	3.370100E+4
4.280000E-3	0.000000E+0	3.388900E+4
4.300000E-3	0.000000E+0	3.396100E+4
4.320000E-3	0.000000E+0	3.372100E+4
4.340000E-3	0.000000E+0	3.418000E+4
4.360000E-3	0.000000E+0	3.392500E+4
4.380000E-3	0.000000E+0	3.347000E+4
4.400000E-3	0.000000E+0	3.378700E+4
4.420000E-3	0.000000E+0	3.371400E+4
4.440000E-3	0.000000E+0	3.393500E+4
4.460000E-3	0.000000E+0	3.384500E+4
4.480000E-3	0.000000E+0	3.330800E+4
4.500000E-3	0.000000E+0	3.357000E+4
4.520000E-3	0.000000E+0	3.351200E+4
4.540000E-3	0.000000E+0	3.383800E+4
4.560000E-3	0.000000E+0	3.357100E+4
4.580000E-3	0.000000E+0	3.373500E+4
4.600000E-3	0.000000E+0	3.350800E+4
4.620000E-3	0.000000E+0	3.335000E+4
4.640000E-3	0.000000E+0	3.380900E+4
4.660000E-3	0.000000E+0	3.350300E+4
4.680000E-3	0.000000E+0	3.333900E+4
4.700000E-3	0.000000E+0	3.338500E+4
4.720000E-3	0.000000E+0	3.336500E+4
4.740000E-3	0.000000E+0	3.322200E+4
4.760000E-3	0.000000E+0	3.320900E+4
4.780000E-3	0.000000E+0	3.275700E+4
4.800000E-3	0.000000E+0	3.289200E+4
4.820000E-3	0.000000E+0	3.286600E+4
4.840000E-3	0.000000E+0	3.230100E+4
4.860000E-3	0.000000E+0	3.201900E+4
4.880000E-3	0.000000E+0	3.118000E+4
4.900000E-3	0.000000E+0	2.989100E+4
4.920000E-3	0.000000E+0	2.855900E+4
4.940000E-3	0.000000E+0	2.683700E+4
4.960000E-3	0.000000E+0	2.662700E+4
4.980000E-3	0.000000E+0	2.716300E+4
5.000000E-3	0.000000E+0	2.914100E+4
5.020000E-3	0.000000E+0	3.067000E+4
5.040000E-3	0.000000E+0	3.141300E+4
5.060000E-3	0.000000E+0	3.232700E+4
5.080000E-3	0.000000E+0	3.265000E+4
5.100000E-3	0.000000E+0	3.252800E+4
5.120000E-3	0.000000E+0	3.310100E+4
5.140000E-3	0.000000E+0	3.329400E+4
5.160000E-3	0.000000E+0	3.291900E+4
5.180000E-3	0.000000E+0	3.322800E+4
5.200000E-3	0.000000E+0	3.307500E+4
5.220000E-3	0.000000E+0	3.338700E+4
5.240000E-3	0.000000E+0	3.354300E+4
5.260000E-3	0.000000E+0	3.331000E+4
5.280000E-3	0.000000E+0	3.311800E+4
5.300000E-3	0.000000E+0	3.323700E+4
5.320000E-3	0.000000E+0	3.339300E+4
5.340000E-3	0.000000E+0	3.314300E+4
5.360000E-3	0.000000E+0	3.361900E+4
5.380000E-3	0.000000E+0	3.328100E+4
5.400000E-3	0.000000E+0	3.331800E+4
5.420000E-3	0.000000E+0	3.264900E+4
5.440000E-3	0.000000E+0	3.331400E+4
5.460000E-3	0.000000E+0	3.261000E+4
5.480000E-3	0.000000E+0	3.273100E+4
5.500000E-3	0.000000E+0	3.253700E+4
5.520000E-3	0.000000E+0	3.212100E+4
5.540000E-3	0.000000E+0	3.196000E+4
5.560000E-3	0.000000E+0	3.185300E+4
5.580000E-3	0.000000E+0	3.214500E+4
5.600000E-3	0.000000E+0	3.166900E+4
5.620000E-3	0.000000E+0	3.164700E+4
5.640000E-3	0.000000E+0	3.122500E+4
5.660000E-3	0.000000E+0	3.081700E+4
5.680000E-3	0.000000E+0	2.990200E+4
5.700000E-3	0.000000E+0	2.877600E+4
5.720000E-3	0.000000E+0	2.769400E+4
5.740000E-3	0.000000E+0	2.626400E+4
5.760000E-3	0.000000E+0	2.593300E+4
5.780000E-3	0.000000E+0	2.708800E+4
5.800000E-3	0.000000E+0	2.895600E+4
5.820000E-3	0.000000E+0	3.009400E+4
5.840000E-3	0.000000E+0	3.138000E+4
5.860000E-3	0.000000E+0	3.198000E+4
5.880000E-3	0.000000E+0	3.231700E+4
5.900000E-3	0.000000E+0	3.280800E+4
5.920000E-3	0.000000E+0	3.308700E+4
5.940000E-3	0.000000E+0	3.300800E+4
5.960000E-3	0.000000E+0	3.310400E+4
5.980000E-3	0.000000E+0	3.344600E+4
6.000000E-3	0.000000E+0	3.346900E+4
6.020000E-3	0.000000E+0	3.321900E+4
6.040000E-3	0.000000E+0	3.357800E+4
6.060000E-3	0.000000E+0	3.355400E+4
6.080000E-3	0.000000E+0	3.348600E+4
6.100000E-3	0.000000E+0	3.366400E+4
6.120000E-3	0.000000E+0	3.360900E+4
6.140000E-3	0.000000E+0	3.352600E+4
6.160000E-3	0.000000E+0	3.368000E+4
6.180000E-3	0.000000E+0	3.403100E+4
6.200000E-3	0.000000E+0	3.352900E+4
6.220000E-3	0.000000E+0	3.344000E+4
6.240000E-3	0.000000E+0	3.389700E+4
6.260000E-3	0.000000E+0	3.367000E+4
6.280000E-3	0.000000E+0	3.351000E+4
6.300000E-3	0.000000E+0	3.372600E+4
6.320000E-3	0.000000E+0	3.364800E+4
6.340000E-3	0.000000E+0	3.377900E+4
6.360000E-3	0.000000E+0	3.378700E+4
6.380000E-3	0.000000E+0	3.379000E+4
6.400000E-3	0.000000E+0	3.406500E+4
6.420000E-3	0.000000E+0	3.363500E+4
6.440000E-3	0.000000E+0	3.348800E+4
6.460000E-3	0.000000E+0	3.352500E+4
6.480000E-3	0.000000E+0	3.329600E+4
6.500000E-3	0.000000E+0	3.355600E+4
6.520000E-3	0.000000E+0	3.351300E+4
6.540000E-3	0.000000E+0	3.372400E+4
6.560000E-3	0.000000E+0	3.345700E+4
6.580000E-3	0.000000E+0	3.358400E+4
6.600000E-3	0.000000E+0	3.361300E+4
6.620000E-3	0.000000E+0	3.375200E+4
6.640000E-3	0.000000E+0	3.364900E+4
6.660000E-3	0.000000E+0	3.367100E+4
6.680000E-3	0.000000E+0	3.380500E+4
6.700000E-3	0.000000E+0	3.375200E+4
6.720000E-3	0.000000E+0	3.344000E+4
6.740000E-3	0.000000E+0	3.359500E+4
6.760000E-3	0.000000E+0	3.371000E+4
6.780000E-3	0.000000E+0	3.352700E+4
6.800000E-3	0.000000E+0	3.362900E+4
6.820000E-3	0.000000E+0	3.345400E+4
6.840000E-3	0.000000E+0	3.348600E+4
6.860000E-3	0.000000E+0	3.391700E+4
6.880000E-3	0.000000E+0	3.361100E+4
6.900000E-3	0.000000E+0	3.372700E+4
6.920000E-3	0.000000E+0	3.386800E+4
6.940000E-3	0.000000E+0	3.389400E+4
6.960000E-3	0.000000E+0	3.381600E+4
6.980000E-3	0.000000E+0	3.360000E+4
7.000000E-3	0.000000E+0	3.395100E+4
7.020000E-3	0.000000E+0	3.360200E+4
7.040000E-3	0.000000E+0	3.367900E+4
7.060000E-3	0.000000E+0	3.367700E+4
7.080000E-3	0.000000E+0	3.376500E+4
7.100000E-3	0.000000E+0	3.366300E+4
7.120000E-3	0.000000E+0	3.395800E+4
7.140000E-3	0.000000E+0	3.370900E+4
7.160000E-3	0.000000E+0	3.367600E+4
7.180000E-3	0.000000E+0	3.362200E+4
7.200000E-3	0.000000E+0	3.403600E+4
7.220000E-3	0.000000E+0	3.369300E+4
7.240000E-3	0.000000E+0	3.371700E+4
7.260000E-3	0.000000E+0	3.383600E+4
7.280000E-3	0.000000E+0	3.395900E+4
7.300000E-3	0.000000E+0	3.381400E+4
7.320000E-3	0.000000E+0	3.384200E+4
7.340000E-3	0.000000E+0	3.383600E+4
7.360000E-3	0.000000E+0	3.372600E+4
7.380000E-3	0.000000E+0	3.340900E+4
7.400000E-3	0.000000E+0	3.368600E+4
7.420000E-3	0.000000E+0	3.394700E+4
7.440000E-3	0.000000E+0	3.391900E+4
7.460000E-3	0.000000E+0	3.417000E+4
7.480000E-3	0.000000E+0	3.350700E+4
7.500000E-3	0.000000E+0	3.360300E+4
7.520000E-3	0.000000E+0	3.375600E+4
7.540000E-3	0.000000E+0	3.375200E+4
7.560000E-3	0.000000E+0	3.368700E+4
7.580000E-3	0.000000E+0	3.381500E+4
7.600000E-3	0.000000E+0	3.349000E+4
7.620000E-3	0.000000E+0	3.384300E+4
7.640000E-3	0.000000E+0	3.384000E+4
7.660000E-3	0.000000E+0	3.376700E+4
7.680000E-3	0.000000E+0	3.366100E+4
7.700000E-3	0.000000E+0	3.352500E+4
7.720000E-3	0.000000E+0	3.388800E+4
7.740000E-3	0.000000E+0	3.368600E+4
7.760000E-3	0.000000E+0	3.350300E+4
7.780000E-3	0.000000E+0	3.353400E+4
7.800000E-3	0.000000E+0	3.395800E+4
7.820000E-3	0.000000E+0	3.389300E+4
7.840000E-3	0.000000E+0	3.353700E+4
7.860000E-3	0.000000E+0	3.371400E+4
7.880000E-3	0.000000E+0	3.396900E+4
7.900000E-3	0.000000E+0	3.389800E+4
7.920000E-3	0.000000E+0	3.386500E+4
7.940000E-3	0.000000E+0	3.358500E+4
7.960000E-3	0.000000E+0	3.378200E+4
7.980000E-3	0.000000E+0	3.406500E+4
8.000000E-3	0.000000E+0	3.383100E+4
8.020000E-3	0.000000E+0	3.343900E+4
8.040000E-3	0.000000E+0	3.363100E+4
8.060000E-3	0.000000E+0	3.356600E+4
8.080000E-3	0.000000E+0	3.385900E+4
8.100000E-3	0.000000E+0	3.372700E+4
8.120000E-3	0.000000E+0	3.323600E+4
8.140000E-3	0.000000E+0	3.411700E+4
8.160000E-3	0.000000E+0	3.413600E+4
8.180000E-3	0.000000E+0	3.384500E+4
8.200000E-3	0.000000E+0	3.391800E+4
8.220000E-3	0.000000E+0	3.359000E+4
8.240000E-3	0.000000E+0	3.391500E+4
8.260000E-3	0.000000E+0	3.383400E+4
8.280000E-3	0.000000E+0	3.369800E+4
8.300000E-3	0.000000E+0	3.375400E+4
8.320000E-3	0.000000E+0	3.362800E+4
8.340000E-3	0.000000E+0	3.371400E+4
8.360000E-3	0.000000E+0	3.365900E+4
8.380000E-3	0.000000E+0	3.348400E+4
8.400000E-3	0.000000E+0	3.392900E+4
8.420000E-3	0.000000E+0	3.365900E+4
8.440000E-3	0.000000E+0	3.365600E+4
8.460000E-3	0.000000E+0	3.321400E+4
8.480000E-3	0.000000E+0	3.390200E+4
8.500000E-3	0.000000E+0	3.378100E+4
8.520000E-3	0.000000E+0	3.376200E+4
8.540000E-3	0.000000E+0	3.353100E+4
8.560000E-3	0.000000E+0	3.391900E+4
8.580000E-3	0.000000E+0	3.381100E+4
8.600000E-3	0.000000E+0	3.390500E+4
8.620000E-3	0.000000E+0	3.403600E+4
8.640000E-3	0.000000E+0	3.401200E+4
8.660000E-3	0.000000E+0	3.414800E+4
8.680000E-3	0.000000E+0	3.371000E+4
8.700000E-3	0.000000E+0	3.378200E+4
8.720000E-3	0.000000E+0	3.388700E+4
8.740000E-3	0.000000E+0	3.400600E+4
8.760000E-3	0.000000E+0	3.394500E+4
8.780000E-3	0.000000E+0	3.360500E+4
8.800000E-3	0.000000E+0	3.375600E+4
8.820000E-3	0.000000E+0	3.382200E+4
8.840000E-3	0.000000E+0	3.382800E+4
8.860000E-3	0.000000E+0	3.352500E+4
8.880000E-3	0.000000E+0	3.383400E+4
8.900000E-3	0.000000E+0	3.352300E+4
8.920000E-3	0.000000E+0	3.330500E+4
8.940000E-3	0.000000E+0	3.368400E+4
8.960000E-3	0.000000E+0	3.383100E+4
8.980000E-3	0.000000E+0	3.388200E+4
9.000000E-3	0.000000E+0	3.395700E+4
9.020000E-3	0.000000E+0	3.375300E+4
9.040000E-3	0.000000E+0	3.355900E+4
9.060000E-3	0.000000E+0	3.351300E+4
9.080000E-3	0.000000E+0	3.378500E+4
9.100000E-3	0.000000E+0	3.391900E+4
9.120000E-3	0.000000E+0	3.422700E+4
9.140000E-3	0.000000E+0	3.359500E+4
9.160000E-3	0.000000E+0	3.363200E+4
9.180000E-3	0.000000E+0	3.406200E+4
9.200000E-3	0.000000E+0	3.391200E+4
9.220000E-3	0.000000E+0	3.367500E+4
9.240000E-3	0.000000E+0	3.375300E+4
9.260000E-3	0.000000E+0	3.362800E+4
9.280000E-3	0.000000E+0	3.389800E+4
9.300000E-3	0.000000E+0	3.354800E+4
9.320000E-3	0.000000E+0	3.354100E+4
9.340000E-3	0.000000E+0	3.369400E+4
9.360000E-3	0.000000E+0	3.395100E+4
9.380000E-3	0.000000E+0	3.379800E+4
9.400000E-3	0.000000E+0	3.350000E+4
9.420000E-3	0.000000E+0	3.376200E+4
9.440000E-3	0.000000E+0	3.377100E+4
9.460000E-3	0.000000E+0	3.348900E+4
9.480000E-3	0.000000E+0	3.380300E+4
9.500000E-3	0.000000E+0	3.372100E+4
9.520000E-3	0.000000E+0	3.355300E+4
9.540000E-3	0.000000E+0	3.403300E+4
9.560000E-3	0.000000E+0	3.378900E+4
9.580000E-3	0.000000E+0	3.391800E+4
9.600000E-3	0.000000E+0	3.359600E+4
9.620000E-3	0.000000E+0	3.402800E+4
9.640000E-3	0.000000E+0	3.389100E+4
9.660000E-3	0.000000E+0	3.371200E+4
9.680000E-3	0.000000E+0	3.383600E+4
9.700000E-3	0.000000E+0	3.372000E+4
9.720000E-3	0.000000E+0	3.371900E+4
9.740000E-3	0.000000E+0	3.373800E+4
9.760000E-3	0.000000E+0	3.357700E+4
9.780000E-3	0.000000E+0	3.376000E+4
9.800000E-3	0.000000E+0	3.362800E+4
9.820000E-3	0.000000E+0	3.390600E+4
9.840000E-3	0.000000E+0	3.396200E+4
9.860000E-3	0.000000E+0	3.359200E+4
9.880000E-3	0.000000E+0	3.353200E+4
9.900000E-3	0.000000E+0	3.378300E+4
9.920000E-3	0.000000E+0	3.349600E+4
9.940000E-3	0.000000E+0	3.376900E+4
9.960000E-3	0.000000E+0	3.421500E+4
9.980000E-3	0.000000E+0	3.411700E+4
1.000000E-2	0.000000E+0	3.373100E+4
1.002000E-2	0.000000E+0	3.401700E+4
1.004000E-2	0.000000E+0	3.405300E+4
1.006000E-2	0.000000E+0	3.363000E+4
1.008000E-2	0.000000E+0	3.377800E+4
1.010000E-2	0.000000E+0	3.337600E+4
1.012000E-2	0.000000E+0	3.358200E+4
1.014000E-2	0.000000E+0	3.380600E+4
1.016000E-2	0.000000E+0	3.362800E+4
1.018000E-2	0.000000E+0	3.342200E+4
1.020000E-2	0.000000E+0	3.389300E+4
1.022000E-2	0.000000E+0	3.366100E+4
1.024000E-2	0.000000E+0	3.396500E+4
1.026000E-2	0.000000E+0	3.349300E+4
1.028000E-2	0.000000E+0	3.357800E+4
1.030000E-2	0.000000E+0	3.407600E+4
1.032000E-2	0.000000E+0	3.352700E+4
1.034000E-2	0.000000E+0	3.380500E+4
1.036000E-2	0.000000E+0	3.334900E+4
1.038000E-2	0.000000E+0	3.365900E+4
1.040000E-2	0.000000E+0	3.379900E+4
1.042000E-2	0.000000E+0	3.408800E+4
1.044000E-2	0.000000E+0	3.369600E+4
1.046000E-2	0.000000E+0	3.388300E+4
1.048000E-2	0.000000E+0	3.360200E+4
1.050000E-2	0.000000E+0	3.345400E+4
1.052000E-2	0.000000E+0	3.362100E+4
1.054000E-2	0.000000E+0	3.364000E+4
1.056000E-2	0.000000E+0	3.383200E+4
1.058000E-2	0.000000E+0	3.392500E+4
1.060000E-2	0.000000E+0	3.376800E+4
1.062000E-2	0.000000E+0	3.402700E+4
1.064000E-2	0.000000E+0	3.380200E+4
1.066000E-2	0.000000E+0	3.376700E+4
1.068000E-2	0.000000E+0	3.377000E+4
1.070000E-2	0.000000E+0	3.367400E+4
1.072000E-2	0.000000E+0	3.389700E+4
1.074000E-2	0.000000E+0	3.381500E+4
1.076000E-2	0.000000E+0	3.324700E+4
1.078000E-2	0.000000E+0	3.386100E+4
1.080000E-2	0.000000E+0	3.366300E+4
1.082000E-2	0.000000E+0	3.367900E+4
1.084000E-2	0.000000E+0	3.380600E+4
1.086000E-2	0.000000E+0	3.347200E+4
1.088000E-2	0.000000E+0	3.350600E+4
1.090000E-2	0.000000E+0	3.393600E+4
1.092000E-2	0.000000E+0	3.384600E+4
1.094000E-2	0.000000E+0	3.368900E+4
1.096000E-2	0.000000E+0	3.354900E+4
1.098000E-2	0.000000E+0	3.371200E+4
1.100000E-2	0.000000E+0	3.357300E+4
1.102000E-2	0.000000E+0	3.358900E+4
1.104000E-2	0.000000E+0	3.380300E+4
1.106000E-2	0.000000E+0	3.373800E+4
1.108000E-2	0.000000E+0	3.345500E+4
1.110000E-2	0.000000E+0	3.372000E+4
1.112000E-2	0.000000E+0	3.373800E+4
1.114000E-2	0.000000E+0	3.395900E+4
1.116000E-2	0.000000E+0	3.411400E+4
1.118000E-2	0.000000E+0	3.417900E+4
1.120000E-2	0.000000E+0	3.346200E+4
1.122000E-2	0.000000E+0	3.394500E+4
1.124000E-2	0.000000E+0	3.388800E+4
1.126000E-2	0.000000E+0	3.406400E+4
1.128000E-2	0.000000E+0	3.368500E+4
1.130000E-2	0.000000E+0	3.379300E+4
1.132000E-2	0.000000E+0	3.371600E+4
1.134000E-2	0.000000E+0	3.361500E+4
1.136000E-2	0.000000E+0	3.401800E+4
1.138000E-2	0.000000E+0	3.367000E+4
1.140000E-2	0.000000E+0	3.353800E+4
1.142000E-2	0.000000E+0	3.385800E+4
1.144000E-2	0.000000E+0	3.331900E+4
1.146000E-2	0.000000E+0	3.362700E+4
1.148000E-2	0.000000E+0	3.343400E+4
1.150000E-2	0.000000E+0	3.354700E+4
1.152000E-2	0.000000E+0	3.385300E+4
1.154000E-2	0.000000E+0	3.327400E+4
1.156000E-2	0.000000E+0	3.371700E+4
1.158000E-2	0.000000E+0	3.375600E+4
1.160000E-2	0.000000E+0	3.386800E+4
1.162000E-2	0.000000E+0	3.408200E+4
1.164000E-2	0.000000E+0	3.406100E+4
1.166000E-2	0.000000E+0	3.375900E+4
1.168000E-2	0.000000E+0	3.378400E+4
1.170000E-2	0.000000E+0	3.361600E+4
1.172000E-2	0.000000E+0	3.363600E+4
1.174000E-2	0.000000E+0	3.376400E+4
1.176000E-2	0.000000E+0	3.359900E+4
1.178000E-2	0.000000E+0	3.368100E+4
1.180000E-2	0.000000E+0	3.385400E+4
1.182000E-2	0.000000E+0	3.417700E+4
1.184000E-2	0.000000E+0	3.356900E+4
1.186000E-2	0.000000E+0	3.379700E+4
1.188000E-2	0.000000E+0	3.348700E+4
1.190000E-2	0.000000E+0	3.336300E+4
1.192000E-2	0.000000E+0	3.396200E+4
1.194000E-2	0.000000E+0	3.398100E+4
1.196000E-2	0.000000E+0	3.355600E+4
1.198000E-2	0.000000E+0	3.360700E+4
1.200000E-2	0.000000E+0	3.357300E+4
1.202000E-2	0.000000E+0	3.380800E+4
1.204000E-2	0.000000E+0	3.402300E+4
1.206000E-2	0.000000E+0	3.351200E+4
1.208000E-2	0.000000E+0	3.377800E+4
1.210000E-2	0.000000E+0	3.365000E+4
1.212000E-2	0.000000E+0	3.400800E+4
1.214000E-2	0.000000E+0	3.362900E+4
1.216000E-2	0.000000E+0	3.436200E+4
1.218000E-2	0.000000E+0	3.396800E+4
1.220000E-2	0.000000E+0	3.378100E+4
1.222000E-2	0.000000E+0	3.375100E+4
1.224000E-2	0.000000E+0	3.387400E+4
1.226000E-2	0.000000E+0	3.379900E+4
1.228000E-2	0.000000E+0	3.401700E+4
1.230000E-2	0.000000E+0	3.366600E+4
1.232000E-2	0.000000E+0	3.376600E+4
1.234000E-2	0.000000E+0	3.358400E+4
1.236000E-2	0.000000E+0	3.356300E+4
1.238000E-2	0.000000E+0	3.374900E+4
1.240000E-2	0.000000E+0	3.374000E+4
1.242000E-2	0.000000E+0	3.347700E+4
1.244000E-2	0.000000E+0	3.369900E+4
1.246000E-2	0.000000E+0	3.342800E+4
1.248000E-2	0.000000E+0	3.372500E+4
1.250000E-2	0.000000E+0	3.343900E+4
1.252000E-2	0.000000E+0	3.352500E+4
1.254000E-2	0.000000E+0	3.379900E+4
1.256000E-2	0.000000E+0	3.366900E+4
1.258000E-2	0.000000E+0	3.367100E+4
1.260000E-2	0.000000E+0	3.403900E+4
1.262000E-2	0.000000E+0	3.340200E+4
1.264000E-2	0.000000E+0	3.401800E+4
1.266000E-2	0.000000E+0	3.366400E+4
1.268000E-2	0.000000E+0	3.377200E+4
1.270000E-2	0.000000E+0	3.340100E+4
1.272000E-2	0.000000E+0	3.359600E+4
1.274000E-2	0.000000E+0	3.365800E+4
1.276000E-2	0.000000E+0	3.341300E+4
1.278000E-2	0.000000E+0	3.395400E+4
1.280000E-2	0.000000E+0	3.383300E+4
1.282000E-2	0.000000E+0	3.407500E+4
1.284000E-2	0.000000E+0	3.376500E+4
1.286000E-2	0.000000E+0	3.386300E+4
1.288000E-2	0.000000E+0	3.374200E+4
1.290000E-2	0.000000E+0	3.345300E+4
1.292000E-2	0.000000E+0	3.384900E+4
1.294000E-2	0.000000E+0	3.365300E+4
1.296000E-2	0.000000E+0	3.395300E+4
1.298000E-2	0.000000E+0	3.338400E+4
1.300000E-2	0.000000E+0	3.385100E+4
1.302000E-2	0.000000E+0	3.368700E+4
1.304000E-2	0.000000E+0	3.382200E+4
1.306000E-2	0.000000E+0	3.347000E+4
1.308000E-2	0.000000E+0	3.352100E+4
1.310000E-2	0.000000E+0	3.364500E+4
1.312000E-2	0.000000E+0	3.345000E+4
1.314000E-2	0.000000E+0	3.398800E+4
1.316000E-2	0.000000E+0	3.395100E+4
1.318000E-2	0.000000E+0	3.356800E+4
1.320000E-2	0.000000E+0	3.381800E+4
1.322000E-2	0.000000E+0	3.372100E+4
1.324000E-2	0.000000E+0	3.348700E+4
1.326000E-2	0.000000E+0	3.377100E+4
1.328000E-2	0.000000E+0	3.361900E+4
1.330000E-2	0.000000E+0	3.366800E+4
1.332000E-2	0.000000E+0	3.386700E+4
1.334000E-2	0.000000E+0	3.387500E+4
1.336000E-2	0.000000E+0	3.419400E+4
1.338000E-2	0.000000E+0	3.349500E+4
1.340000E-2	0.000000E+0	3.363900E+4
1.342000E-2	0.000000E+0	3.360800E+4
1.344000E-2	0.000000E+0	3.353500E+4
1.346000E-2	0.000000E+0	3.356500E+4
1.348000E-2	0.000000E+0	3.367500E+4
1.350000E-2	0.000000E+0	3.378500E+4
1.352000E-2	0.000000E+0	3.364600E+4
1.354000E-2	0.000000E+0	3.382600E+4
1.356000E-2	0.000000E+0	3.373800E+4
1.358000E-2	0.000000E+0	3.371200E+4
1.360000E-2	0.000000E+0	3.362000E+4
1.362000E-2	0.000000E+0	3.369600E+4
1.364000E-2	0.000000E+0	3.362400E+4
1.366000E-2	0.000000E+0	3.379200E+4
1.368000E-2	0.000000E+0	3.379900E+4
1.370000E-2	0.000000E+0	3.365700E+4
1.372000E-2	0.000000E+0	3.366900E+4
1.374000E-2	0.000000E+0	3.351700E+4
1.376000E-2	0.000000E+0	3.368500E+4
1.378000E-2	0.000000E+0	3.395900E+4
1.380000E-2	0.000000E+0	3.372300E+4
1.382000E-2	0.000000E+0	3.368900E+4
1.384000E-2	0.000000E+0	3.355800E+4
1.386000E-2	0.000000E+0	3.321000E+4
1.388000E-2	0.000000E+0	3.366000E+4
1.390000E-2	0.000000E+0	3.355400E+4
1.392000E-2	0.000000E+0	3.367700E+4
1.394000E-2	0.000000E+0	3.355700E+4
1.396000E-2	0.000000E+0	3.378200E+4
1.398000E-2	0.000000E+0	3.388300E+4
1.400000E-2	0.000000E+0	3.376900E+4
1.402000E-2	0.000000E+0	3.387700E+4
1.404000E-2	0.000000E+0	3.380900E+4
1.406000E-2	0.000000E+0	3.364500E+4
1.408000E-2	0.000000E+0	3.389600E+4
1.410000E-2	0.000000E+0	3.373500E+4
1.412000E-2	0.000000E+0	3.375500E+4
1.414000E-2	0.000000E+0	3.365000E+4
1.416000E-2	0.000000E+0	3.377700E+4
1.418000E-2	0.000000E+0	3.361100E+4
1.420000E-2	0.000000E+0	3.355300E+4
1.422000E-2	0.000000E+0	3.376400E+4
1.424000E-2	0.000000E+0	3.379600E+4
1.426000E-2	0.000000E+0	3.380400E+4
1.428000E-2	0.000000E+0	3.384400E+4
1.430000E-2	0.000000E+0	3.378300E+4
1.432000E-2	0.000000E+0	3.386100E+4
1.434000E-2	0.000000E+0	3.361600E+4
1.436000E-2	0.000000E+0	3.397600E+4
1.438000E-2	0.000000E+0	3.376500E+4
1.440000E-2	0.000000E+0	3.368400E+4
1.442000E-2	0.000000E+0	3.368500E+4
1.444000E-2	0.000000E+0	3.374900E+4
1.446000E-2	0.000000E+0	3.360900E+4
1.448000E-2	0.000000E+0	3.365400E+4
1.450000E-2	0.000000E+0	3.353100E+4
1.452000E-2	0.000000E+0	3.363600E+4
1.454000E-2	0.000000E+0	3.358700E+4
1.456000E-2	0.000000E+0	3.377400E+4
1.458000E-2	0.000000E+0	3.349100E+4
1.460000E-2	0.000000E+0	3.395000E+4
1.462000E-2	0.000000E+0	3.413300E+4
1.464000E-2	0.000000E+0	3.355800E+4
1.466000E-2	0.000000E+0	3.368000E+4
1.468000E-2	0.000000E+0	3.355800E+4
1.470000E-2	0.000000E+0	3.369600E+4
1.472000E-2	0.000000E+0	3.338400E+4
1.474000E-2	0.000000E+0	3.363800E+4
1.476000E-2	0.000000E+0	3.358000E+4
1.478000E-2	0.000000E+0	3.368000E+4
1.480000E-2	0.000000E+0	3.364700E+4
1.482000E-2	0.000000E+0	3.370600E+4
1.484000E-2	0.000000E+0	3.341600E+4
1.486000E-2	0.000000E+0	3.361800E+4
1.488000E-2	0.000000E+0	3.371400E+4
1.490000E-2	0.000000E+0	3.348200E+4
1.492000E-2	0.000000E+0	3.344200E+4
1.494000E-2	0.000000E+0	3.361100E+4
1.496000E-2	0.000000E+0	3.403200E+4
1.498000E-2	0.000000E+0	3.387500E+4
1.500000E-2	0.000000E+0	3.354700E+4
1.502000E-2	0.000000E+0	3.353300E+4
1.504000E-2	0.000000E+0	3.365900E+4
1.506000E-2	0.000000E+0	3.360700E+4
1.508000E-2	0.000000E+0	3.334200E+4
1.510000E-2	0.000000E+0	3.353400E+4
1.512000E-2	0.000000E+0	3.387000E+4
1.514000E-2	0.000000E+0	3.355900E+4
1.516000E-2	0.000000E+0	3.345800E+4
1.518000E-2	0.000000E+0	3.352400E+4
1.520000E-2	0.000000E+0	3.349600E+4
1.522000E-2	0.000000E+0	3.354800E+4
1.524000E-2	0.000000E+0	3.378900E+4
1.526000E-2	0.000000E+0	3.356400E+4
1.528000E-2	0.000000E+0	3.363100E+4
1.530000E-2	0.000000E+0	3.403000E+4
1.532000E-2	0.000000E+0	3.355200E+4
1.534000E-2	0.000000E+0	3.376400E+4
1.536000E-2	0.000000E+0	3.379000E+4
1.538000E-2	0.000000E+0	3.364400E+4
1.540000E-2	0.000000E+0	3.331300E+4
1.542000E-2	0.000000E+0	3.354900E+4
1.544000E-2	0.000000E+0	3.353600E+4
1.546000E-2	0.000000E+0	3.390900E+4
1.548000E-2	0.000000E+0	3.346700E+4
1.550000E-2	0.000000E+0	3.384700E+4
1.552000E-2	0.000000E+0	3.390000E+4
1.554000E-2	0.000000E+0	3.392300E+4
1.556000E-2	0.000000E+0	3.386600E+4
1.558000E-2	0.000000E+0	3.399300E+4
1.560000E-2	0.000000E+0	3.392300E+4
1.562000E-2	0.000000E+0	3.362000E+4
1.564000E-2	0.000000E+0	3.379800E+4
1.566000E-2	0.000000E+0	3.379000E+4
1.568000E-2	0.000000E+0	3.364300E+4
1.570000E-2	0.000000E+0	3.351300E+4
1.572000E-2	0.000000E+0	3.376800E+4
1.574000E-2	0.000000E+0	3.346400E+4
1.576000E-2	0.000000E+0	3.367300E+4
1.578000E-2	0.000000E+0	3.368700E+4
1.580000E-2	0.000000E+0	3.397300E+4
1.582000E-2	0.000000E+0	3.375000E+4
1.584000E-2	0.000000E+0	3.373800E+4
1.586000E-2	0.000000E+0	3.398800E+4
1.588000E-2	0.000000E+0	3.358600E+4
1.590000E-2	0.000000E+0	3.359300E+4
1.592000E-2	0.000000E+0	3.370700E+4
1.594000E-2	0.000000E+0	3.391500E+4
1.596000E-2	0.000000E+0	3.366900E+4
1.598000E-2	0.000000E+0	3.407800E+4
1.600000E-2	0.000000E+0	3.343200E+4
1.602000E-2	0.000000E+0	3.382500E+4
1.604000E-2	0.000000E+0	3.372000E+4
1.606000E-2	0.000000E+0	3.339300E+4
1.608000E-2	0.000000E+0	3.364900E+4
1.610000E-2	0.000000E+0	3.343800E+4
1.612000E-2	0.000000E+0	3.391900E+4
1.614000E-2	0.000000E+0	3.359200E+4
1.616000E-2	0.000000E+0	3.374200E+4
1.618000E-2	0.000000E+0	3.346500E+4
1.620000E-2	0.000000E+0	3.376100E+4
1.622000E-2	0.000000E+0	3.363200E+4
1.624000E-2	0.000000E+0	3.372900E+4
1.626000E-2	0.000000E+0	3.359100E+4
1.628000E-2	0.000000E+0	3.362300E+4
1.630000E-2	0.000000E+0	3.367900E+4
1.632000E-2	0.000000E+0	3.355300E+4
1.634000E-2	0.000000E+0	3.360900E+4
1.636000E-2	0.000000E+0	3.338500E+4
1.638000E-2	0.000000E+0	3.376600E+4
1.640000E-2	0.000000E+0	3.379200E+4
1.642000E-2	0.000000E+0	3.379100E+4
1.644000E-2	0.000000E+0	3.356300E+4
1.646000E-2	0.000000E+0	3.387800E+4
1.648000E-2	0.000000E+0	3.364200E+4
1.650000E-2	0.000000E+0	3.369400E+4
1.652000E-2	0.000000E+0	3.361400E+4
1.654000E-2	0.000000E+0	3.373800E+4
1.656000E-2	0.000000E+0	3.362900E+4
1.658000E-2	0.000000E+0	3.330800E+4
1.660000E-2	0.000000E+0	3.338300E+4
1.662000E-2	0.000000E+0	3.357800E+4
1.664000E-2	0.000000E+0	3.397800E+4
1.666000E-2	0.000000E+0	3.367000E+4
1.668000E-2	0.000000E+0	3.336200E+4
1.670000E-2	0.000000E+0	3.355600E+4
1.672000E-2	0.000000E+0	3.357700E+4
1.674000E-2	0.000000E+0	3.364000E+4
1.676000E-2	0.000000E+0	3.365600E+4
1.678000E-2	0.000000E+0	3.334500E+4
1.680000E-2	0.000000E+0	3.375500E+4
1.682000E-2	0.000000E+0	3.359800E+4
1.684000E-2	0.000000E+0	3.348500E+4
1.686000E-2	0.000000E+0	3.373500E+4
1.688000E-2	0.000000E+0	3.353500E+4
1.690000E-2	0.000000E+0	3.348200E+4
1.692000E-2	0.000000E+0	3.317300E+4
1.694000E-2	0.000000E+0	3.311100E+4
1.696000E-2	0.000000E+0	3.341000E+4
1.698000E-2	0.000000E+0	3.293900E+4
1.700000E-2	0.000000E+0	3.297400E+4
1.702000E-2	0.000000E+0	3.304500E+4
1.704000E-2	0.000000E+0	3.242500E+4
1.706000E-2	0.000000E+0	3.152300E+4
1.708000E-2	0.000000E+0	3.113100E+4
1.710000E-2	0.000000E+0	3.041900E+4
1.712000E-2	0.000000E+0	2.892500E+4
1.714000E-2	0.000000E+0	2.734300E+4
1.716000E-2	0.000000E+0	2.601500E+4
1.718000E-2	0.000000E+0	2.628900E+4
1.720000E-2	0.000000E+0	2.722800E+4
1.722000E-2	0.000000E+0	2.892000E+4
1.724000E-2	0.000000E+0	2.986300E+4
1.726000E-2	0.000000E+0	3.113400E+4
1.728000E-2	0.000000E+0	3.147700E+4
1.730000E-2	0.000000E+0	3.138600E+4
1.732000E-2	0.000000E+0	3.171800E+4
1.734000E-2	0.000000E+0	3.208600E+4
1.736000E-2	0.000000E+0	3.170600E+4
1.738000E-2	0.000000E+0	3.188300E+4
1.740000E-2	0.000000E+0	3.235800E+4
1.742000E-2	0.000000E+0	3.207300E+4
1.744000E-2	0.000000E+0	3.250600E+4
1.746000E-2	0.000000E+0	3.309700E+4
1.748000E-2	0.000000E+0	3.276000E+4
1.750000E-2	0.000000E+0	3.278600E+4
1.752000E-2	0.000000E+0	3.289000E+4
1.754000E-2	0.000000E+0	3.291500E+4
1.756000E-2	0.000000E+0	3.304400E+4
1.758000E-2	0.000000E+0	3.331900E+4
1.760000E-2	0.000000E+0	3.338200E+4
1.762000E-2	0.000000E+0	3.342400E+4
1.764000E-2	0.000000E+0	3.328100E+4
1.766000E-2	0.000000E+0	3.332000E+4
1.768000E-2	0.000000E+0	3.341800E+4
1.770000E-2	0.000000E+0	3.295000E+4
1.772000E-2	0.000000E+0	3.343600E+4
1.774000E-2	0.000000E+0	3.329000E+4
1.776000E-2	0.000000E+0	3.303000E+4
1.778000E-2	0.000000E+0	3.286500E+4
1.780000E-2	0.000000E+0	3.307000E+4
1.782000E-2	0.000000E+0	3.304700E+4
1.784000E-2	0.000000E+0	3.236900E+4
1.786000E-2	0.000000E+0	3.211300E+4
1.788000E-2	0.000000E+0	3.152700E+4
1.790000E-2	0.000000E+0	3.073800E+4
1.792000E-2	0.000000E+0	2.945300E+4
1.794000E-2	0.000000E+0	2.820100E+4
1.796000E-2	0.000000E+0	2.679900E+4
1.798000E-2	0.000000E+0	2.686500E+4
1.800000E-2	0.000000E+0	2.781200E+4
1.802000E-2	0.000000E+0	2.949100E+4
1.804000E-2	0.000000E+0	3.096200E+4
1.806000E-2	0.000000E+0	3.166600E+4
1.808000E-2	0.000000E+0	3.231300E+4
1.810000E-2	0.000000E+0	3.234700E+4
1.812000E-2	0.000000E+0	3.296500E+4
1.814000E-2	0.000000E+0	3.305700E+4
1.816000E-2	0.000000E+0	3.325300E+4
1.818000E-2	0.000000E+0	3.320700E+4
1.820000E-2	0.000000E+0	3.358400E+4
1.822000E-2	0.000000E+0	3.348200E+4
1.824000E-2	0.000000E+0	3.328200E+4
1.826000E-2	0.000000E+0	3.381700E+4
1.828000E-2	0.000000E+0	3.333000E+4
1.830000E-2	0.000000E+0	3.329800E+4
1.832000E-2	0.000000E+0	3.350800E+4
1.834000E-2	0.000000E+0	3.355400E+4
1.836000E-2	0.000000E+0	3.345500E+4
1.838000E-2	0.000000E+0	3.370000E+4
1.840000E-2	0.000000E+0	3.375700E+4
1.842000E-2	0.000000E+0	3.350500E+4
1.844000E-2	0.000000E+0	3.341300E+4
1.846000E-2	0.000000E+0	3.324500E+4
1.848000E-2	0.000000E+0	3.336600E+4
1.850000E-2	0.000000E+0	3.321500E+4
1.852000E-2	0.000000E+0	3.360800E+4
1.854000E-2	0.000000E+0	3.378400E+4
1.856000E-2	0.000000E+0	3.361600E+4
1.858000E-2	0.000000E+0	3.342800E+4
1.860000E-2	0.000000E+0	3.383000E+4
1.862000E-2	0.000000E+0	3.333900E+4
1.864000E-2	0.000000E+0	3.339400E+4
1.866000E-2	0.000000E+0	3.347100E+4
1.868000E-2	0.000000E+0	3.378500E+4
1.870000E-2	0.000000E+0	3.362700E+4
1.872000E-2	0.000000E+0	3.376200E+4
1.874000E-2	0.000000E+0	3.378200E+4
1.876000E-2	0.000000E+0	3.353200E+4
1.878000E-2	0.000000E+0	3.379800E+4
1.880000E-2	0.000000E+0	3.369800E+4
1.882000E-2	0.000000E+0	3.376200E+4
1.884000E-2	0.000000E+0	3.371100E+4
1.886000E-2	0.000000E+0	3.333500E+4
1.888000E-2	0.000000E+0	3.360900E+4
1.890000E-2	0.000000E+0	3.363100E+4
1.892000E-2	0.000000E+0	3.380600E+4
1.894000E-2	0.000000E+0	3.348400E+4
1.896000E-2	0.000000E+0	3.352500E+4
1.898000E-2	0.000000E+0	3.338100E+4
1.900000E-2	0.000000E+0	3.339200E+4
1.902000E-2	0.000000E+0	3.385500E+4
1.904000E-2	0.000000E+0	3.366900E+4
1.906000E-2	0.000000E+0	3.345500E+4
1.908000E-2	0.000000E+0	3.394600E+4
1.910000E-2	0.000000E+0	3.354700E+4
1.912000E-2	0.000000E+0	3.343200E+4
1.914000E-2	0.000000E+0	3.357800E+4
1.916000E-2	0.000000E+0	3.369300E+4
1.918000E-2	0.000000E+0	3.348400E+4
1.920000E-2	0.000000E+0	3.397400E+4
1.922000E-2	0.000000E+0	3.339900E+4
1.924000E-2	0.000000E+0	3.360100E+4
1.926000E-2	0.000000E+0	3.378000E+4
1.928000E-2	0.000000E+0	3.363800E+4
1.930000E-2	0.000000E+0	3.375100E+4
1.932000E-2	0.000000E+0	3.367900E+4
1.934000E-2	0.000000E+0	3.396000E+4
1.936000E-2	0.000000E+0	3.374500E+4
1.938000E-2	0.000000E+0	3.394100E+4
1.940000E-2	0.000000E+0	3.374200E+4
1.942000E-2	0.000000E+0	3.389000E+4
1.944000E-2	0.000000E+0	3.360500E+4
1.946000E-2	0.000000E+0	3.362300E+4
1.948000E-2	0.000000E+0	3.376000E+4
1.950000E-2	0.000000E+0	3.353900E+4
1.952000E-2	0.000000E+0	3.387700E+4
1.954000E-2	0.000000E+0	3.386500E+4
1.956000E-2	0.000000E+0	3.356700E+4
1.958000E-2	0.000000E+0	3.337500E+4
1.960000E-2	0.000000E+0	3.356100E+4
1.962000E-2	0.000000E+0	3.352100E+4
1.964000E-2	0.000000E+0	3.365900E+4
1.966000E-2	0.000000E+0	3.366700E+4
1.968000E-2	0.000000E+0	3.366400E+4
1.970000E-2	0.000000E+0	3.345700E+4
1.972000E-2	0.000000E+0	3.385000E+4
1.974000E-2	0.000000E+0	3.347600E+4
1.976000E-2	0.000000E+0	3.362400E+4
1.978000E-2	0.000000E+0	3.349600E+4
1.980000E-2	0.000000E+0	3.363000E+4
1.982000E-2	0.000000E+0	3.383600E+4
1.984000E-2	0.000000E+0	3.376400E+4
1.986000E-2	0.000000E+0	3.375800E+4
1.988000E-2	0.000000E+0	3.373800E+4
1.990000E-2	0.000000E+0	3.396200E+4
1.992000E-2	0.000000E+0	3.351800E+4
1.994000E-2	0.000000E+0	3.385300E+4
1.996000E-2	0.000000E+0	3.361600E+4
1.998000E-2	0.000000E+0	3.355200E+4
