

live time:  127647.600000
real time:  147608.740000
sweeps:  6382380.000000
0.000000E+0	0.000000E+0	0.000000E+0
2.000000E-5	0.000000E+0	4.777900E+4
4.000000E-5	0.000000E+0	4.760600E+4
6.000000E-5	0.000000E+0	4.812900E+4
8.000000E-5	0.000000E+0	4.772600E+4
1.000000E-4	0.000000E+0	4.784500E+4
1.200000E-4	0.000000E+0	4.735000E+4
1.400000E-4	0.000000E+0	4.741100E+4
1.600000E-4	0.000000E+0	4.810500E+4
1.800000E-4	0.000000E+0	4.702900E+4
2.000000E-4	0.000000E+0	4.813100E+4
2.200000E-4	0.000000E+0	4.829000E+4
2.400000E-4	0.000000E+0	4.756200E+4
2.600000E-4	0.000000E+0	4.753100E+4
2.800000E-4	0.000000E+0	4.762000E+4
3.000000E-4	0.000000E+0	4.774300E+4
3.200000E-4	0.000000E+0	4.773900E+4
3.400000E-4	0.000000E+0	4.756100E+4
3.600000E-4	0.000000E+0	4.793400E+4
3.800000E-4	0.000000E+0	4.757800E+4
4.000000E-4	0.000000E+0	4.782500E+4
4.200000E-4	0.000000E+0	4.775000E+4
4.400000E-4	0.000000E+0	4.733600E+4
4.600000E-4	0.000000E+0	4.755800E+4
4.800000E-4	0.000000E+0	4.800800E+4
5.000000E-4	0.000000E+0	4.753600E+4
5.200000E-4	0.000000E+0	4.761600E+4
5.400000E-4	0.000000E+0	4.729100E+4
5.600000E-4	0.000000E+0	4.828400E+4
5.800000E-4	0.000000E+0	4.740700E+4
6.000000E-4	0.000000E+0	4.766800E+4
6.200000E-4	0.000000E+0	4.775500E+4
6.400000E-4	0.000000E+0	4.770700E+4
6.600000E-4	0.000000E+0	4.771400E+4
6.800000E-4	0.000000E+0	4.762600E+4
7.000000E-4	0.000000E+0	4.777400E+4
7.200000E-4	0.000000E+0	4.758500E+4
7.400000E-4	0.000000E+0	4.769100E+4
7.600000E-4	0.000000E+0	4.778000E+4
7.800000E-4	0.000000E+0	4.733300E+4
8.000000E-4	0.000000E+0	4.777600E+4
8.200000E-4	0.000000E+0	4.761600E+4
8.400000E-4	0.000000E+0	4.769700E+4
8.600000E-4	0.000000E+0	4.802500E+4
8.800000E-4	0.000000E+0	4.767100E+4
9.000000E-4	0.000000E+0	4.803600E+4
9.200000E-4	0.000000E+0	4.777700E+4
9.400000E-4	0.000000E+0	4.802000E+4
9.600000E-4	0.000000E+0	4.743500E+4
9.800000E-4	0.000000E+0	4.765900E+4
1.000000E-3	0.000000E+0	4.762500E+4
1.020000E-3	0.000000E+0	4.770400E+4
1.040000E-3	0.000000E+0	4.784500E+4
1.060000E-3	0.000000E+0	4.781800E+4
1.080000E-3	0.000000E+0	4.780300E+4
1.100000E-3	0.000000E+0	4.826000E+4
1.120000E-3	0.000000E+0	4.750200E+4
1.140000E-3	0.000000E+0	4.767700E+4
1.160000E-3	0.000000E+0	4.737400E+4
1.180000E-3	0.000000E+0	4.785100E+4
1.200000E-3	0.000000E+0	4.747900E+4
1.220000E-3	0.000000E+0	4.749400E+4
1.240000E-3	0.000000E+0	4.769100E+4
1.260000E-3	0.000000E+0	4.746700E+4
1.280000E-3	0.000000E+0	4.748200E+4
1.300000E-3	0.000000E+0	4.769900E+4
1.320000E-3	0.000000E+0	4.760900E+4
1.340000E-3	0.000000E+0	4.763900E+4
1.360000E-3	0.000000E+0	4.744600E+4
1.380000E-3	0.000000E+0	4.720900E+4
1.400000E-3	0.000000E+0	4.788200E+4
1.420000E-3	0.000000E+0	4.788000E+4
1.440000E-3	0.000000E+0	4.760000E+4
1.460000E-3	0.000000E+0	4.792200E+4
1.480000E-3	0.000000E+0	4.749000E+4
1.500000E-3	0.000000E+0	4.778900E+4
1.520000E-3	0.000000E+0	4.788800E+4
1.540000E-3	0.000000E+0	4.745400E+4
1.560000E-3	0.000000E+0	4.754400E+4
1.580000E-3	0.000000E+0	4.759100E+4
1.600000E-3	0.000000E+0	4.763900E+4
1.620000E-3	0.000000E+0	4.766600E+4
1.640000E-3	0.000000E+0	4.760300E+4
1.660000E-3	0.000000E+0	4.733700E+4
1.680000E-3	0.000000E+0	4.755300E+4
1.700000E-3	0.000000E+0	4.775000E+4
1.720000E-3	0.000000E+0	4.745500E+4
1.740000E-3	0.000000E+0	4.768900E+4
1.760000E-3	0.000000E+0	4.771600E+4
1.780000E-3	0.000000E+0	4.784800E+4
1.800000E-3	0.000000E+0	4.782300E+4
1.820000E-3	0.000000E+0	4.809700E+4
1.840000E-3	0.000000E+0	4.783300E+4
1.860000E-3	0.000000E+0	4.755300E+4
1.880000E-3	0.000000E+0	4.757500E+4
1.900000E-3	0.000000E+0	4.771800E+4
1.920000E-3	0.000000E+0	4.779700E+4
1.940000E-3	0.000000E+0	4.751700E+4
1.960000E-3	0.000000E+0	4.748800E+4
1.980000E-3	0.000000E+0	4.747500E+4
2.000000E-3	0.000000E+0	4.756100E+4
2.020000E-3	0.000000E+0	4.809400E+4
2.040000E-3	0.000000E+0	4.762600E+4
2.060000E-3	0.000000E+0	4.790800E+4
2.080000E-3	0.000000E+0	4.747600E+4
2.100000E-3	0.000000E+0	4.764900E+4
2.120000E-3	0.000000E+0	4.761400E+4
2.140000E-3	0.000000E+0	4.758900E+4
2.160000E-3	0.000000E+0	4.788100E+4
2.180000E-3	0.000000E+0	4.790100E+4
2.200000E-3	0.000000E+0	4.782200E+4
2.220000E-3	0.000000E+0	4.786900E+4
2.240000E-3	0.000000E+0	4.717900E+4
2.260000E-3	0.000000E+0	4.797200E+4
2.280000E-3	0.000000E+0	4.743300E+4
2.300000E-3	0.000000E+0	4.774900E+4
2.320000E-3	0.000000E+0	4.761200E+4
2.340000E-3	0.000000E+0	4.771100E+4
2.360000E-3	0.000000E+0	4.775400E+4
2.380000E-3	0.000000E+0	4.760500E+4
2.400000E-3	0.000000E+0	4.762900E+4
2.420000E-3	0.000000E+0	4.779800E+4
2.440000E-3	0.000000E+0	4.780100E+4
2.460000E-3	0.000000E+0	4.780100E+4
2.480000E-3	0.000000E+0	4.818200E+4
2.500000E-3	0.000000E+0	4.785600E+4
2.520000E-3	0.000000E+0	4.742400E+4
2.540000E-3	0.000000E+0	4.804700E+4
2.560000E-3	0.000000E+0	4.795300E+4
2.580000E-3	0.000000E+0	4.741400E+4
2.600000E-3	0.000000E+0	4.791500E+4
2.620000E-3	0.000000E+0	4.749100E+4
2.640000E-3	0.000000E+0	4.771400E+4
2.660000E-3	0.000000E+0	4.770100E+4
2.680000E-3	0.000000E+0	4.764300E+4
2.700000E-3	0.000000E+0	4.777800E+4
2.720000E-3	0.000000E+0	4.769900E+4
2.740000E-3	0.000000E+0	4.759200E+4
2.760000E-3	0.000000E+0	4.764400E+4
2.780000E-3	0.000000E+0	4.791300E+4
2.800000E-3	0.000000E+0	4.789300E+4
2.820000E-3	0.000000E+0	4.822700E+4
2.840000E-3	0.000000E+0	4.751300E+4
2.860000E-3	0.000000E+0	4.747700E+4
2.880000E-3	0.000000E+0	4.797100E+4
2.900000E-3	0.000000E+0	4.773500E+4
2.920000E-3	0.000000E+0	4.768000E+4
2.940000E-3	0.000000E+0	4.787200E+4
2.960000E-3	0.000000E+0	4.806800E+4
2.980000E-3	0.000000E+0	4.767000E+4
3.000000E-3	0.000000E+0	4.757600E+4
3.020000E-3	0.000000E+0	4.802400E+4
3.040000E-3	0.000000E+0	4.821800E+4
3.060000E-3	0.000000E+0	4.775100E+4
3.080000E-3	0.000000E+0	4.761400E+4
3.100000E-3	0.000000E+0	4.762800E+4
3.120000E-3	0.000000E+0	4.778500E+4
3.140000E-3	0.000000E+0	4.775600E+4
3.160000E-3	0.000000E+0	4.780700E+4
3.180000E-3	0.000000E+0	4.791400E+4
3.200000E-3	0.000000E+0	4.760300E+4
3.220000E-3	0.000000E+0	4.794100E+4
3.240000E-3	0.000000E+0	4.782000E+4
3.260000E-3	0.000000E+0	4.719500E+4
3.280000E-3	0.000000E+0	4.806800E+4
3.300000E-3	0.000000E+0	4.786400E+4
3.320000E-3	0.000000E+0	4.761900E+4
3.340000E-3	0.000000E+0	4.749800E+4
3.360000E-3	0.000000E+0	4.746800E+4
3.380000E-3	0.000000E+0	4.768900E+4
3.400000E-3	0.000000E+0	4.784600E+4
3.420000E-3	0.000000E+0	4.757400E+4
3.440000E-3	0.000000E+0	4.775800E+4
3.460000E-3	0.000000E+0	4.778700E+4
3.480000E-3	0.000000E+0	4.776600E+4
3.500000E-3	0.000000E+0	4.743000E+4
3.520000E-3	0.000000E+0	4.822600E+4
3.540000E-3	0.000000E+0	4.780500E+4
3.560000E-3	0.000000E+0	4.795700E+4
3.580000E-3	0.000000E+0	4.756400E+4
3.600000E-3	0.000000E+0	4.754200E+4
3.620000E-3	0.000000E+0	4.738100E+4
3.640000E-3	0.000000E+0	4.785700E+4
3.660000E-3	0.000000E+0	4.751600E+4
3.680000E-3	0.000000E+0	4.754700E+4
3.700000E-3	0.000000E+0	4.746100E+4
3.720000E-3	0.000000E+0	4.743100E+4
3.740000E-3	0.000000E+0	4.764000E+4
3.760000E-3	0.000000E+0	4.771900E+4
3.780000E-3	0.000000E+0	4.768200E+4
3.800000E-3	0.000000E+0	4.782400E+4
3.820000E-3	0.000000E+0	4.794600E+4
3.840000E-3	0.000000E+0	4.793400E+4
3.860000E-3	0.000000E+0	4.801300E+4
3.880000E-3	0.000000E+0	4.785100E+4
3.900000E-3	0.000000E+0	4.773200E+4
3.920000E-3	0.000000E+0	4.794100E+4
3.940000E-3	0.000000E+0	4.756200E+4
3.960000E-3	0.000000E+0	4.746000E+4
3.980000E-3	0.000000E+0	4.780700E+4
4.000000E-3	0.000000E+0	4.737300E+4
4.020000E-3	0.000000E+0	4.742700E+4
4.040000E-3	0.000000E+0	4.746500E+4
4.060000E-3	0.000000E+0	4.790000E+4
4.080000E-3	0.000000E+0	4.779400E+4
4.100000E-3	0.000000E+0	4.731800E+4
4.120000E-3	0.000000E+0	4.773300E+4
4.140000E-3	0.000000E+0	4.771400E+4
4.160000E-3	0.000000E+0	4.738400E+4
4.180000E-3	0.000000E+0	4.744000E+4
4.200000E-3	0.000000E+0	4.774100E+4
4.220000E-3	0.000000E+0	4.791200E+4
4.240000E-3	0.000000E+0	4.759700E+4
4.260000E-3	0.000000E+0	4.752300E+4
4.280000E-3	0.000000E+0	4.795600E+4
4.300000E-3	0.000000E+0	4.783300E+4
4.320000E-3	0.000000E+0	4.781800E+4
4.340000E-3	0.000000E+0	4.830800E+4
4.360000E-3	0.000000E+0	4.776900E+4
4.380000E-3	0.000000E+0	4.733500E+4
4.400000E-3	0.000000E+0	4.778400E+4
4.420000E-3	0.000000E+0	4.770000E+4
4.440000E-3	0.000000E+0	4.768400E+4
4.460000E-3	0.000000E+0	4.793500E+4
4.480000E-3	0.000000E+0	4.723800E+4
4.500000E-3	0.000000E+0	4.761800E+4
4.520000E-3	0.000000E+0	4.752200E+4
4.540000E-3	0.000000E+0	4.794600E+4
4.560000E-3	0.000000E+0	4.742100E+4
4.580000E-3	0.000000E+0	4.772800E+4
4.600000E-3	0.000000E+0	4.750200E+4
4.620000E-3	0.000000E+0	4.700400E+4
4.640000E-3	0.000000E+0	4.753700E+4
4.660000E-3	0.000000E+0	4.743800E+4
4.680000E-3	0.000000E+0	4.722600E+4
4.700000E-3	0.000000E+0	4.728000E+4
4.720000E-3	0.000000E+0	4.702800E+4
4.740000E-3	0.000000E+0	4.695000E+4
4.760000E-3	0.000000E+0	4.692500E+4
4.780000E-3	0.000000E+0	4.635900E+4
4.800000E-3	0.000000E+0	4.650400E+4
4.820000E-3	0.000000E+0	4.645900E+4
4.840000E-3	0.000000E+0	4.557100E+4
4.860000E-3	0.000000E+0	4.522700E+4
4.880000E-3	0.000000E+0	4.387500E+4
4.900000E-3	0.000000E+0	4.215300E+4
4.920000E-3	0.000000E+0	4.039300E+4
4.940000E-3	0.000000E+0	3.792500E+4
4.960000E-3	0.000000E+0	3.758900E+4
4.980000E-3	0.000000E+0	3.868800E+4
5.000000E-3	0.000000E+0	4.136200E+4
5.020000E-3	0.000000E+0	4.360900E+4
5.040000E-3	0.000000E+0	4.435100E+4
5.060000E-3	0.000000E+0	4.557700E+4
5.080000E-3	0.000000E+0	4.609700E+4
5.100000E-3	0.000000E+0	4.613000E+4
5.120000E-3	0.000000E+0	4.661200E+4
5.140000E-3	0.000000E+0	4.686300E+4
5.160000E-3	0.000000E+0	4.658600E+4
5.180000E-3	0.000000E+0	4.694700E+4
5.200000E-3	0.000000E+0	4.678900E+4
5.220000E-3	0.000000E+0	4.704500E+4
5.240000E-3	0.000000E+0	4.741800E+4
5.260000E-3	0.000000E+0	4.688700E+4
5.280000E-3	0.000000E+0	4.695100E+4
5.300000E-3	0.000000E+0	4.704600E+4
5.320000E-3	0.000000E+0	4.712700E+4
5.340000E-3	0.000000E+0	4.708000E+4
5.360000E-3	0.000000E+0	4.728800E+4
5.380000E-3	0.000000E+0	4.704100E+4
5.400000E-3	0.000000E+0	4.707800E+4
5.420000E-3	0.000000E+0	4.618400E+4
5.440000E-3	0.000000E+0	4.702900E+4
5.460000E-3	0.000000E+0	4.612400E+4
5.480000E-3	0.000000E+0	4.591200E+4
5.500000E-3	0.000000E+0	4.586700E+4
5.520000E-3	0.000000E+0	4.550000E+4
5.540000E-3	0.000000E+0	4.508200E+4
5.560000E-3	0.000000E+0	4.504400E+4
5.580000E-3	0.000000E+0	4.522300E+4
5.600000E-3	0.000000E+0	4.496700E+4
5.620000E-3	0.000000E+0	4.467800E+4
5.640000E-3	0.000000E+0	4.406900E+4
5.660000E-3	0.000000E+0	4.357100E+4
5.680000E-3	0.000000E+0	4.204800E+4
5.700000E-3	0.000000E+0	4.061600E+4
5.720000E-3	0.000000E+0	3.904600E+4
5.740000E-3	0.000000E+0	3.680700E+4
5.760000E-3	0.000000E+0	3.681500E+4
5.780000E-3	0.000000E+0	3.842700E+4
5.800000E-3	0.000000E+0	4.113000E+4
5.820000E-3	0.000000E+0	4.273700E+4
5.840000E-3	0.000000E+0	4.418300E+4
5.860000E-3	0.000000E+0	4.528300E+4
5.880000E-3	0.000000E+0	4.575500E+4
5.900000E-3	0.000000E+0	4.645600E+4
5.920000E-3	0.000000E+0	4.667100E+4
5.940000E-3	0.000000E+0	4.669100E+4
5.960000E-3	0.000000E+0	4.694900E+4
5.980000E-3	0.000000E+0	4.699100E+4
6.000000E-3	0.000000E+0	4.731300E+4
6.020000E-3	0.000000E+0	4.704700E+4
6.040000E-3	0.000000E+0	4.740800E+4
6.060000E-3	0.000000E+0	4.743300E+4
6.080000E-3	0.000000E+0	4.736200E+4
6.100000E-3	0.000000E+0	4.757300E+4
6.120000E-3	0.000000E+0	4.756500E+4
6.140000E-3	0.000000E+0	4.745100E+4
6.160000E-3	0.000000E+0	4.765800E+4
6.180000E-3	0.000000E+0	4.793800E+4
6.200000E-3	0.000000E+0	4.749000E+4
6.220000E-3	0.000000E+0	4.743300E+4
6.240000E-3	0.000000E+0	4.784500E+4
6.260000E-3	0.000000E+0	4.769700E+4
6.280000E-3	0.000000E+0	4.746300E+4
6.300000E-3	0.000000E+0	4.753800E+4
6.320000E-3	0.000000E+0	4.753800E+4
6.340000E-3	0.000000E+0	4.767200E+4
6.360000E-3	0.000000E+0	4.774500E+4
6.380000E-3	0.000000E+0	4.760200E+4
6.400000E-3	0.000000E+0	4.793900E+4
6.420000E-3	0.000000E+0	4.775900E+4
6.440000E-3	0.000000E+0	4.733400E+4
6.460000E-3	0.000000E+0	4.758800E+4
6.480000E-3	0.000000E+0	4.727400E+4
6.500000E-3	0.000000E+0	4.740800E+4
6.520000E-3	0.000000E+0	4.715600E+4
6.540000E-3	0.000000E+0	4.760200E+4
6.560000E-3	0.000000E+0	4.757200E+4
6.580000E-3	0.000000E+0	4.757400E+4
6.600000E-3	0.000000E+0	4.728500E+4
6.620000E-3	0.000000E+0	4.794600E+4
6.640000E-3	0.000000E+0	4.753100E+4
6.660000E-3	0.000000E+0	4.752400E+4
6.680000E-3	0.000000E+0	4.763400E+4
6.700000E-3	0.000000E+0	4.771200E+4
6.720000E-3	0.000000E+0	4.733600E+4
6.740000E-3	0.000000E+0	4.733300E+4
6.760000E-3	0.000000E+0	4.768000E+4
6.780000E-3	0.000000E+0	4.752200E+4
6.800000E-3	0.000000E+0	4.742300E+4
6.820000E-3	0.000000E+0	4.730000E+4
6.840000E-3	0.000000E+0	4.735300E+4
6.860000E-3	0.000000E+0	4.773900E+4
6.880000E-3	0.000000E+0	4.766600E+4
6.900000E-3	0.000000E+0	4.791300E+4
6.920000E-3	0.000000E+0	4.777700E+4
6.940000E-3	0.000000E+0	4.780700E+4
6.960000E-3	0.000000E+0	4.790100E+4
6.980000E-3	0.000000E+0	4.770100E+4
7.000000E-3	0.000000E+0	4.766700E+4
7.020000E-3	0.000000E+0	4.753500E+4
7.040000E-3	0.000000E+0	4.752600E+4
7.060000E-3	0.000000E+0	4.752000E+4
7.080000E-3	0.000000E+0	4.757500E+4
7.100000E-3	0.000000E+0	4.762900E+4
7.120000E-3	0.000000E+0	4.797100E+4
7.140000E-3	0.000000E+0	4.758800E+4
7.160000E-3	0.000000E+0	4.762300E+4
7.180000E-3	0.000000E+0	4.757200E+4
7.200000E-3	0.000000E+0	4.801000E+4
7.220000E-3	0.000000E+0	4.772800E+4
7.240000E-3	0.000000E+0	4.777800E+4
7.260000E-3	0.000000E+0	4.792900E+4
7.280000E-3	0.000000E+0	4.786700E+4
7.300000E-3	0.000000E+0	4.777400E+4
7.320000E-3	0.000000E+0	4.787100E+4
7.340000E-3	0.000000E+0	4.790500E+4
7.360000E-3	0.000000E+0	4.769900E+4
7.380000E-3	0.000000E+0	4.743500E+4
7.400000E-3	0.000000E+0	4.734800E+4
7.420000E-3	0.000000E+0	4.775200E+4
7.440000E-3	0.000000E+0	4.801200E+4
7.460000E-3	0.000000E+0	4.820100E+4
7.480000E-3	0.000000E+0	4.742100E+4
7.500000E-3	0.000000E+0	4.741200E+4
7.520000E-3	0.000000E+0	4.765600E+4
7.540000E-3	0.000000E+0	4.777300E+4
7.560000E-3	0.000000E+0	4.755700E+4
7.580000E-3	0.000000E+0	4.787700E+4
7.600000E-3	0.000000E+0	4.744600E+4
7.620000E-3	0.000000E+0	4.784600E+4
7.640000E-3	0.000000E+0	4.768400E+4
7.660000E-3	0.000000E+0	4.758500E+4
7.680000E-3	0.000000E+0	4.778500E+4
7.700000E-3	0.000000E+0	4.740800E+4
7.720000E-3	0.000000E+0	4.788300E+4
7.740000E-3	0.000000E+0	4.774700E+4
7.760000E-3	0.000000E+0	4.743400E+4
7.780000E-3	0.000000E+0	4.752100E+4
7.800000E-3	0.000000E+0	4.781900E+4
7.820000E-3	0.000000E+0	4.774600E+4
7.840000E-3	0.000000E+0	4.768500E+4
7.860000E-3	0.000000E+0	4.768400E+4
7.880000E-3	0.000000E+0	4.796200E+4
7.900000E-3	0.000000E+0	4.765000E+4
7.920000E-3	0.000000E+0	4.787600E+4
7.940000E-3	0.000000E+0	4.741300E+4
7.960000E-3	0.000000E+0	4.769700E+4
7.980000E-3	0.000000E+0	4.802800E+4
8.000000E-3	0.000000E+0	4.782700E+4
8.020000E-3	0.000000E+0	4.720000E+4
8.040000E-3	0.000000E+0	4.768600E+4
8.060000E-3	0.000000E+0	4.723400E+4
8.080000E-3	0.000000E+0	4.782100E+4
8.100000E-3	0.000000E+0	4.762600E+4
8.120000E-3	0.000000E+0	4.725400E+4
8.140000E-3	0.000000E+0	4.803600E+4
8.160000E-3	0.000000E+0	4.804500E+4
8.180000E-3	0.000000E+0	4.791000E+4
8.200000E-3	0.000000E+0	4.789000E+4
8.220000E-3	0.000000E+0	4.759800E+4
8.240000E-3	0.000000E+0	4.796400E+4
8.260000E-3	0.000000E+0	4.771500E+4
8.280000E-3	0.000000E+0	4.770900E+4
8.300000E-3	0.000000E+0	4.765000E+4
8.320000E-3	0.000000E+0	4.745300E+4
8.340000E-3	0.000000E+0	4.772800E+4
8.360000E-3	0.000000E+0	4.742100E+4
8.380000E-3	0.000000E+0	4.747400E+4
8.400000E-3	0.000000E+0	4.809300E+4
8.420000E-3	0.000000E+0	4.765400E+4
8.440000E-3	0.000000E+0	4.736400E+4
8.460000E-3	0.000000E+0	4.722400E+4
8.480000E-3	0.000000E+0	4.797600E+4
8.500000E-3	0.000000E+0	4.766300E+4
8.520000E-3	0.000000E+0	4.774600E+4
8.540000E-3	0.000000E+0	4.758200E+4
8.560000E-3	0.000000E+0	4.767200E+4
8.580000E-3	0.000000E+0	4.774900E+4
8.600000E-3	0.000000E+0	4.788300E+4
8.620000E-3	0.000000E+0	4.806500E+4
8.640000E-3	0.000000E+0	4.783500E+4
8.660000E-3	0.000000E+0	4.819100E+4
8.680000E-3	0.000000E+0	4.765600E+4
8.700000E-3	0.000000E+0	4.763900E+4
8.720000E-3	0.000000E+0	4.778000E+4
8.740000E-3	0.000000E+0	4.785400E+4
8.760000E-3	0.000000E+0	4.795400E+4
8.780000E-3	0.000000E+0	4.765200E+4
8.800000E-3	0.000000E+0	4.783600E+4
8.820000E-3	0.000000E+0	4.765800E+4
8.840000E-3	0.000000E+0	4.782800E+4
8.860000E-3	0.000000E+0	4.749400E+4
8.880000E-3	0.000000E+0	4.795600E+4
8.900000E-3	0.000000E+0	4.765800E+4
8.920000E-3	0.000000E+0	4.723700E+4
8.940000E-3	0.000000E+0	4.756800E+4
8.960000E-3	0.000000E+0	4.776900E+4
8.980000E-3	0.000000E+0	4.769300E+4
9.000000E-3	0.000000E+0	4.783300E+4
9.020000E-3	0.000000E+0	4.756300E+4
9.040000E-3	0.000000E+0	4.739900E+4
9.060000E-3	0.000000E+0	4.742400E+4
9.080000E-3	0.000000E+0	4.774200E+4
9.100000E-3	0.000000E+0	4.816600E+4
9.120000E-3	0.000000E+0	4.822400E+4
9.140000E-3	0.000000E+0	4.745300E+4
9.160000E-3	0.000000E+0	4.775000E+4
9.180000E-3	0.000000E+0	4.811100E+4
9.200000E-3	0.000000E+0	4.802800E+4
9.220000E-3	0.000000E+0	4.735300E+4
9.240000E-3	0.000000E+0	4.778100E+4
9.260000E-3	0.000000E+0	4.798200E+4
9.280000E-3	0.000000E+0	4.792700E+4
9.300000E-3	0.000000E+0	4.750700E+4
9.320000E-3	0.000000E+0	4.735700E+4
9.340000E-3	0.000000E+0	4.771400E+4
9.360000E-3	0.000000E+0	4.779900E+4
9.380000E-3	0.000000E+0	4.767700E+4
9.400000E-3	0.000000E+0	4.735000E+4
9.420000E-3	0.000000E+0	4.777200E+4
9.440000E-3	0.000000E+0	4.765800E+4
9.460000E-3	0.000000E+0	4.723500E+4
9.480000E-3	0.000000E+0	4.776800E+4
9.500000E-3	0.000000E+0	4.781900E+4
9.520000E-3	0.000000E+0	4.731000E+4
9.540000E-3	0.000000E+0	4.797400E+4
9.560000E-3	0.000000E+0	4.756500E+4
9.580000E-3	0.000000E+0	4.789300E+4
9.600000E-3	0.000000E+0	4.766500E+4
9.620000E-3	0.000000E+0	4.803600E+4
9.640000E-3	0.000000E+0	4.778000E+4
9.660000E-3	0.000000E+0	4.768300E+4
9.680000E-3	0.000000E+0	4.776900E+4
9.700000E-3	0.000000E+0	4.761000E+4
9.720000E-3	0.000000E+0	4.781000E+4
9.740000E-3	0.000000E+0	4.765200E+4
9.760000E-3	0.000000E+0	4.758700E+4
9.780000E-3	0.000000E+0	4.778300E+4
9.800000E-3	0.000000E+0	4.760200E+4
9.820000E-3	0.000000E+0	4.797300E+4
9.840000E-3	0.000000E+0	4.791900E+4
9.860000E-3	0.000000E+0	4.754100E+4
9.880000E-3	0.000000E+0	4.737300E+4
9.900000E-3	0.000000E+0	4.781900E+4
9.920000E-3	0.000000E+0	4.715800E+4
9.940000E-3	0.000000E+0	4.768100E+4
9.960000E-3	0.000000E+0	4.819600E+4
9.980000E-3	0.000000E+0	4.816100E+4
1.000000E-2	0.000000E+0	4.750000E+4
1.002000E-2	0.000000E+0	4.795300E+4
1.004000E-2	0.000000E+0	4.791500E+4
1.006000E-2	0.000000E+0	4.769200E+4
1.008000E-2	0.000000E+0	4.782500E+4
1.010000E-2	0.000000E+0	4.720600E+4
1.012000E-2	0.000000E+0	4.749000E+4
1.014000E-2	0.000000E+0	4.760700E+4
1.016000E-2	0.000000E+0	4.756900E+4
1.018000E-2	0.000000E+0	4.736200E+4
1.020000E-2	0.000000E+0	4.764300E+4
1.022000E-2	0.000000E+0	4.769600E+4
1.024000E-2	0.000000E+0	4.799900E+4
1.026000E-2	0.000000E+0	4.732600E+4
1.028000E-2	0.000000E+0	4.750400E+4
1.030000E-2	0.000000E+0	4.799200E+4
1.032000E-2	0.000000E+0	4.767000E+4
1.034000E-2	0.000000E+0	4.764300E+4
1.036000E-2	0.000000E+0	4.725100E+4
1.038000E-2	0.000000E+0	4.774800E+4
1.040000E-2	0.000000E+0	4.770200E+4
1.042000E-2	0.000000E+0	4.794200E+4
1.044000E-2	0.000000E+0	4.758400E+4
1.046000E-2	0.000000E+0	4.772600E+4
1.048000E-2	0.000000E+0	4.767000E+4
1.050000E-2	0.000000E+0	4.752700E+4
1.052000E-2	0.000000E+0	4.734600E+4
1.054000E-2	0.000000E+0	4.759200E+4
1.056000E-2	0.000000E+0	4.806700E+4
1.058000E-2	0.000000E+0	4.788600E+4
1.060000E-2	0.000000E+0	4.785200E+4
1.062000E-2	0.000000E+0	4.794200E+4
1.064000E-2	0.000000E+0	4.760600E+4
1.066000E-2	0.000000E+0	4.777900E+4
1.068000E-2	0.000000E+0	4.767000E+4
1.070000E-2	0.000000E+0	4.772600E+4
1.072000E-2	0.000000E+0	4.798200E+4
1.074000E-2	0.000000E+0	4.781400E+4
1.076000E-2	0.000000E+0	4.705500E+4
1.078000E-2	0.000000E+0	4.786400E+4
1.080000E-2	0.000000E+0	4.747100E+4
1.082000E-2	0.000000E+0	4.761000E+4
1.084000E-2	0.000000E+0	4.785700E+4
1.086000E-2	0.000000E+0	4.751800E+4
1.088000E-2	0.000000E+0	4.738400E+4
1.090000E-2	0.000000E+0	4.785300E+4
1.092000E-2	0.000000E+0	4.771300E+4
1.094000E-2	0.000000E+0	4.743900E+4
1.096000E-2	0.000000E+0	4.764300E+4
1.098000E-2	0.000000E+0	4.761400E+4
1.100000E-2	0.000000E+0	4.742600E+4
1.102000E-2	0.000000E+0	4.744000E+4
1.104000E-2	0.000000E+0	4.767000E+4
1.106000E-2	0.000000E+0	4.762200E+4
1.108000E-2	0.000000E+0	4.748300E+4
1.110000E-2	0.000000E+0	4.774800E+4
1.112000E-2	0.000000E+0	4.767000E+4
1.114000E-2	0.000000E+0	4.783800E+4
1.116000E-2	0.000000E+0	4.813900E+4
1.118000E-2	0.000000E+0	4.811800E+4
1.120000E-2	0.000000E+0	4.731900E+4
1.122000E-2	0.000000E+0	4.807900E+4
1.124000E-2	0.000000E+0	4.768600E+4
1.126000E-2	0.000000E+0	4.779300E+4
1.128000E-2	0.000000E+0	4.749800E+4
1.130000E-2	0.000000E+0	4.790500E+4
1.132000E-2	0.000000E+0	4.768800E+4
1.134000E-2	0.000000E+0	4.764000E+4
1.136000E-2	0.000000E+0	4.801200E+4
1.138000E-2	0.000000E+0	4.771400E+4
1.140000E-2	0.000000E+0	4.751300E+4
1.142000E-2	0.000000E+0	4.786400E+4
1.144000E-2	0.000000E+0	4.725600E+4
1.146000E-2	0.000000E+0	4.746700E+4
1.148000E-2	0.000000E+0	4.733700E+4
1.150000E-2	0.000000E+0	4.751800E+4
1.152000E-2	0.000000E+0	4.790000E+4
1.154000E-2	0.000000E+0	4.702500E+4
1.156000E-2	0.000000E+0	4.749300E+4
1.158000E-2	0.000000E+0	4.745600E+4
1.160000E-2	0.000000E+0	4.798800E+4
1.162000E-2	0.000000E+0	4.788700E+4
1.164000E-2	0.000000E+0	4.792500E+4
1.166000E-2	0.000000E+0	4.772300E+4
1.168000E-2	0.000000E+0	4.758000E+4
1.170000E-2	0.000000E+0	4.762100E+4
1.172000E-2	0.000000E+0	4.742800E+4
1.174000E-2	0.000000E+0	4.759700E+4
1.176000E-2	0.000000E+0	4.742900E+4
1.178000E-2	0.000000E+0	4.755900E+4
1.180000E-2	0.000000E+0	4.778000E+4
1.182000E-2	0.000000E+0	4.811400E+4
1.184000E-2	0.000000E+0	4.741500E+4
1.186000E-2	0.000000E+0	4.773000E+4
1.188000E-2	0.000000E+0	4.738500E+4
1.190000E-2	0.000000E+0	4.718000E+4
1.192000E-2	0.000000E+0	4.808800E+4
1.194000E-2	0.000000E+0	4.783200E+4
1.196000E-2	0.000000E+0	4.751500E+4
1.198000E-2	0.000000E+0	4.769600E+4
1.200000E-2	0.000000E+0	4.746000E+4
1.202000E-2	0.000000E+0	4.762900E+4
1.204000E-2	0.000000E+0	4.791200E+4
1.206000E-2	0.000000E+0	4.728700E+4
1.208000E-2	0.000000E+0	4.777500E+4
1.210000E-2	0.000000E+0	4.774200E+4
1.212000E-2	0.000000E+0	4.798100E+4
1.214000E-2	0.000000E+0	4.759300E+4
1.216000E-2	0.000000E+0	4.829100E+4
1.218000E-2	0.000000E+0	4.777700E+4
1.220000E-2	0.000000E+0	4.776300E+4
1.222000E-2	0.000000E+0	4.731600E+4
1.224000E-2	0.000000E+0	4.779600E+4
1.226000E-2	0.000000E+0	4.755100E+4
1.228000E-2	0.000000E+0	4.800200E+4
1.230000E-2	0.000000E+0	4.768700E+4
1.232000E-2	0.000000E+0	4.787300E+4
1.234000E-2	0.000000E+0	4.727300E+4
1.236000E-2	0.000000E+0	4.738000E+4
1.238000E-2	0.000000E+0	4.778500E+4
1.240000E-2	0.000000E+0	4.782100E+4
1.242000E-2	0.000000E+0	4.734100E+4
1.244000E-2	0.000000E+0	4.755400E+4
1.246000E-2	0.000000E+0	4.729000E+4
1.248000E-2	0.000000E+0	4.756800E+4
1.250000E-2	0.000000E+0	4.732500E+4
1.252000E-2	0.000000E+0	4.748100E+4
1.254000E-2	0.000000E+0	4.758000E+4
1.256000E-2	0.000000E+0	4.771700E+4
1.258000E-2	0.000000E+0	4.780500E+4
1.260000E-2	0.000000E+0	4.799200E+4
1.262000E-2	0.000000E+0	4.735500E+4
1.264000E-2	0.000000E+0	4.791300E+4
1.266000E-2	0.000000E+0	4.760400E+4
1.268000E-2	0.000000E+0	4.778600E+4
1.270000E-2	0.000000E+0	4.750400E+4
1.272000E-2	0.000000E+0	4.751600E+4
1.274000E-2	0.000000E+0	4.775400E+4
1.276000E-2	0.000000E+0	4.738500E+4
1.278000E-2	0.000000E+0	4.816400E+4
1.280000E-2	0.000000E+0	4.772300E+4
1.282000E-2	0.000000E+0	4.795900E+4
1.284000E-2	0.000000E+0	4.763300E+4
1.286000E-2	0.000000E+0	4.764800E+4
1.288000E-2	0.000000E+0	4.788400E+4
1.290000E-2	0.000000E+0	4.718900E+4
1.292000E-2	0.000000E+0	4.771500E+4
1.294000E-2	0.000000E+0	4.738400E+4
1.296000E-2	0.000000E+0	4.791300E+4
1.298000E-2	0.000000E+0	4.731300E+4
1.300000E-2	0.000000E+0	4.779100E+4
1.302000E-2	0.000000E+0	4.745100E+4
1.304000E-2	0.000000E+0	4.801300E+4
1.306000E-2	0.000000E+0	4.736600E+4
1.308000E-2	0.000000E+0	4.750900E+4
1.310000E-2	0.000000E+0	4.777400E+4
1.312000E-2	0.000000E+0	4.737400E+4
1.314000E-2	0.000000E+0	4.777800E+4
1.316000E-2	0.000000E+0	4.798300E+4
1.318000E-2	0.000000E+0	4.759300E+4
1.320000E-2	0.000000E+0	4.761500E+4
1.322000E-2	0.000000E+0	4.772100E+4
1.324000E-2	0.000000E+0	4.734400E+4
1.326000E-2	0.000000E+0	4.779500E+4
1.328000E-2	0.000000E+0	4.770900E+4
1.330000E-2	0.000000E+0	4.761600E+4
1.332000E-2	0.000000E+0	4.778300E+4
1.334000E-2	0.000000E+0	4.776900E+4
1.336000E-2	0.000000E+0	4.798800E+4
1.338000E-2	0.000000E+0	4.765100E+4
1.340000E-2	0.000000E+0	4.757500E+4
1.342000E-2	0.000000E+0	4.760000E+4
1.344000E-2	0.000000E+0	4.742100E+4
1.346000E-2	0.000000E+0	4.760200E+4
1.348000E-2	0.000000E+0	4.769900E+4
1.350000E-2	0.000000E+0	4.771300E+4
1.352000E-2	0.000000E+0	4.776200E+4
1.354000E-2	0.000000E+0	4.755000E+4
1.356000E-2	0.000000E+0	4.786000E+4
1.358000E-2	0.000000E+0	4.763200E+4
1.360000E-2	0.000000E+0	4.747900E+4
1.362000E-2	0.000000E+0	4.749500E+4
1.364000E-2	0.000000E+0	4.770600E+4
1.366000E-2	0.000000E+0	4.762800E+4
1.368000E-2	0.000000E+0	4.795300E+4
1.370000E-2	0.000000E+0	4.750100E+4
1.372000E-2	0.000000E+0	4.770200E+4
1.374000E-2	0.000000E+0	4.758000E+4
1.376000E-2	0.000000E+0	4.775400E+4
1.378000E-2	0.000000E+0	4.787800E+4
1.380000E-2	0.000000E+0	4.773400E+4
1.382000E-2	0.000000E+0	4.773400E+4
1.384000E-2	0.000000E+0	4.749200E+4
1.386000E-2	0.000000E+0	4.712800E+4
1.388000E-2	0.000000E+0	4.742500E+4
1.390000E-2	0.000000E+0	4.745500E+4
1.392000E-2	0.000000E+0	4.742300E+4
1.394000E-2	0.000000E+0	4.748100E+4
1.396000E-2	0.000000E+0	4.754200E+4
1.398000E-2	0.000000E+0	4.758300E+4
1.400000E-2	0.000000E+0	4.760200E+4
1.402000E-2	0.000000E+0	4.772400E+4
1.404000E-2	0.000000E+0	4.764500E+4
1.406000E-2	0.000000E+0	4.735900E+4
1.408000E-2	0.000000E+0	4.776800E+4
1.410000E-2	0.000000E+0	4.753900E+4
1.412000E-2	0.000000E+0	4.784600E+4
1.414000E-2	0.000000E+0	4.759700E+4
1.416000E-2	0.000000E+0	4.783000E+4
1.418000E-2	0.000000E+0	4.750600E+4
1.420000E-2	0.000000E+0	4.737800E+4
1.422000E-2	0.000000E+0	4.782600E+4
1.424000E-2	0.000000E+0	4.759100E+4
1.426000E-2	0.000000E+0	4.789600E+4
1.428000E-2	0.000000E+0	4.782100E+4
1.430000E-2	0.000000E+0	4.747100E+4
1.432000E-2	0.000000E+0	4.776100E+4
1.434000E-2	0.000000E+0	4.762600E+4
1.436000E-2	0.000000E+0	4.792200E+4
1.438000E-2	0.000000E+0	4.762000E+4
1.440000E-2	0.000000E+0	4.776000E+4
1.442000E-2	0.000000E+0	4.757900E+4
1.444000E-2	0.000000E+0	4.746000E+4
1.446000E-2	0.000000E+0	4.742400E+4
1.448000E-2	0.000000E+0	4.764800E+4
1.450000E-2	0.000000E+0	4.741400E+4
1.452000E-2	0.000000E+0	4.756900E+4
1.454000E-2	0.000000E+0	4.748900E+4
1.456000E-2	0.000000E+0	4.788600E+4
1.458000E-2	0.000000E+0	4.735400E+4
1.460000E-2	0.000000E+0	4.760300E+4
1.462000E-2	0.000000E+0	4.809500E+4
1.464000E-2	0.000000E+0	4.737300E+4
1.466000E-2	0.000000E+0	4.757700E+4
1.468000E-2	0.000000E+0	4.735900E+4
1.470000E-2	0.000000E+0	4.760700E+4
1.472000E-2	0.000000E+0	4.710400E+4
1.474000E-2	0.000000E+0	4.740000E+4
1.476000E-2	0.000000E+0	4.765300E+4
1.478000E-2	0.000000E+0	4.755100E+4
1.480000E-2	0.000000E+0	4.759900E+4
1.482000E-2	0.000000E+0	4.759600E+4
1.484000E-2	0.000000E+0	4.723800E+4
1.486000E-2	0.000000E+0	4.750900E+4
1.488000E-2	0.000000E+0	4.759400E+4
1.490000E-2	0.000000E+0	4.745900E+4
1.492000E-2	0.000000E+0	4.736900E+4
1.494000E-2	0.000000E+0	4.756400E+4
1.496000E-2	0.000000E+0	4.787200E+4
1.498000E-2	0.000000E+0	4.798800E+4
1.500000E-2	0.000000E+0	4.752100E+4
1.502000E-2	0.000000E+0	4.757800E+4
1.504000E-2	0.000000E+0	4.754200E+4
1.506000E-2	0.000000E+0	4.754800E+4
1.508000E-2	0.000000E+0	4.707000E+4
1.510000E-2	0.000000E+0	4.742200E+4
1.512000E-2	0.000000E+0	4.783800E+4
1.514000E-2	0.000000E+0	4.751000E+4
1.516000E-2	0.000000E+0	4.736000E+4
1.518000E-2	0.000000E+0	4.733100E+4
1.520000E-2	0.000000E+0	4.738900E+4
1.522000E-2	0.000000E+0	4.740600E+4
1.524000E-2	0.000000E+0	4.761000E+4
1.526000E-2	0.000000E+0	4.737900E+4
1.528000E-2	0.000000E+0	4.746100E+4
1.530000E-2	0.000000E+0	4.796700E+4
1.532000E-2	0.000000E+0	4.739500E+4
1.534000E-2	0.000000E+0	4.772100E+4
1.536000E-2	0.000000E+0	4.774500E+4
1.538000E-2	0.000000E+0	4.772600E+4
1.540000E-2	0.000000E+0	4.727100E+4
1.542000E-2	0.000000E+0	4.752500E+4
1.544000E-2	0.000000E+0	4.735000E+4
1.546000E-2	0.000000E+0	4.768300E+4
1.548000E-2	0.000000E+0	4.754100E+4
1.550000E-2	0.000000E+0	4.768800E+4
1.552000E-2	0.000000E+0	4.795700E+4
1.554000E-2	0.000000E+0	4.791200E+4
1.556000E-2	0.000000E+0	4.794200E+4
1.558000E-2	0.000000E+0	4.822000E+4
1.560000E-2	0.000000E+0	4.789200E+4
1.562000E-2	0.000000E+0	4.764700E+4
1.564000E-2	0.000000E+0	4.777100E+4
1.566000E-2	0.000000E+0	4.774200E+4
1.568000E-2	0.000000E+0	4.732800E+4
1.570000E-2	0.000000E+0	4.740700E+4
1.572000E-2	0.000000E+0	4.767000E+4
1.574000E-2	0.000000E+0	4.763300E+4
1.576000E-2	0.000000E+0	4.773800E+4
1.578000E-2	0.000000E+0	4.757500E+4
1.580000E-2	0.000000E+0	4.779100E+4
1.582000E-2	0.000000E+0	4.761200E+4
1.584000E-2	0.000000E+0	4.784000E+4
1.586000E-2	0.000000E+0	4.784200E+4
1.588000E-2	0.000000E+0	4.738800E+4
1.590000E-2	0.000000E+0	4.759800E+4
1.592000E-2	0.000000E+0	4.766100E+4
1.594000E-2	0.000000E+0	4.794400E+4
1.596000E-2	0.000000E+0	4.761900E+4
1.598000E-2	0.000000E+0	4.779400E+4
1.600000E-2	0.000000E+0	4.708600E+4
1.602000E-2	0.000000E+0	4.777900E+4
1.604000E-2	0.000000E+0	4.768000E+4
1.606000E-2	0.000000E+0	4.743200E+4
1.608000E-2	0.000000E+0	4.754100E+4
1.610000E-2	0.000000E+0	4.740800E+4
1.612000E-2	0.000000E+0	4.810000E+4
1.614000E-2	0.000000E+0	4.754100E+4
1.616000E-2	0.000000E+0	4.766600E+4
1.618000E-2	0.000000E+0	4.726100E+4
1.620000E-2	0.000000E+0	4.774100E+4
1.622000E-2	0.000000E+0	4.755600E+4
1.624000E-2	0.000000E+0	4.765700E+4
1.626000E-2	0.000000E+0	4.761700E+4
1.628000E-2	0.000000E+0	4.755600E+4
1.630000E-2	0.000000E+0	4.754700E+4
1.632000E-2	0.000000E+0	4.741900E+4
1.634000E-2	0.000000E+0	4.736500E+4
1.636000E-2	0.000000E+0	4.705400E+4
1.638000E-2	0.000000E+0	4.767800E+4
1.640000E-2	0.000000E+0	4.789000E+4
1.642000E-2	0.000000E+0	4.744100E+4
1.644000E-2	0.000000E+0	4.729400E+4
1.646000E-2	0.000000E+0	4.788100E+4
1.648000E-2	0.000000E+0	4.735800E+4
1.650000E-2	0.000000E+0	4.745400E+4
1.652000E-2	0.000000E+0	4.764000E+4
1.654000E-2	0.000000E+0	4.758600E+4
1.656000E-2	0.000000E+0	4.760700E+4
1.658000E-2	0.000000E+0	4.700800E+4
1.660000E-2	0.000000E+0	4.729600E+4
1.662000E-2	0.000000E+0	4.737600E+4
1.664000E-2	0.000000E+0	4.773100E+4
1.666000E-2	0.000000E+0	4.776300E+4
1.668000E-2	0.000000E+0	4.732300E+4
1.670000E-2	0.000000E+0	4.764200E+4
1.672000E-2	0.000000E+0	4.756100E+4
1.674000E-2	0.000000E+0	4.730300E+4
1.676000E-2	0.000000E+0	4.763800E+4
1.678000E-2	0.000000E+0	4.716200E+4
1.680000E-2	0.000000E+0	4.757700E+4
1.682000E-2	0.000000E+0	4.720800E+4
1.684000E-2	0.000000E+0	4.725500E+4
1.686000E-2	0.000000E+0	4.765500E+4
1.688000E-2	0.000000E+0	4.742400E+4
1.690000E-2	0.000000E+0	4.742700E+4
1.692000E-2	0.000000E+0	4.703600E+4
1.694000E-2	0.000000E+0	4.674400E+4
1.696000E-2	0.000000E+0	4.703500E+4
1.698000E-2	0.000000E+0	4.631200E+4
1.700000E-2	0.000000E+0	4.659500E+4
1.702000E-2	0.000000E+0	4.657600E+4
1.704000E-2	0.000000E+0	4.563200E+4
1.706000E-2	0.000000E+0	4.454600E+4
1.708000E-2	0.000000E+0	4.380900E+4
1.710000E-2	0.000000E+0	4.263100E+4
1.712000E-2	0.000000E+0	4.053300E+4
1.714000E-2	0.000000E+0	3.825600E+4
1.716000E-2	0.000000E+0	3.673100E+4
1.718000E-2	0.000000E+0	3.685000E+4
1.720000E-2	0.000000E+0	3.871300E+4
1.722000E-2	0.000000E+0	4.113300E+4
1.724000E-2	0.000000E+0	4.255500E+4
1.726000E-2	0.000000E+0	4.407100E+4
1.728000E-2	0.000000E+0	4.462200E+4
1.730000E-2	0.000000E+0	4.444900E+4
1.732000E-2	0.000000E+0	4.472900E+4
1.734000E-2	0.000000E+0	4.495900E+4
1.736000E-2	0.000000E+0	4.489000E+4
1.738000E-2	0.000000E+0	4.468900E+4
1.740000E-2	0.000000E+0	4.545100E+4
1.742000E-2	0.000000E+0	4.558000E+4
1.744000E-2	0.000000E+0	4.600700E+4
1.746000E-2	0.000000E+0	4.645900E+4
1.748000E-2	0.000000E+0	4.635900E+4
1.750000E-2	0.000000E+0	4.638600E+4
1.752000E-2	0.000000E+0	4.635800E+4
1.754000E-2	0.000000E+0	4.667300E+4
1.756000E-2	0.000000E+0	4.677500E+4
1.758000E-2	0.000000E+0	4.709300E+4
1.760000E-2	0.000000E+0	4.712600E+4
1.762000E-2	0.000000E+0	4.722600E+4
1.764000E-2	0.000000E+0	4.696300E+4
1.766000E-2	0.000000E+0	4.715000E+4
1.768000E-2	0.000000E+0	4.729600E+4
1.770000E-2	0.000000E+0	4.670400E+4
1.772000E-2	0.000000E+0	4.725800E+4
1.774000E-2	0.000000E+0	4.679900E+4
1.776000E-2	0.000000E+0	4.667000E+4
1.778000E-2	0.000000E+0	4.627600E+4
1.780000E-2	0.000000E+0	4.654000E+4
1.782000E-2	0.000000E+0	4.655200E+4
1.784000E-2	0.000000E+0	4.555900E+4
1.786000E-2	0.000000E+0	4.520000E+4
1.788000E-2	0.000000E+0	4.437500E+4
1.790000E-2	0.000000E+0	4.336500E+4
1.792000E-2	0.000000E+0	4.124200E+4
1.794000E-2	0.000000E+0	3.932000E+4
1.796000E-2	0.000000E+0	3.752200E+4
1.798000E-2	0.000000E+0	3.788000E+4
1.800000E-2	0.000000E+0	3.978500E+4
1.802000E-2	0.000000E+0	4.185200E+4
1.804000E-2	0.000000E+0	4.375600E+4
1.806000E-2	0.000000E+0	4.526200E+4
1.808000E-2	0.000000E+0	4.574500E+4
1.810000E-2	0.000000E+0	4.574200E+4
1.812000E-2	0.000000E+0	4.665600E+4
1.814000E-2	0.000000E+0	4.685100E+4
1.816000E-2	0.000000E+0	4.669800E+4
1.818000E-2	0.000000E+0	4.674900E+4
1.820000E-2	0.000000E+0	4.736800E+4
1.822000E-2	0.000000E+0	4.732300E+4
1.824000E-2	0.000000E+0	4.701100E+4
1.826000E-2	0.000000E+0	4.763500E+4
1.828000E-2	0.000000E+0	4.714800E+4
1.830000E-2	0.000000E+0	4.704200E+4
1.832000E-2	0.000000E+0	4.721100E+4
1.834000E-2	0.000000E+0	4.729900E+4
1.836000E-2	0.000000E+0	4.725400E+4
1.838000E-2	0.000000E+0	4.731300E+4
1.840000E-2	0.000000E+0	4.763500E+4
1.842000E-2	0.000000E+0	4.733400E+4
1.844000E-2	0.000000E+0	4.709900E+4
1.846000E-2	0.000000E+0	4.703500E+4
1.848000E-2	0.000000E+0	4.732800E+4
1.850000E-2	0.000000E+0	4.700700E+4
1.852000E-2	0.000000E+0	4.728000E+4
1.854000E-2	0.000000E+0	4.762400E+4
1.856000E-2	0.000000E+0	4.738200E+4
1.858000E-2	0.000000E+0	4.732100E+4
1.860000E-2	0.000000E+0	4.771000E+4
1.862000E-2	0.000000E+0	4.704900E+4
1.864000E-2	0.000000E+0	4.730100E+4
1.866000E-2	0.000000E+0	4.744700E+4
1.868000E-2	0.000000E+0	4.766100E+4
1.870000E-2	0.000000E+0	4.753700E+4
1.872000E-2	0.000000E+0	4.764100E+4
1.874000E-2	0.000000E+0	4.755600E+4
1.876000E-2	0.000000E+0	4.745300E+4
1.878000E-2	0.000000E+0	4.775400E+4
1.880000E-2	0.000000E+0	4.775100E+4
1.882000E-2	0.000000E+0	4.772000E+4
1.884000E-2	0.000000E+0	4.771200E+4
1.886000E-2	0.000000E+0	4.731100E+4
1.888000E-2	0.000000E+0	4.750700E+4
1.890000E-2	0.000000E+0	4.735100E+4
1.892000E-2	0.000000E+0	4.776000E+4
1.894000E-2	0.000000E+0	4.752100E+4
1.896000E-2	0.000000E+0	4.734100E+4
1.898000E-2	0.000000E+0	4.723800E+4
1.900000E-2	0.000000E+0	4.739300E+4
1.902000E-2	0.000000E+0	4.780700E+4
1.904000E-2	0.000000E+0	4.768900E+4
1.906000E-2	0.000000E+0	4.732500E+4
1.908000E-2	0.000000E+0	4.779100E+4
1.910000E-2	0.000000E+0	4.741900E+4
1.912000E-2	0.000000E+0	4.745200E+4
1.914000E-2	0.000000E+0	4.752300E+4
1.916000E-2	0.000000E+0	4.756300E+4
1.918000E-2	0.000000E+0	4.717300E+4
1.920000E-2	0.000000E+0	4.785600E+4
1.922000E-2	0.000000E+0	4.726700E+4
1.924000E-2	0.000000E+0	4.765300E+4
1.926000E-2	0.000000E+0	4.776400E+4
1.928000E-2	0.000000E+0	4.747400E+4
1.930000E-2	0.000000E+0	4.768600E+4
1.932000E-2	0.000000E+0	4.754700E+4
1.934000E-2	0.000000E+0	4.774700E+4
1.936000E-2	0.000000E+0	4.764400E+4
1.938000E-2	0.000000E+0	4.768200E+4
1.940000E-2	0.000000E+0	4.778800E+4
1.942000E-2	0.000000E+0	4.780200E+4
1.944000E-2	0.000000E+0	4.747800E+4
1.946000E-2	0.000000E+0	4.742200E+4
1.948000E-2	0.000000E+0	4.763100E+4
1.950000E-2	0.000000E+0	4.748000E+4
1.952000E-2	0.000000E+0	4.769300E+4
1.954000E-2	0.000000E+0	4.776300E+4
1.956000E-2	0.000000E+0	4.753700E+4
1.958000E-2	0.000000E+0	4.731700E+4
1.960000E-2	0.000000E+0	4.764600E+4
1.962000E-2	0.000000E+0	4.753900E+4
1.964000E-2	0.000000E+0	4.762700E+4
1.966000E-2	0.000000E+0	4.736100E+4
1.968000E-2	0.000000E+0	4.730700E+4
1.970000E-2	0.000000E+0	4.726700E+4
1.972000E-2	0.000000E+0	4.760000E+4
1.974000E-2	0.000000E+0	4.745400E+4
1.976000E-2	0.000000E+0	4.766900E+4
1.978000E-2	0.000000E+0	4.729800E+4
1.980000E-2	0.000000E+0	4.751900E+4
1.982000E-2	0.000000E+0	4.783700E+4
1.984000E-2	0.000000E+0	4.766800E+4
1.986000E-2	0.000000E+0	4.773500E+4
1.988000E-2	0.000000E+0	4.778700E+4
1.990000E-2	0.000000E+0	4.788400E+4
1.992000E-2	0.000000E+0	4.745200E+4
1.994000E-2	0.000000E+0	4.792300E+4
1.996000E-2	0.000000E+0	4.752900E+4
1.998000E-2	0.000000E+0	4.749000E+4
