

live time:  130754.980000
real time:  151200.779000
sweeps:  6537749.000000
0.000000E+0	0.000000E+0	0.000000E+0
2.000000E-5	0.000000E+0	4.893300E+4
4.000000E-5	0.000000E+0	4.880900E+4
6.000000E-5	0.000000E+0	4.923900E+4
8.000000E-5	0.000000E+0	4.890600E+4
1.000000E-4	0.000000E+0	4.894800E+4
1.200000E-4	0.000000E+0	4.846100E+4
1.400000E-4	0.000000E+0	4.856600E+4
1.600000E-4	0.000000E+0	4.925600E+4
1.800000E-4	0.000000E+0	4.814900E+4
2.000000E-4	0.000000E+0	4.929000E+4
2.200000E-4	0.000000E+0	4.943500E+4
2.400000E-4	0.000000E+0	4.874600E+4
2.600000E-4	0.000000E+0	4.861100E+4
2.800000E-4	0.000000E+0	4.885000E+4
3.000000E-4	0.000000E+0	4.888700E+4
3.200000E-4	0.000000E+0	4.891800E+4
3.400000E-4	0.000000E+0	4.874400E+4
3.600000E-4	0.000000E+0	4.902800E+4
3.800000E-4	0.000000E+0	4.874200E+4
4.000000E-4	0.000000E+0	4.894600E+4
4.200000E-4	0.000000E+0	4.890100E+4
4.400000E-4	0.000000E+0	4.845900E+4
4.600000E-4	0.000000E+0	4.873500E+4
4.800000E-4	0.000000E+0	4.914500E+4
5.000000E-4	0.000000E+0	4.870300E+4
5.200000E-4	0.000000E+0	4.884000E+4
5.400000E-4	0.000000E+0	4.845000E+4
5.600000E-4	0.000000E+0	4.941400E+4
5.800000E-4	0.000000E+0	4.854800E+4
6.000000E-4	0.000000E+0	4.886400E+4
6.200000E-4	0.000000E+0	4.890700E+4
6.400000E-4	0.000000E+0	4.883100E+4
6.600000E-4	0.000000E+0	4.889000E+4
6.800000E-4	0.000000E+0	4.881900E+4
7.000000E-4	0.000000E+0	4.889000E+4
7.200000E-4	0.000000E+0	4.873500E+4
7.400000E-4	0.000000E+0	4.882100E+4
7.600000E-4	0.000000E+0	4.896200E+4
7.800000E-4	0.000000E+0	4.846900E+4
8.000000E-4	0.000000E+0	4.898200E+4
8.200000E-4	0.000000E+0	4.874700E+4
8.400000E-4	0.000000E+0	4.884400E+4
8.600000E-4	0.000000E+0	4.916600E+4
8.800000E-4	0.000000E+0	4.887900E+4
9.000000E-4	0.000000E+0	4.913900E+4
9.200000E-4	0.000000E+0	4.893700E+4
9.400000E-4	0.000000E+0	4.921800E+4
9.600000E-4	0.000000E+0	4.859900E+4
9.800000E-4	0.000000E+0	4.883000E+4
1.000000E-3	0.000000E+0	4.881500E+4
1.020000E-3	0.000000E+0	4.886500E+4
1.040000E-3	0.000000E+0	4.900300E+4
1.060000E-3	0.000000E+0	4.898700E+4
1.080000E-3	0.000000E+0	4.900100E+4
1.100000E-3	0.000000E+0	4.938900E+4
1.120000E-3	0.000000E+0	4.856800E+4
1.140000E-3	0.000000E+0	4.878200E+4
1.160000E-3	0.000000E+0	4.851700E+4
1.180000E-3	0.000000E+0	4.909800E+4
1.200000E-3	0.000000E+0	4.866000E+4
1.220000E-3	0.000000E+0	4.863500E+4
1.240000E-3	0.000000E+0	4.878500E+4
1.260000E-3	0.000000E+0	4.860600E+4
1.280000E-3	0.000000E+0	4.865700E+4
1.300000E-3	0.000000E+0	4.885100E+4
1.320000E-3	0.000000E+0	4.878400E+4
1.340000E-3	0.000000E+0	4.879800E+4
1.360000E-3	0.000000E+0	4.853300E+4
1.380000E-3	0.000000E+0	4.834500E+4
1.400000E-3	0.000000E+0	4.910100E+4
1.420000E-3	0.000000E+0	4.903800E+4
1.440000E-3	0.000000E+0	4.878600E+4
1.460000E-3	0.000000E+0	4.901900E+4
1.480000E-3	0.000000E+0	4.863400E+4
1.500000E-3	0.000000E+0	4.898200E+4
1.520000E-3	0.000000E+0	4.905500E+4
1.540000E-3	0.000000E+0	4.854600E+4
1.560000E-3	0.000000E+0	4.868100E+4
1.580000E-3	0.000000E+0	4.878400E+4
1.600000E-3	0.000000E+0	4.879700E+4
1.620000E-3	0.000000E+0	4.882300E+4
1.640000E-3	0.000000E+0	4.877500E+4
1.660000E-3	0.000000E+0	4.849600E+4
1.680000E-3	0.000000E+0	4.871500E+4
1.700000E-3	0.000000E+0	4.892700E+4
1.720000E-3	0.000000E+0	4.865900E+4
1.740000E-3	0.000000E+0	4.883900E+4
1.760000E-3	0.000000E+0	4.884000E+4
1.780000E-3	0.000000E+0	4.893300E+4
1.800000E-3	0.000000E+0	4.894100E+4
1.820000E-3	0.000000E+0	4.922400E+4
1.840000E-3	0.000000E+0	4.896900E+4
1.860000E-3	0.000000E+0	4.870600E+4
1.880000E-3	0.000000E+0	4.879800E+4
1.900000E-3	0.000000E+0	4.897600E+4
1.920000E-3	0.000000E+0	4.893300E+4
1.940000E-3	0.000000E+0	4.871000E+4
1.960000E-3	0.000000E+0	4.863200E+4
1.980000E-3	0.000000E+0	4.862100E+4
2.000000E-3	0.000000E+0	4.874800E+4
2.020000E-3	0.000000E+0	4.925600E+4
2.040000E-3	0.000000E+0	4.882900E+4
2.060000E-3	0.000000E+0	4.910600E+4
2.080000E-3	0.000000E+0	4.865000E+4
2.100000E-3	0.000000E+0	4.884900E+4
2.120000E-3	0.000000E+0	4.877300E+4
2.140000E-3	0.000000E+0	4.877200E+4
2.160000E-3	0.000000E+0	4.908300E+4
2.180000E-3	0.000000E+0	4.904000E+4
2.200000E-3	0.000000E+0	4.898300E+4
2.220000E-3	0.000000E+0	4.899500E+4
2.240000E-3	0.000000E+0	4.835000E+4
2.260000E-3	0.000000E+0	4.912900E+4
2.280000E-3	0.000000E+0	4.862400E+4
2.300000E-3	0.000000E+0	4.886000E+4
2.320000E-3	0.000000E+0	4.880900E+4
2.340000E-3	0.000000E+0	4.886800E+4
2.360000E-3	0.000000E+0	4.894300E+4
2.380000E-3	0.000000E+0	4.870500E+4
2.400000E-3	0.000000E+0	4.884800E+4
2.420000E-3	0.000000E+0	4.892000E+4
2.440000E-3	0.000000E+0	4.897300E+4
2.460000E-3	0.000000E+0	4.891000E+4
2.480000E-3	0.000000E+0	4.930000E+4
2.500000E-3	0.000000E+0	4.896900E+4
2.520000E-3	0.000000E+0	4.861300E+4
2.540000E-3	0.000000E+0	4.920600E+4
2.560000E-3	0.000000E+0	4.914900E+4
2.580000E-3	0.000000E+0	4.854200E+4
2.600000E-3	0.000000E+0	4.908400E+4
2.620000E-3	0.000000E+0	4.859500E+4
2.640000E-3	0.000000E+0	4.883000E+4
2.660000E-3	0.000000E+0	4.885800E+4
2.680000E-3	0.000000E+0	4.877300E+4
2.700000E-3	0.000000E+0	4.893400E+4
2.720000E-3	0.000000E+0	4.883400E+4
2.740000E-3	0.000000E+0	4.880900E+4
2.760000E-3	0.000000E+0	4.880200E+4
2.780000E-3	0.000000E+0	4.906800E+4
2.800000E-3	0.000000E+0	4.905300E+4
2.820000E-3	0.000000E+0	4.934300E+4
2.840000E-3	0.000000E+0	4.865100E+4
2.860000E-3	0.000000E+0	4.864000E+4
2.880000E-3	0.000000E+0	4.918600E+4
2.900000E-3	0.000000E+0	4.886100E+4
2.920000E-3	0.000000E+0	4.885600E+4
2.940000E-3	0.000000E+0	4.907100E+4
2.960000E-3	0.000000E+0	4.922000E+4
2.980000E-3	0.000000E+0	4.876900E+4
3.000000E-3	0.000000E+0	4.872400E+4
3.020000E-3	0.000000E+0	4.915900E+4
3.040000E-3	0.000000E+0	4.939300E+4
3.060000E-3	0.000000E+0	4.889700E+4
3.080000E-3	0.000000E+0	4.874400E+4
3.100000E-3	0.000000E+0	4.877300E+4
3.120000E-3	0.000000E+0	4.893500E+4
3.140000E-3	0.000000E+0	4.890100E+4
3.160000E-3	0.000000E+0	4.898500E+4
3.180000E-3	0.000000E+0	4.908100E+4
3.200000E-3	0.000000E+0	4.874100E+4
3.220000E-3	0.000000E+0	4.911500E+4
3.240000E-3	0.000000E+0	4.904900E+4
3.260000E-3	0.000000E+0	4.832600E+4
3.280000E-3	0.000000E+0	4.922600E+4
3.300000E-3	0.000000E+0	4.908100E+4
3.320000E-3	0.000000E+0	4.872800E+4
3.340000E-3	0.000000E+0	4.868800E+4
3.360000E-3	0.000000E+0	4.863400E+4
3.380000E-3	0.000000E+0	4.883800E+4
3.400000E-3	0.000000E+0	4.902000E+4
3.420000E-3	0.000000E+0	4.867400E+4
3.440000E-3	0.000000E+0	4.891600E+4
3.460000E-3	0.000000E+0	4.891600E+4
3.480000E-3	0.000000E+0	4.894100E+4
3.500000E-3	0.000000E+0	4.856800E+4
3.520000E-3	0.000000E+0	4.942600E+4
3.540000E-3	0.000000E+0	4.897300E+4
3.560000E-3	0.000000E+0	4.909100E+4
3.580000E-3	0.000000E+0	4.877900E+4
3.600000E-3	0.000000E+0	4.865800E+4
3.620000E-3	0.000000E+0	4.856800E+4
3.640000E-3	0.000000E+0	4.899300E+4
3.660000E-3	0.000000E+0	4.862800E+4
3.680000E-3	0.000000E+0	4.871800E+4
3.700000E-3	0.000000E+0	4.864300E+4
3.720000E-3	0.000000E+0	4.850300E+4
3.740000E-3	0.000000E+0	4.880900E+4
3.760000E-3	0.000000E+0	4.892400E+4
3.780000E-3	0.000000E+0	4.883600E+4
3.800000E-3	0.000000E+0	4.898100E+4
3.820000E-3	0.000000E+0	4.909400E+4
3.840000E-3	0.000000E+0	4.909800E+4
3.860000E-3	0.000000E+0	4.921200E+4
3.880000E-3	0.000000E+0	4.902500E+4
3.900000E-3	0.000000E+0	4.893600E+4
3.920000E-3	0.000000E+0	4.913000E+4
3.940000E-3	0.000000E+0	4.872900E+4
3.960000E-3	0.000000E+0	4.860900E+4
3.980000E-3	0.000000E+0	4.894600E+4
4.000000E-3	0.000000E+0	4.853100E+4
4.020000E-3	0.000000E+0	4.866300E+4
4.040000E-3	0.000000E+0	4.869900E+4
4.060000E-3	0.000000E+0	4.903900E+4
4.080000E-3	0.000000E+0	4.894300E+4
4.100000E-3	0.000000E+0	4.851000E+4
4.120000E-3	0.000000E+0	4.889400E+4
4.140000E-3	0.000000E+0	4.885300E+4
4.160000E-3	0.000000E+0	4.854600E+4
4.180000E-3	0.000000E+0	4.863600E+4
4.200000E-3	0.000000E+0	4.891300E+4
4.220000E-3	0.000000E+0	4.906500E+4
4.240000E-3	0.000000E+0	4.872500E+4
4.260000E-3	0.000000E+0	4.868700E+4
4.280000E-3	0.000000E+0	4.911900E+4
4.300000E-3	0.000000E+0	4.898900E+4
4.320000E-3	0.000000E+0	4.900400E+4
4.340000E-3	0.000000E+0	4.941400E+4
4.360000E-3	0.000000E+0	4.888700E+4
4.380000E-3	0.000000E+0	4.846900E+4
4.400000E-3	0.000000E+0	4.888100E+4
4.420000E-3	0.000000E+0	4.882700E+4
4.440000E-3	0.000000E+0	4.883000E+4
4.460000E-3	0.000000E+0	4.907900E+4
4.480000E-3	0.000000E+0	4.834900E+4
4.500000E-3	0.000000E+0	4.872800E+4
4.520000E-3	0.000000E+0	4.865400E+4
4.540000E-3	0.000000E+0	4.909900E+4
4.560000E-3	0.000000E+0	4.862800E+4
4.580000E-3	0.000000E+0	4.887700E+4
4.600000E-3	0.000000E+0	4.863700E+4
4.620000E-3	0.000000E+0	4.822400E+4
4.640000E-3	0.000000E+0	4.867600E+4
4.660000E-3	0.000000E+0	4.859300E+4
4.680000E-3	0.000000E+0	4.838800E+4
4.700000E-3	0.000000E+0	4.840000E+4
4.720000E-3	0.000000E+0	4.815700E+4
4.740000E-3	0.000000E+0	4.808800E+4
4.760000E-3	0.000000E+0	4.802700E+4
4.780000E-3	0.000000E+0	4.747600E+4
4.800000E-3	0.000000E+0	4.767400E+4
4.820000E-3	0.000000E+0	4.762700E+4
4.840000E-3	0.000000E+0	4.666900E+4
4.860000E-3	0.000000E+0	4.628000E+4
4.880000E-3	0.000000E+0	4.490600E+4
4.900000E-3	0.000000E+0	4.312700E+4
4.920000E-3	0.000000E+0	4.132500E+4
4.940000E-3	0.000000E+0	3.886300E+4
4.960000E-3	0.000000E+0	3.846900E+4
4.980000E-3	0.000000E+0	3.968000E+4
5.000000E-3	0.000000E+0	4.241700E+4
5.020000E-3	0.000000E+0	4.470000E+4
5.040000E-3	0.000000E+0	4.544700E+4
5.060000E-3	0.000000E+0	4.668400E+4
5.080000E-3	0.000000E+0	4.720900E+4
5.100000E-3	0.000000E+0	4.725900E+4
5.120000E-3	0.000000E+0	4.781200E+4
5.140000E-3	0.000000E+0	4.798000E+4
5.160000E-3	0.000000E+0	4.770600E+4
5.180000E-3	0.000000E+0	4.811000E+4
5.200000E-3	0.000000E+0	4.793300E+4
5.220000E-3	0.000000E+0	4.814200E+4
5.240000E-3	0.000000E+0	4.854900E+4
5.260000E-3	0.000000E+0	4.803700E+4
5.280000E-3	0.000000E+0	4.802300E+4
5.300000E-3	0.000000E+0	4.818400E+4
5.320000E-3	0.000000E+0	4.828700E+4
5.340000E-3	0.000000E+0	4.824100E+4
5.360000E-3	0.000000E+0	4.847700E+4
5.380000E-3	0.000000E+0	4.813400E+4
5.400000E-3	0.000000E+0	4.820100E+4
5.420000E-3	0.000000E+0	4.731700E+4
5.440000E-3	0.000000E+0	4.816100E+4
5.460000E-3	0.000000E+0	4.724100E+4
5.480000E-3	0.000000E+0	4.704500E+4
5.500000E-3	0.000000E+0	4.690800E+4
5.520000E-3	0.000000E+0	4.658600E+4
5.540000E-3	0.000000E+0	4.621200E+4
5.560000E-3	0.000000E+0	4.612200E+4
5.580000E-3	0.000000E+0	4.630500E+4
5.600000E-3	0.000000E+0	4.609500E+4
5.620000E-3	0.000000E+0	4.577200E+4
5.640000E-3	0.000000E+0	4.514100E+4
5.660000E-3	0.000000E+0	4.464200E+4
5.680000E-3	0.000000E+0	4.306800E+4
5.700000E-3	0.000000E+0	4.162800E+4
5.720000E-3	0.000000E+0	3.994600E+4
5.740000E-3	0.000000E+0	3.768600E+4
5.760000E-3	0.000000E+0	3.772600E+4
5.780000E-3	0.000000E+0	3.934500E+4
5.800000E-3	0.000000E+0	4.213400E+4
5.820000E-3	0.000000E+0	4.383900E+4
5.840000E-3	0.000000E+0	4.531300E+4
5.860000E-3	0.000000E+0	4.646500E+4
5.880000E-3	0.000000E+0	4.689300E+4
5.900000E-3	0.000000E+0	4.754700E+4
5.920000E-3	0.000000E+0	4.781300E+4
5.940000E-3	0.000000E+0	4.789400E+4
5.960000E-3	0.000000E+0	4.803700E+4
5.980000E-3	0.000000E+0	4.814100E+4
6.000000E-3	0.000000E+0	4.848300E+4
6.020000E-3	0.000000E+0	4.822300E+4
6.040000E-3	0.000000E+0	4.857400E+4
6.060000E-3	0.000000E+0	4.860900E+4
6.080000E-3	0.000000E+0	4.854400E+4
6.100000E-3	0.000000E+0	4.872300E+4
6.120000E-3	0.000000E+0	4.870800E+4
6.140000E-3	0.000000E+0	4.857700E+4
6.160000E-3	0.000000E+0	4.883300E+4
6.180000E-3	0.000000E+0	4.912700E+4
6.200000E-3	0.000000E+0	4.868600E+4
6.220000E-3	0.000000E+0	4.854300E+4
6.240000E-3	0.000000E+0	4.900300E+4
6.260000E-3	0.000000E+0	4.884300E+4
6.280000E-3	0.000000E+0	4.859100E+4
6.300000E-3	0.000000E+0	4.870400E+4
6.320000E-3	0.000000E+0	4.871400E+4
6.340000E-3	0.000000E+0	4.882100E+4
6.360000E-3	0.000000E+0	4.891800E+4
6.380000E-3	0.000000E+0	4.880000E+4
6.400000E-3	0.000000E+0	4.906800E+4
6.420000E-3	0.000000E+0	4.894300E+4
6.440000E-3	0.000000E+0	4.848800E+4
6.460000E-3	0.000000E+0	4.878900E+4
6.480000E-3	0.000000E+0	4.842600E+4
6.500000E-3	0.000000E+0	4.859800E+4
6.520000E-3	0.000000E+0	4.828500E+4
6.540000E-3	0.000000E+0	4.868000E+4
6.560000E-3	0.000000E+0	4.865600E+4
6.580000E-3	0.000000E+0	4.873600E+4
6.600000E-3	0.000000E+0	4.842000E+4
6.620000E-3	0.000000E+0	4.908300E+4
6.640000E-3	0.000000E+0	4.863900E+4
6.660000E-3	0.000000E+0	4.873400E+4
6.680000E-3	0.000000E+0	4.879400E+4
6.700000E-3	0.000000E+0	4.887000E+4
6.720000E-3	0.000000E+0	4.849100E+4
6.740000E-3	0.000000E+0	4.847900E+4
6.760000E-3	0.000000E+0	4.884700E+4
6.780000E-3	0.000000E+0	4.871400E+4
6.800000E-3	0.000000E+0	4.859000E+4
6.820000E-3	0.000000E+0	4.855700E+4
6.840000E-3	0.000000E+0	4.849800E+4
6.860000E-3	0.000000E+0	4.886600E+4
6.880000E-3	0.000000E+0	4.879000E+4
6.900000E-3	0.000000E+0	4.907200E+4
6.920000E-3	0.000000E+0	4.890800E+4
6.940000E-3	0.000000E+0	4.894100E+4
6.960000E-3	0.000000E+0	4.908600E+4
6.980000E-3	0.000000E+0	4.888200E+4
7.000000E-3	0.000000E+0	4.880600E+4
7.020000E-3	0.000000E+0	4.868300E+4
7.040000E-3	0.000000E+0	4.867100E+4
7.060000E-3	0.000000E+0	4.868800E+4
7.080000E-3	0.000000E+0	4.873800E+4
7.100000E-3	0.000000E+0	4.880300E+4
7.120000E-3	0.000000E+0	4.915700E+4
7.140000E-3	0.000000E+0	4.875000E+4
7.160000E-3	0.000000E+0	4.879900E+4
7.180000E-3	0.000000E+0	4.874000E+4
7.200000E-3	0.000000E+0	4.920200E+4
7.220000E-3	0.000000E+0	4.894700E+4
7.240000E-3	0.000000E+0	4.892500E+4
7.260000E-3	0.000000E+0	4.910900E+4
7.280000E-3	0.000000E+0	4.905000E+4
7.300000E-3	0.000000E+0	4.891900E+4
7.320000E-3	0.000000E+0	4.903000E+4
7.340000E-3	0.000000E+0	4.906900E+4
7.360000E-3	0.000000E+0	4.884000E+4
7.380000E-3	0.000000E+0	4.857300E+4
7.400000E-3	0.000000E+0	4.848400E+4
7.420000E-3	0.000000E+0	4.895000E+4
7.440000E-3	0.000000E+0	4.917000E+4
7.460000E-3	0.000000E+0	4.936700E+4
7.480000E-3	0.000000E+0	4.856200E+4
7.500000E-3	0.000000E+0	4.856100E+4
7.520000E-3	0.000000E+0	4.884200E+4
7.540000E-3	0.000000E+0	4.897900E+4
7.560000E-3	0.000000E+0	4.870600E+4
7.580000E-3	0.000000E+0	4.904700E+4
7.600000E-3	0.000000E+0	4.859100E+4
7.620000E-3	0.000000E+0	4.899500E+4
7.640000E-3	0.000000E+0	4.888700E+4
7.660000E-3	0.000000E+0	4.872000E+4
7.680000E-3	0.000000E+0	4.890900E+4
7.700000E-3	0.000000E+0	4.862100E+4
7.720000E-3	0.000000E+0	4.904900E+4
7.740000E-3	0.000000E+0	4.881000E+4
7.760000E-3	0.000000E+0	4.860400E+4
7.780000E-3	0.000000E+0	4.873700E+4
7.800000E-3	0.000000E+0	4.895600E+4
7.820000E-3	0.000000E+0	4.891000E+4
7.840000E-3	0.000000E+0	4.884100E+4
7.860000E-3	0.000000E+0	4.887900E+4
7.880000E-3	0.000000E+0	4.910300E+4
7.900000E-3	0.000000E+0	4.882600E+4
7.920000E-3	0.000000E+0	4.900500E+4
7.940000E-3	0.000000E+0	4.856700E+4
7.960000E-3	0.000000E+0	4.882500E+4
7.980000E-3	0.000000E+0	4.920100E+4
8.000000E-3	0.000000E+0	4.897500E+4
8.020000E-3	0.000000E+0	4.838500E+4
8.040000E-3	0.000000E+0	4.891000E+4
8.060000E-3	0.000000E+0	4.841800E+4
8.080000E-3	0.000000E+0	4.895900E+4
8.100000E-3	0.000000E+0	4.884800E+4
8.120000E-3	0.000000E+0	4.835700E+4
8.140000E-3	0.000000E+0	4.923000E+4
8.160000E-3	0.000000E+0	4.916800E+4
8.180000E-3	0.000000E+0	4.906400E+4
8.200000E-3	0.000000E+0	4.903100E+4
8.220000E-3	0.000000E+0	4.878700E+4
8.240000E-3	0.000000E+0	4.911400E+4
8.260000E-3	0.000000E+0	4.884000E+4
8.280000E-3	0.000000E+0	4.888700E+4
8.300000E-3	0.000000E+0	4.880000E+4
8.320000E-3	0.000000E+0	4.865400E+4
8.340000E-3	0.000000E+0	4.885400E+4
8.360000E-3	0.000000E+0	4.857100E+4
8.380000E-3	0.000000E+0	4.868700E+4
8.400000E-3	0.000000E+0	4.924700E+4
8.420000E-3	0.000000E+0	4.876800E+4
8.440000E-3	0.000000E+0	4.848300E+4
8.460000E-3	0.000000E+0	4.831500E+4
8.480000E-3	0.000000E+0	4.913600E+4
8.500000E-3	0.000000E+0	4.879700E+4
8.520000E-3	0.000000E+0	4.892300E+4
8.540000E-3	0.000000E+0	4.884200E+4
8.560000E-3	0.000000E+0	4.886500E+4
8.580000E-3	0.000000E+0	4.891400E+4
8.600000E-3	0.000000E+0	4.901400E+4
8.620000E-3	0.000000E+0	4.924100E+4
8.640000E-3	0.000000E+0	4.900400E+4
8.660000E-3	0.000000E+0	4.935000E+4
8.680000E-3	0.000000E+0	4.883700E+4
8.700000E-3	0.000000E+0	4.874400E+4
8.720000E-3	0.000000E+0	4.888200E+4
8.740000E-3	0.000000E+0	4.901100E+4
8.760000E-3	0.000000E+0	4.910700E+4
8.780000E-3	0.000000E+0	4.883900E+4
8.800000E-3	0.000000E+0	4.905500E+4
8.820000E-3	0.000000E+0	4.881600E+4
8.840000E-3	0.000000E+0	4.895700E+4
8.860000E-3	0.000000E+0	4.870300E+4
8.880000E-3	0.000000E+0	4.911300E+4
8.900000E-3	0.000000E+0	4.882800E+4
8.920000E-3	0.000000E+0	4.839200E+4
8.940000E-3	0.000000E+0	4.878700E+4
8.960000E-3	0.000000E+0	4.893700E+4
8.980000E-3	0.000000E+0	4.885800E+4
9.000000E-3	0.000000E+0	4.901600E+4
9.020000E-3	0.000000E+0	4.872200E+4
9.040000E-3	0.000000E+0	4.850100E+4
9.060000E-3	0.000000E+0	4.860200E+4
9.080000E-3	0.000000E+0	4.887600E+4
9.100000E-3	0.000000E+0	4.929800E+4
9.120000E-3	0.000000E+0	4.936300E+4
9.140000E-3	0.000000E+0	4.860000E+4
9.160000E-3	0.000000E+0	4.890800E+4
9.180000E-3	0.000000E+0	4.924300E+4
9.200000E-3	0.000000E+0	4.922100E+4
9.220000E-3	0.000000E+0	4.848000E+4
9.240000E-3	0.000000E+0	4.896200E+4
9.260000E-3	0.000000E+0	4.913000E+4
9.280000E-3	0.000000E+0	4.910500E+4
9.300000E-3	0.000000E+0	4.861100E+4
9.320000E-3	0.000000E+0	4.848000E+4
9.340000E-3	0.000000E+0	4.892500E+4
9.360000E-3	0.000000E+0	4.895700E+4
9.380000E-3	0.000000E+0	4.888600E+4
9.400000E-3	0.000000E+0	4.852800E+4
9.420000E-3	0.000000E+0	4.890500E+4
9.440000E-3	0.000000E+0	4.885300E+4
9.460000E-3	0.000000E+0	4.842200E+4
9.480000E-3	0.000000E+0	4.897200E+4
9.500000E-3	0.000000E+0	4.902200E+4
9.520000E-3	0.000000E+0	4.847500E+4
9.540000E-3	0.000000E+0	4.914100E+4
9.560000E-3	0.000000E+0	4.873700E+4
9.580000E-3	0.000000E+0	4.901500E+4
9.600000E-3	0.000000E+0	4.882300E+4
9.620000E-3	0.000000E+0	4.918300E+4
9.640000E-3	0.000000E+0	4.893000E+4
9.660000E-3	0.000000E+0	4.886200E+4
9.680000E-3	0.000000E+0	4.889000E+4
9.700000E-3	0.000000E+0	4.868300E+4
9.720000E-3	0.000000E+0	4.903300E+4
9.740000E-3	0.000000E+0	4.882100E+4
9.760000E-3	0.000000E+0	4.877000E+4
9.780000E-3	0.000000E+0	4.889200E+4
9.800000E-3	0.000000E+0	4.873300E+4
9.820000E-3	0.000000E+0	4.918000E+4
9.840000E-3	0.000000E+0	4.906400E+4
9.860000E-3	0.000000E+0	4.870200E+4
9.880000E-3	0.000000E+0	4.854900E+4
9.900000E-3	0.000000E+0	4.895000E+4
9.920000E-3	0.000000E+0	4.831400E+4
9.940000E-3	0.000000E+0	4.889400E+4
9.960000E-3	0.000000E+0	4.936300E+4
9.980000E-3	0.000000E+0	4.933800E+4
1.000000E-2	0.000000E+0	4.865000E+4
1.002000E-2	0.000000E+0	4.917300E+4
1.004000E-2	0.000000E+0	4.905200E+4
1.006000E-2	0.000000E+0	4.884600E+4
1.008000E-2	0.000000E+0	4.903800E+4
1.010000E-2	0.000000E+0	4.833900E+4
1.012000E-2	0.000000E+0	4.865100E+4
1.014000E-2	0.000000E+0	4.880400E+4
1.016000E-2	0.000000E+0	4.879600E+4
1.018000E-2	0.000000E+0	4.855700E+4
1.020000E-2	0.000000E+0	4.882300E+4
1.022000E-2	0.000000E+0	4.882200E+4
1.024000E-2	0.000000E+0	4.914500E+4
1.026000E-2	0.000000E+0	4.850500E+4
1.028000E-2	0.000000E+0	4.866700E+4
1.030000E-2	0.000000E+0	4.912500E+4
1.032000E-2	0.000000E+0	4.891700E+4
1.034000E-2	0.000000E+0	4.881600E+4
1.036000E-2	0.000000E+0	4.844700E+4
1.038000E-2	0.000000E+0	4.893600E+4
1.040000E-2	0.000000E+0	4.885100E+4
1.042000E-2	0.000000E+0	4.911300E+4
1.044000E-2	0.000000E+0	4.879100E+4
1.046000E-2	0.000000E+0	4.889700E+4
1.048000E-2	0.000000E+0	4.880100E+4
1.050000E-2	0.000000E+0	4.873100E+4
1.052000E-2	0.000000E+0	4.848600E+4
1.054000E-2	0.000000E+0	4.877900E+4
1.056000E-2	0.000000E+0	4.927800E+4
1.058000E-2	0.000000E+0	4.904700E+4
1.060000E-2	0.000000E+0	4.903200E+4
1.062000E-2	0.000000E+0	4.908800E+4
1.064000E-2	0.000000E+0	4.873100E+4
1.066000E-2	0.000000E+0	4.895300E+4
1.068000E-2	0.000000E+0	4.882000E+4
1.070000E-2	0.000000E+0	4.893300E+4
1.072000E-2	0.000000E+0	4.909100E+4
1.074000E-2	0.000000E+0	4.895100E+4
1.076000E-2	0.000000E+0	4.825100E+4
1.078000E-2	0.000000E+0	4.901300E+4
1.080000E-2	0.000000E+0	4.859300E+4
1.082000E-2	0.000000E+0	4.879500E+4
1.084000E-2	0.000000E+0	4.905900E+4
1.086000E-2	0.000000E+0	4.861500E+4
1.088000E-2	0.000000E+0	4.859100E+4
1.090000E-2	0.000000E+0	4.905100E+4
1.092000E-2	0.000000E+0	4.885500E+4
1.094000E-2	0.000000E+0	4.856700E+4
1.096000E-2	0.000000E+0	4.884500E+4
1.098000E-2	0.000000E+0	4.870200E+4
1.100000E-2	0.000000E+0	4.863300E+4
1.102000E-2	0.000000E+0	4.856900E+4
1.104000E-2	0.000000E+0	4.884600E+4
1.106000E-2	0.000000E+0	4.871100E+4
1.108000E-2	0.000000E+0	4.864400E+4
1.110000E-2	0.000000E+0	4.891500E+4
1.112000E-2	0.000000E+0	4.884800E+4
1.114000E-2	0.000000E+0	4.899600E+4
1.116000E-2	0.000000E+0	4.930000E+4
1.118000E-2	0.000000E+0	4.926500E+4
1.120000E-2	0.000000E+0	4.848700E+4
1.122000E-2	0.000000E+0	4.922500E+4
1.124000E-2	0.000000E+0	4.883600E+4
1.126000E-2	0.000000E+0	4.897100E+4
1.128000E-2	0.000000E+0	4.860900E+4
1.130000E-2	0.000000E+0	4.900600E+4
1.132000E-2	0.000000E+0	4.886500E+4
1.134000E-2	0.000000E+0	4.884700E+4
1.136000E-2	0.000000E+0	4.918300E+4
1.138000E-2	0.000000E+0	4.880700E+4
1.140000E-2	0.000000E+0	4.869700E+4
1.142000E-2	0.000000E+0	4.898100E+4
1.144000E-2	0.000000E+0	4.842100E+4
1.146000E-2	0.000000E+0	4.865500E+4
1.148000E-2	0.000000E+0	4.851600E+4
1.150000E-2	0.000000E+0	4.872400E+4
1.152000E-2	0.000000E+0	4.911400E+4
1.154000E-2	0.000000E+0	4.822700E+4
1.156000E-2	0.000000E+0	4.861800E+4
1.158000E-2	0.000000E+0	4.860300E+4
1.160000E-2	0.000000E+0	4.910300E+4
1.162000E-2	0.000000E+0	4.902900E+4
1.164000E-2	0.000000E+0	4.910800E+4
1.166000E-2	0.000000E+0	4.887200E+4
1.168000E-2	0.000000E+0	4.873200E+4
1.170000E-2	0.000000E+0	4.876400E+4
1.172000E-2	0.000000E+0	4.856800E+4
1.174000E-2	0.000000E+0	4.876700E+4
1.176000E-2	0.000000E+0	4.857000E+4
1.178000E-2	0.000000E+0	4.873800E+4
1.180000E-2	0.000000E+0	4.898000E+4
1.182000E-2	0.000000E+0	4.932600E+4
1.184000E-2	0.000000E+0	4.852900E+4
1.186000E-2	0.000000E+0	4.888200E+4
1.188000E-2	0.000000E+0	4.853100E+4
1.190000E-2	0.000000E+0	4.830900E+4
1.192000E-2	0.000000E+0	4.922800E+4
1.194000E-2	0.000000E+0	4.892600E+4
1.196000E-2	0.000000E+0	4.869800E+4
1.198000E-2	0.000000E+0	4.884300E+4
1.200000E-2	0.000000E+0	4.860000E+4
1.202000E-2	0.000000E+0	4.878700E+4
1.204000E-2	0.000000E+0	4.908400E+4
1.206000E-2	0.000000E+0	4.841300E+4
1.208000E-2	0.000000E+0	4.894300E+4
1.210000E-2	0.000000E+0	4.885700E+4
1.212000E-2	0.000000E+0	4.919300E+4
1.214000E-2	0.000000E+0	4.878300E+4
1.216000E-2	0.000000E+0	4.945900E+4
1.218000E-2	0.000000E+0	4.897400E+4
1.220000E-2	0.000000E+0	4.885100E+4
1.222000E-2	0.000000E+0	4.855800E+4
1.224000E-2	0.000000E+0	4.901700E+4
1.226000E-2	0.000000E+0	4.870400E+4
1.228000E-2	0.000000E+0	4.911900E+4
1.230000E-2	0.000000E+0	4.886300E+4
1.232000E-2	0.000000E+0	4.905800E+4
1.234000E-2	0.000000E+0	4.839100E+4
1.236000E-2	0.000000E+0	4.848500E+4
1.238000E-2	0.000000E+0	4.888400E+4
1.240000E-2	0.000000E+0	4.900800E+4
1.242000E-2	0.000000E+0	4.849300E+4
1.244000E-2	0.000000E+0	4.873900E+4
1.246000E-2	0.000000E+0	4.847400E+4
1.248000E-2	0.000000E+0	4.867400E+4
1.250000E-2	0.000000E+0	4.844100E+4
1.252000E-2	0.000000E+0	4.863600E+4
1.254000E-2	0.000000E+0	4.874100E+4
1.256000E-2	0.000000E+0	4.886700E+4
1.258000E-2	0.000000E+0	4.894400E+4
1.260000E-2	0.000000E+0	4.918800E+4
1.262000E-2	0.000000E+0	4.853900E+4
1.264000E-2	0.000000E+0	4.906200E+4
1.266000E-2	0.000000E+0	4.874500E+4
1.268000E-2	0.000000E+0	4.899000E+4
1.270000E-2	0.000000E+0	4.863200E+4
1.272000E-2	0.000000E+0	4.863800E+4
1.274000E-2	0.000000E+0	4.896200E+4
1.276000E-2	0.000000E+0	4.850800E+4
1.278000E-2	0.000000E+0	4.932800E+4
1.280000E-2	0.000000E+0	4.893100E+4
1.282000E-2	0.000000E+0	4.914400E+4
1.284000E-2	0.000000E+0	4.875300E+4
1.286000E-2	0.000000E+0	4.881100E+4
1.288000E-2	0.000000E+0	4.902700E+4
1.290000E-2	0.000000E+0	4.840000E+4
1.292000E-2	0.000000E+0	4.891100E+4
1.294000E-2	0.000000E+0	4.856900E+4
1.296000E-2	0.000000E+0	4.905400E+4
1.298000E-2	0.000000E+0	4.844300E+4
1.300000E-2	0.000000E+0	4.895800E+4
1.302000E-2	0.000000E+0	4.863100E+4
1.304000E-2	0.000000E+0	4.916100E+4
1.306000E-2	0.000000E+0	4.846800E+4
1.308000E-2	0.000000E+0	4.861300E+4
1.310000E-2	0.000000E+0	4.897300E+4
1.312000E-2	0.000000E+0	4.851700E+4
1.314000E-2	0.000000E+0	4.892700E+4
1.316000E-2	0.000000E+0	4.918800E+4
1.318000E-2	0.000000E+0	4.871800E+4
1.320000E-2	0.000000E+0	4.880200E+4
1.322000E-2	0.000000E+0	4.887700E+4
1.324000E-2	0.000000E+0	4.849000E+4
1.326000E-2	0.000000E+0	4.900100E+4
1.328000E-2	0.000000E+0	4.886900E+4
1.330000E-2	0.000000E+0	4.880000E+4
1.332000E-2	0.000000E+0	4.891700E+4
1.334000E-2	0.000000E+0	4.884500E+4
1.336000E-2	0.000000E+0	4.913100E+4
1.338000E-2	0.000000E+0	4.880000E+4
1.340000E-2	0.000000E+0	4.872900E+4
1.342000E-2	0.000000E+0	4.872800E+4
1.344000E-2	0.000000E+0	4.858400E+4
1.346000E-2	0.000000E+0	4.882100E+4
1.348000E-2	0.000000E+0	4.883200E+4
1.350000E-2	0.000000E+0	4.882600E+4
1.352000E-2	0.000000E+0	4.890400E+4
1.354000E-2	0.000000E+0	4.876600E+4
1.356000E-2	0.000000E+0	4.895900E+4
1.358000E-2	0.000000E+0	4.881700E+4
1.360000E-2	0.000000E+0	4.860200E+4
1.362000E-2	0.000000E+0	4.862500E+4
1.364000E-2	0.000000E+0	4.883800E+4
1.366000E-2	0.000000E+0	4.878100E+4
1.368000E-2	0.000000E+0	4.909700E+4
1.370000E-2	0.000000E+0	4.866500E+4
1.372000E-2	0.000000E+0	4.887100E+4
1.374000E-2	0.000000E+0	4.871400E+4
1.376000E-2	0.000000E+0	4.895800E+4
1.378000E-2	0.000000E+0	4.902300E+4
1.380000E-2	0.000000E+0	4.887600E+4
1.382000E-2	0.000000E+0	4.892100E+4
1.384000E-2	0.000000E+0	4.867500E+4
1.386000E-2	0.000000E+0	4.830300E+4
1.388000E-2	0.000000E+0	4.854900E+4
1.390000E-2	0.000000E+0	4.862800E+4
1.392000E-2	0.000000E+0	4.860000E+4
1.394000E-2	0.000000E+0	4.856800E+4
1.396000E-2	0.000000E+0	4.870900E+4
1.398000E-2	0.000000E+0	4.872700E+4
1.400000E-2	0.000000E+0	4.877700E+4
1.402000E-2	0.000000E+0	4.890900E+4
1.404000E-2	0.000000E+0	4.882300E+4
1.406000E-2	0.000000E+0	4.858400E+4
1.408000E-2	0.000000E+0	4.892400E+4
1.410000E-2	0.000000E+0	4.874500E+4
1.412000E-2	0.000000E+0	4.901400E+4
1.414000E-2	0.000000E+0	4.874200E+4
1.416000E-2	0.000000E+0	4.898400E+4
1.418000E-2	0.000000E+0	4.866500E+4
1.420000E-2	0.000000E+0	4.850800E+4
1.422000E-2	0.000000E+0	4.898300E+4
1.424000E-2	0.000000E+0	4.873400E+4
1.426000E-2	0.000000E+0	4.911300E+4
1.428000E-2	0.000000E+0	4.894500E+4
1.430000E-2	0.000000E+0	4.866400E+4
1.432000E-2	0.000000E+0	4.884800E+4
1.434000E-2	0.000000E+0	4.876400E+4
1.436000E-2	0.000000E+0	4.905300E+4
1.438000E-2	0.000000E+0	4.883500E+4
1.440000E-2	0.000000E+0	4.893100E+4
1.442000E-2	0.000000E+0	4.879500E+4
1.444000E-2	0.000000E+0	4.862800E+4
1.446000E-2	0.000000E+0	4.855600E+4
1.448000E-2	0.000000E+0	4.876600E+4
1.450000E-2	0.000000E+0	4.856700E+4
1.452000E-2	0.000000E+0	4.873800E+4
1.454000E-2	0.000000E+0	4.862300E+4
1.456000E-2	0.000000E+0	4.902900E+4
1.458000E-2	0.000000E+0	4.850000E+4
1.460000E-2	0.000000E+0	4.874700E+4
1.462000E-2	0.000000E+0	4.928900E+4
1.464000E-2	0.000000E+0	4.849700E+4
1.466000E-2	0.000000E+0	4.876900E+4
1.468000E-2	0.000000E+0	4.847000E+4
1.470000E-2	0.000000E+0	4.872300E+4
1.472000E-2	0.000000E+0	4.828000E+4
1.474000E-2	0.000000E+0	4.856000E+4
1.476000E-2	0.000000E+0	4.876700E+4
1.478000E-2	0.000000E+0	4.871400E+4
1.480000E-2	0.000000E+0	4.874900E+4
1.482000E-2	0.000000E+0	4.871600E+4
1.484000E-2	0.000000E+0	4.837700E+4
1.486000E-2	0.000000E+0	4.866900E+4
1.488000E-2	0.000000E+0	4.876100E+4
1.490000E-2	0.000000E+0	4.853000E+4
1.492000E-2	0.000000E+0	4.852500E+4
1.494000E-2	0.000000E+0	4.874800E+4
1.496000E-2	0.000000E+0	4.899700E+4
1.498000E-2	0.000000E+0	4.909500E+4
1.500000E-2	0.000000E+0	4.869900E+4
1.502000E-2	0.000000E+0	4.867800E+4
1.504000E-2	0.000000E+0	4.870000E+4
1.506000E-2	0.000000E+0	4.874800E+4
1.508000E-2	0.000000E+0	4.819300E+4
1.510000E-2	0.000000E+0	4.857800E+4
1.512000E-2	0.000000E+0	4.899300E+4
1.514000E-2	0.000000E+0	4.861900E+4
1.516000E-2	0.000000E+0	4.855300E+4
1.518000E-2	0.000000E+0	4.844400E+4
1.520000E-2	0.000000E+0	4.854800E+4
1.522000E-2	0.000000E+0	4.859000E+4
1.524000E-2	0.000000E+0	4.872700E+4
1.526000E-2	0.000000E+0	4.850800E+4
1.528000E-2	0.000000E+0	4.857600E+4
1.530000E-2	0.000000E+0	4.903800E+4
1.532000E-2	0.000000E+0	4.856200E+4
1.534000E-2	0.000000E+0	4.889900E+4
1.536000E-2	0.000000E+0	4.891200E+4
1.538000E-2	0.000000E+0	4.885500E+4
1.540000E-2	0.000000E+0	4.843700E+4
1.542000E-2	0.000000E+0	4.870000E+4
1.544000E-2	0.000000E+0	4.853300E+4
1.546000E-2	0.000000E+0	4.881100E+4
1.548000E-2	0.000000E+0	4.870700E+4
1.550000E-2	0.000000E+0	4.880100E+4
1.552000E-2	0.000000E+0	4.912700E+4
1.554000E-2	0.000000E+0	4.911500E+4
1.556000E-2	0.000000E+0	4.912300E+4
1.558000E-2	0.000000E+0	4.940000E+4
1.560000E-2	0.000000E+0	4.906000E+4
1.562000E-2	0.000000E+0	4.881100E+4
1.564000E-2	0.000000E+0	4.897200E+4
1.566000E-2	0.000000E+0	4.893800E+4
1.568000E-2	0.000000E+0	4.853400E+4
1.570000E-2	0.000000E+0	4.858300E+4
1.572000E-2	0.000000E+0	4.880700E+4
1.574000E-2	0.000000E+0	4.876100E+4
1.576000E-2	0.000000E+0	4.892200E+4
1.578000E-2	0.000000E+0	4.870600E+4
1.580000E-2	0.000000E+0	4.898900E+4
1.582000E-2	0.000000E+0	4.873500E+4
1.584000E-2	0.000000E+0	4.892800E+4
1.586000E-2	0.000000E+0	4.899400E+4
1.588000E-2	0.000000E+0	4.855700E+4
1.590000E-2	0.000000E+0	4.874400E+4
1.592000E-2	0.000000E+0	4.881100E+4
1.594000E-2	0.000000E+0	4.908500E+4
1.596000E-2	0.000000E+0	4.878900E+4
1.598000E-2	0.000000E+0	4.893400E+4
1.600000E-2	0.000000E+0	4.819600E+4
1.602000E-2	0.000000E+0	4.892200E+4
1.604000E-2	0.000000E+0	4.882600E+4
1.606000E-2	0.000000E+0	4.859100E+4
1.608000E-2	0.000000E+0	4.871900E+4
1.610000E-2	0.000000E+0	4.861200E+4
1.612000E-2	0.000000E+0	4.928300E+4
1.614000E-2	0.000000E+0	4.870300E+4
1.616000E-2	0.000000E+0	4.877600E+4
1.618000E-2	0.000000E+0	4.844500E+4
1.620000E-2	0.000000E+0	4.885100E+4
1.622000E-2	0.000000E+0	4.875100E+4
1.624000E-2	0.000000E+0	4.882400E+4
1.626000E-2	0.000000E+0	4.876200E+4
1.628000E-2	0.000000E+0	4.871700E+4
1.630000E-2	0.000000E+0	4.869600E+4
1.632000E-2	0.000000E+0	4.853800E+4
1.634000E-2	0.000000E+0	4.846400E+4
1.636000E-2	0.000000E+0	4.822200E+4
1.638000E-2	0.000000E+0	4.884700E+4
1.640000E-2	0.000000E+0	4.908700E+4
1.642000E-2	0.000000E+0	4.862100E+4
1.644000E-2	0.000000E+0	4.848100E+4
1.646000E-2	0.000000E+0	4.900900E+4
1.648000E-2	0.000000E+0	4.852700E+4
1.650000E-2	0.000000E+0	4.865100E+4
1.652000E-2	0.000000E+0	4.879800E+4
1.654000E-2	0.000000E+0	4.876900E+4
1.656000E-2	0.000000E+0	4.883100E+4
1.658000E-2	0.000000E+0	4.811600E+4
1.660000E-2	0.000000E+0	4.849300E+4
1.662000E-2	0.000000E+0	4.853300E+4
1.664000E-2	0.000000E+0	4.887000E+4
1.666000E-2	0.000000E+0	4.894200E+4
1.668000E-2	0.000000E+0	4.842400E+4
1.670000E-2	0.000000E+0	4.875400E+4
1.672000E-2	0.000000E+0	4.874100E+4
1.674000E-2	0.000000E+0	4.846400E+4
1.676000E-2	0.000000E+0	4.878900E+4
1.678000E-2	0.000000E+0	4.827200E+4
1.680000E-2	0.000000E+0	4.870000E+4
1.682000E-2	0.000000E+0	4.833700E+4
1.684000E-2	0.000000E+0	4.843100E+4
1.686000E-2	0.000000E+0	4.881600E+4
1.688000E-2	0.000000E+0	4.859500E+4
1.690000E-2	0.000000E+0	4.858900E+4
1.692000E-2	0.000000E+0	4.816200E+4
1.694000E-2	0.000000E+0	4.787500E+4
1.696000E-2	0.000000E+0	4.820600E+4
1.698000E-2	0.000000E+0	4.741200E+4
1.700000E-2	0.000000E+0	4.771600E+4
1.702000E-2	0.000000E+0	4.765800E+4
1.704000E-2	0.000000E+0	4.673300E+4
1.706000E-2	0.000000E+0	4.557200E+4
1.708000E-2	0.000000E+0	4.482500E+4
1.710000E-2	0.000000E+0	4.364600E+4
1.712000E-2	0.000000E+0	4.147800E+4
1.714000E-2	0.000000E+0	3.914800E+4
1.716000E-2	0.000000E+0	3.764400E+4
1.718000E-2	0.000000E+0	3.777900E+4
1.720000E-2	0.000000E+0	3.971000E+4
1.722000E-2	0.000000E+0	4.221000E+4
1.724000E-2	0.000000E+0	4.360200E+4
1.726000E-2	0.000000E+0	4.519600E+4
1.728000E-2	0.000000E+0	4.571000E+4
1.730000E-2	0.000000E+0	4.549600E+4
1.732000E-2	0.000000E+0	4.584300E+4
1.734000E-2	0.000000E+0	4.603400E+4
1.736000E-2	0.000000E+0	4.594300E+4
1.738000E-2	0.000000E+0	4.582300E+4
1.740000E-2	0.000000E+0	4.653100E+4
1.742000E-2	0.000000E+0	4.661600E+4
1.744000E-2	0.000000E+0	4.714600E+4
1.746000E-2	0.000000E+0	4.753500E+4
1.748000E-2	0.000000E+0	4.744600E+4
1.750000E-2	0.000000E+0	4.748200E+4
1.752000E-2	0.000000E+0	4.746700E+4
1.754000E-2	0.000000E+0	4.777600E+4
1.756000E-2	0.000000E+0	4.788800E+4
1.758000E-2	0.000000E+0	4.821700E+4
1.760000E-2	0.000000E+0	4.828900E+4
1.762000E-2	0.000000E+0	4.837100E+4
1.764000E-2	0.000000E+0	4.804900E+4
1.766000E-2	0.000000E+0	4.831100E+4
1.768000E-2	0.000000E+0	4.843100E+4
1.770000E-2	0.000000E+0	4.786600E+4
1.772000E-2	0.000000E+0	4.842000E+4
1.774000E-2	0.000000E+0	4.794900E+4
1.776000E-2	0.000000E+0	4.786900E+4
1.778000E-2	0.000000E+0	4.740700E+4
1.780000E-2	0.000000E+0	4.775600E+4
1.782000E-2	0.000000E+0	4.765300E+4
1.784000E-2	0.000000E+0	4.669300E+4
1.786000E-2	0.000000E+0	4.629000E+4
1.788000E-2	0.000000E+0	4.544300E+4
1.790000E-2	0.000000E+0	4.439400E+4
1.792000E-2	0.000000E+0	4.217700E+4
1.794000E-2	0.000000E+0	4.018900E+4
1.796000E-2	0.000000E+0	3.842700E+4
1.798000E-2	0.000000E+0	3.885500E+4
1.800000E-2	0.000000E+0	4.077600E+4
1.802000E-2	0.000000E+0	4.289600E+4
1.804000E-2	0.000000E+0	4.490500E+4
1.806000E-2	0.000000E+0	4.633400E+4
1.808000E-2	0.000000E+0	4.691400E+4
1.810000E-2	0.000000E+0	4.686000E+4
1.812000E-2	0.000000E+0	4.779200E+4
1.814000E-2	0.000000E+0	4.796000E+4
1.816000E-2	0.000000E+0	4.779600E+4
1.818000E-2	0.000000E+0	4.795600E+4
1.820000E-2	0.000000E+0	4.848100E+4
1.822000E-2	0.000000E+0	4.848200E+4
1.824000E-2	0.000000E+0	4.815900E+4
1.826000E-2	0.000000E+0	4.881700E+4
1.828000E-2	0.000000E+0	4.830000E+4
1.830000E-2	0.000000E+0	4.823600E+4
1.832000E-2	0.000000E+0	4.837900E+4
1.834000E-2	0.000000E+0	4.843300E+4
1.836000E-2	0.000000E+0	4.839800E+4
1.838000E-2	0.000000E+0	4.844700E+4
1.840000E-2	0.000000E+0	4.877300E+4
1.842000E-2	0.000000E+0	4.851200E+4
1.844000E-2	0.000000E+0	4.826800E+4
1.846000E-2	0.000000E+0	4.814100E+4
1.848000E-2	0.000000E+0	4.851500E+4
1.850000E-2	0.000000E+0	4.816100E+4
1.852000E-2	0.000000E+0	4.839900E+4
1.854000E-2	0.000000E+0	4.882600E+4
1.856000E-2	0.000000E+0	4.852000E+4
1.858000E-2	0.000000E+0	4.847900E+4
1.860000E-2	0.000000E+0	4.889700E+4
1.862000E-2	0.000000E+0	4.821500E+4
1.864000E-2	0.000000E+0	4.849200E+4
1.866000E-2	0.000000E+0	4.859700E+4
1.868000E-2	0.000000E+0	4.884900E+4
1.870000E-2	0.000000E+0	4.870500E+4
1.872000E-2	0.000000E+0	4.881300E+4
1.874000E-2	0.000000E+0	4.878800E+4
1.876000E-2	0.000000E+0	4.857500E+4
1.878000E-2	0.000000E+0	4.889300E+4
1.880000E-2	0.000000E+0	4.895700E+4
1.882000E-2	0.000000E+0	4.895100E+4
1.884000E-2	0.000000E+0	4.883700E+4
1.886000E-2	0.000000E+0	4.843000E+4
1.888000E-2	0.000000E+0	4.858000E+4
1.890000E-2	0.000000E+0	4.846500E+4
1.892000E-2	0.000000E+0	4.897900E+4
1.894000E-2	0.000000E+0	4.868800E+4
1.896000E-2	0.000000E+0	4.849100E+4
1.898000E-2	0.000000E+0	4.842300E+4
1.900000E-2	0.000000E+0	4.853700E+4
1.902000E-2	0.000000E+0	4.894000E+4
1.904000E-2	0.000000E+0	4.882600E+4
1.906000E-2	0.000000E+0	4.845900E+4
1.908000E-2	0.000000E+0	4.891000E+4
1.910000E-2	0.000000E+0	4.859500E+4
1.912000E-2	0.000000E+0	4.864600E+4
1.914000E-2	0.000000E+0	4.867400E+4
1.916000E-2	0.000000E+0	4.872200E+4
1.918000E-2	0.000000E+0	4.839900E+4
1.920000E-2	0.000000E+0	4.900100E+4
1.922000E-2	0.000000E+0	4.845900E+4
1.924000E-2	0.000000E+0	4.880400E+4
1.926000E-2	0.000000E+0	4.889500E+4
1.928000E-2	0.000000E+0	4.862500E+4
1.930000E-2	0.000000E+0	4.883400E+4
1.932000E-2	0.000000E+0	4.864900E+4
1.934000E-2	0.000000E+0	4.885500E+4
1.936000E-2	0.000000E+0	4.880200E+4
1.938000E-2	0.000000E+0	4.883900E+4
1.940000E-2	0.000000E+0	4.891800E+4
1.942000E-2	0.000000E+0	4.895600E+4
1.944000E-2	0.000000E+0	4.869500E+4
1.946000E-2	0.000000E+0	4.855600E+4
1.948000E-2	0.000000E+0	4.881400E+4
1.950000E-2	0.000000E+0	4.866200E+4
1.952000E-2	0.000000E+0	4.885400E+4
1.954000E-2	0.000000E+0	4.891200E+4
1.956000E-2	0.000000E+0	4.874800E+4
1.958000E-2	0.000000E+0	4.850600E+4
1.960000E-2	0.000000E+0	4.883600E+4
1.962000E-2	0.000000E+0	4.866200E+4
1.964000E-2	0.000000E+0	4.882800E+4
1.966000E-2	0.000000E+0	4.853000E+4
1.968000E-2	0.000000E+0	4.853900E+4
1.970000E-2	0.000000E+0	4.841200E+4
1.972000E-2	0.000000E+0	4.870200E+4
1.974000E-2	0.000000E+0	4.863300E+4
1.976000E-2	0.000000E+0	4.885000E+4
1.978000E-2	0.000000E+0	4.846100E+4
1.980000E-2	0.000000E+0	4.863800E+4
1.982000E-2	0.000000E+0	4.901000E+4
1.984000E-2	0.000000E+0	4.881300E+4
1.986000E-2	0.000000E+0	4.891200E+4
1.988000E-2	0.000000E+0	4.897000E+4
1.990000E-2	0.000000E+0	4.906200E+4
1.992000E-2	0.000000E+0	4.860100E+4
1.994000E-2	0.000000E+0	4.910100E+4
1.996000E-2	0.000000E+0	4.865100E+4
1.998000E-2	0.000000E+0	4.864500E+4
