

live time:  105843.480000
real time:  122400.490000
sweeps:  5292174.000000
0.000000E+0	0.000000E+0	0.000000E+0
2.000000E-5	0.000000E+0	3.951900E+4
4.000000E-5	0.000000E+0	3.952800E+4
6.000000E-5	0.000000E+0	4.004400E+4
8.000000E-5	0.000000E+0	3.961900E+4
1.000000E-4	0.000000E+0	3.974900E+4
1.200000E-4	0.000000E+0	3.930000E+4
1.400000E-4	0.000000E+0	3.934400E+4
1.600000E-4	0.000000E+0	3.993500E+4
1.800000E-4	0.000000E+0	3.892800E+4
2.000000E-4	0.000000E+0	3.994400E+4
2.200000E-4	0.000000E+0	3.995100E+4
2.400000E-4	0.000000E+0	3.936200E+4
2.600000E-4	0.000000E+0	3.935900E+4
2.800000E-4	0.000000E+0	3.950700E+4
3.000000E-4	0.000000E+0	3.962800E+4
3.200000E-4	0.000000E+0	3.954900E+4
3.400000E-4	0.000000E+0	3.934700E+4
3.600000E-4	0.000000E+0	3.968600E+4
3.800000E-4	0.000000E+0	3.945700E+4
4.000000E-4	0.000000E+0	3.965200E+4
4.200000E-4	0.000000E+0	3.967100E+4
4.400000E-4	0.000000E+0	3.930800E+4
4.600000E-4	0.000000E+0	3.942900E+4
4.800000E-4	0.000000E+0	3.969400E+4
5.000000E-4	0.000000E+0	3.942600E+4
5.200000E-4	0.000000E+0	3.956900E+4
5.400000E-4	0.000000E+0	3.932400E+4
5.600000E-4	0.000000E+0	4.010500E+4
5.800000E-4	0.000000E+0	3.939400E+4
6.000000E-4	0.000000E+0	3.946300E+4
6.200000E-4	0.000000E+0	3.954000E+4
6.400000E-4	0.000000E+0	3.962100E+4
6.600000E-4	0.000000E+0	3.947200E+4
6.800000E-4	0.000000E+0	3.950700E+4
7.000000E-4	0.000000E+0	3.975900E+4
7.200000E-4	0.000000E+0	3.948000E+4
7.400000E-4	0.000000E+0	3.968400E+4
7.600000E-4	0.000000E+0	3.959100E+4
7.800000E-4	0.000000E+0	3.924200E+4
8.000000E-4	0.000000E+0	3.970700E+4
8.200000E-4	0.000000E+0	3.955000E+4
8.400000E-4	0.000000E+0	3.948500E+4
8.600000E-4	0.000000E+0	3.980500E+4
8.800000E-4	0.000000E+0	3.945200E+4
9.000000E-4	0.000000E+0	3.962300E+4
9.200000E-4	0.000000E+0	3.959500E+4
9.400000E-4	0.000000E+0	3.982100E+4
9.600000E-4	0.000000E+0	3.925700E+4
9.800000E-4	0.000000E+0	3.961900E+4
1.000000E-3	0.000000E+0	3.951700E+4
1.020000E-3	0.000000E+0	3.961200E+4
1.040000E-3	0.000000E+0	3.952500E+4
1.060000E-3	0.000000E+0	3.952400E+4
1.080000E-3	0.000000E+0	3.965900E+4
1.100000E-3	0.000000E+0	3.998900E+4
1.120000E-3	0.000000E+0	3.944600E+4
1.140000E-3	0.000000E+0	3.955200E+4
1.160000E-3	0.000000E+0	3.918200E+4
1.180000E-3	0.000000E+0	3.978300E+4
1.200000E-3	0.000000E+0	3.948400E+4
1.220000E-3	0.000000E+0	3.937400E+4
1.240000E-3	0.000000E+0	3.953200E+4
1.260000E-3	0.000000E+0	3.909400E+4
1.280000E-3	0.000000E+0	3.935500E+4
1.300000E-3	0.000000E+0	3.955700E+4
1.320000E-3	0.000000E+0	3.957100E+4
1.340000E-3	0.000000E+0	3.951700E+4
1.360000E-3	0.000000E+0	3.939400E+4
1.380000E-3	0.000000E+0	3.915700E+4
1.400000E-3	0.000000E+0	3.980600E+4
1.420000E-3	0.000000E+0	3.982900E+4
1.440000E-3	0.000000E+0	3.957500E+4
1.460000E-3	0.000000E+0	3.971500E+4
1.480000E-3	0.000000E+0	3.930600E+4
1.500000E-3	0.000000E+0	3.966800E+4
1.520000E-3	0.000000E+0	3.981100E+4
1.540000E-3	0.000000E+0	3.929800E+4
1.560000E-3	0.000000E+0	3.939800E+4
1.580000E-3	0.000000E+0	3.952600E+4
1.600000E-3	0.000000E+0	3.952500E+4
1.620000E-3	0.000000E+0	3.961000E+4
1.640000E-3	0.000000E+0	3.952400E+4
1.660000E-3	0.000000E+0	3.933700E+4
1.680000E-3	0.000000E+0	3.941600E+4
1.700000E-3	0.000000E+0	3.952300E+4
1.720000E-3	0.000000E+0	3.938800E+4
1.740000E-3	0.000000E+0	3.951700E+4
1.760000E-3	0.000000E+0	3.963100E+4
1.780000E-3	0.000000E+0	3.984800E+4
1.800000E-3	0.000000E+0	3.966600E+4
1.820000E-3	0.000000E+0	3.995500E+4
1.840000E-3	0.000000E+0	3.957800E+4
1.860000E-3	0.000000E+0	3.944400E+4
1.880000E-3	0.000000E+0	3.927600E+4
1.900000E-3	0.000000E+0	3.958600E+4
1.920000E-3	0.000000E+0	3.967800E+4
1.940000E-3	0.000000E+0	3.948100E+4
1.960000E-3	0.000000E+0	3.950400E+4
1.980000E-3	0.000000E+0	3.943200E+4
2.000000E-3	0.000000E+0	3.932200E+4
2.020000E-3	0.000000E+0	3.993500E+4
2.040000E-3	0.000000E+0	3.958000E+4
2.060000E-3	0.000000E+0	3.980800E+4
2.080000E-3	0.000000E+0	3.942000E+4
2.100000E-3	0.000000E+0	3.955500E+4
2.120000E-3	0.000000E+0	3.944300E+4
2.140000E-3	0.000000E+0	3.962700E+4
2.160000E-3	0.000000E+0	3.970500E+4
2.180000E-3	0.000000E+0	3.979600E+4
2.200000E-3	0.000000E+0	3.960900E+4
2.220000E-3	0.000000E+0	3.975100E+4
2.240000E-3	0.000000E+0	3.909500E+4
2.260000E-3	0.000000E+0	3.975200E+4
2.280000E-3	0.000000E+0	3.933100E+4
2.300000E-3	0.000000E+0	3.959400E+4
2.320000E-3	0.000000E+0	3.948100E+4
2.340000E-3	0.000000E+0	3.972300E+4
2.360000E-3	0.000000E+0	3.961000E+4
2.380000E-3	0.000000E+0	3.944700E+4
2.400000E-3	0.000000E+0	3.946800E+4
2.420000E-3	0.000000E+0	3.956700E+4
2.440000E-3	0.000000E+0	3.968400E+4
2.460000E-3	0.000000E+0	3.962600E+4
2.480000E-3	0.000000E+0	3.997300E+4
2.500000E-3	0.000000E+0	3.980800E+4
2.520000E-3	0.000000E+0	3.942900E+4
2.540000E-3	0.000000E+0	3.994900E+4
2.560000E-3	0.000000E+0	3.964900E+4
2.580000E-3	0.000000E+0	3.943100E+4
2.600000E-3	0.000000E+0	3.974500E+4
2.620000E-3	0.000000E+0	3.943900E+4
2.640000E-3	0.000000E+0	3.965200E+4
2.660000E-3	0.000000E+0	3.957300E+4
2.680000E-3	0.000000E+0	3.936200E+4
2.700000E-3	0.000000E+0	3.953900E+4
2.720000E-3	0.000000E+0	3.954900E+4
2.740000E-3	0.000000E+0	3.938300E+4
2.760000E-3	0.000000E+0	3.942500E+4
2.780000E-3	0.000000E+0	3.976600E+4
2.800000E-3	0.000000E+0	3.976700E+4
2.820000E-3	0.000000E+0	4.010300E+4
2.840000E-3	0.000000E+0	3.950800E+4
2.860000E-3	0.000000E+0	3.939900E+4
2.880000E-3	0.000000E+0	3.972600E+4
2.900000E-3	0.000000E+0	3.960100E+4
2.920000E-3	0.000000E+0	3.966300E+4
2.940000E-3	0.000000E+0	3.978100E+4
2.960000E-3	0.000000E+0	3.994000E+4
2.980000E-3	0.000000E+0	3.955900E+4
3.000000E-3	0.000000E+0	3.929400E+4
3.020000E-3	0.000000E+0	3.972000E+4
3.040000E-3	0.000000E+0	3.992800E+4
3.060000E-3	0.000000E+0	3.959200E+4
3.080000E-3	0.000000E+0	3.952500E+4
3.100000E-3	0.000000E+0	3.942800E+4
3.120000E-3	0.000000E+0	3.964500E+4
3.140000E-3	0.000000E+0	3.966800E+4
3.160000E-3	0.000000E+0	3.973700E+4
3.180000E-3	0.000000E+0	3.967100E+4
3.200000E-3	0.000000E+0	3.950900E+4
3.220000E-3	0.000000E+0	3.981900E+4
3.240000E-3	0.000000E+0	3.961300E+4
3.260000E-3	0.000000E+0	3.910000E+4
3.280000E-3	0.000000E+0	3.991200E+4
3.300000E-3	0.000000E+0	3.976100E+4
3.320000E-3	0.000000E+0	3.949200E+4
3.340000E-3	0.000000E+0	3.938800E+4
3.360000E-3	0.000000E+0	3.933300E+4
3.380000E-3	0.000000E+0	3.952300E+4
3.400000E-3	0.000000E+0	3.974500E+4
3.420000E-3	0.000000E+0	3.928600E+4
3.440000E-3	0.000000E+0	3.960500E+4
3.460000E-3	0.000000E+0	3.959200E+4
3.480000E-3	0.000000E+0	3.965400E+4
3.500000E-3	0.000000E+0	3.932700E+4
3.520000E-3	0.000000E+0	4.012700E+4
3.540000E-3	0.000000E+0	3.965000E+4
3.560000E-3	0.000000E+0	3.952000E+4
3.580000E-3	0.000000E+0	3.946700E+4
3.600000E-3	0.000000E+0	3.948800E+4
3.620000E-3	0.000000E+0	3.918000E+4
3.640000E-3	0.000000E+0	3.958900E+4
3.660000E-3	0.000000E+0	3.921100E+4
3.680000E-3	0.000000E+0	3.946100E+4
3.700000E-3	0.000000E+0	3.934200E+4
3.720000E-3	0.000000E+0	3.919000E+4
3.740000E-3	0.000000E+0	3.955700E+4
3.760000E-3	0.000000E+0	3.955700E+4
3.780000E-3	0.000000E+0	3.961600E+4
3.800000E-3	0.000000E+0	3.958400E+4
3.820000E-3	0.000000E+0	3.972500E+4
3.840000E-3	0.000000E+0	3.972600E+4
3.860000E-3	0.000000E+0	3.983100E+4
3.880000E-3	0.000000E+0	3.956800E+4
3.900000E-3	0.000000E+0	3.961500E+4
3.920000E-3	0.000000E+0	3.980100E+4
3.940000E-3	0.000000E+0	3.938600E+4
3.960000E-3	0.000000E+0	3.949400E+4
3.980000E-3	0.000000E+0	3.953000E+4
4.000000E-3	0.000000E+0	3.933400E+4
4.020000E-3	0.000000E+0	3.932600E+4
4.040000E-3	0.000000E+0	3.934500E+4
4.060000E-3	0.000000E+0	3.986900E+4
4.080000E-3	0.000000E+0	3.971500E+4
4.100000E-3	0.000000E+0	3.917500E+4
4.120000E-3	0.000000E+0	3.949200E+4
4.140000E-3	0.000000E+0	3.947100E+4
4.160000E-3	0.000000E+0	3.920700E+4
4.180000E-3	0.000000E+0	3.926100E+4
4.200000E-3	0.000000E+0	3.960400E+4
4.220000E-3	0.000000E+0	3.974900E+4
4.240000E-3	0.000000E+0	3.952300E+4
4.260000E-3	0.000000E+0	3.957500E+4
4.280000E-3	0.000000E+0	3.978100E+4
4.300000E-3	0.000000E+0	3.968700E+4
4.320000E-3	0.000000E+0	3.960200E+4
4.340000E-3	0.000000E+0	4.002800E+4
4.360000E-3	0.000000E+0	3.971000E+4
4.380000E-3	0.000000E+0	3.934600E+4
4.400000E-3	0.000000E+0	3.967300E+4
4.420000E-3	0.000000E+0	3.952200E+4
4.440000E-3	0.000000E+0	3.970700E+4
4.460000E-3	0.000000E+0	3.965100E+4
4.480000E-3	0.000000E+0	3.905000E+4
4.500000E-3	0.000000E+0	3.951300E+4
4.520000E-3	0.000000E+0	3.932100E+4
4.540000E-3	0.000000E+0	3.972500E+4
4.560000E-3	0.000000E+0	3.940800E+4
4.580000E-3	0.000000E+0	3.955900E+4
4.600000E-3	0.000000E+0	3.927100E+4
4.620000E-3	0.000000E+0	3.906200E+4
4.640000E-3	0.000000E+0	3.956600E+4
4.660000E-3	0.000000E+0	3.937500E+4
4.680000E-3	0.000000E+0	3.905900E+4
4.700000E-3	0.000000E+0	3.909500E+4
4.720000E-3	0.000000E+0	3.904800E+4
4.740000E-3	0.000000E+0	3.895900E+4
4.760000E-3	0.000000E+0	3.899400E+4
4.780000E-3	0.000000E+0	3.843400E+4
4.800000E-3	0.000000E+0	3.857900E+4
4.820000E-3	0.000000E+0	3.860500E+4
4.840000E-3	0.000000E+0	3.784100E+4
4.860000E-3	0.000000E+0	3.748300E+4
4.880000E-3	0.000000E+0	3.645400E+4
4.900000E-3	0.000000E+0	3.497100E+4
4.920000E-3	0.000000E+0	3.350300E+4
4.940000E-3	0.000000E+0	3.132600E+4
4.960000E-3	0.000000E+0	3.126400E+4
4.980000E-3	0.000000E+0	3.200200E+4
5.000000E-3	0.000000E+0	3.431700E+4
5.020000E-3	0.000000E+0	3.611300E+4
5.040000E-3	0.000000E+0	3.678600E+4
5.060000E-3	0.000000E+0	3.790100E+4
5.080000E-3	0.000000E+0	3.824700E+4
5.100000E-3	0.000000E+0	3.820300E+4
5.120000E-3	0.000000E+0	3.874800E+4
5.140000E-3	0.000000E+0	3.909200E+4
5.160000E-3	0.000000E+0	3.857600E+4
5.180000E-3	0.000000E+0	3.890100E+4
5.200000E-3	0.000000E+0	3.877600E+4
5.220000E-3	0.000000E+0	3.917800E+4
5.240000E-3	0.000000E+0	3.930200E+4
5.260000E-3	0.000000E+0	3.899400E+4
5.280000E-3	0.000000E+0	3.878100E+4
5.300000E-3	0.000000E+0	3.899700E+4
5.320000E-3	0.000000E+0	3.903900E+4
5.340000E-3	0.000000E+0	3.897000E+4
5.360000E-3	0.000000E+0	3.941400E+4
5.380000E-3	0.000000E+0	3.897100E+4
5.400000E-3	0.000000E+0	3.904700E+4
5.420000E-3	0.000000E+0	3.821900E+4
5.440000E-3	0.000000E+0	3.900400E+4
5.460000E-3	0.000000E+0	3.828200E+4
5.480000E-3	0.000000E+0	3.816700E+4
5.500000E-3	0.000000E+0	3.812800E+4
5.520000E-3	0.000000E+0	3.765300E+4
5.540000E-3	0.000000E+0	3.743800E+4
5.560000E-3	0.000000E+0	3.730400E+4
5.580000E-3	0.000000E+0	3.758400E+4
5.600000E-3	0.000000E+0	3.716700E+4
5.620000E-3	0.000000E+0	3.706600E+4
5.640000E-3	0.000000E+0	3.657300E+4
5.660000E-3	0.000000E+0	3.613900E+4
5.680000E-3	0.000000E+0	3.495700E+4
5.700000E-3	0.000000E+0	3.363400E+4
5.720000E-3	0.000000E+0	3.249800E+4
5.740000E-3	0.000000E+0	3.062800E+4
5.760000E-3	0.000000E+0	3.034400E+4
5.780000E-3	0.000000E+0	3.177900E+4
5.800000E-3	0.000000E+0	3.398000E+4
5.820000E-3	0.000000E+0	3.534000E+4
5.840000E-3	0.000000E+0	3.685900E+4
5.860000E-3	0.000000E+0	3.749900E+4
5.880000E-3	0.000000E+0	3.782600E+4
5.900000E-3	0.000000E+0	3.855400E+4
5.920000E-3	0.000000E+0	3.884200E+4
5.940000E-3	0.000000E+0	3.859200E+4
5.960000E-3	0.000000E+0	3.891200E+4
5.980000E-3	0.000000E+0	3.915500E+4
6.000000E-3	0.000000E+0	3.918500E+4
6.020000E-3	0.000000E+0	3.903600E+4
6.040000E-3	0.000000E+0	3.941800E+4
6.060000E-3	0.000000E+0	3.942600E+4
6.080000E-3	0.000000E+0	3.917700E+4
6.100000E-3	0.000000E+0	3.948800E+4
6.120000E-3	0.000000E+0	3.944900E+4
6.140000E-3	0.000000E+0	3.921300E+4
6.160000E-3	0.000000E+0	3.954000E+4
6.180000E-3	0.000000E+0	3.978600E+4
6.200000E-3	0.000000E+0	3.936600E+4
6.220000E-3	0.000000E+0	3.915700E+4
6.240000E-3	0.000000E+0	3.972300E+4
6.260000E-3	0.000000E+0	3.952800E+4
6.280000E-3	0.000000E+0	3.929100E+4
6.300000E-3	0.000000E+0	3.952700E+4
6.320000E-3	0.000000E+0	3.949400E+4
6.340000E-3	0.000000E+0	3.959600E+4
6.360000E-3	0.000000E+0	3.950800E+4
6.380000E-3	0.000000E+0	3.948900E+4
6.400000E-3	0.000000E+0	3.990500E+4
6.420000E-3	0.000000E+0	3.955300E+4
6.440000E-3	0.000000E+0	3.928400E+4
6.460000E-3	0.000000E+0	3.940600E+4
6.480000E-3	0.000000E+0	3.916600E+4
6.500000E-3	0.000000E+0	3.927200E+4
6.520000E-3	0.000000E+0	3.915200E+4
6.540000E-3	0.000000E+0	3.949000E+4
6.560000E-3	0.000000E+0	3.937000E+4
6.580000E-3	0.000000E+0	3.948200E+4
6.600000E-3	0.000000E+0	3.932000E+4
6.620000E-3	0.000000E+0	3.967000E+4
6.640000E-3	0.000000E+0	3.937000E+4
6.660000E-3	0.000000E+0	3.937900E+4
6.680000E-3	0.000000E+0	3.955700E+4
6.700000E-3	0.000000E+0	3.963300E+4
6.720000E-3	0.000000E+0	3.923200E+4
6.740000E-3	0.000000E+0	3.930900E+4
6.760000E-3	0.000000E+0	3.940900E+4
6.780000E-3	0.000000E+0	3.939900E+4
6.800000E-3	0.000000E+0	3.948200E+4
6.820000E-3	0.000000E+0	3.923600E+4
6.840000E-3	0.000000E+0	3.922600E+4
6.860000E-3	0.000000E+0	3.970500E+4
6.880000E-3	0.000000E+0	3.956500E+4
6.900000E-3	0.000000E+0	3.960400E+4
6.920000E-3	0.000000E+0	3.959400E+4
6.940000E-3	0.000000E+0	3.962100E+4
6.960000E-3	0.000000E+0	3.969900E+4
6.980000E-3	0.000000E+0	3.950200E+4
7.000000E-3	0.000000E+0	3.967900E+4
7.020000E-3	0.000000E+0	3.934800E+4
7.040000E-3	0.000000E+0	3.934500E+4
7.060000E-3	0.000000E+0	3.948700E+4
7.080000E-3	0.000000E+0	3.947200E+4
7.100000E-3	0.000000E+0	3.956900E+4
7.120000E-3	0.000000E+0	3.976900E+4
7.140000E-3	0.000000E+0	3.948500E+4
7.160000E-3	0.000000E+0	3.943500E+4
7.180000E-3	0.000000E+0	3.937100E+4
7.200000E-3	0.000000E+0	3.984100E+4
7.220000E-3	0.000000E+0	3.951200E+4
7.240000E-3	0.000000E+0	3.953200E+4
7.260000E-3	0.000000E+0	3.968800E+4
7.280000E-3	0.000000E+0	3.985300E+4
7.300000E-3	0.000000E+0	3.957600E+4
7.320000E-3	0.000000E+0	3.973100E+4
7.340000E-3	0.000000E+0	3.976000E+4
7.360000E-3	0.000000E+0	3.947900E+4
7.380000E-3	0.000000E+0	3.934200E+4
7.400000E-3	0.000000E+0	3.930800E+4
7.420000E-3	0.000000E+0	3.972000E+4
7.440000E-3	0.000000E+0	3.977700E+4
7.460000E-3	0.000000E+0	4.009100E+4
7.480000E-3	0.000000E+0	3.926000E+4
7.500000E-3	0.000000E+0	3.920000E+4
7.520000E-3	0.000000E+0	3.944900E+4
7.540000E-3	0.000000E+0	3.956800E+4
7.560000E-3	0.000000E+0	3.942400E+4
7.580000E-3	0.000000E+0	3.968300E+4
7.600000E-3	0.000000E+0	3.929400E+4
7.620000E-3	0.000000E+0	3.963300E+4
7.640000E-3	0.000000E+0	3.961700E+4
7.660000E-3	0.000000E+0	3.953100E+4
7.680000E-3	0.000000E+0	3.957000E+4
7.700000E-3	0.000000E+0	3.922400E+4
7.720000E-3	0.000000E+0	3.981300E+4
7.740000E-3	0.000000E+0	3.954500E+4
7.760000E-3	0.000000E+0	3.936700E+4
7.780000E-3	0.000000E+0	3.938600E+4
7.800000E-3	0.000000E+0	3.974900E+4
7.820000E-3	0.000000E+0	3.965200E+4
7.840000E-3	0.000000E+0	3.942900E+4
7.860000E-3	0.000000E+0	3.950900E+4
7.880000E-3	0.000000E+0	3.973200E+4
7.900000E-3	0.000000E+0	3.972100E+4
7.920000E-3	0.000000E+0	3.976800E+4
7.940000E-3	0.000000E+0	3.937500E+4
7.960000E-3	0.000000E+0	3.945800E+4
7.980000E-3	0.000000E+0	3.989100E+4
8.000000E-3	0.000000E+0	3.976700E+4
8.020000E-3	0.000000E+0	3.912300E+4
8.040000E-3	0.000000E+0	3.939400E+4
8.060000E-3	0.000000E+0	3.920200E+4
8.080000E-3	0.000000E+0	3.979200E+4
8.100000E-3	0.000000E+0	3.950100E+4
8.120000E-3	0.000000E+0	3.902800E+4
8.140000E-3	0.000000E+0	3.989900E+4
8.160000E-3	0.000000E+0	3.990700E+4
8.180000E-3	0.000000E+0	3.959800E+4
8.200000E-3	0.000000E+0	3.978500E+4
8.220000E-3	0.000000E+0	3.943300E+4
8.240000E-3	0.000000E+0	3.982000E+4
8.260000E-3	0.000000E+0	3.958800E+4
8.280000E-3	0.000000E+0	3.944600E+4
8.300000E-3	0.000000E+0	3.945700E+4
8.320000E-3	0.000000E+0	3.937500E+4
8.340000E-3	0.000000E+0	3.971900E+4
8.360000E-3	0.000000E+0	3.944500E+4
8.380000E-3	0.000000E+0	3.937000E+4
8.400000E-3	0.000000E+0	3.966500E+4
8.420000E-3	0.000000E+0	3.955300E+4
8.440000E-3	0.000000E+0	3.925300E+4
8.460000E-3	0.000000E+0	3.911400E+4
8.480000E-3	0.000000E+0	3.981100E+4
8.500000E-3	0.000000E+0	3.961900E+4
8.520000E-3	0.000000E+0	3.953600E+4
8.540000E-3	0.000000E+0	3.936700E+4
8.560000E-3	0.000000E+0	3.954900E+4
8.580000E-3	0.000000E+0	3.960100E+4
8.600000E-3	0.000000E+0	3.964900E+4
8.620000E-3	0.000000E+0	3.982100E+4
8.640000E-3	0.000000E+0	3.983800E+4
8.660000E-3	0.000000E+0	3.999300E+4
8.680000E-3	0.000000E+0	3.948200E+4
8.700000E-3	0.000000E+0	3.957600E+4
8.720000E-3	0.000000E+0	3.953300E+4
8.740000E-3	0.000000E+0	3.972500E+4
8.760000E-3	0.000000E+0	3.970000E+4
8.780000E-3	0.000000E+0	3.940300E+4
8.800000E-3	0.000000E+0	3.963600E+4
8.820000E-3	0.000000E+0	3.950400E+4
8.840000E-3	0.000000E+0	3.960400E+4
8.860000E-3	0.000000E+0	3.925100E+4
8.880000E-3	0.000000E+0	3.975400E+4
8.900000E-3	0.000000E+0	3.948500E+4
8.920000E-3	0.000000E+0	3.916300E+4
8.940000E-3	0.000000E+0	3.953900E+4
8.960000E-3	0.000000E+0	3.959500E+4
8.980000E-3	0.000000E+0	3.974900E+4
9.000000E-3	0.000000E+0	3.990800E+4
9.020000E-3	0.000000E+0	3.948000E+4
9.040000E-3	0.000000E+0	3.915300E+4
9.060000E-3	0.000000E+0	3.933500E+4
9.080000E-3	0.000000E+0	3.957600E+4
9.100000E-3	0.000000E+0	3.986000E+4
9.120000E-3	0.000000E+0	4.009000E+4
9.140000E-3	0.000000E+0	3.936300E+4
9.160000E-3	0.000000E+0	3.955600E+4
9.180000E-3	0.000000E+0	3.986400E+4
9.200000E-3	0.000000E+0	3.976100E+4
9.220000E-3	0.000000E+0	3.933000E+4
9.240000E-3	0.000000E+0	3.961000E+4
9.260000E-3	0.000000E+0	3.967300E+4
9.280000E-3	0.000000E+0	3.968500E+4
9.300000E-3	0.000000E+0	3.926300E+4
9.320000E-3	0.000000E+0	3.937400E+4
9.340000E-3	0.000000E+0	3.955300E+4
9.360000E-3	0.000000E+0	3.971900E+4
9.380000E-3	0.000000E+0	3.957100E+4
9.400000E-3	0.000000E+0	3.931200E+4
9.420000E-3	0.000000E+0	3.963300E+4
9.440000E-3	0.000000E+0	3.954100E+4
9.460000E-3	0.000000E+0	3.926500E+4
9.480000E-3	0.000000E+0	3.964700E+4
9.500000E-3	0.000000E+0	3.963500E+4
9.520000E-3	0.000000E+0	3.930500E+4
9.540000E-3	0.000000E+0	3.974000E+4
9.560000E-3	0.000000E+0	3.956000E+4
9.580000E-3	0.000000E+0	3.979900E+4
9.600000E-3	0.000000E+0	3.940800E+4
9.620000E-3	0.000000E+0	3.976800E+4
9.640000E-3	0.000000E+0	3.958700E+4
9.660000E-3	0.000000E+0	3.953400E+4
9.680000E-3	0.000000E+0	3.964100E+4
9.700000E-3	0.000000E+0	3.955300E+4
9.720000E-3	0.000000E+0	3.961300E+4
9.740000E-3	0.000000E+0	3.948200E+4
9.760000E-3	0.000000E+0	3.942400E+4
9.780000E-3	0.000000E+0	3.960200E+4
9.800000E-3	0.000000E+0	3.940400E+4
9.820000E-3	0.000000E+0	3.975000E+4
9.840000E-3	0.000000E+0	3.984000E+4
9.860000E-3	0.000000E+0	3.946700E+4
9.880000E-3	0.000000E+0	3.927600E+4
9.900000E-3	0.000000E+0	3.965200E+4
9.920000E-3	0.000000E+0	3.918600E+4
9.940000E-3	0.000000E+0	3.947300E+4
9.960000E-3	0.000000E+0	4.004400E+4
9.980000E-3	0.000000E+0	3.998500E+4
1.000000E-2	0.000000E+0	3.950700E+4
1.002000E-2	0.000000E+0	3.988700E+4
1.004000E-2	0.000000E+0	3.992600E+4
1.006000E-2	0.000000E+0	3.943900E+4
1.008000E-2	0.000000E+0	3.964700E+4
1.010000E-2	0.000000E+0	3.906500E+4
1.012000E-2	0.000000E+0	3.938500E+4
1.014000E-2	0.000000E+0	3.952200E+4
1.016000E-2	0.000000E+0	3.932900E+4
1.018000E-2	0.000000E+0	3.927100E+4
1.020000E-2	0.000000E+0	3.958800E+4
1.022000E-2	0.000000E+0	3.955700E+4
1.024000E-2	0.000000E+0	3.976300E+4
1.026000E-2	0.000000E+0	3.919100E+4
1.028000E-2	0.000000E+0	3.936900E+4
1.030000E-2	0.000000E+0	3.985700E+4
1.032000E-2	0.000000E+0	3.935900E+4
1.034000E-2	0.000000E+0	3.948200E+4
1.036000E-2	0.000000E+0	3.910300E+4
1.038000E-2	0.000000E+0	3.950200E+4
1.040000E-2	0.000000E+0	3.947000E+4
1.042000E-2	0.000000E+0	3.988900E+4
1.044000E-2	0.000000E+0	3.950000E+4
1.046000E-2	0.000000E+0	3.961300E+4
1.048000E-2	0.000000E+0	3.939700E+4
1.050000E-2	0.000000E+0	3.924400E+4
1.052000E-2	0.000000E+0	3.933700E+4
1.054000E-2	0.000000E+0	3.952100E+4
1.056000E-2	0.000000E+0	3.982800E+4
1.058000E-2	0.000000E+0	3.973500E+4
1.060000E-2	0.000000E+0	3.952800E+4
1.062000E-2	0.000000E+0	3.990200E+4
1.064000E-2	0.000000E+0	3.956600E+4
1.066000E-2	0.000000E+0	3.962500E+4
1.068000E-2	0.000000E+0	3.964600E+4
1.070000E-2	0.000000E+0	3.954700E+4
1.072000E-2	0.000000E+0	3.972200E+4
1.074000E-2	0.000000E+0	3.964800E+4
1.076000E-2	0.000000E+0	3.896800E+4
1.078000E-2	0.000000E+0	3.976500E+4
1.080000E-2	0.000000E+0	3.932300E+4
1.082000E-2	0.000000E+0	3.954600E+4
1.084000E-2	0.000000E+0	3.956600E+4
1.086000E-2	0.000000E+0	3.928500E+4
1.088000E-2	0.000000E+0	3.943900E+4
1.090000E-2	0.000000E+0	3.981600E+4
1.092000E-2	0.000000E+0	3.971500E+4
1.094000E-2	0.000000E+0	3.941900E+4
1.096000E-2	0.000000E+0	3.949800E+4
1.098000E-2	0.000000E+0	3.947600E+4
1.100000E-2	0.000000E+0	3.934400E+4
1.102000E-2	0.000000E+0	3.940600E+4
1.104000E-2	0.000000E+0	3.951000E+4
1.106000E-2	0.000000E+0	3.956700E+4
1.108000E-2	0.000000E+0	3.941600E+4
1.110000E-2	0.000000E+0	3.961900E+4
1.112000E-2	0.000000E+0	3.960100E+4
1.114000E-2	0.000000E+0	3.983100E+4
1.116000E-2	0.000000E+0	3.995800E+4
1.118000E-2	0.000000E+0	4.003800E+4
1.120000E-2	0.000000E+0	3.919400E+4
1.122000E-2	0.000000E+0	3.981100E+4
1.124000E-2	0.000000E+0	3.965400E+4
1.126000E-2	0.000000E+0	3.982000E+4
1.128000E-2	0.000000E+0	3.940700E+4
1.130000E-2	0.000000E+0	3.967600E+4
1.132000E-2	0.000000E+0	3.951100E+4
1.134000E-2	0.000000E+0	3.939600E+4
1.136000E-2	0.000000E+0	3.976500E+4
1.138000E-2	0.000000E+0	3.955900E+4
1.140000E-2	0.000000E+0	3.941200E+4
1.142000E-2	0.000000E+0	3.968200E+4
1.144000E-2	0.000000E+0	3.911000E+4
1.146000E-2	0.000000E+0	3.936600E+4
1.148000E-2	0.000000E+0	3.917800E+4
1.150000E-2	0.000000E+0	3.932700E+4
1.152000E-2	0.000000E+0	3.967200E+4
1.154000E-2	0.000000E+0	3.896900E+4
1.156000E-2	0.000000E+0	3.943900E+4
1.158000E-2	0.000000E+0	3.946700E+4
1.160000E-2	0.000000E+0	3.967700E+4
1.162000E-2	0.000000E+0	3.989700E+4
1.164000E-2	0.000000E+0	3.986600E+4
1.166000E-2	0.000000E+0	3.953600E+4
1.168000E-2	0.000000E+0	3.949700E+4
1.170000E-2	0.000000E+0	3.943700E+4
1.172000E-2	0.000000E+0	3.941500E+4
1.174000E-2	0.000000E+0	3.943800E+4
1.176000E-2	0.000000E+0	3.941900E+4
1.178000E-2	0.000000E+0	3.941500E+4
1.180000E-2	0.000000E+0	3.971400E+4
1.182000E-2	0.000000E+0	3.997300E+4
1.184000E-2	0.000000E+0	3.935200E+4
1.186000E-2	0.000000E+0	3.953900E+4
1.188000E-2	0.000000E+0	3.933400E+4
1.190000E-2	0.000000E+0	3.911700E+4
1.192000E-2	0.000000E+0	3.990900E+4
1.194000E-2	0.000000E+0	3.972700E+4
1.196000E-2	0.000000E+0	3.943800E+4
1.198000E-2	0.000000E+0	3.952100E+4
1.200000E-2	0.000000E+0	3.931700E+4
1.202000E-2	0.000000E+0	3.964300E+4
1.204000E-2	0.000000E+0	3.973100E+4
1.206000E-2	0.000000E+0	3.918800E+4
1.208000E-2	0.000000E+0	3.956500E+4
1.210000E-2	0.000000E+0	3.955500E+4
1.212000E-2	0.000000E+0	3.987000E+4
1.214000E-2	0.000000E+0	3.938500E+4
1.216000E-2	0.000000E+0	4.023200E+4
1.218000E-2	0.000000E+0	3.975700E+4
1.220000E-2	0.000000E+0	3.959500E+4
1.222000E-2	0.000000E+0	3.948200E+4
1.224000E-2	0.000000E+0	3.975800E+4
1.226000E-2	0.000000E+0	3.944400E+4
1.228000E-2	0.000000E+0	3.979300E+4
1.230000E-2	0.000000E+0	3.947200E+4
1.232000E-2	0.000000E+0	3.968900E+4
1.234000E-2	0.000000E+0	3.929500E+4
1.236000E-2	0.000000E+0	3.926400E+4
1.238000E-2	0.000000E+0	3.958900E+4
1.240000E-2	0.000000E+0	3.957500E+4
1.242000E-2	0.000000E+0	3.919500E+4
1.244000E-2	0.000000E+0	3.941100E+4
1.246000E-2	0.000000E+0	3.921200E+4
1.248000E-2	0.000000E+0	3.945900E+4
1.250000E-2	0.000000E+0	3.925400E+4
1.252000E-2	0.000000E+0	3.941500E+4
1.254000E-2	0.000000E+0	3.962400E+4
1.256000E-2	0.000000E+0	3.958200E+4
1.258000E-2	0.000000E+0	3.948800E+4
1.260000E-2	0.000000E+0	3.986800E+4
1.262000E-2	0.000000E+0	3.916200E+4
1.264000E-2	0.000000E+0	3.984500E+4
1.266000E-2	0.000000E+0	3.941100E+4
1.268000E-2	0.000000E+0	3.954500E+4
1.270000E-2	0.000000E+0	3.922900E+4
1.272000E-2	0.000000E+0	3.941400E+4
1.274000E-2	0.000000E+0	3.950000E+4
1.276000E-2	0.000000E+0	3.920300E+4
1.278000E-2	0.000000E+0	3.983300E+4
1.280000E-2	0.000000E+0	3.953800E+4
1.282000E-2	0.000000E+0	3.994700E+4
1.284000E-2	0.000000E+0	3.956600E+4
1.286000E-2	0.000000E+0	3.964100E+4
1.288000E-2	0.000000E+0	3.955100E+4
1.290000E-2	0.000000E+0	3.926400E+4
1.292000E-2	0.000000E+0	3.968700E+4
1.294000E-2	0.000000E+0	3.933500E+4
1.296000E-2	0.000000E+0	3.972900E+4
1.298000E-2	0.000000E+0	3.920200E+4
1.300000E-2	0.000000E+0	3.961700E+4
1.302000E-2	0.000000E+0	3.941000E+4
1.304000E-2	0.000000E+0	3.971800E+4
1.306000E-2	0.000000E+0	3.925400E+4
1.308000E-2	0.000000E+0	3.937700E+4
1.310000E-2	0.000000E+0	3.959000E+4
1.312000E-2	0.000000E+0	3.924300E+4
1.314000E-2	0.000000E+0	3.972500E+4
1.316000E-2	0.000000E+0	3.976200E+4
1.318000E-2	0.000000E+0	3.938300E+4
1.320000E-2	0.000000E+0	3.953000E+4
1.322000E-2	0.000000E+0	3.956500E+4
1.324000E-2	0.000000E+0	3.926500E+4
1.326000E-2	0.000000E+0	3.963400E+4
1.328000E-2	0.000000E+0	3.946400E+4
1.330000E-2	0.000000E+0	3.949600E+4
1.332000E-2	0.000000E+0	3.959300E+4
1.334000E-2	0.000000E+0	3.961900E+4
1.336000E-2	0.000000E+0	3.998300E+4
1.338000E-2	0.000000E+0	3.939700E+4
1.340000E-2	0.000000E+0	3.951700E+4
1.342000E-2	0.000000E+0	3.946900E+4
1.344000E-2	0.000000E+0	3.936000E+4
1.346000E-2	0.000000E+0	3.945000E+4
1.348000E-2	0.000000E+0	3.948100E+4
1.350000E-2	0.000000E+0	3.956100E+4
1.352000E-2	0.000000E+0	3.959500E+4
1.354000E-2	0.000000E+0	3.952900E+4
1.356000E-2	0.000000E+0	3.963900E+4
1.358000E-2	0.000000E+0	3.950400E+4
1.360000E-2	0.000000E+0	3.937000E+4
1.362000E-2	0.000000E+0	3.933300E+4
1.364000E-2	0.000000E+0	3.946100E+4
1.366000E-2	0.000000E+0	3.939700E+4
1.368000E-2	0.000000E+0	3.963400E+4
1.370000E-2	0.000000E+0	3.938700E+4
1.372000E-2	0.000000E+0	3.956800E+4
1.374000E-2	0.000000E+0	3.930400E+4
1.376000E-2	0.000000E+0	3.948600E+4
1.378000E-2	0.000000E+0	3.975600E+4
1.380000E-2	0.000000E+0	3.967600E+4
1.382000E-2	0.000000E+0	3.956800E+4
1.384000E-2	0.000000E+0	3.938900E+4
1.386000E-2	0.000000E+0	3.901600E+4
1.388000E-2	0.000000E+0	3.944900E+4
1.390000E-2	0.000000E+0	3.926500E+4
1.392000E-2	0.000000E+0	3.953400E+4
1.394000E-2	0.000000E+0	3.928700E+4
1.396000E-2	0.000000E+0	3.946900E+4
1.398000E-2	0.000000E+0	3.952100E+4
1.400000E-2	0.000000E+0	3.951600E+4
1.402000E-2	0.000000E+0	3.961600E+4
1.404000E-2	0.000000E+0	3.952000E+4
1.406000E-2	0.000000E+0	3.945200E+4
1.408000E-2	0.000000E+0	3.962500E+4
1.410000E-2	0.000000E+0	3.960400E+4
1.412000E-2	0.000000E+0	3.955700E+4
1.414000E-2	0.000000E+0	3.936500E+4
1.416000E-2	0.000000E+0	3.957700E+4
1.418000E-2	0.000000E+0	3.947700E+4
1.420000E-2	0.000000E+0	3.945900E+4
1.422000E-2	0.000000E+0	3.956700E+4
1.424000E-2	0.000000E+0	3.964400E+4
1.426000E-2	0.000000E+0	3.971400E+4
1.428000E-2	0.000000E+0	3.970400E+4
1.430000E-2	0.000000E+0	3.949000E+4
1.432000E-2	0.000000E+0	3.971900E+4
1.434000E-2	0.000000E+0	3.942000E+4
1.436000E-2	0.000000E+0	3.987700E+4
1.438000E-2	0.000000E+0	3.966500E+4
1.440000E-2	0.000000E+0	3.957000E+4
1.442000E-2	0.000000E+0	3.950000E+4
1.444000E-2	0.000000E+0	3.941700E+4
1.446000E-2	0.000000E+0	3.933100E+4
1.448000E-2	0.000000E+0	3.938600E+4
1.450000E-2	0.000000E+0	3.930800E+4
1.452000E-2	0.000000E+0	3.950600E+4
1.454000E-2	0.000000E+0	3.943200E+4
1.456000E-2	0.000000E+0	3.972700E+4
1.458000E-2	0.000000E+0	3.923100E+4
1.460000E-2	0.000000E+0	3.965300E+4
1.462000E-2	0.000000E+0	3.998900E+4
1.464000E-2	0.000000E+0	3.924900E+4
1.466000E-2	0.000000E+0	3.950900E+4
1.468000E-2	0.000000E+0	3.931600E+4
1.470000E-2	0.000000E+0	3.951300E+4
1.472000E-2	0.000000E+0	3.906900E+4
1.474000E-2	0.000000E+0	3.929500E+4
1.476000E-2	0.000000E+0	3.953700E+4
1.478000E-2	0.000000E+0	3.939600E+4
1.480000E-2	0.000000E+0	3.948400E+4
1.482000E-2	0.000000E+0	3.939500E+4
1.484000E-2	0.000000E+0	3.922700E+4
1.486000E-2	0.000000E+0	3.944900E+4
1.488000E-2	0.000000E+0	3.955500E+4
1.490000E-2	0.000000E+0	3.934000E+4
1.492000E-2	0.000000E+0	3.920200E+4
1.494000E-2	0.000000E+0	3.937600E+4
1.496000E-2	0.000000E+0	3.973600E+4
1.498000E-2	0.000000E+0	3.975300E+4
1.500000E-2	0.000000E+0	3.947800E+4
1.502000E-2	0.000000E+0	3.938400E+4
1.504000E-2	0.000000E+0	3.936300E+4
1.506000E-2	0.000000E+0	3.941000E+4
1.508000E-2	0.000000E+0	3.902500E+4
1.510000E-2	0.000000E+0	3.933400E+4
1.512000E-2	0.000000E+0	3.968200E+4
1.514000E-2	0.000000E+0	3.938200E+4
1.516000E-2	0.000000E+0	3.940900E+4
1.518000E-2	0.000000E+0	3.923400E+4
1.520000E-2	0.000000E+0	3.929400E+4
1.522000E-2	0.000000E+0	3.929400E+4
1.524000E-2	0.000000E+0	3.945300E+4
1.526000E-2	0.000000E+0	3.935400E+4
1.528000E-2	0.000000E+0	3.934300E+4
1.530000E-2	0.000000E+0	3.985500E+4
1.532000E-2	0.000000E+0	3.936700E+4
1.534000E-2	0.000000E+0	3.959100E+4
1.536000E-2	0.000000E+0	3.955500E+4
1.538000E-2	0.000000E+0	3.950900E+4
1.540000E-2	0.000000E+0	3.907900E+4
1.542000E-2	0.000000E+0	3.935900E+4
1.544000E-2	0.000000E+0	3.923200E+4
1.546000E-2	0.000000E+0	3.969800E+4
1.548000E-2	0.000000E+0	3.925700E+4
1.550000E-2	0.000000E+0	3.958300E+4
1.552000E-2	0.000000E+0	3.976200E+4
1.554000E-2	0.000000E+0	3.974200E+4
1.556000E-2	0.000000E+0	3.981200E+4
1.558000E-2	0.000000E+0	4.002900E+4
1.560000E-2	0.000000E+0	3.963900E+4
1.562000E-2	0.000000E+0	3.939500E+4
1.564000E-2	0.000000E+0	3.964300E+4
1.566000E-2	0.000000E+0	3.963700E+4
1.568000E-2	0.000000E+0	3.935600E+4
1.570000E-2	0.000000E+0	3.940500E+4
1.572000E-2	0.000000E+0	3.964200E+4
1.574000E-2	0.000000E+0	3.948600E+4
1.576000E-2	0.000000E+0	3.953300E+4
1.578000E-2	0.000000E+0	3.948900E+4
1.580000E-2	0.000000E+0	3.960400E+4
1.582000E-2	0.000000E+0	3.954200E+4
1.584000E-2	0.000000E+0	3.963300E+4
1.586000E-2	0.000000E+0	3.976600E+4
1.588000E-2	0.000000E+0	3.937200E+4
1.590000E-2	0.000000E+0	3.943200E+4
1.592000E-2	0.000000E+0	3.950600E+4
1.594000E-2	0.000000E+0	3.965000E+4
1.596000E-2	0.000000E+0	3.946800E+4
1.598000E-2	0.000000E+0	3.985800E+4
1.600000E-2	0.000000E+0	3.909900E+4
1.602000E-2	0.000000E+0	3.969000E+4
1.604000E-2	0.000000E+0	3.956500E+4
1.606000E-2	0.000000E+0	3.916600E+4
1.608000E-2	0.000000E+0	3.943600E+4
1.610000E-2	0.000000E+0	3.920100E+4
1.612000E-2	0.000000E+0	3.983300E+4
1.614000E-2	0.000000E+0	3.944700E+4
1.616000E-2	0.000000E+0	3.952000E+4
1.618000E-2	0.000000E+0	3.921300E+4
1.620000E-2	0.000000E+0	3.958400E+4
1.622000E-2	0.000000E+0	3.936200E+4
1.624000E-2	0.000000E+0	3.941600E+4
1.626000E-2	0.000000E+0	3.945000E+4
1.628000E-2	0.000000E+0	3.954400E+4
1.630000E-2	0.000000E+0	3.939900E+4
1.632000E-2	0.000000E+0	3.929200E+4
1.634000E-2	0.000000E+0	3.936900E+4
1.636000E-2	0.000000E+0	3.908800E+4
1.638000E-2	0.000000E+0	3.944200E+4
1.640000E-2	0.000000E+0	3.969200E+4
1.642000E-2	0.000000E+0	3.943100E+4
1.644000E-2	0.000000E+0	3.931600E+4
1.646000E-2	0.000000E+0	3.964300E+4
1.648000E-2	0.000000E+0	3.934100E+4
1.650000E-2	0.000000E+0	3.933400E+4
1.652000E-2	0.000000E+0	3.945200E+4
1.654000E-2	0.000000E+0	3.953100E+4
1.656000E-2	0.000000E+0	3.931100E+4
1.658000E-2	0.000000E+0	3.904800E+4
1.660000E-2	0.000000E+0	3.928500E+4
1.662000E-2	0.000000E+0	3.930600E+4
1.664000E-2	0.000000E+0	3.972200E+4
1.666000E-2	0.000000E+0	3.965600E+4
1.668000E-2	0.000000E+0	3.918300E+4
1.670000E-2	0.000000E+0	3.935600E+4
1.672000E-2	0.000000E+0	3.936900E+4
1.674000E-2	0.000000E+0	3.937800E+4
1.676000E-2	0.000000E+0	3.948000E+4
1.678000E-2	0.000000E+0	3.910100E+4
1.680000E-2	0.000000E+0	3.949600E+4
1.682000E-2	0.000000E+0	3.926300E+4
1.684000E-2	0.000000E+0	3.917500E+4
1.686000E-2	0.000000E+0	3.950200E+4
1.688000E-2	0.000000E+0	3.929900E+4
1.690000E-2	0.000000E+0	3.928700E+4
1.692000E-2	0.000000E+0	3.893900E+4
1.694000E-2	0.000000E+0	3.876200E+4
1.696000E-2	0.000000E+0	3.921200E+4
1.698000E-2	0.000000E+0	3.856000E+4
1.700000E-2	0.000000E+0	3.867800E+4
1.702000E-2	0.000000E+0	3.856600E+4
1.704000E-2	0.000000E+0	3.786200E+4
1.706000E-2	0.000000E+0	3.698400E+4
1.708000E-2	0.000000E+0	3.645900E+4
1.710000E-2	0.000000E+0	3.548300E+4
1.712000E-2	0.000000E+0	3.373800E+4
1.714000E-2	0.000000E+0	3.179200E+4
1.716000E-2	0.000000E+0	3.041400E+4
1.718000E-2	0.000000E+0	3.066700E+4
1.720000E-2	0.000000E+0	3.199500E+4
1.722000E-2	0.000000E+0	3.393300E+4
1.724000E-2	0.000000E+0	3.515500E+4
1.726000E-2	0.000000E+0	3.654700E+4
1.728000E-2	0.000000E+0	3.703500E+4
1.730000E-2	0.000000E+0	3.684100E+4
1.732000E-2	0.000000E+0	3.720000E+4
1.734000E-2	0.000000E+0	3.755900E+4
1.736000E-2	0.000000E+0	3.721000E+4
1.738000E-2	0.000000E+0	3.724200E+4
1.740000E-2	0.000000E+0	3.773700E+4
1.742000E-2	0.000000E+0	3.775900E+4
1.744000E-2	0.000000E+0	3.805700E+4
1.746000E-2	0.000000E+0	3.873600E+4
1.748000E-2	0.000000E+0	3.840200E+4
1.750000E-2	0.000000E+0	3.837700E+4
1.752000E-2	0.000000E+0	3.849800E+4
1.754000E-2	0.000000E+0	3.854700E+4
1.756000E-2	0.000000E+0	3.877900E+4
1.758000E-2	0.000000E+0	3.909400E+4
1.760000E-2	0.000000E+0	3.914500E+4
1.762000E-2	0.000000E+0	3.909200E+4
1.764000E-2	0.000000E+0	3.910000E+4
1.766000E-2	0.000000E+0	3.906300E+4
1.768000E-2	0.000000E+0	3.924900E+4
1.770000E-2	0.000000E+0	3.869500E+4
1.772000E-2	0.000000E+0	3.918600E+4
1.774000E-2	0.000000E+0	3.898400E+4
1.776000E-2	0.000000E+0	3.859900E+4
1.778000E-2	0.000000E+0	3.844900E+4
1.780000E-2	0.000000E+0	3.871400E+4
1.782000E-2	0.000000E+0	3.866900E+4
1.784000E-2	0.000000E+0	3.777000E+4
1.786000E-2	0.000000E+0	3.755400E+4
1.788000E-2	0.000000E+0	3.691000E+4
1.790000E-2	0.000000E+0	3.608600E+4
1.792000E-2	0.000000E+0	3.430900E+4
1.794000E-2	0.000000E+0	3.291300E+4
1.796000E-2	0.000000E+0	3.123600E+4
1.798000E-2	0.000000E+0	3.142800E+4
1.800000E-2	0.000000E+0	3.287400E+4
1.802000E-2	0.000000E+0	3.468100E+4
1.804000E-2	0.000000E+0	3.624100E+4
1.806000E-2	0.000000E+0	3.735900E+4
1.808000E-2	0.000000E+0	3.781600E+4
1.810000E-2	0.000000E+0	3.782700E+4
1.812000E-2	0.000000E+0	3.860100E+4
1.814000E-2	0.000000E+0	3.879400E+4
1.816000E-2	0.000000E+0	3.880200E+4
1.818000E-2	0.000000E+0	3.889200E+4
1.820000E-2	0.000000E+0	3.930800E+4
1.822000E-2	0.000000E+0	3.916800E+4
1.824000E-2	0.000000E+0	3.903800E+4
1.826000E-2	0.000000E+0	3.961400E+4
1.828000E-2	0.000000E+0	3.910800E+4
1.830000E-2	0.000000E+0	3.912600E+4
1.832000E-2	0.000000E+0	3.920300E+4
1.834000E-2	0.000000E+0	3.924500E+4
1.836000E-2	0.000000E+0	3.918300E+4
1.838000E-2	0.000000E+0	3.938700E+4
1.840000E-2	0.000000E+0	3.945500E+4
1.842000E-2	0.000000E+0	3.930500E+4
1.844000E-2	0.000000E+0	3.909900E+4
1.846000E-2	0.000000E+0	3.903500E+4
1.848000E-2	0.000000E+0	3.927300E+4
1.850000E-2	0.000000E+0	3.900900E+4
1.852000E-2	0.000000E+0	3.927500E+4
1.854000E-2	0.000000E+0	3.949000E+4
1.856000E-2	0.000000E+0	3.930600E+4
1.858000E-2	0.000000E+0	3.927200E+4
1.860000E-2	0.000000E+0	3.964100E+4
1.862000E-2	0.000000E+0	3.911700E+4
1.864000E-2	0.000000E+0	3.911400E+4
1.866000E-2	0.000000E+0	3.920200E+4
1.868000E-2	0.000000E+0	3.957700E+4
1.870000E-2	0.000000E+0	3.944200E+4
1.872000E-2	0.000000E+0	3.953400E+4
1.874000E-2	0.000000E+0	3.941900E+4
1.876000E-2	0.000000E+0	3.936400E+4
1.878000E-2	0.000000E+0	3.964000E+4
1.880000E-2	0.000000E+0	3.951900E+4
1.882000E-2	0.000000E+0	3.952300E+4
1.884000E-2	0.000000E+0	3.948900E+4
1.886000E-2	0.000000E+0	3.919200E+4
1.888000E-2	0.000000E+0	3.944800E+4
1.890000E-2	0.000000E+0	3.941300E+4
1.892000E-2	0.000000E+0	3.959500E+4
1.894000E-2	0.000000E+0	3.940000E+4
1.896000E-2	0.000000E+0	3.921200E+4
1.898000E-2	0.000000E+0	3.918100E+4
1.900000E-2	0.000000E+0	3.915100E+4
1.902000E-2	0.000000E+0	3.974900E+4
1.904000E-2	0.000000E+0	3.955100E+4
1.906000E-2	0.000000E+0	3.934300E+4
1.908000E-2	0.000000E+0	3.975500E+4
1.910000E-2	0.000000E+0	3.931900E+4
1.912000E-2	0.000000E+0	3.929500E+4
1.914000E-2	0.000000E+0	3.944000E+4
1.916000E-2	0.000000E+0	3.949200E+4
1.918000E-2	0.000000E+0	3.917400E+4
1.920000E-2	0.000000E+0	3.981300E+4
1.922000E-2	0.000000E+0	3.909100E+4
1.924000E-2	0.000000E+0	3.944900E+4
1.926000E-2	0.000000E+0	3.955800E+4
1.928000E-2	0.000000E+0	3.944100E+4
1.930000E-2	0.000000E+0	3.962400E+4
1.932000E-2	0.000000E+0	3.947200E+4
1.934000E-2	0.000000E+0	3.964400E+4
1.936000E-2	0.000000E+0	3.956500E+4
1.938000E-2	0.000000E+0	3.969600E+4
1.940000E-2	0.000000E+0	3.963600E+4
1.942000E-2	0.000000E+0	3.963400E+4
1.944000E-2	0.000000E+0	3.929400E+4
1.946000E-2	0.000000E+0	3.936700E+4
1.948000E-2	0.000000E+0	3.939100E+4
1.950000E-2	0.000000E+0	3.944200E+4
1.952000E-2	0.000000E+0	3.958600E+4
1.954000E-2	0.000000E+0	3.970000E+4
1.956000E-2	0.000000E+0	3.929500E+4
1.958000E-2	0.000000E+0	3.920000E+4
1.960000E-2	0.000000E+0	3.939400E+4
1.962000E-2	0.000000E+0	3.935300E+4
1.964000E-2	0.000000E+0	3.951700E+4
1.966000E-2	0.000000E+0	3.928600E+4
1.968000E-2	0.000000E+0	3.925300E+4
1.970000E-2	0.000000E+0	3.921100E+4
1.972000E-2	0.000000E+0	3.951600E+4
1.974000E-2	0.000000E+0	3.936200E+4
1.976000E-2	0.000000E+0	3.944100E+4
1.978000E-2	0.000000E+0	3.922000E+4
1.980000E-2	0.000000E+0	3.944200E+4
1.982000E-2	0.000000E+0	3.966400E+4
1.984000E-2	0.000000E+0	3.955100E+4
1.986000E-2	0.000000E+0	3.960300E+4
1.988000E-2	0.000000E+0	3.954800E+4
1.990000E-2	0.000000E+0	3.965900E+4
1.992000E-2	0.000000E+0	3.932600E+4
1.994000E-2	0.000000E+0	3.979600E+4
1.996000E-2	0.000000E+0	3.940700E+4
1.998000E-2	0.000000E+0	3.930900E+4
