

live time:  180595.160000
real time:  208806.942000
sweeps:  9029758.000000
0.000000E+0	0.000000E+0	0.000000E+0
2.000000E-5	0.000000E+0	6.745800E+4
4.000000E-5	0.000000E+0	6.724800E+4
6.000000E-5	0.000000E+0	6.791300E+4
8.000000E-5	0.000000E+0	6.755800E+4
1.000000E-4	0.000000E+0	6.780500E+4
1.200000E-4	0.000000E+0	6.705400E+4
1.400000E-4	0.000000E+0	6.726900E+4
1.600000E-4	0.000000E+0	6.779100E+4
1.800000E-4	0.000000E+0	6.665000E+4
2.000000E-4	0.000000E+0	6.790600E+4
2.200000E-4	0.000000E+0	6.816400E+4
2.400000E-4	0.000000E+0	6.732500E+4
2.600000E-4	0.000000E+0	6.727000E+4
2.800000E-4	0.000000E+0	6.761900E+4
3.000000E-4	0.000000E+0	6.770100E+4
3.200000E-4	0.000000E+0	6.750300E+4
3.400000E-4	0.000000E+0	6.728500E+4
3.600000E-4	0.000000E+0	6.789000E+4
3.800000E-4	0.000000E+0	6.733300E+4
4.000000E-4	0.000000E+0	6.743800E+4
4.200000E-4	0.000000E+0	6.752400E+4
4.400000E-4	0.000000E+0	6.671000E+4
4.600000E-4	0.000000E+0	6.750000E+4
4.800000E-4	0.000000E+0	6.778700E+4
5.000000E-4	0.000000E+0	6.736200E+4
5.200000E-4	0.000000E+0	6.745800E+4
5.400000E-4	0.000000E+0	6.711500E+4
5.600000E-4	0.000000E+0	6.792300E+4
5.800000E-4	0.000000E+0	6.706700E+4
6.000000E-4	0.000000E+0	6.740500E+4
6.200000E-4	0.000000E+0	6.728600E+4
6.400000E-4	0.000000E+0	6.743200E+4
6.600000E-4	0.000000E+0	6.753900E+4
6.800000E-4	0.000000E+0	6.745700E+4
7.000000E-4	0.000000E+0	6.745500E+4
7.200000E-4	0.000000E+0	6.738700E+4
7.400000E-4	0.000000E+0	6.742900E+4
7.600000E-4	0.000000E+0	6.766100E+4
7.800000E-4	0.000000E+0	6.712200E+4
8.000000E-4	0.000000E+0	6.754200E+4
8.200000E-4	0.000000E+0	6.709600E+4
8.400000E-4	0.000000E+0	6.757000E+4
8.600000E-4	0.000000E+0	6.741200E+4
8.800000E-4	0.000000E+0	6.765900E+4
9.000000E-4	0.000000E+0	6.723400E+4
9.200000E-4	0.000000E+0	6.754100E+4
9.400000E-4	0.000000E+0	6.790700E+4
9.600000E-4	0.000000E+0	6.682500E+4
9.800000E-4	0.000000E+0	6.731600E+4
1.000000E-3	0.000000E+0	6.718300E+4
1.020000E-3	0.000000E+0	6.739800E+4
1.040000E-3	0.000000E+0	6.746600E+4
1.060000E-3	0.000000E+0	6.772000E+4
1.080000E-3	0.000000E+0	6.766300E+4
1.100000E-3	0.000000E+0	6.833200E+4
1.120000E-3	0.000000E+0	6.704600E+4
1.140000E-3	0.000000E+0	6.726600E+4
1.160000E-3	0.000000E+0	6.698500E+4
1.180000E-3	0.000000E+0	6.781000E+4
1.200000E-3	0.000000E+0	6.722200E+4
1.220000E-3	0.000000E+0	6.719100E+4
1.240000E-3	0.000000E+0	6.735300E+4
1.260000E-3	0.000000E+0	6.696300E+4
1.280000E-3	0.000000E+0	6.708800E+4
1.300000E-3	0.000000E+0	6.733300E+4
1.320000E-3	0.000000E+0	6.741500E+4
1.340000E-3	0.000000E+0	6.740500E+4
1.360000E-3	0.000000E+0	6.726300E+4
1.380000E-3	0.000000E+0	6.714700E+4
1.400000E-3	0.000000E+0	6.763500E+4
1.420000E-3	0.000000E+0	6.771900E+4
1.440000E-3	0.000000E+0	6.737800E+4
1.460000E-3	0.000000E+0	6.750700E+4
1.480000E-3	0.000000E+0	6.739100E+4
1.500000E-3	0.000000E+0	6.773600E+4
1.520000E-3	0.000000E+0	6.775400E+4
1.540000E-3	0.000000E+0	6.718200E+4
1.560000E-3	0.000000E+0	6.728100E+4
1.580000E-3	0.000000E+0	6.745200E+4
1.600000E-3	0.000000E+0	6.746600E+4
1.620000E-3	0.000000E+0	6.744300E+4
1.640000E-3	0.000000E+0	6.741600E+4
1.660000E-3	0.000000E+0	6.726500E+4
1.680000E-3	0.000000E+0	6.740100E+4
1.700000E-3	0.000000E+0	6.773800E+4
1.720000E-3	0.000000E+0	6.726000E+4
1.740000E-3	0.000000E+0	6.733300E+4
1.760000E-3	0.000000E+0	6.775000E+4
1.780000E-3	0.000000E+0	6.749500E+4
1.800000E-3	0.000000E+0	6.734700E+4
1.820000E-3	0.000000E+0	6.794900E+4
1.840000E-3	0.000000E+0	6.751400E+4
1.860000E-3	0.000000E+0	6.742800E+4
1.880000E-3	0.000000E+0	6.701000E+4
1.900000E-3	0.000000E+0	6.785900E+4
1.920000E-3	0.000000E+0	6.756000E+4
1.940000E-3	0.000000E+0	6.727800E+4
1.960000E-3	0.000000E+0	6.703300E+4
1.980000E-3	0.000000E+0	6.709600E+4
2.000000E-3	0.000000E+0	6.730500E+4
2.020000E-3	0.000000E+0	6.766400E+4
2.040000E-3	0.000000E+0	6.714000E+4
2.060000E-3	0.000000E+0	6.780200E+4
2.080000E-3	0.000000E+0	6.710500E+4
2.100000E-3	0.000000E+0	6.738500E+4
2.120000E-3	0.000000E+0	6.750900E+4
2.140000E-3	0.000000E+0	6.723600E+4
2.160000E-3	0.000000E+0	6.766600E+4
2.180000E-3	0.000000E+0	6.769100E+4
2.200000E-3	0.000000E+0	6.770900E+4
2.220000E-3	0.000000E+0	6.756900E+4
2.240000E-3	0.000000E+0	6.696700E+4
2.260000E-3	0.000000E+0	6.787600E+4
2.280000E-3	0.000000E+0	6.722900E+4
2.300000E-3	0.000000E+0	6.752400E+4
2.320000E-3	0.000000E+0	6.718100E+4
2.340000E-3	0.000000E+0	6.760400E+4
2.360000E-3	0.000000E+0	6.733000E+4
2.380000E-3	0.000000E+0	6.717800E+4
2.400000E-3	0.000000E+0	6.722800E+4
2.420000E-3	0.000000E+0	6.729000E+4
2.440000E-3	0.000000E+0	6.768400E+4
2.460000E-3	0.000000E+0	6.733100E+4
2.480000E-3	0.000000E+0	6.799800E+4
2.500000E-3	0.000000E+0	6.781200E+4
2.520000E-3	0.000000E+0	6.724300E+4
2.540000E-3	0.000000E+0	6.759800E+4
2.560000E-3	0.000000E+0	6.788900E+4
2.580000E-3	0.000000E+0	6.699800E+4
2.600000E-3	0.000000E+0	6.749400E+4
2.620000E-3	0.000000E+0	6.703800E+4
2.640000E-3	0.000000E+0	6.734200E+4
2.660000E-3	0.000000E+0	6.752500E+4
2.680000E-3	0.000000E+0	6.748000E+4
2.700000E-3	0.000000E+0	6.745700E+4
2.720000E-3	0.000000E+0	6.733500E+4
2.740000E-3	0.000000E+0	6.744300E+4
2.760000E-3	0.000000E+0	6.730700E+4
2.780000E-3	0.000000E+0	6.754800E+4
2.800000E-3	0.000000E+0	6.777200E+4
2.820000E-3	0.000000E+0	6.795000E+4
2.840000E-3	0.000000E+0	6.724800E+4
2.860000E-3	0.000000E+0	6.726700E+4
2.880000E-3	0.000000E+0	6.785900E+4
2.900000E-3	0.000000E+0	6.725400E+4
2.920000E-3	0.000000E+0	6.739800E+4
2.940000E-3	0.000000E+0	6.761400E+4
2.960000E-3	0.000000E+0	6.785200E+4
2.980000E-3	0.000000E+0	6.723600E+4
3.000000E-3	0.000000E+0	6.723100E+4
3.020000E-3	0.000000E+0	6.771500E+4
3.040000E-3	0.000000E+0	6.797300E+4
3.060000E-3	0.000000E+0	6.741500E+4
3.080000E-3	0.000000E+0	6.740600E+4
3.100000E-3	0.000000E+0	6.738600E+4
3.120000E-3	0.000000E+0	6.754100E+4
3.140000E-3	0.000000E+0	6.745700E+4
3.160000E-3	0.000000E+0	6.778700E+4
3.180000E-3	0.000000E+0	6.778500E+4
3.200000E-3	0.000000E+0	6.718700E+4
3.220000E-3	0.000000E+0	6.774200E+4
3.240000E-3	0.000000E+0	6.760000E+4
3.260000E-3	0.000000E+0	6.703100E+4
3.280000E-3	0.000000E+0	6.794700E+4
3.300000E-3	0.000000E+0	6.752300E+4
3.320000E-3	0.000000E+0	6.744900E+4
3.340000E-3	0.000000E+0	6.707100E+4
3.360000E-3	0.000000E+0	6.734900E+4
3.380000E-3	0.000000E+0	6.736100E+4
3.400000E-3	0.000000E+0	6.780000E+4
3.420000E-3	0.000000E+0	6.728000E+4
3.440000E-3	0.000000E+0	6.741300E+4
3.460000E-3	0.000000E+0	6.746500E+4
3.480000E-3	0.000000E+0	6.767000E+4
3.500000E-3	0.000000E+0	6.714200E+4
3.520000E-3	0.000000E+0	6.771400E+4
3.540000E-3	0.000000E+0	6.768300E+4
3.560000E-3	0.000000E+0	6.765900E+4
3.580000E-3	0.000000E+0	6.720300E+4
3.600000E-3	0.000000E+0	6.720700E+4
3.620000E-3	0.000000E+0	6.714700E+4
3.640000E-3	0.000000E+0	6.786000E+4
3.660000E-3	0.000000E+0	6.712600E+4
3.680000E-3	0.000000E+0	6.711600E+4
3.700000E-3	0.000000E+0	6.736900E+4
3.720000E-3	0.000000E+0	6.695800E+4
3.740000E-3	0.000000E+0	6.752000E+4
3.760000E-3	0.000000E+0	6.784300E+4
3.780000E-3	0.000000E+0	6.755100E+4
3.800000E-3	0.000000E+0	6.748700E+4
3.820000E-3	0.000000E+0	6.749800E+4
3.840000E-3	0.000000E+0	6.742500E+4
3.860000E-3	0.000000E+0	6.762700E+4
3.880000E-3	0.000000E+0	6.757200E+4
3.900000E-3	0.000000E+0	6.737100E+4
3.920000E-3	0.000000E+0	6.791100E+4
3.940000E-3	0.000000E+0	6.727900E+4
3.960000E-3	0.000000E+0	6.705800E+4
3.980000E-3	0.000000E+0	6.719800E+4
4.000000E-3	0.000000E+0	6.718700E+4
4.020000E-3	0.000000E+0	6.719000E+4
4.040000E-3	0.000000E+0	6.723000E+4
4.060000E-3	0.000000E+0	6.760400E+4
4.080000E-3	0.000000E+0	6.747300E+4
4.100000E-3	0.000000E+0	6.711000E+4
4.120000E-3	0.000000E+0	6.753600E+4
4.140000E-3	0.000000E+0	6.767500E+4
4.160000E-3	0.000000E+0	6.708300E+4
4.180000E-3	0.000000E+0	6.721900E+4
4.200000E-3	0.000000E+0	6.746400E+4
4.220000E-3	0.000000E+0	6.746200E+4
4.240000E-3	0.000000E+0	6.751000E+4
4.260000E-3	0.000000E+0	6.707200E+4
4.280000E-3	0.000000E+0	6.753000E+4
4.300000E-3	0.000000E+0	6.760800E+4
4.320000E-3	0.000000E+0	6.744000E+4
4.340000E-3	0.000000E+0	6.790900E+4
4.360000E-3	0.000000E+0	6.731700E+4
4.380000E-3	0.000000E+0	6.681500E+4
4.400000E-3	0.000000E+0	6.750300E+4
4.420000E-3	0.000000E+0	6.734300E+4
4.440000E-3	0.000000E+0	6.741200E+4
4.460000E-3	0.000000E+0	6.747300E+4
4.480000E-3	0.000000E+0	6.682400E+4
4.500000E-3	0.000000E+0	6.734700E+4
4.520000E-3	0.000000E+0	6.735000E+4
4.540000E-3	0.000000E+0	6.771600E+4
4.560000E-3	0.000000E+0	6.726200E+4
4.580000E-3	0.000000E+0	6.760000E+4
4.600000E-3	0.000000E+0	6.715500E+4
4.620000E-3	0.000000E+0	6.677100E+4
4.640000E-3	0.000000E+0	6.741700E+4
4.660000E-3	0.000000E+0	6.683600E+4
4.680000E-3	0.000000E+0	6.699800E+4
4.700000E-3	0.000000E+0	6.671200E+4
4.720000E-3	0.000000E+0	6.647800E+4
4.740000E-3	0.000000E+0	6.655100E+4
4.760000E-3	0.000000E+0	6.632500E+4
4.780000E-3	0.000000E+0	6.576300E+4
4.800000E-3	0.000000E+0	6.575200E+4
4.820000E-3	0.000000E+0	6.543400E+4
4.840000E-3	0.000000E+0	6.445800E+4
4.860000E-3	0.000000E+0	6.366200E+4
4.880000E-3	0.000000E+0	6.166800E+4
4.900000E-3	0.000000E+0	5.907700E+4
4.920000E-3	0.000000E+0	5.652300E+4
4.940000E-3	0.000000E+0	5.333300E+4
4.960000E-3	0.000000E+0	5.318700E+4
4.980000E-3	0.000000E+0	5.576400E+4
5.000000E-3	0.000000E+0	5.894400E+4
5.020000E-3	0.000000E+0	6.189600E+4
5.040000E-3	0.000000E+0	6.277800E+4
5.060000E-3	0.000000E+0	6.455400E+4
5.080000E-3	0.000000E+0	6.503600E+4
5.100000E-3	0.000000E+0	6.517900E+4
5.120000E-3	0.000000E+0	6.613100E+4
5.140000E-3	0.000000E+0	6.612300E+4
5.160000E-3	0.000000E+0	6.592700E+4
5.180000E-3	0.000000E+0	6.643200E+4
5.200000E-3	0.000000E+0	6.626900E+4
5.220000E-3	0.000000E+0	6.665200E+4
5.240000E-3	0.000000E+0	6.703300E+4
5.260000E-3	0.000000E+0	6.648400E+4
5.280000E-3	0.000000E+0	6.646000E+4
5.300000E-3	0.000000E+0	6.664600E+4
5.320000E-3	0.000000E+0	6.643600E+4
5.340000E-3	0.000000E+0	6.666600E+4
5.360000E-3	0.000000E+0	6.686400E+4
5.380000E-3	0.000000E+0	6.654500E+4
5.400000E-3	0.000000E+0	6.641200E+4
5.420000E-3	0.000000E+0	6.538700E+4
5.440000E-3	0.000000E+0	6.627100E+4
5.460000E-3	0.000000E+0	6.531600E+4
5.480000E-3	0.000000E+0	6.484300E+4
5.500000E-3	0.000000E+0	6.482600E+4
5.520000E-3	0.000000E+0	6.426500E+4
5.540000E-3	0.000000E+0	6.369700E+4
5.560000E-3	0.000000E+0	6.370800E+4
5.580000E-3	0.000000E+0	6.383300E+4
5.600000E-3	0.000000E+0	6.352500E+4
5.620000E-3	0.000000E+0	6.321800E+4
5.640000E-3	0.000000E+0	6.207500E+4
5.660000E-3	0.000000E+0	6.163700E+4
5.680000E-3	0.000000E+0	5.909100E+4
5.700000E-3	0.000000E+0	5.703600E+4
5.720000E-3	0.000000E+0	5.419800E+4
5.740000E-3	0.000000E+0	5.208300E+4
5.760000E-3	0.000000E+0	5.254300E+4
5.780000E-3	0.000000E+0	5.516600E+4
5.800000E-3	0.000000E+0	5.877200E+4
5.820000E-3	0.000000E+0	6.113400E+4
5.840000E-3	0.000000E+0	6.292300E+4
5.860000E-3	0.000000E+0	6.446100E+4
5.880000E-3	0.000000E+0	6.482900E+4
5.900000E-3	0.000000E+0	6.555800E+4
5.920000E-3	0.000000E+0	6.612800E+4
5.940000E-3	0.000000E+0	6.601600E+4
5.960000E-3	0.000000E+0	6.652600E+4
5.980000E-3	0.000000E+0	6.638500E+4
6.000000E-3	0.000000E+0	6.677700E+4
6.020000E-3	0.000000E+0	6.665800E+4
6.040000E-3	0.000000E+0	6.688400E+4
6.060000E-3	0.000000E+0	6.711000E+4
6.080000E-3	0.000000E+0	6.700000E+4
6.100000E-3	0.000000E+0	6.719600E+4
6.120000E-3	0.000000E+0	6.706300E+4
6.140000E-3	0.000000E+0	6.712700E+4
6.160000E-3	0.000000E+0	6.746400E+4
6.180000E-3	0.000000E+0	6.766600E+4
6.200000E-3	0.000000E+0	6.729500E+4
6.220000E-3	0.000000E+0	6.711200E+4
6.240000E-3	0.000000E+0	6.748600E+4
6.260000E-3	0.000000E+0	6.712500E+4
6.280000E-3	0.000000E+0	6.720300E+4
6.300000E-3	0.000000E+0	6.742100E+4
6.320000E-3	0.000000E+0	6.746700E+4
6.340000E-3	0.000000E+0	6.728500E+4
6.360000E-3	0.000000E+0	6.742700E+4
6.380000E-3	0.000000E+0	6.729400E+4
6.400000E-3	0.000000E+0	6.763600E+4
6.420000E-3	0.000000E+0	6.758700E+4
6.440000E-3	0.000000E+0	6.697700E+4
6.460000E-3	0.000000E+0	6.740600E+4
6.480000E-3	0.000000E+0	6.680900E+4
6.500000E-3	0.000000E+0	6.716400E+4
6.520000E-3	0.000000E+0	6.700300E+4
6.540000E-3	0.000000E+0	6.732900E+4
6.560000E-3	0.000000E+0	6.729600E+4
6.580000E-3	0.000000E+0	6.713800E+4
6.600000E-3	0.000000E+0	6.706600E+4
6.620000E-3	0.000000E+0	6.787600E+4
6.640000E-3	0.000000E+0	6.711900E+4
6.660000E-3	0.000000E+0	6.702300E+4
6.680000E-3	0.000000E+0	6.717700E+4
6.700000E-3	0.000000E+0	6.746000E+4
6.720000E-3	0.000000E+0	6.679400E+4
6.740000E-3	0.000000E+0	6.711100E+4
6.760000E-3	0.000000E+0	6.740300E+4
6.780000E-3	0.000000E+0	6.751700E+4
6.800000E-3	0.000000E+0	6.709400E+4
6.820000E-3	0.000000E+0	6.720800E+4
6.840000E-3	0.000000E+0	6.708900E+4
6.860000E-3	0.000000E+0	6.736800E+4
6.880000E-3	0.000000E+0	6.732700E+4
6.900000E-3	0.000000E+0	6.762900E+4
6.920000E-3	0.000000E+0	6.737200E+4
6.940000E-3	0.000000E+0	6.752800E+4
6.960000E-3	0.000000E+0	6.746000E+4
6.980000E-3	0.000000E+0	6.767100E+4
7.000000E-3	0.000000E+0	6.737400E+4
7.020000E-3	0.000000E+0	6.734800E+4
7.040000E-3	0.000000E+0	6.725900E+4
7.060000E-3	0.000000E+0	6.724200E+4
7.080000E-3	0.000000E+0	6.732800E+4
7.100000E-3	0.000000E+0	6.739400E+4
7.120000E-3	0.000000E+0	6.757200E+4
7.140000E-3	0.000000E+0	6.733000E+4
7.160000E-3	0.000000E+0	6.742800E+4
7.180000E-3	0.000000E+0	6.708800E+4
7.200000E-3	0.000000E+0	6.772400E+4
7.220000E-3	0.000000E+0	6.753100E+4
7.240000E-3	0.000000E+0	6.750100E+4
7.260000E-3	0.000000E+0	6.742200E+4
7.280000E-3	0.000000E+0	6.785200E+4
7.300000E-3	0.000000E+0	6.737600E+4
7.320000E-3	0.000000E+0	6.780400E+4
7.340000E-3	0.000000E+0	6.780300E+4
7.360000E-3	0.000000E+0	6.738100E+4
7.380000E-3	0.000000E+0	6.724500E+4
7.400000E-3	0.000000E+0	6.709000E+4
7.420000E-3	0.000000E+0	6.745400E+4
7.440000E-3	0.000000E+0	6.775600E+4
7.460000E-3	0.000000E+0	6.801900E+4
7.480000E-3	0.000000E+0	6.729600E+4
7.500000E-3	0.000000E+0	6.716000E+4
7.520000E-3	0.000000E+0	6.715900E+4
7.540000E-3	0.000000E+0	6.751100E+4
7.560000E-3	0.000000E+0	6.719900E+4
7.580000E-3	0.000000E+0	6.757100E+4
7.600000E-3	0.000000E+0	6.722600E+4
7.620000E-3	0.000000E+0	6.760300E+4
7.640000E-3	0.000000E+0	6.763500E+4
7.660000E-3	0.000000E+0	6.728600E+4
7.680000E-3	0.000000E+0	6.770900E+4
7.700000E-3	0.000000E+0	6.727500E+4
7.720000E-3	0.000000E+0	6.737600E+4
7.740000E-3	0.000000E+0	6.729800E+4
7.760000E-3	0.000000E+0	6.708800E+4
7.780000E-3	0.000000E+0	6.731800E+4
7.800000E-3	0.000000E+0	6.757200E+4
7.820000E-3	0.000000E+0	6.767400E+4
7.840000E-3	0.000000E+0	6.753900E+4
7.860000E-3	0.000000E+0	6.750800E+4
7.880000E-3	0.000000E+0	6.750800E+4
7.900000E-3	0.000000E+0	6.737900E+4
7.920000E-3	0.000000E+0	6.757700E+4
7.940000E-3	0.000000E+0	6.703000E+4
7.960000E-3	0.000000E+0	6.753800E+4
7.980000E-3	0.000000E+0	6.791300E+4
8.000000E-3	0.000000E+0	6.758900E+4
8.020000E-3	0.000000E+0	6.670300E+4
8.040000E-3	0.000000E+0	6.738700E+4
8.060000E-3	0.000000E+0	6.696800E+4
8.080000E-3	0.000000E+0	6.737600E+4
8.100000E-3	0.000000E+0	6.726700E+4
8.120000E-3	0.000000E+0	6.697300E+4
8.140000E-3	0.000000E+0	6.787600E+4
8.160000E-3	0.000000E+0	6.791200E+4
8.180000E-3	0.000000E+0	6.764500E+4
8.200000E-3	0.000000E+0	6.752200E+4
8.220000E-3	0.000000E+0	6.751800E+4
8.240000E-3	0.000000E+0	6.757900E+4
8.260000E-3	0.000000E+0	6.718300E+4
8.280000E-3	0.000000E+0	6.751200E+4
8.300000E-3	0.000000E+0	6.738700E+4
8.320000E-3	0.000000E+0	6.726600E+4
8.340000E-3	0.000000E+0	6.719200E+4
8.360000E-3	0.000000E+0	6.706500E+4
8.380000E-3	0.000000E+0	6.745300E+4
8.400000E-3	0.000000E+0	6.787200E+4
8.420000E-3	0.000000E+0	6.728900E+4
8.440000E-3	0.000000E+0	6.690400E+4
8.460000E-3	0.000000E+0	6.701100E+4
8.480000E-3	0.000000E+0	6.782400E+4
8.500000E-3	0.000000E+0	6.735600E+4
8.520000E-3	0.000000E+0	6.782100E+4
8.540000E-3	0.000000E+0	6.763700E+4
8.560000E-3	0.000000E+0	6.760400E+4
8.580000E-3	0.000000E+0	6.759700E+4
8.600000E-3	0.000000E+0	6.768900E+4
8.620000E-3	0.000000E+0	6.806900E+4
8.640000E-3	0.000000E+0	6.755500E+4
8.660000E-3	0.000000E+0	6.811500E+4
8.680000E-3	0.000000E+0	6.733700E+4
8.700000E-3	0.000000E+0	6.718700E+4
8.720000E-3	0.000000E+0	6.734800E+4
8.740000E-3	0.000000E+0	6.753900E+4
8.760000E-3	0.000000E+0	6.777600E+4
8.780000E-3	0.000000E+0	6.766700E+4
8.800000E-3	0.000000E+0	6.749100E+4
8.820000E-3	0.000000E+0	6.735600E+4
8.840000E-3	0.000000E+0	6.750100E+4
8.860000E-3	0.000000E+0	6.725600E+4
8.880000E-3	0.000000E+0	6.764800E+4
8.900000E-3	0.000000E+0	6.728900E+4
8.920000E-3	0.000000E+0	6.672900E+4
8.940000E-3	0.000000E+0	6.728300E+4
8.960000E-3	0.000000E+0	6.734600E+4
8.980000E-3	0.000000E+0	6.733500E+4
9.000000E-3	0.000000E+0	6.746500E+4
9.020000E-3	0.000000E+0	6.749400E+4
9.040000E-3	0.000000E+0	6.713400E+4
9.060000E-3	0.000000E+0	6.718800E+4
9.080000E-3	0.000000E+0	6.734400E+4
9.100000E-3	0.000000E+0	6.790500E+4
9.120000E-3	0.000000E+0	6.788700E+4
9.140000E-3	0.000000E+0	6.727900E+4
9.160000E-3	0.000000E+0	6.751900E+4
9.180000E-3	0.000000E+0	6.764900E+4
9.200000E-3	0.000000E+0	6.744400E+4
9.220000E-3	0.000000E+0	6.727800E+4
9.240000E-3	0.000000E+0	6.736800E+4
9.260000E-3	0.000000E+0	6.788500E+4
9.280000E-3	0.000000E+0	6.768000E+4
9.300000E-3	0.000000E+0	6.729500E+4
9.320000E-3	0.000000E+0	6.693500E+4
9.340000E-3	0.000000E+0	6.747400E+4
9.360000E-3	0.000000E+0	6.727000E+4
9.380000E-3	0.000000E+0	6.776000E+4
9.400000E-3	0.000000E+0	6.700600E+4
9.420000E-3	0.000000E+0	6.745100E+4
9.440000E-3	0.000000E+0	6.748800E+4
9.460000E-3	0.000000E+0	6.710000E+4
9.480000E-3	0.000000E+0	6.757100E+4
9.500000E-3	0.000000E+0	6.751900E+4
9.520000E-3	0.000000E+0	6.705600E+4
9.540000E-3	0.000000E+0	6.774900E+4
9.560000E-3	0.000000E+0	6.713100E+4
9.580000E-3	0.000000E+0	6.763900E+4
9.600000E-3	0.000000E+0	6.718300E+4
9.620000E-3	0.000000E+0	6.774300E+4
9.640000E-3	0.000000E+0	6.764700E+4
9.660000E-3	0.000000E+0	6.748000E+4
9.680000E-3	0.000000E+0	6.751900E+4
9.700000E-3	0.000000E+0	6.718200E+4
9.720000E-3	0.000000E+0	6.784400E+4
9.740000E-3	0.000000E+0	6.750700E+4
9.760000E-3	0.000000E+0	6.725500E+4
9.780000E-3	0.000000E+0	6.761100E+4
9.800000E-3	0.000000E+0	6.739100E+4
9.820000E-3	0.000000E+0	6.792700E+4
9.840000E-3	0.000000E+0	6.770500E+4
9.860000E-3	0.000000E+0	6.722600E+4
9.880000E-3	0.000000E+0	6.693300E+4
9.900000E-3	0.000000E+0	6.758200E+4
9.920000E-3	0.000000E+0	6.697900E+4
9.940000E-3	0.000000E+0	6.752800E+4
9.960000E-3	0.000000E+0	6.780700E+4
9.980000E-3	0.000000E+0	6.813200E+4
1.000000E-2	0.000000E+0	6.742900E+4
1.002000E-2	0.000000E+0	6.755200E+4
1.004000E-2	0.000000E+0	6.782300E+4
1.006000E-2	0.000000E+0	6.759500E+4
1.008000E-2	0.000000E+0	6.763700E+4
1.010000E-2	0.000000E+0	6.695200E+4
1.012000E-2	0.000000E+0	6.706100E+4
1.014000E-2	0.000000E+0	6.759900E+4
1.016000E-2	0.000000E+0	6.728100E+4
1.018000E-2	0.000000E+0	6.709200E+4
1.020000E-2	0.000000E+0	6.739800E+4
1.022000E-2	0.000000E+0	6.759300E+4
1.024000E-2	0.000000E+0	6.769500E+4
1.026000E-2	0.000000E+0	6.741000E+4
1.028000E-2	0.000000E+0	6.713700E+4
1.030000E-2	0.000000E+0	6.760200E+4
1.032000E-2	0.000000E+0	6.727800E+4
1.034000E-2	0.000000E+0	6.719600E+4
1.036000E-2	0.000000E+0	6.700600E+4
1.038000E-2	0.000000E+0	6.765400E+4
1.040000E-2	0.000000E+0	6.753000E+4
1.042000E-2	0.000000E+0	6.772300E+4
1.044000E-2	0.000000E+0	6.745300E+4
1.046000E-2	0.000000E+0	6.748700E+4
1.048000E-2	0.000000E+0	6.707600E+4
1.050000E-2	0.000000E+0	6.726600E+4
1.052000E-2	0.000000E+0	6.720400E+4
1.054000E-2	0.000000E+0	6.751700E+4
1.056000E-2	0.000000E+0	6.792700E+4
1.058000E-2	0.000000E+0	6.757400E+4
1.060000E-2	0.000000E+0	6.756000E+4
1.062000E-2	0.000000E+0	6.788400E+4
1.064000E-2	0.000000E+0	6.723600E+4
1.066000E-2	0.000000E+0	6.739300E+4
1.068000E-2	0.000000E+0	6.715000E+4
1.070000E-2	0.000000E+0	6.736100E+4
1.072000E-2	0.000000E+0	6.772700E+4
1.074000E-2	0.000000E+0	6.760200E+4
1.076000E-2	0.000000E+0	6.663400E+4
1.078000E-2	0.000000E+0	6.729100E+4
1.080000E-2	0.000000E+0	6.706000E+4
1.082000E-2	0.000000E+0	6.740100E+4
1.084000E-2	0.000000E+0	6.778300E+4
1.086000E-2	0.000000E+0	6.718400E+4
1.088000E-2	0.000000E+0	6.739000E+4
1.090000E-2	0.000000E+0	6.794600E+4
1.092000E-2	0.000000E+0	6.744600E+4
1.094000E-2	0.000000E+0	6.688600E+4
1.096000E-2	0.000000E+0	6.715500E+4
1.098000E-2	0.000000E+0	6.737400E+4
1.100000E-2	0.000000E+0	6.740100E+4
1.102000E-2	0.000000E+0	6.683700E+4
1.104000E-2	0.000000E+0	6.720700E+4
1.106000E-2	0.000000E+0	6.720500E+4
1.108000E-2	0.000000E+0	6.705500E+4
1.110000E-2	0.000000E+0	6.752100E+4
1.112000E-2	0.000000E+0	6.752500E+4
1.114000E-2	0.000000E+0	6.755900E+4
1.116000E-2	0.000000E+0	6.793300E+4
1.118000E-2	0.000000E+0	6.783000E+4
1.120000E-2	0.000000E+0	6.697000E+4
1.122000E-2	0.000000E+0	6.782500E+4
1.124000E-2	0.000000E+0	6.723500E+4
1.126000E-2	0.000000E+0	6.753600E+4
1.128000E-2	0.000000E+0	6.717600E+4
1.130000E-2	0.000000E+0	6.768900E+4
1.132000E-2	0.000000E+0	6.747600E+4
1.134000E-2	0.000000E+0	6.746200E+4
1.136000E-2	0.000000E+0	6.780100E+4
1.138000E-2	0.000000E+0	6.744400E+4
1.140000E-2	0.000000E+0	6.714700E+4
1.142000E-2	0.000000E+0	6.750900E+4
1.144000E-2	0.000000E+0	6.713100E+4
1.146000E-2	0.000000E+0	6.735700E+4
1.148000E-2	0.000000E+0	6.711000E+4
1.150000E-2	0.000000E+0	6.732600E+4
1.152000E-2	0.000000E+0	6.769400E+4
1.154000E-2	0.000000E+0	6.670200E+4
1.156000E-2	0.000000E+0	6.708800E+4
1.158000E-2	0.000000E+0	6.718300E+4
1.160000E-2	0.000000E+0	6.753700E+4
1.162000E-2	0.000000E+0	6.773400E+4
1.164000E-2	0.000000E+0	6.789200E+4
1.166000E-2	0.000000E+0	6.731900E+4
1.168000E-2	0.000000E+0	6.717100E+4
1.170000E-2	0.000000E+0	6.731000E+4
1.172000E-2	0.000000E+0	6.697300E+4
1.174000E-2	0.000000E+0	6.754800E+4
1.176000E-2	0.000000E+0	6.709900E+4
1.178000E-2	0.000000E+0	6.740300E+4
1.180000E-2	0.000000E+0	6.729500E+4
1.182000E-2	0.000000E+0	6.806100E+4
1.184000E-2	0.000000E+0	6.704900E+4
1.186000E-2	0.000000E+0	6.736100E+4
1.188000E-2	0.000000E+0	6.710600E+4
1.190000E-2	0.000000E+0	6.664200E+4
1.192000E-2	0.000000E+0	6.785700E+4
1.194000E-2	0.000000E+0	6.761900E+4
1.196000E-2	0.000000E+0	6.716100E+4
1.198000E-2	0.000000E+0	6.734000E+4
1.200000E-2	0.000000E+0	6.711400E+4
1.202000E-2	0.000000E+0	6.741100E+4
1.204000E-2	0.000000E+0	6.763400E+4
1.206000E-2	0.000000E+0	6.703600E+4
1.208000E-2	0.000000E+0	6.752300E+4
1.210000E-2	0.000000E+0	6.775600E+4
1.212000E-2	0.000000E+0	6.789900E+4
1.214000E-2	0.000000E+0	6.758500E+4
1.216000E-2	0.000000E+0	6.791000E+4
1.218000E-2	0.000000E+0	6.748700E+4
1.220000E-2	0.000000E+0	6.750700E+4
1.222000E-2	0.000000E+0	6.695800E+4
1.224000E-2	0.000000E+0	6.757400E+4
1.226000E-2	0.000000E+0	6.730300E+4
1.228000E-2	0.000000E+0	6.765600E+4
1.230000E-2	0.000000E+0	6.737600E+4
1.232000E-2	0.000000E+0	6.783700E+4
1.234000E-2	0.000000E+0	6.696500E+4
1.236000E-2	0.000000E+0	6.702500E+4
1.238000E-2	0.000000E+0	6.710200E+4
1.240000E-2	0.000000E+0	6.774600E+4
1.242000E-2	0.000000E+0	6.720400E+4
1.244000E-2	0.000000E+0	6.728700E+4
1.246000E-2	0.000000E+0	6.711400E+4
1.248000E-2	0.000000E+0	6.737300E+4
1.250000E-2	0.000000E+0	6.711600E+4
1.252000E-2	0.000000E+0	6.734900E+4
1.254000E-2	0.000000E+0	6.741800E+4
1.256000E-2	0.000000E+0	6.748300E+4
1.258000E-2	0.000000E+0	6.754600E+4
1.260000E-2	0.000000E+0	6.769600E+4
1.262000E-2	0.000000E+0	6.718400E+4
1.264000E-2	0.000000E+0	6.751100E+4
1.266000E-2	0.000000E+0	6.736800E+4
1.268000E-2	0.000000E+0	6.737300E+4
1.270000E-2	0.000000E+0	6.719000E+4
1.272000E-2	0.000000E+0	6.735800E+4
1.274000E-2	0.000000E+0	6.729800E+4
1.276000E-2	0.000000E+0	6.702000E+4
1.278000E-2	0.000000E+0	6.808400E+4
1.280000E-2	0.000000E+0	6.740600E+4
1.282000E-2	0.000000E+0	6.774500E+4
1.284000E-2	0.000000E+0	6.750300E+4
1.286000E-2	0.000000E+0	6.771500E+4
1.288000E-2	0.000000E+0	6.742300E+4
1.290000E-2	0.000000E+0	6.707400E+4
1.292000E-2	0.000000E+0	6.767300E+4
1.294000E-2	0.000000E+0	6.714100E+4
1.296000E-2	0.000000E+0	6.761000E+4
1.298000E-2	0.000000E+0	6.677600E+4
1.300000E-2	0.000000E+0	6.738000E+4
1.302000E-2	0.000000E+0	6.740700E+4
1.304000E-2	0.000000E+0	6.788700E+4
1.306000E-2	0.000000E+0	6.715900E+4
1.308000E-2	0.000000E+0	6.716800E+4
1.310000E-2	0.000000E+0	6.766200E+4
1.312000E-2	0.000000E+0	6.700000E+4
1.314000E-2	0.000000E+0	6.725100E+4
1.316000E-2	0.000000E+0	6.779300E+4
1.318000E-2	0.000000E+0	6.715500E+4
1.320000E-2	0.000000E+0	6.737700E+4
1.322000E-2	0.000000E+0	6.729700E+4
1.324000E-2	0.000000E+0	6.682200E+4
1.326000E-2	0.000000E+0	6.767800E+4
1.328000E-2	0.000000E+0	6.740200E+4
1.330000E-2	0.000000E+0	6.745100E+4
1.332000E-2	0.000000E+0	6.728900E+4
1.334000E-2	0.000000E+0	6.726000E+4
1.336000E-2	0.000000E+0	6.767800E+4
1.338000E-2	0.000000E+0	6.744600E+4
1.340000E-2	0.000000E+0	6.718800E+4
1.342000E-2	0.000000E+0	6.719000E+4
1.344000E-2	0.000000E+0	6.724500E+4
1.346000E-2	0.000000E+0	6.743400E+4
1.348000E-2	0.000000E+0	6.729100E+4
1.350000E-2	0.000000E+0	6.730800E+4
1.352000E-2	0.000000E+0	6.735100E+4
1.354000E-2	0.000000E+0	6.743700E+4
1.356000E-2	0.000000E+0	6.743700E+4
1.358000E-2	0.000000E+0	6.756600E+4
1.360000E-2	0.000000E+0	6.730000E+4
1.362000E-2	0.000000E+0	6.704300E+4
1.364000E-2	0.000000E+0	6.709300E+4
1.366000E-2	0.000000E+0	6.726100E+4
1.368000E-2	0.000000E+0	6.773800E+4
1.370000E-2	0.000000E+0	6.715200E+4
1.372000E-2	0.000000E+0	6.743200E+4
1.374000E-2	0.000000E+0	6.727000E+4
1.376000E-2	0.000000E+0	6.736300E+4
1.378000E-2	0.000000E+0	6.751800E+4
1.380000E-2	0.000000E+0	6.743600E+4
1.382000E-2	0.000000E+0	6.764200E+4
1.384000E-2	0.000000E+0	6.721200E+4
1.386000E-2	0.000000E+0	6.695300E+4
1.388000E-2	0.000000E+0	6.717200E+4
1.390000E-2	0.000000E+0	6.718300E+4
1.392000E-2	0.000000E+0	6.729200E+4
1.394000E-2	0.000000E+0	6.716600E+4
1.396000E-2	0.000000E+0	6.738100E+4
1.398000E-2	0.000000E+0	6.759500E+4
1.400000E-2	0.000000E+0	6.741200E+4
1.402000E-2	0.000000E+0	6.755800E+4
1.404000E-2	0.000000E+0	6.741600E+4
1.406000E-2	0.000000E+0	6.731600E+4
1.408000E-2	0.000000E+0	6.746400E+4
1.410000E-2	0.000000E+0	6.743900E+4
1.412000E-2	0.000000E+0	6.782900E+4
1.414000E-2	0.000000E+0	6.741600E+4
1.416000E-2	0.000000E+0	6.776900E+4
1.418000E-2	0.000000E+0	6.712200E+4
1.420000E-2	0.000000E+0	6.717400E+4
1.422000E-2	0.000000E+0	6.789500E+4
1.424000E-2	0.000000E+0	6.719600E+4
1.426000E-2	0.000000E+0	6.754400E+4
1.428000E-2	0.000000E+0	6.750800E+4
1.430000E-2	0.000000E+0	6.737400E+4
1.432000E-2	0.000000E+0	6.745700E+4
1.434000E-2	0.000000E+0	6.703900E+4
1.436000E-2	0.000000E+0	6.755800E+4
1.438000E-2	0.000000E+0	6.729400E+4
1.440000E-2	0.000000E+0	6.732000E+4
1.442000E-2	0.000000E+0	6.720900E+4
1.444000E-2	0.000000E+0	6.718800E+4
1.446000E-2	0.000000E+0	6.715200E+4
1.448000E-2	0.000000E+0	6.760900E+4
1.450000E-2	0.000000E+0	6.720600E+4
1.452000E-2	0.000000E+0	6.733800E+4
1.454000E-2	0.000000E+0	6.709500E+4
1.456000E-2	0.000000E+0	6.744200E+4
1.458000E-2	0.000000E+0	6.719600E+4
1.460000E-2	0.000000E+0	6.716600E+4
1.462000E-2	0.000000E+0	6.798600E+4
1.464000E-2	0.000000E+0	6.701400E+4
1.466000E-2	0.000000E+0	6.737000E+4
1.468000E-2	0.000000E+0	6.718100E+4
1.470000E-2	0.000000E+0	6.724100E+4
1.472000E-2	0.000000E+0	6.678800E+4
1.474000E-2	0.000000E+0	6.725000E+4
1.476000E-2	0.000000E+0	6.746800E+4
1.478000E-2	0.000000E+0	6.729500E+4
1.480000E-2	0.000000E+0	6.712100E+4
1.482000E-2	0.000000E+0	6.730900E+4
1.484000E-2	0.000000E+0	6.719600E+4
1.486000E-2	0.000000E+0	6.742300E+4
1.488000E-2	0.000000E+0	6.714400E+4
1.490000E-2	0.000000E+0	6.703600E+4
1.492000E-2	0.000000E+0	6.692800E+4
1.494000E-2	0.000000E+0	6.716400E+4
1.496000E-2	0.000000E+0	6.774900E+4
1.498000E-2	0.000000E+0	6.766300E+4
1.500000E-2	0.000000E+0	6.711600E+4
1.502000E-2	0.000000E+0	6.706600E+4
1.504000E-2	0.000000E+0	6.707800E+4
1.506000E-2	0.000000E+0	6.729900E+4
1.508000E-2	0.000000E+0	6.657100E+4
1.510000E-2	0.000000E+0	6.697800E+4
1.512000E-2	0.000000E+0	6.776100E+4
1.514000E-2	0.000000E+0	6.701400E+4
1.516000E-2	0.000000E+0	6.726300E+4
1.518000E-2	0.000000E+0	6.688900E+4
1.520000E-2	0.000000E+0	6.729200E+4
1.522000E-2	0.000000E+0	6.701700E+4
1.524000E-2	0.000000E+0	6.729400E+4
1.526000E-2	0.000000E+0	6.711700E+4
1.528000E-2	0.000000E+0	6.696100E+4
1.530000E-2	0.000000E+0	6.761800E+4
1.532000E-2	0.000000E+0	6.672600E+4
1.534000E-2	0.000000E+0	6.724300E+4
1.536000E-2	0.000000E+0	6.755600E+4
1.538000E-2	0.000000E+0	6.742100E+4
1.540000E-2	0.000000E+0	6.709600E+4
1.542000E-2	0.000000E+0	6.725700E+4
1.544000E-2	0.000000E+0	6.708500E+4
1.546000E-2	0.000000E+0	6.724200E+4
1.548000E-2	0.000000E+0	6.707600E+4
1.550000E-2	0.000000E+0	6.732600E+4
1.552000E-2	0.000000E+0	6.756400E+4
1.554000E-2	0.000000E+0	6.771700E+4
1.556000E-2	0.000000E+0	6.773200E+4
1.558000E-2	0.000000E+0	6.808300E+4
1.560000E-2	0.000000E+0	6.771700E+4
1.562000E-2	0.000000E+0	6.747200E+4
1.564000E-2	0.000000E+0	6.730700E+4
1.566000E-2	0.000000E+0	6.753800E+4
1.568000E-2	0.000000E+0	6.710800E+4
1.570000E-2	0.000000E+0	6.719300E+4
1.572000E-2	0.000000E+0	6.746600E+4
1.574000E-2	0.000000E+0	6.720800E+4
1.576000E-2	0.000000E+0	6.726100E+4
1.578000E-2	0.000000E+0	6.727400E+4
1.580000E-2	0.000000E+0	6.762700E+4
1.582000E-2	0.000000E+0	6.719300E+4
1.584000E-2	0.000000E+0	6.742400E+4
1.586000E-2	0.000000E+0	6.745500E+4
1.588000E-2	0.000000E+0	6.711800E+4
1.590000E-2	0.000000E+0	6.741900E+4
1.592000E-2	0.000000E+0	6.744800E+4
1.594000E-2	0.000000E+0	6.773000E+4
1.596000E-2	0.000000E+0	6.760700E+4
1.598000E-2	0.000000E+0	6.736200E+4
1.600000E-2	0.000000E+0	6.667400E+4
1.602000E-2	0.000000E+0	6.728400E+4
1.604000E-2	0.000000E+0	6.755900E+4
1.606000E-2	0.000000E+0	6.715400E+4
1.608000E-2	0.000000E+0	6.743900E+4
1.610000E-2	0.000000E+0	6.719100E+4
1.612000E-2	0.000000E+0	6.787200E+4
1.614000E-2	0.000000E+0	6.709300E+4
1.616000E-2	0.000000E+0	6.730100E+4
1.618000E-2	0.000000E+0	6.713600E+4
1.620000E-2	0.000000E+0	6.719000E+4
1.622000E-2	0.000000E+0	6.746100E+4
1.624000E-2	0.000000E+0	6.720100E+4
1.626000E-2	0.000000E+0	6.721700E+4
1.628000E-2	0.000000E+0	6.715500E+4
1.630000E-2	0.000000E+0	6.703600E+4
1.632000E-2	0.000000E+0	6.691200E+4
1.634000E-2	0.000000E+0	6.676100E+4
1.636000E-2	0.000000E+0	6.682000E+4
1.638000E-2	0.000000E+0	6.720200E+4
1.640000E-2	0.000000E+0	6.777100E+4
1.642000E-2	0.000000E+0	6.723200E+4
1.644000E-2	0.000000E+0	6.706200E+4
1.646000E-2	0.000000E+0	6.748200E+4
1.648000E-2	0.000000E+0	6.704500E+4
1.650000E-2	0.000000E+0	6.721000E+4
1.652000E-2	0.000000E+0	6.744700E+4
1.654000E-2	0.000000E+0	6.739900E+4
1.656000E-2	0.000000E+0	6.744600E+4
1.658000E-2	0.000000E+0	6.664500E+4
1.660000E-2	0.000000E+0	6.697500E+4
1.662000E-2	0.000000E+0	6.698100E+4
1.664000E-2	0.000000E+0	6.767800E+4
1.666000E-2	0.000000E+0	6.755900E+4
1.668000E-2	0.000000E+0	6.666000E+4
1.670000E-2	0.000000E+0	6.714500E+4
1.672000E-2	0.000000E+0	6.734900E+4
1.674000E-2	0.000000E+0	6.689300E+4
1.676000E-2	0.000000E+0	6.745000E+4
1.678000E-2	0.000000E+0	6.668500E+4
1.680000E-2	0.000000E+0	6.722900E+4
1.682000E-2	0.000000E+0	6.676600E+4
1.684000E-2	0.000000E+0	6.682400E+4
1.686000E-2	0.000000E+0	6.722400E+4
1.688000E-2	0.000000E+0	6.703100E+4
1.690000E-2	0.000000E+0	6.729100E+4
1.692000E-2	0.000000E+0	6.661600E+4
1.694000E-2	0.000000E+0	6.602200E+4
1.696000E-2	0.000000E+0	6.637500E+4
1.698000E-2	0.000000E+0	6.567000E+4
1.700000E-2	0.000000E+0	6.572700E+4
1.702000E-2	0.000000E+0	6.534600E+4
1.704000E-2	0.000000E+0	6.446400E+4
1.706000E-2	0.000000E+0	6.274100E+4
1.708000E-2	0.000000E+0	6.137900E+4
1.710000E-2	0.000000E+0	5.965600E+4
1.712000E-2	0.000000E+0	5.659900E+4
1.714000E-2	0.000000E+0	5.331900E+4
1.716000E-2	0.000000E+0	5.191900E+4
1.718000E-2	0.000000E+0	5.285200E+4
1.720000E-2	0.000000E+0	5.549500E+4
1.722000E-2	0.000000E+0	5.877800E+4
1.724000E-2	0.000000E+0	6.061900E+4
1.726000E-2	0.000000E+0	6.253900E+4
1.728000E-2	0.000000E+0	6.302200E+4
1.730000E-2	0.000000E+0	6.299700E+4
1.732000E-2	0.000000E+0	6.344100E+4
1.734000E-2	0.000000E+0	6.360500E+4
1.736000E-2	0.000000E+0	6.363800E+4
1.738000E-2	0.000000E+0	6.354900E+4
1.740000E-2	0.000000E+0	6.413800E+4
1.742000E-2	0.000000E+0	6.450200E+4
1.744000E-2	0.000000E+0	6.510100E+4
1.746000E-2	0.000000E+0	6.553800E+4
1.748000E-2	0.000000E+0	6.551200E+4
1.750000E-2	0.000000E+0	6.558000E+4
1.752000E-2	0.000000E+0	6.571200E+4
1.754000E-2	0.000000E+0	6.598100E+4
1.756000E-2	0.000000E+0	6.621700E+4
1.758000E-2	0.000000E+0	6.646600E+4
1.760000E-2	0.000000E+0	6.662300E+4
1.762000E-2	0.000000E+0	6.669600E+4
1.764000E-2	0.000000E+0	6.643600E+4
1.766000E-2	0.000000E+0	6.661100E+4
1.768000E-2	0.000000E+0	6.682500E+4
1.770000E-2	0.000000E+0	6.591000E+4
1.772000E-2	0.000000E+0	6.690100E+4
1.774000E-2	0.000000E+0	6.614700E+4
1.776000E-2	0.000000E+0	6.607700E+4
1.778000E-2	0.000000E+0	6.559800E+4
1.780000E-2	0.000000E+0	6.580900E+4
1.782000E-2	0.000000E+0	6.525500E+4
1.784000E-2	0.000000E+0	6.426400E+4
1.786000E-2	0.000000E+0	6.354400E+4
1.788000E-2	0.000000E+0	6.219300E+4
1.790000E-2	0.000000E+0	6.043800E+4
1.792000E-2	0.000000E+0	5.744200E+4
1.794000E-2	0.000000E+0	5.473600E+4
1.796000E-2	0.000000E+0	5.313300E+4
1.798000E-2	0.000000E+0	5.439700E+4
1.800000E-2	0.000000E+0	5.725400E+4
1.802000E-2	0.000000E+0	6.003700E+4
1.804000E-2	0.000000E+0	6.234600E+4
1.806000E-2	0.000000E+0	6.390300E+4
1.808000E-2	0.000000E+0	6.498300E+4
1.810000E-2	0.000000E+0	6.483100E+4
1.812000E-2	0.000000E+0	6.613700E+4
1.814000E-2	0.000000E+0	6.620800E+4
1.816000E-2	0.000000E+0	6.615300E+4
1.818000E-2	0.000000E+0	6.635800E+4
1.820000E-2	0.000000E+0	6.687400E+4
1.822000E-2	0.000000E+0	6.677800E+4
1.824000E-2	0.000000E+0	6.651400E+4
1.826000E-2	0.000000E+0	6.741600E+4
1.828000E-2	0.000000E+0	6.684800E+4
1.830000E-2	0.000000E+0	6.672800E+4
1.832000E-2	0.000000E+0	6.679500E+4
1.834000E-2	0.000000E+0	6.718000E+4
1.836000E-2	0.000000E+0	6.678000E+4
1.838000E-2	0.000000E+0	6.681200E+4
1.840000E-2	0.000000E+0	6.721000E+4
1.842000E-2	0.000000E+0	6.704000E+4
1.844000E-2	0.000000E+0	6.666100E+4
1.846000E-2	0.000000E+0	6.675600E+4
1.848000E-2	0.000000E+0	6.689600E+4
1.850000E-2	0.000000E+0	6.650100E+4
1.852000E-2	0.000000E+0	6.683200E+4
1.854000E-2	0.000000E+0	6.741100E+4
1.856000E-2	0.000000E+0	6.717100E+4
1.858000E-2	0.000000E+0	6.719700E+4
1.860000E-2	0.000000E+0	6.739400E+4
1.862000E-2	0.000000E+0	6.668600E+4
1.864000E-2	0.000000E+0	6.692500E+4
1.866000E-2	0.000000E+0	6.701500E+4
1.868000E-2	0.000000E+0	6.739700E+4
1.870000E-2	0.000000E+0	6.755200E+4
1.872000E-2	0.000000E+0	6.737700E+4
1.874000E-2	0.000000E+0	6.726800E+4
1.876000E-2	0.000000E+0	6.734700E+4
1.878000E-2	0.000000E+0	6.765000E+4
1.880000E-2	0.000000E+0	6.733200E+4
1.882000E-2	0.000000E+0	6.753800E+4
1.884000E-2	0.000000E+0	6.723800E+4
1.886000E-2	0.000000E+0	6.703900E+4
1.888000E-2	0.000000E+0	6.713900E+4
1.890000E-2	0.000000E+0	6.705300E+4
1.892000E-2	0.000000E+0	6.765700E+4
1.894000E-2	0.000000E+0	6.718200E+4
1.896000E-2	0.000000E+0	6.704300E+4
1.898000E-2	0.000000E+0	6.700400E+4
1.900000E-2	0.000000E+0	6.690600E+4
1.902000E-2	0.000000E+0	6.742000E+4
1.904000E-2	0.000000E+0	6.740500E+4
1.906000E-2	0.000000E+0	6.708400E+4
1.908000E-2	0.000000E+0	6.730600E+4
1.910000E-2	0.000000E+0	6.719100E+4
1.912000E-2	0.000000E+0	6.702400E+4
1.914000E-2	0.000000E+0	6.741200E+4
1.916000E-2	0.000000E+0	6.725000E+4
1.918000E-2	0.000000E+0	6.685300E+4
1.920000E-2	0.000000E+0	6.735100E+4
1.922000E-2	0.000000E+0	6.697900E+4
1.924000E-2	0.000000E+0	6.739300E+4
1.926000E-2	0.000000E+0	6.746900E+4
1.928000E-2	0.000000E+0	6.698400E+4
1.930000E-2	0.000000E+0	6.740500E+4
1.932000E-2	0.000000E+0	6.708300E+4
1.934000E-2	0.000000E+0	6.727600E+4
1.936000E-2	0.000000E+0	6.712400E+4
1.938000E-2	0.000000E+0	6.733900E+4
1.940000E-2	0.000000E+0	6.752100E+4
1.942000E-2	0.000000E+0	6.747400E+4
1.944000E-2	0.000000E+0	6.716300E+4
1.946000E-2	0.000000E+0	6.696100E+4
1.948000E-2	0.000000E+0	6.731400E+4
1.950000E-2	0.000000E+0	6.725300E+4
1.952000E-2	0.000000E+0	6.752300E+4
1.954000E-2	0.000000E+0	6.765200E+4
1.956000E-2	0.000000E+0	6.722600E+4
1.958000E-2	0.000000E+0	6.720000E+4
1.960000E-2	0.000000E+0	6.746800E+4
1.962000E-2	0.000000E+0	6.712400E+4
1.964000E-2	0.000000E+0	6.747200E+4
1.966000E-2	0.000000E+0	6.705500E+4
1.968000E-2	0.000000E+0	6.714900E+4
1.970000E-2	0.000000E+0	6.695800E+4
1.972000E-2	0.000000E+0	6.719900E+4
1.974000E-2	0.000000E+0	6.745000E+4
1.976000E-2	0.000000E+0	6.764700E+4
1.978000E-2	0.000000E+0	6.690500E+4
1.980000E-2	0.000000E+0	6.697200E+4
1.982000E-2	0.000000E+0	6.731400E+4
1.984000E-2	0.000000E+0	6.728800E+4
1.986000E-2	0.000000E+0	6.742500E+4
1.988000E-2	0.000000E+0	6.735500E+4
1.990000E-2	0.000000E+0	6.766900E+4
1.992000E-2	0.000000E+0	6.721000E+4
1.994000E-2	0.000000E+0	6.772700E+4
1.996000E-2	0.000000E+0	6.720300E+4
1.998000E-2	0.000000E+0	6.724700E+4
