

live time:  242315.320000
real time:  280800.429000
sweeps:  12115766.000000
0.000000E+0	0.000000E+0	0.000000E+0
2.000000E-5	0.000000E+0	1.209340E+5
4.000000E-5	0.000000E+0	1.210430E+5
6.000000E-5	0.000000E+0	1.211910E+5
8.000000E-5	0.000000E+0	1.216330E+5
1.000000E-4	0.000000E+0	1.207250E+5
1.200000E-4	0.000000E+0	1.212420E+5
1.400000E-4	0.000000E+0	1.219960E+5
1.600000E-4	0.000000E+0	1.219860E+5
1.800000E-4	0.000000E+0	1.213930E+5
2.000000E-4	0.000000E+0	1.217210E+5
2.200000E-4	0.000000E+0	1.216900E+5
2.400000E-4	0.000000E+0	1.215980E+5
2.600000E-4	0.000000E+0	1.217650E+5
2.800000E-4	0.000000E+0	1.213870E+5
3.000000E-4	0.000000E+0	1.216660E+5
3.200000E-4	0.000000E+0	1.210010E+5
3.400000E-4	0.000000E+0	1.215670E+5
3.600000E-4	0.000000E+0	1.212300E+5
3.800000E-4	0.000000E+0	1.217230E+5
4.000000E-4	0.000000E+0	1.219480E+5
4.200000E-4	0.000000E+0	1.214920E+5
4.400000E-4	0.000000E+0	1.206740E+5
4.600000E-4	0.000000E+0	1.215710E+5
4.800000E-4	0.000000E+0	1.216230E+5
5.000000E-4	0.000000E+0	1.215230E+5
5.200000E-4	0.000000E+0	1.217760E+5
5.400000E-4	0.000000E+0	1.216720E+5
5.600000E-4	0.000000E+0	1.217660E+5
5.800000E-4	0.000000E+0	1.213430E+5
6.000000E-4	0.000000E+0	1.211070E+5
6.200000E-4	0.000000E+0	1.211270E+5
6.400000E-4	0.000000E+0	1.212790E+5
6.600000E-4	0.000000E+0	1.212210E+5
6.800000E-4	0.000000E+0	1.211780E+5
7.000000E-4	0.000000E+0	1.215570E+5
7.200000E-4	0.000000E+0	1.217380E+5
7.400000E-4	0.000000E+0	1.212710E+5
7.600000E-4	0.000000E+0	1.211750E+5
7.800000E-4	0.000000E+0	1.213110E+5
8.000000E-4	0.000000E+0	1.216560E+5
8.200000E-4	0.000000E+0	1.212580E+5
8.400000E-4	0.000000E+0	1.215680E+5
8.600000E-4	0.000000E+0	1.216370E+5
8.800000E-4	0.000000E+0	1.215550E+5
9.000000E-4	0.000000E+0	1.206790E+5
9.200000E-4	0.000000E+0	1.212340E+5
9.400000E-4	0.000000E+0	1.217920E+5
9.600000E-4	0.000000E+0	1.213720E+5
9.800000E-4	0.000000E+0	1.215640E+5
1.000000E-3	0.000000E+0	1.211480E+5
1.020000E-3	0.000000E+0	1.215590E+5
1.040000E-3	0.000000E+0	1.217070E+5
1.060000E-3	0.000000E+0	1.214420E+5
1.080000E-3	0.000000E+0	1.211640E+5
1.100000E-3	0.000000E+0	1.216700E+5
1.120000E-3	0.000000E+0	1.212030E+5
1.140000E-3	0.000000E+0	1.212240E+5
1.160000E-3	0.000000E+0	1.214340E+5
1.180000E-3	0.000000E+0	1.210320E+5
1.200000E-3	0.000000E+0	1.218300E+5
1.220000E-3	0.000000E+0	1.213160E+5
1.240000E-3	0.000000E+0	1.215600E+5
1.260000E-3	0.000000E+0	1.209810E+5
1.280000E-3	0.000000E+0	1.215280E+5
1.300000E-3	0.000000E+0	1.217040E+5
1.320000E-3	0.000000E+0	1.214540E+5
1.340000E-3	0.000000E+0	1.218770E+5
1.360000E-3	0.000000E+0	1.214880E+5
1.380000E-3	0.000000E+0	1.215650E+5
1.400000E-3	0.000000E+0	1.217490E+5
1.420000E-3	0.000000E+0	1.214240E+5
1.440000E-3	0.000000E+0	1.216190E+5
1.460000E-3	0.000000E+0	1.219130E+5
1.480000E-3	0.000000E+0	1.214320E+5
1.500000E-3	0.000000E+0	1.203560E+5
1.520000E-3	0.000000E+0	1.213770E+5
1.540000E-3	0.000000E+0	1.216510E+5
1.560000E-3	0.000000E+0	1.217830E+5
1.580000E-3	0.000000E+0	1.213040E+5
1.600000E-3	0.000000E+0	1.219500E+5
1.620000E-3	0.000000E+0	1.223730E+5
1.640000E-3	0.000000E+0	1.214870E+5
1.660000E-3	0.000000E+0	1.214100E+5
1.680000E-3	0.000000E+0	1.215990E+5
1.700000E-3	0.000000E+0	1.211150E+5
1.720000E-3	0.000000E+0	1.211830E+5
1.740000E-3	0.000000E+0	1.214340E+5
1.760000E-3	0.000000E+0	1.220570E+5
1.780000E-3	0.000000E+0	1.217000E+5
1.800000E-3	0.000000E+0	1.213400E+5
1.820000E-3	0.000000E+0	1.220470E+5
1.840000E-3	0.000000E+0	1.218130E+5
1.860000E-3	0.000000E+0	1.215550E+5
1.880000E-3	0.000000E+0	1.216960E+5
1.900000E-3	0.000000E+0	1.216480E+5
1.920000E-3	0.000000E+0	1.216460E+5
1.940000E-3	0.000000E+0	1.211840E+5
1.960000E-3	0.000000E+0	1.216530E+5
1.980000E-3	0.000000E+0	1.219930E+5
2.000000E-3	0.000000E+0	1.216110E+5
2.020000E-3	0.000000E+0	1.216920E+5
2.040000E-3	0.000000E+0	1.214200E+5
2.060000E-3	0.000000E+0	1.224430E+5
2.080000E-3	0.000000E+0	1.208620E+5
2.100000E-3	0.000000E+0	1.209550E+5
2.120000E-3	0.000000E+0	1.217240E+5
2.140000E-3	0.000000E+0	1.215580E+5
2.160000E-3	0.000000E+0	1.213870E+5
2.180000E-3	0.000000E+0	1.215820E+5
2.200000E-3	0.000000E+0	1.212640E+5
2.220000E-3	0.000000E+0	1.207900E+5
2.240000E-3	0.000000E+0	1.215510E+5
2.260000E-3	0.000000E+0	1.215340E+5
2.280000E-3	0.000000E+0	1.217810E+5
2.300000E-3	0.000000E+0	1.219090E+5
2.320000E-3	0.000000E+0	1.212480E+5
2.340000E-3	0.000000E+0	1.207390E+5
2.360000E-3	0.000000E+0	1.215530E+5
2.380000E-3	0.000000E+0	1.210280E+5
2.400000E-3	0.000000E+0	1.217780E+5
2.420000E-3	0.000000E+0	1.213760E+5
2.440000E-3	0.000000E+0	1.212880E+5
2.460000E-3	0.000000E+0	1.213970E+5
2.480000E-3	0.000000E+0	1.212170E+5
2.500000E-3	0.000000E+0	1.215220E+5
2.520000E-3	0.000000E+0	1.216310E+5
2.540000E-3	0.000000E+0	1.216990E+5
2.560000E-3	0.000000E+0	1.210430E+5
2.580000E-3	0.000000E+0	1.217890E+5
2.600000E-3	0.000000E+0	1.217100E+5
2.620000E-3	0.000000E+0	1.210540E+5
2.640000E-3	0.000000E+0	1.215080E+5
2.660000E-3	0.000000E+0	1.211580E+5
2.680000E-3	0.000000E+0	1.219740E+5
2.700000E-3	0.000000E+0	1.213700E+5
2.720000E-3	0.000000E+0	1.209870E+5
2.740000E-3	0.000000E+0	1.212510E+5
2.760000E-3	0.000000E+0	1.219130E+5
2.780000E-3	0.000000E+0	1.215290E+5
2.800000E-3	0.000000E+0	1.210860E+5
2.820000E-3	0.000000E+0	1.211240E+5
2.840000E-3	0.000000E+0	1.214310E+5
2.860000E-3	0.000000E+0	1.214820E+5
2.880000E-3	0.000000E+0	1.218510E+5
2.900000E-3	0.000000E+0	1.207100E+5
2.920000E-3	0.000000E+0	1.215510E+5
2.940000E-3	0.000000E+0	1.213510E+5
2.960000E-3	0.000000E+0	1.215040E+5
2.980000E-3	0.000000E+0	1.214220E+5
3.000000E-3	0.000000E+0	1.211080E+5
3.020000E-3	0.000000E+0	1.217760E+5
3.040000E-3	0.000000E+0	1.215690E+5
3.060000E-3	0.000000E+0	1.213200E+5
3.080000E-3	0.000000E+0	1.211880E+5
3.100000E-3	0.000000E+0	1.217420E+5
3.120000E-3	0.000000E+0	1.213690E+5
3.140000E-3	0.000000E+0	1.210790E+5
3.160000E-3	0.000000E+0	1.210120E+5
3.180000E-3	0.000000E+0	1.209620E+5
3.200000E-3	0.000000E+0	1.216990E+5
3.220000E-3	0.000000E+0	1.212430E+5
3.240000E-3	0.000000E+0	1.214340E+5
3.260000E-3	0.000000E+0	1.216500E+5
3.280000E-3	0.000000E+0	1.217420E+5
3.300000E-3	0.000000E+0	1.216660E+5
3.320000E-3	0.000000E+0	1.215100E+5
3.340000E-3	0.000000E+0	1.212440E+5
3.360000E-3	0.000000E+0	1.215670E+5
3.380000E-3	0.000000E+0	1.209260E+5
3.400000E-3	0.000000E+0	1.214720E+5
3.420000E-3	0.000000E+0	1.214640E+5
3.440000E-3	0.000000E+0	1.211430E+5
3.460000E-3	0.000000E+0	1.217410E+5
3.480000E-3	0.000000E+0	1.216390E+5
3.500000E-3	0.000000E+0	1.217930E+5
3.520000E-3	0.000000E+0	1.215750E+5
3.540000E-3	0.000000E+0	1.222510E+5
3.560000E-3	0.000000E+0	1.215440E+5
3.580000E-3	0.000000E+0	1.216300E+5
3.600000E-3	0.000000E+0	1.204040E+5
3.620000E-3	0.000000E+0	1.215010E+5
3.640000E-3	0.000000E+0	1.214040E+5
3.660000E-3	0.000000E+0	1.215150E+5
3.680000E-3	0.000000E+0	1.216640E+5
3.700000E-3	0.000000E+0	1.213600E+5
3.720000E-3	0.000000E+0	1.209410E+5
3.740000E-3	0.000000E+0	1.213650E+5
3.760000E-3	0.000000E+0	1.216650E+5
3.780000E-3	0.000000E+0	1.215330E+5
3.800000E-3	0.000000E+0	1.212440E+5
3.820000E-3	0.000000E+0	1.210640E+5
3.840000E-3	0.000000E+0	1.216630E+5
3.860000E-3	0.000000E+0	1.214430E+5
3.880000E-3	0.000000E+0	1.211010E+5
3.900000E-3	0.000000E+0	1.207480E+5
3.920000E-3	0.000000E+0	1.218880E+5
3.940000E-3	0.000000E+0	1.216160E+5
3.960000E-3	0.000000E+0	1.214470E+5
3.980000E-3	0.000000E+0	1.213660E+5
4.000000E-3	0.000000E+0	1.212010E+5
4.020000E-3	0.000000E+0	1.216440E+5
4.040000E-3	0.000000E+0	1.215430E+5
4.060000E-3	0.000000E+0	1.209090E+5
4.080000E-3	0.000000E+0	1.214120E+5
4.100000E-3	0.000000E+0	1.215270E+5
4.120000E-3	0.000000E+0	1.213100E+5
4.140000E-3	0.000000E+0	1.216280E+5
4.160000E-3	0.000000E+0	1.211480E+5
4.180000E-3	0.000000E+0	1.215870E+5
4.200000E-3	0.000000E+0	1.210340E+5
4.220000E-3	0.000000E+0	1.219100E+5
4.240000E-3	0.000000E+0	1.212860E+5
4.260000E-3	0.000000E+0	1.211700E+5
4.280000E-3	0.000000E+0	1.223190E+5
4.300000E-3	0.000000E+0	1.212030E+5
4.320000E-3	0.000000E+0	1.219180E+5
4.340000E-3	0.000000E+0	1.213220E+5
4.360000E-3	0.000000E+0	1.216270E+5
4.380000E-3	0.000000E+0	1.208810E+5
4.400000E-3	0.000000E+0	1.224890E+5
4.420000E-3	0.000000E+0	1.211990E+5
4.440000E-3	0.000000E+0	1.215880E+5
4.460000E-3	0.000000E+0	1.218020E+5
4.480000E-3	0.000000E+0	1.213420E+5
4.500000E-3	0.000000E+0	1.210080E+5
4.520000E-3	0.000000E+0	1.217760E+5
4.540000E-3	0.000000E+0	1.217010E+5
4.560000E-3	0.000000E+0	1.219160E+5
4.580000E-3	0.000000E+0	1.219900E+5
4.600000E-3	0.000000E+0	1.221360E+5
4.620000E-3	0.000000E+0	1.211380E+5
4.640000E-3	0.000000E+0	1.216980E+5
4.660000E-3	0.000000E+0	1.214490E+5
4.680000E-3	0.000000E+0	1.215410E+5
4.700000E-3	0.000000E+0	1.213000E+5
4.720000E-3	0.000000E+0	1.216720E+5
4.740000E-3	0.000000E+0	1.213010E+5
4.760000E-3	0.000000E+0	1.209510E+5
4.780000E-3	0.000000E+0	1.208780E+5
4.800000E-3	0.000000E+0	1.219090E+5
4.820000E-3	0.000000E+0	1.212780E+5
4.840000E-3	0.000000E+0	1.213060E+5
4.860000E-3	0.000000E+0	1.215470E+5
4.880000E-3	0.000000E+0	1.215490E+5
4.900000E-3	0.000000E+0	1.217610E+5
4.920000E-3	0.000000E+0	1.211270E+5
4.940000E-3	0.000000E+0	1.220470E+5
4.960000E-3	0.000000E+0	1.215730E+5
4.980000E-3	0.000000E+0	1.212910E+5
5.000000E-3	0.000000E+0	1.209030E+5
5.020000E-3	0.000000E+0	1.212970E+5
5.040000E-3	0.000000E+0	1.213890E+5
5.060000E-3	0.000000E+0	1.219480E+5
5.080000E-3	0.000000E+0	1.215220E+5
5.100000E-3	0.000000E+0	1.215790E+5
5.120000E-3	0.000000E+0	1.218690E+5
5.140000E-3	0.000000E+0	1.211460E+5
5.160000E-3	0.000000E+0	1.218310E+5
5.180000E-3	0.000000E+0	1.207370E+5
5.200000E-3	0.000000E+0	1.209620E+5
5.220000E-3	0.000000E+0	1.211220E+5
5.240000E-3	0.000000E+0	1.208070E+5
5.260000E-3	0.000000E+0	1.215610E+5
5.280000E-3	0.000000E+0	1.206710E+5
5.300000E-3	0.000000E+0	1.206840E+5
5.320000E-3	0.000000E+0	1.208620E+5
5.340000E-3	0.000000E+0	1.209170E+5
5.360000E-3	0.000000E+0	1.210300E+5
5.380000E-3	0.000000E+0	1.207950E+5
5.400000E-3	0.000000E+0	1.207200E+5
5.420000E-3	0.000000E+0	1.207090E+5
5.440000E-3	0.000000E+0	1.202940E+5
5.460000E-3	0.000000E+0	1.207870E+5
5.480000E-3	0.000000E+0	1.200440E+5
5.500000E-3	0.000000E+0	1.198840E+5
5.520000E-3	0.000000E+0	1.203860E+5
5.540000E-3	0.000000E+0	1.198710E+5
5.560000E-3	0.000000E+0	1.203910E+5
5.580000E-3	0.000000E+0	1.196600E+5
5.600000E-3	0.000000E+0	1.199210E+5
5.620000E-3	0.000000E+0	1.185900E+5
5.640000E-3	0.000000E+0	1.178210E+5
5.660000E-3	0.000000E+0	1.166210E+5
5.680000E-3	0.000000E+0	1.146970E+5
5.700000E-3	0.000000E+0	1.134620E+5
5.720000E-3	0.000000E+0	1.097060E+5
5.740000E-3	0.000000E+0	1.042510E+5
5.760000E-3	0.000000E+0	9.775600E+4
5.780000E-3	0.000000E+0	8.841200E+4
5.800000E-3	0.000000E+0	7.958400E+4
5.820000E-3	0.000000E+0	7.364200E+4
5.840000E-3	0.000000E+0	7.183800E+4
5.860000E-3	0.000000E+0	7.449300E+4
5.880000E-3	0.000000E+0	8.148400E+4
5.900000E-3	0.000000E+0	9.103200E+4
5.920000E-3	0.000000E+0	9.990200E+4
5.940000E-3	0.000000E+0	1.073120E+5
5.960000E-3	0.000000E+0	1.110880E+5
5.980000E-3	0.000000E+0	1.146150E+5
6.000000E-3	0.000000E+0	1.165670E+5
6.020000E-3	0.000000E+0	1.172820E+5
6.040000E-3	0.000000E+0	1.180920E+5
6.060000E-3	0.000000E+0	1.187510E+5
6.080000E-3	0.000000E+0	1.192710E+5
6.100000E-3	0.000000E+0	1.194470E+5
6.120000E-3	0.000000E+0	1.197960E+5
6.140000E-3	0.000000E+0	1.201450E+5
6.160000E-3	0.000000E+0	1.198930E+5
6.180000E-3	0.000000E+0	1.204640E+5
6.200000E-3	0.000000E+0	1.207040E+5
6.220000E-3	0.000000E+0	1.202640E+5
6.240000E-3	0.000000E+0	1.204570E+5
6.260000E-3	0.000000E+0	1.211790E+5
6.280000E-3	0.000000E+0	1.210550E+5
6.300000E-3	0.000000E+0	1.210980E+5
6.320000E-3	0.000000E+0	1.205780E+5
6.340000E-3	0.000000E+0	1.212780E+5
6.360000E-3	0.000000E+0	1.207250E+5
6.380000E-3	0.000000E+0	1.212450E+5
6.400000E-3	0.000000E+0	1.214450E+5
6.420000E-3	0.000000E+0	1.217350E+5
6.440000E-3	0.000000E+0	1.203890E+5
6.460000E-3	0.000000E+0	1.210450E+5
6.480000E-3	0.000000E+0	1.216250E+5
6.500000E-3	0.000000E+0	1.209810E+5
6.520000E-3	0.000000E+0	1.209890E+5
6.540000E-3	0.000000E+0	1.214100E+5
6.560000E-3	0.000000E+0	1.213120E+5
6.580000E-3	0.000000E+0	1.211680E+5
6.600000E-3	0.000000E+0	1.207720E+5
6.620000E-3	0.000000E+0	1.211320E+5
6.640000E-3	0.000000E+0	1.211920E+5
6.660000E-3	0.000000E+0	1.212940E+5
6.680000E-3	0.000000E+0	1.210770E+5
6.700000E-3	0.000000E+0	1.211590E+5
6.720000E-3	0.000000E+0	1.210410E+5
6.740000E-3	0.000000E+0	1.212950E+5
6.760000E-3	0.000000E+0	1.215210E+5
6.780000E-3	0.000000E+0	1.216070E+5
6.800000E-3	0.000000E+0	1.211120E+5
6.820000E-3	0.000000E+0	1.213450E+5
6.840000E-3	0.000000E+0	1.211430E+5
6.860000E-3	0.000000E+0	1.222970E+5
6.880000E-3	0.000000E+0	1.211430E+5
6.900000E-3	0.000000E+0	1.214420E+5
6.920000E-3	0.000000E+0	1.222430E+5
6.940000E-3	0.000000E+0	1.213050E+5
6.960000E-3	0.000000E+0	1.202030E+5
6.980000E-3	0.000000E+0	1.215780E+5
7.000000E-3	0.000000E+0	1.219090E+5
7.020000E-3	0.000000E+0	1.213360E+5
7.040000E-3	0.000000E+0	1.208990E+5
7.060000E-3	0.000000E+0	1.215130E+5
7.080000E-3	0.000000E+0	1.215220E+5
7.100000E-3	0.000000E+0	1.210630E+5
7.120000E-3	0.000000E+0	1.212800E+5
7.140000E-3	0.000000E+0	1.216100E+5
7.160000E-3	0.000000E+0	1.219160E+5
7.180000E-3	0.000000E+0	1.219000E+5
7.200000E-3	0.000000E+0	1.209770E+5
7.220000E-3	0.000000E+0	1.214960E+5
7.240000E-3	0.000000E+0	1.215270E+5
7.260000E-3	0.000000E+0	1.218800E+5
7.280000E-3	0.000000E+0	1.212280E+5
7.300000E-3	0.000000E+0	1.214740E+5
7.320000E-3	0.000000E+0	1.213540E+5
7.340000E-3	0.000000E+0	1.214410E+5
7.360000E-3	0.000000E+0	1.212950E+5
7.380000E-3	0.000000E+0	1.216320E+5
7.400000E-3	0.000000E+0	1.212830E+5
7.420000E-3	0.000000E+0	1.217020E+5
7.440000E-3	0.000000E+0	1.215030E+5
7.460000E-3	0.000000E+0	1.211820E+5
7.480000E-3	0.000000E+0	1.215860E+5
7.500000E-3	0.000000E+0	1.205050E+5
7.520000E-3	0.000000E+0	1.216300E+5
7.540000E-3	0.000000E+0	1.216460E+5
7.560000E-3	0.000000E+0	1.216480E+5
7.580000E-3	0.000000E+0	1.210570E+5
7.600000E-3	0.000000E+0	1.211470E+5
7.620000E-3	0.000000E+0	1.218720E+5
7.640000E-3	0.000000E+0	1.215370E+5
7.660000E-3	0.000000E+0	1.220420E+5
7.680000E-3	0.000000E+0	1.219150E+5
7.700000E-3	0.000000E+0	1.213130E+5
7.720000E-3	0.000000E+0	1.215010E+5
7.740000E-3	0.000000E+0	1.211700E+5
7.760000E-3	0.000000E+0	1.221640E+5
7.780000E-3	0.000000E+0	1.212860E+5
7.800000E-3	0.000000E+0	1.219910E+5
7.820000E-3	0.000000E+0	1.215210E+5
7.840000E-3	0.000000E+0	1.214960E+5
7.860000E-3	0.000000E+0	1.214530E+5
7.880000E-3	0.000000E+0	1.217610E+5
7.900000E-3	0.000000E+0	1.219410E+5
7.920000E-3	0.000000E+0	1.214010E+5
7.940000E-3	0.000000E+0	1.213310E+5
7.960000E-3	0.000000E+0	1.213450E+5
7.980000E-3	0.000000E+0	1.212000E+5
8.000000E-3	0.000000E+0	1.209190E+5
8.020000E-3	0.000000E+0	1.210170E+5
8.040000E-3	0.000000E+0	1.206310E+5
8.060000E-3	0.000000E+0	1.215060E+5
8.080000E-3	0.000000E+0	1.226430E+5
8.100000E-3	0.000000E+0	1.209120E+5
8.120000E-3	0.000000E+0	1.210670E+5
8.140000E-3	0.000000E+0	1.215800E+5
8.160000E-3	0.000000E+0	1.213370E+5
8.180000E-3	0.000000E+0	1.210770E+5
8.200000E-3	0.000000E+0	1.214370E+5
8.220000E-3	0.000000E+0	1.208870E+5
8.240000E-3	0.000000E+0	1.215660E+5
8.260000E-3	0.000000E+0	1.208570E+5
8.280000E-3	0.000000E+0	1.220170E+5
8.300000E-3	0.000000E+0	1.218160E+5
8.320000E-3	0.000000E+0	1.214040E+5
8.340000E-3	0.000000E+0	1.218940E+5
8.360000E-3	0.000000E+0	1.209290E+5
8.380000E-3	0.000000E+0	1.218230E+5
8.400000E-3	0.000000E+0	1.214800E+5
8.420000E-3	0.000000E+0	1.212350E+5
8.440000E-3	0.000000E+0	1.216520E+5
8.460000E-3	0.000000E+0	1.216570E+5
8.480000E-3	0.000000E+0	1.213980E+5
8.500000E-3	0.000000E+0	1.216010E+5
8.520000E-3	0.000000E+0	1.214310E+5
8.540000E-3	0.000000E+0	1.216190E+5
8.560000E-3	0.000000E+0	1.218970E+5
8.580000E-3	0.000000E+0	1.211430E+5
8.600000E-3	0.000000E+0	1.215610E+5
8.620000E-3	0.000000E+0	1.214370E+5
8.640000E-3	0.000000E+0	1.218380E+5
8.660000E-3	0.000000E+0	1.213300E+5
8.680000E-3	0.000000E+0	1.216080E+5
8.700000E-3	0.000000E+0	1.217100E+5
8.720000E-3	0.000000E+0	1.214560E+5
8.740000E-3	0.000000E+0	1.214580E+5
8.760000E-3	0.000000E+0	1.223810E+5
8.780000E-3	0.000000E+0	1.212880E+5
8.800000E-3	0.000000E+0	1.214610E+5
8.820000E-3	0.000000E+0	1.217410E+5
8.840000E-3	0.000000E+0	1.217230E+5
8.860000E-3	0.000000E+0	1.216030E+5
8.880000E-3	0.000000E+0	1.213230E+5
8.900000E-3	0.000000E+0	1.223080E+5
8.920000E-3	0.000000E+0	1.214880E+5
8.940000E-3	0.000000E+0	1.215060E+5
8.960000E-3	0.000000E+0	1.215170E+5
8.980000E-3	0.000000E+0	1.208710E+5
9.000000E-3	0.000000E+0	1.212350E+5
9.020000E-3	0.000000E+0	1.213540E+5
9.040000E-3	0.000000E+0	1.219260E+5
9.060000E-3	0.000000E+0	1.213630E+5
9.080000E-3	0.000000E+0	1.217910E+5
9.100000E-3	0.000000E+0	1.211910E+5
9.120000E-3	0.000000E+0	1.217280E+5
9.140000E-3	0.000000E+0	1.215500E+5
9.160000E-3	0.000000E+0	1.202180E+5
9.180000E-3	0.000000E+0	1.211640E+5
9.200000E-3	0.000000E+0	1.217810E+5
9.220000E-3	0.000000E+0	1.214700E+5
9.240000E-3	0.000000E+0	1.214330E+5
9.260000E-3	0.000000E+0	1.215370E+5
9.280000E-3	0.000000E+0	1.213540E+5
9.300000E-3	0.000000E+0	1.213660E+5
9.320000E-3	0.000000E+0	1.213700E+5
9.340000E-3	0.000000E+0	1.215950E+5
9.360000E-3	0.000000E+0	1.214700E+5
9.380000E-3	0.000000E+0	1.217660E+5
9.400000E-3	0.000000E+0	1.212870E+5
9.420000E-3	0.000000E+0	1.213600E+5
9.440000E-3	0.000000E+0	1.211640E+5
9.460000E-3	0.000000E+0	1.214920E+5
9.480000E-3	0.000000E+0	1.211630E+5
9.500000E-3	0.000000E+0	1.219170E+5
9.520000E-3	0.000000E+0	1.215880E+5
9.540000E-3	0.000000E+0	1.207860E+5
9.560000E-3	0.000000E+0	1.215130E+5
9.580000E-3	0.000000E+0	1.217850E+5
9.600000E-3	0.000000E+0	1.210070E+5
9.620000E-3	0.000000E+0	1.216450E+5
9.640000E-3	0.000000E+0	1.216270E+5
9.660000E-3	0.000000E+0	1.214400E+5
9.680000E-3	0.000000E+0	1.207220E+5
9.700000E-3	0.000000E+0	1.214920E+5
9.720000E-3	0.000000E+0	1.215150E+5
9.740000E-3	0.000000E+0	1.220810E+5
9.760000E-3	0.000000E+0	1.210670E+5
9.780000E-3	0.000000E+0	1.213950E+5
9.800000E-3	0.000000E+0	1.216390E+5
9.820000E-3	0.000000E+0	1.210790E+5
9.840000E-3	0.000000E+0	1.216570E+5
9.860000E-3	0.000000E+0	1.218850E+5
9.880000E-3	0.000000E+0	1.217580E+5
9.900000E-3	0.000000E+0	1.215530E+5
9.920000E-3	0.000000E+0	1.220360E+5
9.940000E-3	0.000000E+0	1.210190E+5
9.960000E-3	0.000000E+0	1.207370E+5
9.980000E-3	0.000000E+0	1.213420E+5
1.000000E-2	0.000000E+0	1.215800E+5
1.002000E-2	0.000000E+0	1.211210E+5
1.004000E-2	0.000000E+0	1.213000E+5
1.006000E-2	0.000000E+0	1.211710E+5
1.008000E-2	0.000000E+0	1.217840E+5
1.010000E-2	0.000000E+0	1.219320E+5
1.012000E-2	0.000000E+0	1.214080E+5
1.014000E-2	0.000000E+0	1.222110E+5
1.016000E-2	0.000000E+0	1.220000E+5
1.018000E-2	0.000000E+0	1.216320E+5
1.020000E-2	0.000000E+0	1.221620E+5
1.022000E-2	0.000000E+0	1.220760E+5
1.024000E-2	0.000000E+0	1.214980E+5
1.026000E-2	0.000000E+0	1.214290E+5
1.028000E-2	0.000000E+0	1.215400E+5
1.030000E-2	0.000000E+0	1.213590E+5
1.032000E-2	0.000000E+0	1.217170E+5
1.034000E-2	0.000000E+0	1.217830E+5
1.036000E-2	0.000000E+0	1.214710E+5
1.038000E-2	0.000000E+0	1.215920E+5
1.040000E-2	0.000000E+0	1.219440E+5
1.042000E-2	0.000000E+0	1.213740E+5
1.044000E-2	0.000000E+0	1.219370E+5
1.046000E-2	0.000000E+0	1.213230E+5
1.048000E-2	0.000000E+0	1.218240E+5
1.050000E-2	0.000000E+0	1.212920E+5
1.052000E-2	0.000000E+0	1.216120E+5
1.054000E-2	0.000000E+0	1.214160E+5
1.056000E-2	0.000000E+0	1.216160E+5
1.058000E-2	0.000000E+0	1.215510E+5
1.060000E-2	0.000000E+0	1.206110E+5
1.062000E-2	0.000000E+0	1.210610E+5
1.064000E-2	0.000000E+0	1.214180E+5
1.066000E-2	0.000000E+0	1.217820E+5
1.068000E-2	0.000000E+0	1.210420E+5
1.070000E-2	0.000000E+0	1.211050E+5
1.072000E-2	0.000000E+0	1.210370E+5
1.074000E-2	0.000000E+0	1.215190E+5
1.076000E-2	0.000000E+0	1.214620E+5
1.078000E-2	0.000000E+0	1.212650E+5
1.080000E-2	0.000000E+0	1.214500E+5
1.082000E-2	0.000000E+0	1.209850E+5
1.084000E-2	0.000000E+0	1.211450E+5
1.086000E-2	0.000000E+0	1.210900E+5
1.088000E-2	0.000000E+0	1.215980E+5
1.090000E-2	0.000000E+0	1.216270E+5
1.092000E-2	0.000000E+0	1.212720E+5
1.094000E-2	0.000000E+0	1.215290E+5
1.096000E-2	0.000000E+0	1.217100E+5
1.098000E-2	0.000000E+0	1.214430E+5
1.100000E-2	0.000000E+0	1.214240E+5
1.102000E-2	0.000000E+0	1.207800E+5
1.104000E-2	0.000000E+0	1.217050E+5
1.106000E-2	0.000000E+0	1.207900E+5
1.108000E-2	0.000000E+0	1.219770E+5
1.110000E-2	0.000000E+0	1.219200E+5
1.112000E-2	0.000000E+0	1.210940E+5
1.114000E-2	0.000000E+0	1.214500E+5
1.116000E-2	0.000000E+0	1.212470E+5
1.118000E-2	0.000000E+0	1.213110E+5
1.120000E-2	0.000000E+0	1.210180E+5
1.122000E-2	0.000000E+0	1.210550E+5
1.124000E-2	0.000000E+0	1.219400E+5
1.126000E-2	0.000000E+0	1.217320E+5
1.128000E-2	0.000000E+0	1.221030E+5
1.130000E-2	0.000000E+0	1.207830E+5
1.132000E-2	0.000000E+0	1.220700E+5
1.134000E-2	0.000000E+0	1.216540E+5
1.136000E-2	0.000000E+0	1.213610E+5
1.138000E-2	0.000000E+0	1.215120E+5
1.140000E-2	0.000000E+0	1.214670E+5
1.142000E-2	0.000000E+0	1.211120E+5
1.144000E-2	0.000000E+0	1.214310E+5
1.146000E-2	0.000000E+0	1.217600E+5
1.148000E-2	0.000000E+0	1.215260E+5
1.150000E-2	0.000000E+0	1.214710E+5
1.152000E-2	0.000000E+0	1.214530E+5
1.154000E-2	0.000000E+0	1.212180E+5
1.156000E-2	0.000000E+0	1.215310E+5
1.158000E-2	0.000000E+0	1.214290E+5
1.160000E-2	0.000000E+0	1.217190E+5
1.162000E-2	0.000000E+0	1.215550E+5
1.164000E-2	0.000000E+0	1.213930E+5
1.166000E-2	0.000000E+0	1.207380E+5
1.168000E-2	0.000000E+0	1.218730E+5
1.170000E-2	0.000000E+0	1.219450E+5
1.172000E-2	0.000000E+0	1.210500E+5
1.174000E-2	0.000000E+0	1.212750E+5
1.176000E-2	0.000000E+0	1.214150E+5
1.178000E-2	0.000000E+0	1.215720E+5
1.180000E-2	0.000000E+0	1.212220E+5
1.182000E-2	0.000000E+0	1.219880E+5
1.184000E-2	0.000000E+0	1.214130E+5
1.186000E-2	0.000000E+0	1.209790E+5
1.188000E-2	0.000000E+0	1.209350E+5
1.190000E-2	0.000000E+0	1.213930E+5
1.192000E-2	0.000000E+0	1.212750E+5
1.194000E-2	0.000000E+0	1.216900E+5
1.196000E-2	0.000000E+0	1.209420E+5
1.198000E-2	0.000000E+0	1.209910E+5
1.200000E-2	0.000000E+0	1.210980E+5
1.202000E-2	0.000000E+0	1.213780E+5
1.204000E-2	0.000000E+0	1.213040E+5
1.206000E-2	0.000000E+0	1.219110E+5
1.208000E-2	0.000000E+0	1.216670E+5
1.210000E-2	0.000000E+0	1.216120E+5
1.212000E-2	0.000000E+0	1.208810E+5
1.214000E-2	0.000000E+0	1.209670E+5
1.216000E-2	0.000000E+0	1.214800E+5
1.218000E-2	0.000000E+0	1.212580E+5
1.220000E-2	0.000000E+0	1.215140E+5
1.222000E-2	0.000000E+0	1.215950E+5
1.224000E-2	0.000000E+0	1.215700E+5
1.226000E-2	0.000000E+0	1.207830E+5
1.228000E-2	0.000000E+0	1.214590E+5
1.230000E-2	0.000000E+0	1.210000E+5
1.232000E-2	0.000000E+0	1.215720E+5
1.234000E-2	0.000000E+0	1.215820E+5
1.236000E-2	0.000000E+0	1.214510E+5
1.238000E-2	0.000000E+0	1.212030E+5
1.240000E-2	0.000000E+0	1.210370E+5
1.242000E-2	0.000000E+0	1.219440E+5
1.244000E-2	0.000000E+0	1.215750E+5
1.246000E-2	0.000000E+0	1.206500E+5
1.248000E-2	0.000000E+0	1.214130E+5
1.250000E-2	0.000000E+0	1.215530E+5
1.252000E-2	0.000000E+0	1.216140E+5
1.254000E-2	0.000000E+0	1.208540E+5
1.256000E-2	0.000000E+0	1.215700E+5
1.258000E-2	0.000000E+0	1.219710E+5
1.260000E-2	0.000000E+0	1.218430E+5
1.262000E-2	0.000000E+0	1.208290E+5
1.264000E-2	0.000000E+0	1.214620E+5
1.266000E-2	0.000000E+0	1.214350E+5
1.268000E-2	0.000000E+0	1.214970E+5
1.270000E-2	0.000000E+0	1.213750E+5
1.272000E-2	0.000000E+0	1.212000E+5
1.274000E-2	0.000000E+0	1.212640E+5
1.276000E-2	0.000000E+0	1.218150E+5
1.278000E-2	0.000000E+0	1.214590E+5
1.280000E-2	0.000000E+0	1.213510E+5
1.282000E-2	0.000000E+0	1.207330E+5
1.284000E-2	0.000000E+0	1.214840E+5
1.286000E-2	0.000000E+0	1.218960E+5
1.288000E-2	0.000000E+0	1.215870E+5
1.290000E-2	0.000000E+0	1.209340E+5
1.292000E-2	0.000000E+0	1.214440E+5
1.294000E-2	0.000000E+0	1.212900E+5
1.296000E-2	0.000000E+0	1.213070E+5
1.298000E-2	0.000000E+0	1.215120E+5
1.300000E-2	0.000000E+0	1.209380E+5
1.302000E-2	0.000000E+0	1.217590E+5
1.304000E-2	0.000000E+0	1.214500E+5
1.306000E-2	0.000000E+0	1.210180E+5
1.308000E-2	0.000000E+0	1.219320E+5
1.310000E-2	0.000000E+0	1.218050E+5
1.312000E-2	0.000000E+0	1.212750E+5
1.314000E-2	0.000000E+0	1.211070E+5
1.316000E-2	0.000000E+0	1.215570E+5
1.318000E-2	0.000000E+0	1.212670E+5
1.320000E-2	0.000000E+0	1.215920E+5
1.322000E-2	0.000000E+0	1.212320E+5
1.324000E-2	0.000000E+0	1.210170E+5
1.326000E-2	0.000000E+0	1.216960E+5
1.328000E-2	0.000000E+0	1.219750E+5
1.330000E-2	0.000000E+0	1.216910E+5
1.332000E-2	0.000000E+0	1.219590E+5
1.334000E-2	0.000000E+0	1.212090E+5
1.336000E-2	0.000000E+0	1.212540E+5
1.338000E-2	0.000000E+0	1.209910E+5
1.340000E-2	0.000000E+0	1.215780E+5
1.342000E-2	0.000000E+0	1.218680E+5
1.344000E-2	0.000000E+0	1.214840E+5
1.346000E-2	0.000000E+0	1.213720E+5
1.348000E-2	0.000000E+0	1.213230E+5
1.350000E-2	0.000000E+0	1.214070E+5
1.352000E-2	0.000000E+0	1.215550E+5
1.354000E-2	0.000000E+0	1.215780E+5
1.356000E-2	0.000000E+0	1.211640E+5
1.358000E-2	0.000000E+0	1.201440E+5
1.360000E-2	0.000000E+0	1.211480E+5
1.362000E-2	0.000000E+0	1.208340E+5
1.364000E-2	0.000000E+0	1.209480E+5
1.366000E-2	0.000000E+0	1.208370E+5
1.368000E-2	0.000000E+0	1.216950E+5
1.370000E-2	0.000000E+0	1.215440E+5
1.372000E-2	0.000000E+0	1.214570E+5
1.374000E-2	0.000000E+0	1.211490E+5
1.376000E-2	0.000000E+0	1.215440E+5
1.378000E-2	0.000000E+0	1.222200E+5
1.380000E-2	0.000000E+0	1.207860E+5
1.382000E-2	0.000000E+0	1.206510E+5
1.384000E-2	0.000000E+0	1.210240E+5
1.386000E-2	0.000000E+0	1.217860E+5
1.388000E-2	0.000000E+0	1.213070E+5
1.390000E-2	0.000000E+0	1.214180E+5
1.392000E-2	0.000000E+0	1.211210E+5
1.394000E-2	0.000000E+0	1.220490E+5
1.396000E-2	0.000000E+0	1.207400E+5
1.398000E-2	0.000000E+0	1.219960E+5
1.400000E-2	0.000000E+0	1.213790E+5
1.402000E-2	0.000000E+0	1.212910E+5
1.404000E-2	0.000000E+0	1.217880E+5
1.406000E-2	0.000000E+0	1.210770E+5
1.408000E-2	0.000000E+0	1.217680E+5
1.410000E-2	0.000000E+0	1.213870E+5
1.412000E-2	0.000000E+0	1.209950E+5
1.414000E-2	0.000000E+0	1.209540E+5
1.416000E-2	0.000000E+0	1.217980E+5
1.418000E-2	0.000000E+0	1.214260E+5
1.420000E-2	0.000000E+0	1.218290E+5
1.422000E-2	0.000000E+0	1.211250E+5
1.424000E-2	0.000000E+0	1.211200E+5
1.426000E-2	0.000000E+0	1.216400E+5
1.428000E-2	0.000000E+0	1.215840E+5
1.430000E-2	0.000000E+0	1.213820E+5
1.432000E-2	0.000000E+0	1.218210E+5
1.434000E-2	0.000000E+0	1.212270E+5
1.436000E-2	0.000000E+0	1.213590E+5
1.438000E-2	0.000000E+0	1.213440E+5
1.440000E-2	0.000000E+0	1.211860E+5
1.442000E-2	0.000000E+0	1.216900E+5
1.444000E-2	0.000000E+0	1.216570E+5
1.446000E-2	0.000000E+0	1.214540E+5
1.448000E-2	0.000000E+0	1.211220E+5
1.450000E-2	0.000000E+0	1.212680E+5
1.452000E-2	0.000000E+0	1.216240E+5
1.454000E-2	0.000000E+0	1.213720E+5
1.456000E-2	0.000000E+0	1.212430E+5
1.458000E-2	0.000000E+0	1.209350E+5
1.460000E-2	0.000000E+0	1.210190E+5
1.462000E-2	0.000000E+0	1.219720E+5
1.464000E-2	0.000000E+0	1.214340E+5
1.466000E-2	0.000000E+0	1.212510E+5
1.468000E-2	0.000000E+0	1.217140E+5
1.470000E-2	0.000000E+0	1.208760E+5
1.472000E-2	0.000000E+0	1.211150E+5
1.474000E-2	0.000000E+0	1.215910E+5
1.476000E-2	0.000000E+0	1.211720E+5
1.478000E-2	0.000000E+0	1.219670E+5
1.480000E-2	0.000000E+0	1.214500E+5
1.482000E-2	0.000000E+0	1.214470E+5
1.484000E-2	0.000000E+0	1.212820E+5
1.486000E-2	0.000000E+0	1.214450E+5
1.488000E-2	0.000000E+0	1.209780E+5
1.490000E-2	0.000000E+0	1.213890E+5
1.492000E-2	0.000000E+0	1.213530E+5
1.494000E-2	0.000000E+0	1.216460E+5
1.496000E-2	0.000000E+0	1.216680E+5
1.498000E-2	0.000000E+0	1.215510E+5
1.500000E-2	0.000000E+0	1.214210E+5
1.502000E-2	0.000000E+0	1.215000E+5
1.504000E-2	0.000000E+0	1.222310E+5
1.506000E-2	0.000000E+0	1.211600E+5
1.508000E-2	0.000000E+0	1.215860E+5
1.510000E-2	0.000000E+0	1.215250E+5
1.512000E-2	0.000000E+0	1.214860E+5
1.514000E-2	0.000000E+0	1.207730E+5
1.516000E-2	0.000000E+0	1.214670E+5
1.518000E-2	0.000000E+0	1.217270E+5
1.520000E-2	0.000000E+0	1.210460E+5
1.522000E-2	0.000000E+0	1.213550E+5
1.524000E-2	0.000000E+0	1.217670E+5
1.526000E-2	0.000000E+0	1.207130E+5
1.528000E-2	0.000000E+0	1.218030E+5
1.530000E-2	0.000000E+0	1.217760E+5
1.532000E-2	0.000000E+0	1.214680E+5
1.534000E-2	0.000000E+0	1.212730E+5
1.536000E-2	0.000000E+0	1.212100E+5
1.538000E-2	0.000000E+0	1.214250E+5
1.540000E-2	0.000000E+0	1.212540E+5
1.542000E-2	0.000000E+0	1.211020E+5
1.544000E-2	0.000000E+0	1.215050E+5
1.546000E-2	0.000000E+0	1.207040E+5
1.548000E-2	0.000000E+0	1.211430E+5
1.550000E-2	0.000000E+0	1.215800E+5
1.552000E-2	0.000000E+0	1.212290E+5
1.554000E-2	0.000000E+0	1.211000E+5
1.556000E-2	0.000000E+0	1.218610E+5
1.558000E-2	0.000000E+0	1.215060E+5
1.560000E-2	0.000000E+0	1.214030E+5
1.562000E-2	0.000000E+0	1.210000E+5
1.564000E-2	0.000000E+0	1.209280E+5
1.566000E-2	0.000000E+0	1.212040E+5
1.568000E-2	0.000000E+0	1.210920E+5
1.570000E-2	0.000000E+0	1.214640E+5
1.572000E-2	0.000000E+0	1.214570E+5
1.574000E-2	0.000000E+0	1.214380E+5
1.576000E-2	0.000000E+0	1.209420E+5
1.578000E-2	0.000000E+0	1.211150E+5
1.580000E-2	0.000000E+0	1.219210E+5
1.582000E-2	0.000000E+0	1.214650E+5
1.584000E-2	0.000000E+0	1.210270E+5
1.586000E-2	0.000000E+0	1.211040E+5
1.588000E-2	0.000000E+0	1.211930E+5
1.590000E-2	0.000000E+0	1.214450E+5
1.592000E-2	0.000000E+0	1.209800E+5
1.594000E-2	0.000000E+0	1.212720E+5
1.596000E-2	0.000000E+0	1.212720E+5
1.598000E-2	0.000000E+0	1.212800E+5
1.600000E-2	0.000000E+0	1.211400E+5
1.602000E-2	0.000000E+0	1.212710E+5
1.604000E-2	0.000000E+0	1.213020E+5
1.606000E-2	0.000000E+0	1.215490E+5
1.608000E-2	0.000000E+0	1.212950E+5
1.610000E-2	0.000000E+0	1.213270E+5
1.612000E-2	0.000000E+0	1.205930E+5
1.614000E-2	0.000000E+0	1.215240E+5
1.616000E-2	0.000000E+0	1.217210E+5
1.618000E-2	0.000000E+0	1.204040E+5
1.620000E-2	0.000000E+0	1.207940E+5
1.622000E-2	0.000000E+0	1.207370E+5
1.624000E-2	0.000000E+0	1.213870E+5
1.626000E-2	0.000000E+0	1.207430E+5
1.628000E-2	0.000000E+0	1.210870E+5
1.630000E-2	0.000000E+0	1.210410E+5
1.632000E-2	0.000000E+0	1.211140E+5
1.634000E-2	0.000000E+0	1.213210E+5
1.636000E-2	0.000000E+0	1.208620E+5
1.638000E-2	0.000000E+0	1.211750E+5
1.640000E-2	0.000000E+0	1.208300E+5
1.642000E-2	0.000000E+0	1.210280E+5
1.644000E-2	0.000000E+0	1.213240E+5
1.646000E-2	0.000000E+0	1.204060E+5
1.648000E-2	0.000000E+0	1.217330E+5
1.650000E-2	0.000000E+0	1.214610E+5
1.652000E-2	0.000000E+0	1.211130E+5
1.654000E-2	0.000000E+0	1.204950E+5
1.656000E-2	0.000000E+0	1.207620E+5
1.658000E-2	0.000000E+0	1.214320E+5
1.660000E-2	0.000000E+0	1.204860E+5
1.662000E-2	0.000000E+0	1.207340E+5
1.664000E-2	0.000000E+0	1.215370E+5
1.666000E-2	0.000000E+0	1.213700E+5
1.668000E-2	0.000000E+0	1.208270E+5
1.670000E-2	0.000000E+0	1.208260E+5
1.672000E-2	0.000000E+0	1.210440E+5
1.674000E-2	0.000000E+0	1.203020E+5
1.676000E-2	0.000000E+0	1.207750E+5
1.678000E-2	0.000000E+0	1.210530E+5
1.680000E-2	0.000000E+0	1.210580E+5
1.682000E-2	0.000000E+0	1.208470E+5
1.684000E-2	0.000000E+0	1.202460E+5
1.686000E-2	0.000000E+0	1.203070E+5
1.688000E-2	0.000000E+0	1.203340E+5
1.690000E-2	0.000000E+0	1.198030E+5
1.692000E-2	0.000000E+0	1.201470E+5
1.694000E-2	0.000000E+0	1.200020E+5
1.696000E-2	0.000000E+0	1.194300E+5
1.698000E-2	0.000000E+0	1.192630E+5
1.700000E-2	0.000000E+0	1.190120E+5
1.702000E-2	0.000000E+0	1.184820E+5
1.704000E-2	0.000000E+0	1.173600E+5
1.706000E-2	0.000000E+0	1.166250E+5
1.708000E-2	0.000000E+0	1.161260E+5
1.710000E-2	0.000000E+0	1.133360E+5
1.712000E-2	0.000000E+0	1.111640E+5
1.714000E-2	0.000000E+0	1.060210E+5
1.716000E-2	0.000000E+0	9.886200E+4
1.718000E-2	0.000000E+0	9.055800E+4
1.720000E-2	0.000000E+0	8.143800E+4
1.722000E-2	0.000000E+0	7.476700E+4
1.724000E-2	0.000000E+0	7.185900E+4
1.726000E-2	0.000000E+0	7.401200E+4
1.728000E-2	0.000000E+0	7.993100E+4
1.730000E-2	0.000000E+0	8.858800E+4
1.732000E-2	0.000000E+0	9.667900E+4
1.734000E-2	0.000000E+0	1.042080E+5
1.736000E-2	0.000000E+0	1.091840E+5
1.738000E-2	0.000000E+0	1.126220E+5
1.740000E-2	0.000000E+0	1.153710E+5
1.742000E-2	0.000000E+0	1.167320E+5
1.744000E-2	0.000000E+0	1.178360E+5
1.746000E-2	0.000000E+0	1.184990E+5
1.748000E-2	0.000000E+0	1.188150E+5
1.750000E-2	0.000000E+0	1.190350E+5
1.752000E-2	0.000000E+0	1.191660E+5
1.754000E-2	0.000000E+0	1.207880E+5
1.756000E-2	0.000000E+0	1.193880E+5
1.758000E-2	0.000000E+0	1.199040E+5
1.760000E-2	0.000000E+0	1.205070E+5
1.762000E-2	0.000000E+0	1.201460E+5
1.764000E-2	0.000000E+0	1.206150E+5
1.766000E-2	0.000000E+0	1.205260E+5
1.768000E-2	0.000000E+0	1.209630E+5
1.770000E-2	0.000000E+0	1.209920E+5
1.772000E-2	0.000000E+0	1.210580E+5
1.774000E-2	0.000000E+0	1.203060E+5
1.776000E-2	0.000000E+0	1.206720E+5
1.778000E-2	0.000000E+0	1.208180E+5
1.780000E-2	0.000000E+0	1.209940E+5
1.782000E-2	0.000000E+0	1.210180E+5
1.784000E-2	0.000000E+0	1.213910E+5
1.786000E-2	0.000000E+0	1.216500E+5
1.788000E-2	0.000000E+0	1.211130E+5
1.790000E-2	0.000000E+0	1.205970E+5
1.792000E-2	0.000000E+0	1.211270E+5
1.794000E-2	0.000000E+0	1.212050E+5
1.796000E-2	0.000000E+0	1.214530E+5
1.798000E-2	0.000000E+0	1.209620E+5
1.800000E-2	0.000000E+0	1.210750E+5
1.802000E-2	0.000000E+0	1.207930E+5
1.804000E-2	0.000000E+0	1.213840E+5
1.806000E-2	0.000000E+0	1.211350E+5
1.808000E-2	0.000000E+0	1.208810E+5
1.810000E-2	0.000000E+0	1.214390E+5
1.812000E-2	0.000000E+0	1.212590E+5
1.814000E-2	0.000000E+0	1.208750E+5
1.816000E-2	0.000000E+0	1.212510E+5
1.818000E-2	0.000000E+0	1.208390E+5
1.820000E-2	0.000000E+0	1.214990E+5
1.822000E-2	0.000000E+0	1.206070E+5
1.824000E-2	0.000000E+0	1.209270E+5
1.826000E-2	0.000000E+0	1.209780E+5
1.828000E-2	0.000000E+0	1.214420E+5
1.830000E-2	0.000000E+0	1.210470E+5
1.832000E-2	0.000000E+0	1.214390E+5
1.834000E-2	0.000000E+0	1.213220E+5
1.836000E-2	0.000000E+0	1.205720E+5
1.838000E-2	0.000000E+0	1.217440E+5
1.840000E-2	0.000000E+0	1.219460E+5
1.842000E-2	0.000000E+0	1.214560E+5
1.844000E-2	0.000000E+0	1.216780E+5
1.846000E-2	0.000000E+0	1.215000E+5
1.848000E-2	0.000000E+0	1.204980E+5
1.850000E-2	0.000000E+0	1.212020E+5
1.852000E-2	0.000000E+0	1.209010E+5
1.854000E-2	0.000000E+0	1.209800E+5
1.856000E-2	0.000000E+0	1.214300E+5
1.858000E-2	0.000000E+0	1.206620E+5
1.860000E-2	0.000000E+0	1.211270E+5
1.862000E-2	0.000000E+0	1.213370E+5
1.864000E-2	0.000000E+0	1.220950E+5
1.866000E-2	0.000000E+0	1.204740E+5
1.868000E-2	0.000000E+0	1.217370E+5
1.870000E-2	0.000000E+0	1.211430E+5
1.872000E-2	0.000000E+0	1.212450E+5
1.874000E-2	0.000000E+0	1.212390E+5
1.876000E-2	0.000000E+0	1.207250E+5
1.878000E-2	0.000000E+0	1.207770E+5
1.880000E-2	0.000000E+0	1.210870E+5
1.882000E-2	0.000000E+0	1.214240E+5
1.884000E-2	0.000000E+0	1.211150E+5
1.886000E-2	0.000000E+0	1.215830E+5
1.888000E-2	0.000000E+0	1.210200E+5
1.890000E-2	0.000000E+0	1.211120E+5
1.892000E-2	0.000000E+0	1.209990E+5
1.894000E-2	0.000000E+0	1.213160E+5
1.896000E-2	0.000000E+0	1.213110E+5
1.898000E-2	0.000000E+0	1.223440E+5
1.900000E-2	0.000000E+0	1.212380E+5
1.902000E-2	0.000000E+0	1.210370E+5
1.904000E-2	0.000000E+0	1.213590E+5
1.906000E-2	0.000000E+0	1.211990E+5
1.908000E-2	0.000000E+0	1.217510E+5
1.910000E-2	0.000000E+0	1.205950E+5
1.912000E-2	0.000000E+0	1.211060E+5
1.914000E-2	0.000000E+0	1.217730E+5
1.916000E-2	0.000000E+0	1.209560E+5
1.918000E-2	0.000000E+0	1.212720E+5
1.920000E-2	0.000000E+0	1.208060E+5
1.922000E-2	0.000000E+0	1.209830E+5
1.924000E-2	0.000000E+0	1.221800E+5
1.926000E-2	0.000000E+0	1.215000E+5
1.928000E-2	0.000000E+0	1.212220E+5
1.930000E-2	0.000000E+0	1.211650E+5
1.932000E-2	0.000000E+0	1.217650E+5
1.934000E-2	0.000000E+0	1.214290E+5
1.936000E-2	0.000000E+0	1.211110E+5
1.938000E-2	0.000000E+0	1.215510E+5
1.940000E-2	0.000000E+0	1.209820E+5
1.942000E-2	0.000000E+0	1.212970E+5
1.944000E-2	0.000000E+0	1.212890E+5
1.946000E-2	0.000000E+0	1.213060E+5
1.948000E-2	0.000000E+0	1.213360E+5
1.950000E-2	0.000000E+0	1.216330E+5
1.952000E-2	0.000000E+0	1.213510E+5
1.954000E-2	0.000000E+0	1.215160E+5
1.956000E-2	0.000000E+0	1.213410E+5
1.958000E-2	0.000000E+0	1.212610E+5
1.960000E-2	0.000000E+0	1.207220E+5
1.962000E-2	0.000000E+0	1.212330E+5
1.964000E-2	0.000000E+0	1.214680E+5
1.966000E-2	0.000000E+0	1.214220E+5
1.968000E-2	0.000000E+0	1.211640E+5
1.970000E-2	0.000000E+0	1.216420E+5
1.972000E-2	0.000000E+0	1.209200E+5
1.974000E-2	0.000000E+0	1.210510E+5
1.976000E-2	0.000000E+0	1.208050E+5
1.978000E-2	0.000000E+0	1.212280E+5
1.980000E-2	0.000000E+0	1.213800E+5
1.982000E-2	0.000000E+0	1.214570E+5
1.984000E-2	0.000000E+0	1.210780E+5
1.986000E-2	0.000000E+0	1.217740E+5
1.988000E-2	0.000000E+0	1.218300E+5
1.990000E-2	0.000000E+0	1.218570E+5
1.992000E-2	0.000000E+0	1.216340E+5
1.994000E-2	0.000000E+0	1.218640E+5
1.996000E-2	0.000000E+0	1.213740E+5
1.998000E-2	0.000000E+0	1.211650E+5
