

live time:  195724.460000
real time:  226808.485000
sweeps:  9786223.000000
0.000000E+0	0.000000E+0	0.000000E+0
2.000000E-5	0.000000E+0	9.779500E+4
4.000000E-5	0.000000E+0	9.785500E+4
6.000000E-5	0.000000E+0	9.797900E+4
8.000000E-5	0.000000E+0	9.836700E+4
1.000000E-4	0.000000E+0	9.752400E+4
1.200000E-4	0.000000E+0	9.805300E+4
1.400000E-4	0.000000E+0	9.845300E+4
1.600000E-4	0.000000E+0	9.859100E+4
1.800000E-4	0.000000E+0	9.842700E+4
2.000000E-4	0.000000E+0	9.827200E+4
2.200000E-4	0.000000E+0	9.862100E+4
2.400000E-4	0.000000E+0	9.826400E+4
2.600000E-4	0.000000E+0	9.853900E+4
2.800000E-4	0.000000E+0	9.817300E+4
3.000000E-4	0.000000E+0	9.834900E+4
3.200000E-4	0.000000E+0	9.787300E+4
3.400000E-4	0.000000E+0	9.828500E+4
3.600000E-4	0.000000E+0	9.792800E+4
3.800000E-4	0.000000E+0	9.849000E+4
4.000000E-4	0.000000E+0	9.875100E+4
4.200000E-4	0.000000E+0	9.827500E+4
4.400000E-4	0.000000E+0	9.757100E+4
4.600000E-4	0.000000E+0	9.807000E+4
4.800000E-4	0.000000E+0	9.849900E+4
5.000000E-4	0.000000E+0	9.811600E+4
5.200000E-4	0.000000E+0	9.846300E+4
5.400000E-4	0.000000E+0	9.835700E+4
5.600000E-4	0.000000E+0	9.856200E+4
5.800000E-4	0.000000E+0	9.797000E+4
6.000000E-4	0.000000E+0	9.779500E+4
6.200000E-4	0.000000E+0	9.796100E+4
6.400000E-4	0.000000E+0	9.791100E+4
6.600000E-4	0.000000E+0	9.799900E+4
6.800000E-4	0.000000E+0	9.784700E+4
7.000000E-4	0.000000E+0	9.830000E+4
7.200000E-4	0.000000E+0	9.845600E+4
7.400000E-4	0.000000E+0	9.809800E+4
7.600000E-4	0.000000E+0	9.792900E+4
7.800000E-4	0.000000E+0	9.810700E+4
8.000000E-4	0.000000E+0	9.842300E+4
8.200000E-4	0.000000E+0	9.798800E+4
8.400000E-4	0.000000E+0	9.820400E+4
8.600000E-4	0.000000E+0	9.819100E+4
8.800000E-4	0.000000E+0	9.840500E+4
9.000000E-4	0.000000E+0	9.744000E+4
9.200000E-4	0.000000E+0	9.804000E+4
9.400000E-4	0.000000E+0	9.849500E+4
9.600000E-4	0.000000E+0	9.801700E+4
9.800000E-4	0.000000E+0	9.828800E+4
1.000000E-3	0.000000E+0	9.787900E+4
1.020000E-3	0.000000E+0	9.829600E+4
1.040000E-3	0.000000E+0	9.843200E+4
1.060000E-3	0.000000E+0	9.810500E+4
1.080000E-3	0.000000E+0	9.800900E+4
1.100000E-3	0.000000E+0	9.821000E+4
1.120000E-3	0.000000E+0	9.808800E+4
1.140000E-3	0.000000E+0	9.827000E+4
1.160000E-3	0.000000E+0	9.817400E+4
1.180000E-3	0.000000E+0	9.791700E+4
1.200000E-3	0.000000E+0	9.848200E+4
1.220000E-3	0.000000E+0	9.794300E+4
1.240000E-3	0.000000E+0	9.813800E+4
1.260000E-3	0.000000E+0	9.777600E+4
1.280000E-3	0.000000E+0	9.822000E+4
1.300000E-3	0.000000E+0	9.839200E+4
1.320000E-3	0.000000E+0	9.804500E+4
1.340000E-3	0.000000E+0	9.862600E+4
1.360000E-3	0.000000E+0	9.829600E+4
1.380000E-3	0.000000E+0	9.827300E+4
1.400000E-3	0.000000E+0	9.832100E+4
1.420000E-3	0.000000E+0	9.805800E+4
1.440000E-3	0.000000E+0	9.831000E+4
1.460000E-3	0.000000E+0	9.855200E+4
1.480000E-3	0.000000E+0	9.800900E+4
1.500000E-3	0.000000E+0	9.718600E+4
1.520000E-3	0.000000E+0	9.793400E+4
1.540000E-3	0.000000E+0	9.845300E+4
1.560000E-3	0.000000E+0	9.815700E+4
1.580000E-3	0.000000E+0	9.802400E+4
1.600000E-3	0.000000E+0	9.849400E+4
1.620000E-3	0.000000E+0	9.896000E+4
1.640000E-3	0.000000E+0	9.838000E+4
1.660000E-3	0.000000E+0	9.813800E+4
1.680000E-3	0.000000E+0	9.834800E+4
1.700000E-3	0.000000E+0	9.790900E+4
1.720000E-3	0.000000E+0	9.795900E+4
1.740000E-3	0.000000E+0	9.821200E+4
1.760000E-3	0.000000E+0	9.878300E+4
1.780000E-3	0.000000E+0	9.865800E+4
1.800000E-3	0.000000E+0	9.793800E+4
1.820000E-3	0.000000E+0	9.855500E+4
1.840000E-3	0.000000E+0	9.860500E+4
1.860000E-3	0.000000E+0	9.830100E+4
1.880000E-3	0.000000E+0	9.826300E+4
1.900000E-3	0.000000E+0	9.833400E+4
1.920000E-3	0.000000E+0	9.829100E+4
1.940000E-3	0.000000E+0	9.835400E+4
1.960000E-3	0.000000E+0	9.812300E+4
1.980000E-3	0.000000E+0	9.865700E+4
2.000000E-3	0.000000E+0	9.832700E+4
2.020000E-3	0.000000E+0	9.855500E+4
2.040000E-3	0.000000E+0	9.828900E+4
2.060000E-3	0.000000E+0	9.900400E+4
2.080000E-3	0.000000E+0	9.752800E+4
2.100000E-3	0.000000E+0	9.792300E+4
2.120000E-3	0.000000E+0	9.837500E+4
2.140000E-3	0.000000E+0	9.822300E+4
2.160000E-3	0.000000E+0	9.815500E+4
2.180000E-3	0.000000E+0	9.842800E+4
2.200000E-3	0.000000E+0	9.789200E+4
2.220000E-3	0.000000E+0	9.762400E+4
2.240000E-3	0.000000E+0	9.829600E+4
2.260000E-3	0.000000E+0	9.811800E+4
2.280000E-3	0.000000E+0	9.852700E+4
2.300000E-3	0.000000E+0	9.865500E+4
2.320000E-3	0.000000E+0	9.804300E+4
2.340000E-3	0.000000E+0	9.763500E+4
2.360000E-3	0.000000E+0	9.817200E+4
2.380000E-3	0.000000E+0	9.775500E+4
2.400000E-3	0.000000E+0	9.858900E+4
2.420000E-3	0.000000E+0	9.830500E+4
2.440000E-3	0.000000E+0	9.789400E+4
2.460000E-3	0.000000E+0	9.831700E+4
2.480000E-3	0.000000E+0	9.784100E+4
2.500000E-3	0.000000E+0	9.822700E+4
2.520000E-3	0.000000E+0	9.827900E+4
2.540000E-3	0.000000E+0	9.838000E+4
2.560000E-3	0.000000E+0	9.788500E+4
2.580000E-3	0.000000E+0	9.850700E+4
2.600000E-3	0.000000E+0	9.854400E+4
2.620000E-3	0.000000E+0	9.783800E+4
2.640000E-3	0.000000E+0	9.814300E+4
2.660000E-3	0.000000E+0	9.792000E+4
2.680000E-3	0.000000E+0	9.881900E+4
2.700000E-3	0.000000E+0	9.809600E+4
2.720000E-3	0.000000E+0	9.759700E+4
2.740000E-3	0.000000E+0	9.820600E+4
2.760000E-3	0.000000E+0	9.861900E+4
2.780000E-3	0.000000E+0	9.812700E+4
2.800000E-3	0.000000E+0	9.787400E+4
2.820000E-3	0.000000E+0	9.769500E+4
2.840000E-3	0.000000E+0	9.845800E+4
2.860000E-3	0.000000E+0	9.834800E+4
2.880000E-3	0.000000E+0	9.844200E+4
2.900000E-3	0.000000E+0	9.754300E+4
2.920000E-3	0.000000E+0	9.827600E+4
2.940000E-3	0.000000E+0	9.789300E+4
2.960000E-3	0.000000E+0	9.813000E+4
2.980000E-3	0.000000E+0	9.813500E+4
3.000000E-3	0.000000E+0	9.800800E+4
3.020000E-3	0.000000E+0	9.838800E+4
3.040000E-3	0.000000E+0	9.822800E+4
3.060000E-3	0.000000E+0	9.843400E+4
3.080000E-3	0.000000E+0	9.778300E+4
3.100000E-3	0.000000E+0	9.859500E+4
3.120000E-3	0.000000E+0	9.817300E+4
3.140000E-3	0.000000E+0	9.789500E+4
3.160000E-3	0.000000E+0	9.796000E+4
3.180000E-3	0.000000E+0	9.814700E+4
3.200000E-3	0.000000E+0	9.835000E+4
3.220000E-3	0.000000E+0	9.789000E+4
3.240000E-3	0.000000E+0	9.808600E+4
3.260000E-3	0.000000E+0	9.833800E+4
3.280000E-3	0.000000E+0	9.836400E+4
3.300000E-3	0.000000E+0	9.853100E+4
3.320000E-3	0.000000E+0	9.839000E+4
3.340000E-3	0.000000E+0	9.797800E+4
3.360000E-3	0.000000E+0	9.838100E+4
3.380000E-3	0.000000E+0	9.789300E+4
3.400000E-3	0.000000E+0	9.827900E+4
3.420000E-3	0.000000E+0	9.813400E+4
3.440000E-3	0.000000E+0	9.777400E+4
3.460000E-3	0.000000E+0	9.852700E+4
3.480000E-3	0.000000E+0	9.861600E+4
3.500000E-3	0.000000E+0	9.866000E+4
3.520000E-3	0.000000E+0	9.819300E+4
3.540000E-3	0.000000E+0	9.899100E+4
3.560000E-3	0.000000E+0	9.793000E+4
3.580000E-3	0.000000E+0	9.834200E+4
3.600000E-3	0.000000E+0	9.735500E+4
3.620000E-3	0.000000E+0	9.827300E+4
3.640000E-3	0.000000E+0	9.837200E+4
3.660000E-3	0.000000E+0	9.819100E+4
3.680000E-3	0.000000E+0	9.836600E+4
3.700000E-3	0.000000E+0	9.809900E+4
3.720000E-3	0.000000E+0	9.772600E+4
3.740000E-3	0.000000E+0	9.799500E+4
3.760000E-3	0.000000E+0	9.825800E+4
3.780000E-3	0.000000E+0	9.831200E+4
3.800000E-3	0.000000E+0	9.779000E+4
3.820000E-3	0.000000E+0	9.787100E+4
3.840000E-3	0.000000E+0	9.840300E+4
3.860000E-3	0.000000E+0	9.822800E+4
3.880000E-3	0.000000E+0	9.767100E+4
3.900000E-3	0.000000E+0	9.766800E+4
3.920000E-3	0.000000E+0	9.837600E+4
3.940000E-3	0.000000E+0	9.833200E+4
3.960000E-3	0.000000E+0	9.816100E+4
3.980000E-3	0.000000E+0	9.810800E+4
4.000000E-3	0.000000E+0	9.808000E+4
4.020000E-3	0.000000E+0	9.826100E+4
4.040000E-3	0.000000E+0	9.817200E+4
4.060000E-3	0.000000E+0	9.765300E+4
4.080000E-3	0.000000E+0	9.815000E+4
4.100000E-3	0.000000E+0	9.820600E+4
4.120000E-3	0.000000E+0	9.796400E+4
4.140000E-3	0.000000E+0	9.836600E+4
4.160000E-3	0.000000E+0	9.752600E+4
4.180000E-3	0.000000E+0	9.817800E+4
4.200000E-3	0.000000E+0	9.780300E+4
4.220000E-3	0.000000E+0	9.839400E+4
4.240000E-3	0.000000E+0	9.781400E+4
4.260000E-3	0.000000E+0	9.792300E+4
4.280000E-3	0.000000E+0	9.889000E+4
4.300000E-3	0.000000E+0	9.791000E+4
4.320000E-3	0.000000E+0	9.860700E+4
4.340000E-3	0.000000E+0	9.835400E+4
4.360000E-3	0.000000E+0	9.853500E+4
4.380000E-3	0.000000E+0	9.771400E+4
4.400000E-3	0.000000E+0	9.903200E+4
4.420000E-3	0.000000E+0	9.811100E+4
4.440000E-3	0.000000E+0	9.818100E+4
4.460000E-3	0.000000E+0	9.840300E+4
4.480000E-3	0.000000E+0	9.805400E+4
4.500000E-3	0.000000E+0	9.787800E+4
4.520000E-3	0.000000E+0	9.840800E+4
4.540000E-3	0.000000E+0	9.844000E+4
4.560000E-3	0.000000E+0	9.864600E+4
4.580000E-3	0.000000E+0	9.859200E+4
4.600000E-3	0.000000E+0	9.856400E+4
4.620000E-3	0.000000E+0	9.807100E+4
4.640000E-3	0.000000E+0	9.850400E+4
4.660000E-3	0.000000E+0	9.812600E+4
4.680000E-3	0.000000E+0	9.806200E+4
4.700000E-3	0.000000E+0	9.816700E+4
4.720000E-3	0.000000E+0	9.843700E+4
4.740000E-3	0.000000E+0	9.806200E+4
4.760000E-3	0.000000E+0	9.790400E+4
4.780000E-3	0.000000E+0	9.757800E+4
4.800000E-3	0.000000E+0	9.861100E+4
4.820000E-3	0.000000E+0	9.788700E+4
4.840000E-3	0.000000E+0	9.814100E+4
4.860000E-3	0.000000E+0	9.821600E+4
4.880000E-3	0.000000E+0	9.832300E+4
4.900000E-3	0.000000E+0	9.850000E+4
4.920000E-3	0.000000E+0	9.794600E+4
4.940000E-3	0.000000E+0	9.875500E+4
4.960000E-3	0.000000E+0	9.833100E+4
4.980000E-3	0.000000E+0	9.782500E+4
5.000000E-3	0.000000E+0	9.756200E+4
5.020000E-3	0.000000E+0	9.805900E+4
5.040000E-3	0.000000E+0	9.816200E+4
5.060000E-3	0.000000E+0	9.878300E+4
5.080000E-3	0.000000E+0	9.831900E+4
5.100000E-3	0.000000E+0	9.828900E+4
5.120000E-3	0.000000E+0	9.862500E+4
5.140000E-3	0.000000E+0	9.803700E+4
5.160000E-3	0.000000E+0	9.872900E+4
5.180000E-3	0.000000E+0	9.779600E+4
5.200000E-3	0.000000E+0	9.777300E+4
5.220000E-3	0.000000E+0	9.804700E+4
5.240000E-3	0.000000E+0	9.750500E+4
5.260000E-3	0.000000E+0	9.834700E+4
5.280000E-3	0.000000E+0	9.727200E+4
5.300000E-3	0.000000E+0	9.736900E+4
5.320000E-3	0.000000E+0	9.776300E+4
5.340000E-3	0.000000E+0	9.758800E+4
5.360000E-3	0.000000E+0	9.777700E+4
5.380000E-3	0.000000E+0	9.753800E+4
5.400000E-3	0.000000E+0	9.754300E+4
5.420000E-3	0.000000E+0	9.748600E+4
5.440000E-3	0.000000E+0	9.719100E+4
5.460000E-3	0.000000E+0	9.776400E+4
5.480000E-3	0.000000E+0	9.678400E+4
5.500000E-3	0.000000E+0	9.687800E+4
5.520000E-3	0.000000E+0	9.729900E+4
5.540000E-3	0.000000E+0	9.701500E+4
5.560000E-3	0.000000E+0	9.720400E+4
5.580000E-3	0.000000E+0	9.677400E+4
5.600000E-3	0.000000E+0	9.713100E+4
5.620000E-3	0.000000E+0	9.552200E+4
5.640000E-3	0.000000E+0	9.509600E+4
5.660000E-3	0.000000E+0	9.432600E+4
5.680000E-3	0.000000E+0	9.247300E+4
5.700000E-3	0.000000E+0	9.169800E+4
5.720000E-3	0.000000E+0	8.855700E+4
5.740000E-3	0.000000E+0	8.444000E+4
5.760000E-3	0.000000E+0	7.911500E+4
5.780000E-3	0.000000E+0	7.172800E+4
5.800000E-3	0.000000E+0	6.472600E+4
5.820000E-3	0.000000E+0	5.991400E+4
5.840000E-3	0.000000E+0	5.826300E+4
5.860000E-3	0.000000E+0	6.024100E+4
5.880000E-3	0.000000E+0	6.550100E+4
5.900000E-3	0.000000E+0	7.317000E+4
5.920000E-3	0.000000E+0	8.014700E+4
5.940000E-3	0.000000E+0	8.643900E+4
5.960000E-3	0.000000E+0	8.950900E+4
5.980000E-3	0.000000E+0	9.242100E+4
6.000000E-3	0.000000E+0	9.434000E+4
6.020000E-3	0.000000E+0	9.476800E+4
6.040000E-3	0.000000E+0	9.548900E+4
6.060000E-3	0.000000E+0	9.602100E+4
6.080000E-3	0.000000E+0	9.634500E+4
6.100000E-3	0.000000E+0	9.643000E+4
6.120000E-3	0.000000E+0	9.678800E+4
6.140000E-3	0.000000E+0	9.720600E+4
6.160000E-3	0.000000E+0	9.660000E+4
6.180000E-3	0.000000E+0	9.733400E+4
6.200000E-3	0.000000E+0	9.752900E+4
6.220000E-3	0.000000E+0	9.711600E+4
6.240000E-3	0.000000E+0	9.757400E+4
6.260000E-3	0.000000E+0	9.767000E+4
6.280000E-3	0.000000E+0	9.782800E+4
6.300000E-3	0.000000E+0	9.787400E+4
6.320000E-3	0.000000E+0	9.734500E+4
6.340000E-3	0.000000E+0	9.795900E+4
6.360000E-3	0.000000E+0	9.778100E+4
6.380000E-3	0.000000E+0	9.808600E+4
6.400000E-3	0.000000E+0	9.827100E+4
6.420000E-3	0.000000E+0	9.851500E+4
6.440000E-3	0.000000E+0	9.727000E+4
6.460000E-3	0.000000E+0	9.779000E+4
6.480000E-3	0.000000E+0	9.808200E+4
6.500000E-3	0.000000E+0	9.776500E+4
6.520000E-3	0.000000E+0	9.785600E+4
6.540000E-3	0.000000E+0	9.816900E+4
6.560000E-3	0.000000E+0	9.806300E+4
6.580000E-3	0.000000E+0	9.799200E+4
6.600000E-3	0.000000E+0	9.771200E+4
6.620000E-3	0.000000E+0	9.803200E+4
6.640000E-3	0.000000E+0	9.824800E+4
6.660000E-3	0.000000E+0	9.799500E+4
6.680000E-3	0.000000E+0	9.788800E+4
6.700000E-3	0.000000E+0	9.798700E+4
6.720000E-3	0.000000E+0	9.771700E+4
6.740000E-3	0.000000E+0	9.813900E+4
6.760000E-3	0.000000E+0	9.801600E+4
6.780000E-3	0.000000E+0	9.823100E+4
6.800000E-3	0.000000E+0	9.794400E+4
6.820000E-3	0.000000E+0	9.820300E+4
6.840000E-3	0.000000E+0	9.801200E+4
6.860000E-3	0.000000E+0	9.884100E+4
6.880000E-3	0.000000E+0	9.789100E+4
6.900000E-3	0.000000E+0	9.815000E+4
6.920000E-3	0.000000E+0	9.853400E+4
6.940000E-3	0.000000E+0	9.817600E+4
6.960000E-3	0.000000E+0	9.699800E+4
6.980000E-3	0.000000E+0	9.819600E+4
7.000000E-3	0.000000E+0	9.840300E+4
7.020000E-3	0.000000E+0	9.837400E+4
7.040000E-3	0.000000E+0	9.791500E+4
7.060000E-3	0.000000E+0	9.830000E+4
7.080000E-3	0.000000E+0	9.815500E+4
7.100000E-3	0.000000E+0	9.758300E+4
7.120000E-3	0.000000E+0	9.809400E+4
7.140000E-3	0.000000E+0	9.842800E+4
7.160000E-3	0.000000E+0	9.821200E+4
7.180000E-3	0.000000E+0	9.849800E+4
7.200000E-3	0.000000E+0	9.755300E+4
7.220000E-3	0.000000E+0	9.843100E+4
7.240000E-3	0.000000E+0	9.827600E+4
7.260000E-3	0.000000E+0	9.856800E+4
7.280000E-3	0.000000E+0	9.819500E+4
7.300000E-3	0.000000E+0	9.812000E+4
7.320000E-3	0.000000E+0	9.806000E+4
7.340000E-3	0.000000E+0	9.854800E+4
7.360000E-3	0.000000E+0	9.823200E+4
7.380000E-3	0.000000E+0	9.837000E+4
7.400000E-3	0.000000E+0	9.804300E+4
7.420000E-3	0.000000E+0	9.820300E+4
7.440000E-3	0.000000E+0	9.832500E+4
7.460000E-3	0.000000E+0	9.771600E+4
7.480000E-3	0.000000E+0	9.801900E+4
7.500000E-3	0.000000E+0	9.742600E+4
7.520000E-3	0.000000E+0	9.823300E+4
7.540000E-3	0.000000E+0	9.826700E+4
7.560000E-3	0.000000E+0	9.855400E+4
7.580000E-3	0.000000E+0	9.803300E+4
7.600000E-3	0.000000E+0	9.783700E+4
7.620000E-3	0.000000E+0	9.853800E+4
7.640000E-3	0.000000E+0	9.806800E+4
7.660000E-3	0.000000E+0	9.871100E+4
7.680000E-3	0.000000E+0	9.868800E+4
7.700000E-3	0.000000E+0	9.806200E+4
7.720000E-3	0.000000E+0	9.817200E+4
7.740000E-3	0.000000E+0	9.787500E+4
7.760000E-3	0.000000E+0	9.859400E+4
7.780000E-3	0.000000E+0	9.792700E+4
7.800000E-3	0.000000E+0	9.835100E+4
7.820000E-3	0.000000E+0	9.824000E+4
7.840000E-3	0.000000E+0	9.822300E+4
7.860000E-3	0.000000E+0	9.823200E+4
7.880000E-3	0.000000E+0	9.824800E+4
7.900000E-3	0.000000E+0	9.863300E+4
7.920000E-3	0.000000E+0	9.807300E+4
7.940000E-3	0.000000E+0	9.816800E+4
7.960000E-3	0.000000E+0	9.830400E+4
7.980000E-3	0.000000E+0	9.767900E+4
8.000000E-3	0.000000E+0	9.780900E+4
8.020000E-3	0.000000E+0	9.798300E+4
8.040000E-3	0.000000E+0	9.748200E+4
8.060000E-3	0.000000E+0	9.823300E+4
8.080000E-3	0.000000E+0	9.914700E+4
8.100000E-3	0.000000E+0	9.769900E+4
8.120000E-3	0.000000E+0	9.794000E+4
8.140000E-3	0.000000E+0	9.834200E+4
8.160000E-3	0.000000E+0	9.804800E+4
8.180000E-3	0.000000E+0	9.777800E+4
8.200000E-3	0.000000E+0	9.818900E+4
8.220000E-3	0.000000E+0	9.804300E+4
8.240000E-3	0.000000E+0	9.843400E+4
8.260000E-3	0.000000E+0	9.768600E+4
8.280000E-3	0.000000E+0	9.855200E+4
8.300000E-3	0.000000E+0	9.849900E+4
8.320000E-3	0.000000E+0	9.818400E+4
8.340000E-3	0.000000E+0	9.861800E+4
8.360000E-3	0.000000E+0	9.795400E+4
8.380000E-3	0.000000E+0	9.855400E+4
8.400000E-3	0.000000E+0	9.832700E+4
8.420000E-3	0.000000E+0	9.798800E+4
8.440000E-3	0.000000E+0	9.847400E+4
8.460000E-3	0.000000E+0	9.829100E+4
8.480000E-3	0.000000E+0	9.818800E+4
8.500000E-3	0.000000E+0	9.833900E+4
8.520000E-3	0.000000E+0	9.825300E+4
8.540000E-3	0.000000E+0	9.829500E+4
8.560000E-3	0.000000E+0	9.868000E+4
8.580000E-3	0.000000E+0	9.803500E+4
8.600000E-3	0.000000E+0	9.840800E+4
8.620000E-3	0.000000E+0	9.816300E+4
8.640000E-3	0.000000E+0	9.843100E+4
8.660000E-3	0.000000E+0	9.796000E+4
8.680000E-3	0.000000E+0	9.831800E+4
8.700000E-3	0.000000E+0	9.836000E+4
8.720000E-3	0.000000E+0	9.799900E+4
8.740000E-3	0.000000E+0	9.842700E+4
8.760000E-3	0.000000E+0	9.904500E+4
8.780000E-3	0.000000E+0	9.791100E+4
8.800000E-3	0.000000E+0	9.826300E+4
8.820000E-3	0.000000E+0	9.815400E+4
8.840000E-3	0.000000E+0	9.828500E+4
8.860000E-3	0.000000E+0	9.817200E+4
8.880000E-3	0.000000E+0	9.808300E+4
8.900000E-3	0.000000E+0	9.900600E+4
8.920000E-3	0.000000E+0	9.806600E+4
8.940000E-3	0.000000E+0	9.811100E+4
8.960000E-3	0.000000E+0	9.792900E+4
8.980000E-3	0.000000E+0	9.785600E+4
9.000000E-3	0.000000E+0	9.806300E+4
9.020000E-3	0.000000E+0	9.809900E+4
9.040000E-3	0.000000E+0	9.873000E+4
9.060000E-3	0.000000E+0	9.798600E+4
9.080000E-3	0.000000E+0	9.824100E+4
9.100000E-3	0.000000E+0	9.781200E+4
9.120000E-3	0.000000E+0	9.844600E+4
9.140000E-3	0.000000E+0	9.842000E+4
9.160000E-3	0.000000E+0	9.724700E+4
9.180000E-3	0.000000E+0	9.797800E+4
9.200000E-3	0.000000E+0	9.832800E+4
9.220000E-3	0.000000E+0	9.802900E+4
9.240000E-3	0.000000E+0	9.816000E+4
9.260000E-3	0.000000E+0	9.811700E+4
9.280000E-3	0.000000E+0	9.800600E+4
9.300000E-3	0.000000E+0	9.816400E+4
9.320000E-3	0.000000E+0	9.782000E+4
9.340000E-3	0.000000E+0	9.819800E+4
9.360000E-3	0.000000E+0	9.831700E+4
9.380000E-3	0.000000E+0	9.843100E+4
9.400000E-3	0.000000E+0	9.812500E+4
9.420000E-3	0.000000E+0	9.828400E+4
9.440000E-3	0.000000E+0	9.806300E+4
9.460000E-3	0.000000E+0	9.849600E+4
9.480000E-3	0.000000E+0	9.798700E+4
9.500000E-3	0.000000E+0	9.875800E+4
9.520000E-3	0.000000E+0	9.830500E+4
9.540000E-3	0.000000E+0	9.755600E+4
9.560000E-3	0.000000E+0	9.845800E+4
9.580000E-3	0.000000E+0	9.841800E+4
9.600000E-3	0.000000E+0	9.780800E+4
9.620000E-3	0.000000E+0	9.827500E+4
9.640000E-3	0.000000E+0	9.850600E+4
9.660000E-3	0.000000E+0	9.826300E+4
9.680000E-3	0.000000E+0	9.748900E+4
9.700000E-3	0.000000E+0	9.825900E+4
9.720000E-3	0.000000E+0	9.829900E+4
9.740000E-3	0.000000E+0	9.870100E+4
9.760000E-3	0.000000E+0	9.770500E+4
9.780000E-3	0.000000E+0	9.807500E+4
9.800000E-3	0.000000E+0	9.842400E+4
9.820000E-3	0.000000E+0	9.808600E+4
9.840000E-3	0.000000E+0	9.823200E+4
9.860000E-3	0.000000E+0	9.852300E+4
9.880000E-3	0.000000E+0	9.857100E+4
9.900000E-3	0.000000E+0	9.843800E+4
9.920000E-3	0.000000E+0	9.875000E+4
9.940000E-3	0.000000E+0	9.769900E+4
9.960000E-3	0.000000E+0	9.768000E+4
9.980000E-3	0.000000E+0	9.797100E+4
1.000000E-2	0.000000E+0	9.834000E+4
1.002000E-2	0.000000E+0	9.781800E+4
1.004000E-2	0.000000E+0	9.813500E+4
1.006000E-2	0.000000E+0	9.797200E+4
1.008000E-2	0.000000E+0	9.850000E+4
1.010000E-2	0.000000E+0	9.863900E+4
1.012000E-2	0.000000E+0	9.812500E+4
1.014000E-2	0.000000E+0	9.900400E+4
1.016000E-2	0.000000E+0	9.852900E+4
1.018000E-2	0.000000E+0	9.839600E+4
1.020000E-2	0.000000E+0	9.882900E+4
1.022000E-2	0.000000E+0	9.839200E+4
1.024000E-2	0.000000E+0	9.845000E+4
1.026000E-2	0.000000E+0	9.793900E+4
1.028000E-2	0.000000E+0	9.830500E+4
1.030000E-2	0.000000E+0	9.821200E+4
1.032000E-2	0.000000E+0	9.830700E+4
1.034000E-2	0.000000E+0	9.852100E+4
1.036000E-2	0.000000E+0	9.814000E+4
1.038000E-2	0.000000E+0	9.835700E+4
1.040000E-2	0.000000E+0	9.858700E+4
1.042000E-2	0.000000E+0	9.813700E+4
1.044000E-2	0.000000E+0	9.866900E+4
1.046000E-2	0.000000E+0	9.805900E+4
1.048000E-2	0.000000E+0	9.859700E+4
1.050000E-2	0.000000E+0	9.794300E+4
1.052000E-2	0.000000E+0	9.844400E+4
1.054000E-2	0.000000E+0	9.846800E+4
1.056000E-2	0.000000E+0	9.837500E+4
1.058000E-2	0.000000E+0	9.814200E+4
1.060000E-2	0.000000E+0	9.745700E+4
1.062000E-2	0.000000E+0	9.781800E+4
1.064000E-2	0.000000E+0	9.814400E+4
1.066000E-2	0.000000E+0	9.844100E+4
1.068000E-2	0.000000E+0	9.778100E+4
1.070000E-2	0.000000E+0	9.802100E+4
1.072000E-2	0.000000E+0	9.790200E+4
1.074000E-2	0.000000E+0	9.821400E+4
1.076000E-2	0.000000E+0	9.817000E+4
1.078000E-2	0.000000E+0	9.800500E+4
1.080000E-2	0.000000E+0	9.803300E+4
1.082000E-2	0.000000E+0	9.785700E+4
1.084000E-2	0.000000E+0	9.774800E+4
1.086000E-2	0.000000E+0	9.785300E+4
1.088000E-2	0.000000E+0	9.819800E+4
1.090000E-2	0.000000E+0	9.855800E+4
1.092000E-2	0.000000E+0	9.777900E+4
1.094000E-2	0.000000E+0	9.804300E+4
1.096000E-2	0.000000E+0	9.827000E+4
1.098000E-2	0.000000E+0	9.814600E+4
1.100000E-2	0.000000E+0	9.821300E+4
1.102000E-2	0.000000E+0	9.759900E+4
1.104000E-2	0.000000E+0	9.842700E+4
1.106000E-2	0.000000E+0	9.775600E+4
1.108000E-2	0.000000E+0	9.888300E+4
1.110000E-2	0.000000E+0	9.829700E+4
1.112000E-2	0.000000E+0	9.806800E+4
1.114000E-2	0.000000E+0	9.791500E+4
1.116000E-2	0.000000E+0	9.812600E+4
1.118000E-2	0.000000E+0	9.813600E+4
1.120000E-2	0.000000E+0	9.779400E+4
1.122000E-2	0.000000E+0	9.793100E+4
1.124000E-2	0.000000E+0	9.870500E+4
1.126000E-2	0.000000E+0	9.849900E+4
1.128000E-2	0.000000E+0	9.876900E+4
1.130000E-2	0.000000E+0	9.769300E+4
1.132000E-2	0.000000E+0	9.868000E+4
1.134000E-2	0.000000E+0	9.831700E+4
1.136000E-2	0.000000E+0	9.816500E+4
1.138000E-2	0.000000E+0	9.790800E+4
1.140000E-2	0.000000E+0	9.825200E+4
1.142000E-2	0.000000E+0	9.805400E+4
1.144000E-2	0.000000E+0	9.837400E+4
1.146000E-2	0.000000E+0	9.840900E+4
1.148000E-2	0.000000E+0	9.825600E+4
1.150000E-2	0.000000E+0	9.824000E+4
1.152000E-2	0.000000E+0	9.815500E+4
1.154000E-2	0.000000E+0	9.807000E+4
1.156000E-2	0.000000E+0	9.824700E+4
1.158000E-2	0.000000E+0	9.827800E+4
1.160000E-2	0.000000E+0	9.818300E+4
1.162000E-2	0.000000E+0	9.826700E+4
1.164000E-2	0.000000E+0	9.807900E+4
1.166000E-2	0.000000E+0	9.754600E+4
1.168000E-2	0.000000E+0	9.843000E+4
1.170000E-2	0.000000E+0	9.857000E+4
1.172000E-2	0.000000E+0	9.797700E+4
1.174000E-2	0.000000E+0	9.791200E+4
1.176000E-2	0.000000E+0	9.821100E+4
1.178000E-2	0.000000E+0	9.806300E+4
1.180000E-2	0.000000E+0	9.787900E+4
1.182000E-2	0.000000E+0	9.868900E+4
1.184000E-2	0.000000E+0	9.820400E+4
1.186000E-2	0.000000E+0	9.778300E+4
1.188000E-2	0.000000E+0	9.764700E+4
1.190000E-2	0.000000E+0	9.829200E+4
1.192000E-2	0.000000E+0	9.797200E+4
1.194000E-2	0.000000E+0	9.840500E+4
1.196000E-2	0.000000E+0	9.767800E+4
1.198000E-2	0.000000E+0	9.777200E+4
1.200000E-2	0.000000E+0	9.786000E+4
1.202000E-2	0.000000E+0	9.824400E+4
1.204000E-2	0.000000E+0	9.801800E+4
1.206000E-2	0.000000E+0	9.826300E+4
1.208000E-2	0.000000E+0	9.835600E+4
1.210000E-2	0.000000E+0	9.813700E+4
1.212000E-2	0.000000E+0	9.782400E+4
1.214000E-2	0.000000E+0	9.807900E+4
1.216000E-2	0.000000E+0	9.815800E+4
1.218000E-2	0.000000E+0	9.803100E+4
1.220000E-2	0.000000E+0	9.823600E+4
1.222000E-2	0.000000E+0	9.810100E+4
1.224000E-2	0.000000E+0	9.825000E+4
1.226000E-2	0.000000E+0	9.754800E+4
1.228000E-2	0.000000E+0	9.803300E+4
1.230000E-2	0.000000E+0	9.786800E+4
1.232000E-2	0.000000E+0	9.830600E+4
1.234000E-2	0.000000E+0	9.849000E+4
1.236000E-2	0.000000E+0	9.836000E+4
1.238000E-2	0.000000E+0	9.803700E+4
1.240000E-2	0.000000E+0	9.771500E+4
1.242000E-2	0.000000E+0	9.852000E+4
1.244000E-2	0.000000E+0	9.808600E+4
1.246000E-2	0.000000E+0	9.735500E+4
1.248000E-2	0.000000E+0	9.795700E+4
1.250000E-2	0.000000E+0	9.829300E+4
1.252000E-2	0.000000E+0	9.829500E+4
1.254000E-2	0.000000E+0	9.757000E+4
1.256000E-2	0.000000E+0	9.837100E+4
1.258000E-2	0.000000E+0	9.861800E+4
1.260000E-2	0.000000E+0	9.828500E+4
1.262000E-2	0.000000E+0	9.773900E+4
1.264000E-2	0.000000E+0	9.801000E+4
1.266000E-2	0.000000E+0	9.810500E+4
1.268000E-2	0.000000E+0	9.804500E+4
1.270000E-2	0.000000E+0	9.815900E+4
1.272000E-2	0.000000E+0	9.790700E+4
1.274000E-2	0.000000E+0	9.805100E+4
1.276000E-2	0.000000E+0	9.834100E+4
1.278000E-2	0.000000E+0	9.837300E+4
1.280000E-2	0.000000E+0	9.828100E+4
1.282000E-2	0.000000E+0	9.760500E+4
1.284000E-2	0.000000E+0	9.821200E+4
1.286000E-2	0.000000E+0	9.850400E+4
1.288000E-2	0.000000E+0	9.837700E+4
1.290000E-2	0.000000E+0	9.784700E+4
1.292000E-2	0.000000E+0	9.817200E+4
1.294000E-2	0.000000E+0	9.801000E+4
1.296000E-2	0.000000E+0	9.814900E+4
1.298000E-2	0.000000E+0	9.816700E+4
1.300000E-2	0.000000E+0	9.767200E+4
1.302000E-2	0.000000E+0	9.857900E+4
1.304000E-2	0.000000E+0	9.827300E+4
1.306000E-2	0.000000E+0	9.793200E+4
1.308000E-2	0.000000E+0	9.870700E+4
1.310000E-2	0.000000E+0	9.850800E+4
1.312000E-2	0.000000E+0	9.803500E+4
1.314000E-2	0.000000E+0	9.786400E+4
1.316000E-2	0.000000E+0	9.830800E+4
1.318000E-2	0.000000E+0	9.816800E+4
1.320000E-2	0.000000E+0	9.808800E+4
1.322000E-2	0.000000E+0	9.798400E+4
1.324000E-2	0.000000E+0	9.782200E+4
1.326000E-2	0.000000E+0	9.828900E+4
1.328000E-2	0.000000E+0	9.871400E+4
1.330000E-2	0.000000E+0	9.825800E+4
1.332000E-2	0.000000E+0	9.872700E+4
1.334000E-2	0.000000E+0	9.810000E+4
1.336000E-2	0.000000E+0	9.809400E+4
1.338000E-2	0.000000E+0	9.758600E+4
1.340000E-2	0.000000E+0	9.854000E+4
1.342000E-2	0.000000E+0	9.858000E+4
1.344000E-2	0.000000E+0	9.833400E+4
1.346000E-2	0.000000E+0	9.829800E+4
1.348000E-2	0.000000E+0	9.820000E+4
1.350000E-2	0.000000E+0	9.835400E+4
1.352000E-2	0.000000E+0	9.815600E+4
1.354000E-2	0.000000E+0	9.832300E+4
1.356000E-2	0.000000E+0	9.816800E+4
1.358000E-2	0.000000E+0	9.723800E+4
1.360000E-2	0.000000E+0	9.808300E+4
1.362000E-2	0.000000E+0	9.776400E+4
1.364000E-2	0.000000E+0	9.793900E+4
1.366000E-2	0.000000E+0	9.770000E+4
1.368000E-2	0.000000E+0	9.853600E+4
1.370000E-2	0.000000E+0	9.836900E+4
1.372000E-2	0.000000E+0	9.822100E+4
1.374000E-2	0.000000E+0	9.781300E+4
1.376000E-2	0.000000E+0	9.836200E+4
1.378000E-2	0.000000E+0	9.906900E+4
1.380000E-2	0.000000E+0	9.757800E+4
1.382000E-2	0.000000E+0	9.749100E+4
1.384000E-2	0.000000E+0	9.781000E+4
1.386000E-2	0.000000E+0	9.881100E+4
1.388000E-2	0.000000E+0	9.809100E+4
1.390000E-2	0.000000E+0	9.837000E+4
1.392000E-2	0.000000E+0	9.785900E+4
1.394000E-2	0.000000E+0	9.861700E+4
1.396000E-2	0.000000E+0	9.763200E+4
1.398000E-2	0.000000E+0	9.869500E+4
1.400000E-2	0.000000E+0	9.824600E+4
1.402000E-2	0.000000E+0	9.812900E+4
1.404000E-2	0.000000E+0	9.859000E+4
1.406000E-2	0.000000E+0	9.796400E+4
1.408000E-2	0.000000E+0	9.844500E+4
1.410000E-2	0.000000E+0	9.805900E+4
1.412000E-2	0.000000E+0	9.778600E+4
1.414000E-2	0.000000E+0	9.801700E+4
1.416000E-2	0.000000E+0	9.851400E+4
1.418000E-2	0.000000E+0	9.821700E+4
1.420000E-2	0.000000E+0	9.844600E+4
1.422000E-2	0.000000E+0	9.798400E+4
1.424000E-2	0.000000E+0	9.792800E+4
1.426000E-2	0.000000E+0	9.844200E+4
1.428000E-2	0.000000E+0	9.829200E+4
1.430000E-2	0.000000E+0	9.791600E+4
1.432000E-2	0.000000E+0	9.853900E+4
1.434000E-2	0.000000E+0	9.787600E+4
1.436000E-2	0.000000E+0	9.798200E+4
1.438000E-2	0.000000E+0	9.795100E+4
1.440000E-2	0.000000E+0	9.796700E+4
1.442000E-2	0.000000E+0	9.847800E+4
1.444000E-2	0.000000E+0	9.858100E+4
1.446000E-2	0.000000E+0	9.821700E+4
1.448000E-2	0.000000E+0	9.794800E+4
1.450000E-2	0.000000E+0	9.777600E+4
1.452000E-2	0.000000E+0	9.831300E+4
1.454000E-2	0.000000E+0	9.790900E+4
1.456000E-2	0.000000E+0	9.815800E+4
1.458000E-2	0.000000E+0	9.773600E+4
1.460000E-2	0.000000E+0	9.782900E+4
1.462000E-2	0.000000E+0	9.837700E+4
1.464000E-2	0.000000E+0	9.837700E+4
1.466000E-2	0.000000E+0	9.816300E+4
1.468000E-2	0.000000E+0	9.817900E+4
1.470000E-2	0.000000E+0	9.751200E+4
1.472000E-2	0.000000E+0	9.786700E+4
1.474000E-2	0.000000E+0	9.827300E+4
1.476000E-2	0.000000E+0	9.801300E+4
1.478000E-2	0.000000E+0	9.879100E+4
1.480000E-2	0.000000E+0	9.815600E+4
1.482000E-2	0.000000E+0	9.809500E+4
1.484000E-2	0.000000E+0	9.807700E+4
1.486000E-2	0.000000E+0	9.822100E+4
1.488000E-2	0.000000E+0	9.781300E+4
1.490000E-2	0.000000E+0	9.826700E+4
1.492000E-2	0.000000E+0	9.829200E+4
1.494000E-2	0.000000E+0	9.820200E+4
1.496000E-2	0.000000E+0	9.836400E+4
1.498000E-2	0.000000E+0	9.805500E+4
1.500000E-2	0.000000E+0	9.835200E+4
1.502000E-2	0.000000E+0	9.818800E+4
1.504000E-2	0.000000E+0	9.896700E+4
1.506000E-2	0.000000E+0	9.792600E+4
1.508000E-2	0.000000E+0	9.830900E+4
1.510000E-2	0.000000E+0	9.832900E+4
1.512000E-2	0.000000E+0	9.816200E+4
1.514000E-2	0.000000E+0	9.771700E+4
1.516000E-2	0.000000E+0	9.827400E+4
1.518000E-2	0.000000E+0	9.828000E+4
1.520000E-2	0.000000E+0	9.769900E+4
1.522000E-2	0.000000E+0	9.801700E+4
1.524000E-2	0.000000E+0	9.827800E+4
1.526000E-2	0.000000E+0	9.741500E+4
1.528000E-2	0.000000E+0	9.864300E+4
1.530000E-2	0.000000E+0	9.853900E+4
1.532000E-2	0.000000E+0	9.821100E+4
1.534000E-2	0.000000E+0	9.830700E+4
1.536000E-2	0.000000E+0	9.811100E+4
1.538000E-2	0.000000E+0	9.795300E+4
1.540000E-2	0.000000E+0	9.817300E+4
1.542000E-2	0.000000E+0	9.778700E+4
1.544000E-2	0.000000E+0	9.812700E+4
1.546000E-2	0.000000E+0	9.768300E+4
1.548000E-2	0.000000E+0	9.793800E+4
1.550000E-2	0.000000E+0	9.814900E+4
1.552000E-2	0.000000E+0	9.793900E+4
1.554000E-2	0.000000E+0	9.784400E+4
1.556000E-2	0.000000E+0	9.863000E+4
1.558000E-2	0.000000E+0	9.848500E+4
1.560000E-2	0.000000E+0	9.817300E+4
1.562000E-2	0.000000E+0	9.789300E+4
1.564000E-2	0.000000E+0	9.784800E+4
1.566000E-2	0.000000E+0	9.811600E+4
1.568000E-2	0.000000E+0	9.798600E+4
1.570000E-2	0.000000E+0	9.828400E+4
1.572000E-2	0.000000E+0	9.815600E+4
1.574000E-2	0.000000E+0	9.803900E+4
1.576000E-2	0.000000E+0	9.769300E+4
1.578000E-2	0.000000E+0	9.783700E+4
1.580000E-2	0.000000E+0	9.855500E+4
1.582000E-2	0.000000E+0	9.824500E+4
1.584000E-2	0.000000E+0	9.789500E+4
1.586000E-2	0.000000E+0	9.800000E+4
1.588000E-2	0.000000E+0	9.814100E+4
1.590000E-2	0.000000E+0	9.816600E+4
1.592000E-2	0.000000E+0	9.787200E+4
1.594000E-2	0.000000E+0	9.815700E+4
1.596000E-2	0.000000E+0	9.779200E+4
1.598000E-2	0.000000E+0	9.796700E+4
1.600000E-2	0.000000E+0	9.794300E+4
1.602000E-2	0.000000E+0	9.767200E+4
1.604000E-2	0.000000E+0	9.820700E+4
1.606000E-2	0.000000E+0	9.840200E+4
1.608000E-2	0.000000E+0	9.795200E+4
1.610000E-2	0.000000E+0	9.801500E+4
1.612000E-2	0.000000E+0	9.753900E+4
1.614000E-2	0.000000E+0	9.813800E+4
1.616000E-2	0.000000E+0	9.847700E+4
1.618000E-2	0.000000E+0	9.745100E+4
1.620000E-2	0.000000E+0	9.778700E+4
1.622000E-2	0.000000E+0	9.738600E+4
1.624000E-2	0.000000E+0	9.813700E+4
1.626000E-2	0.000000E+0	9.773100E+4
1.628000E-2	0.000000E+0	9.780500E+4
1.630000E-2	0.000000E+0	9.771600E+4
1.632000E-2	0.000000E+0	9.793300E+4
1.634000E-2	0.000000E+0	9.804900E+4
1.636000E-2	0.000000E+0	9.768600E+4
1.638000E-2	0.000000E+0	9.785600E+4
1.640000E-2	0.000000E+0	9.749700E+4
1.642000E-2	0.000000E+0	9.795200E+4
1.644000E-2	0.000000E+0	9.815800E+4
1.646000E-2	0.000000E+0	9.731700E+4
1.648000E-2	0.000000E+0	9.868600E+4
1.650000E-2	0.000000E+0	9.829400E+4
1.652000E-2	0.000000E+0	9.809200E+4
1.654000E-2	0.000000E+0	9.744800E+4
1.656000E-2	0.000000E+0	9.779800E+4
1.658000E-2	0.000000E+0	9.845600E+4
1.660000E-2	0.000000E+0	9.754600E+4
1.662000E-2	0.000000E+0	9.782700E+4
1.664000E-2	0.000000E+0	9.820300E+4
1.666000E-2	0.000000E+0	9.809700E+4
1.668000E-2	0.000000E+0	9.766200E+4
1.670000E-2	0.000000E+0	9.768800E+4
1.672000E-2	0.000000E+0	9.780300E+4
1.674000E-2	0.000000E+0	9.744000E+4
1.676000E-2	0.000000E+0	9.760300E+4
1.678000E-2	0.000000E+0	9.790900E+4
1.680000E-2	0.000000E+0	9.803100E+4
1.682000E-2	0.000000E+0	9.757200E+4
1.684000E-2	0.000000E+0	9.746400E+4
1.686000E-2	0.000000E+0	9.732500E+4
1.688000E-2	0.000000E+0	9.744700E+4
1.690000E-2	0.000000E+0	9.669000E+4
1.692000E-2	0.000000E+0	9.716000E+4
1.694000E-2	0.000000E+0	9.694600E+4
1.696000E-2	0.000000E+0	9.655600E+4
1.698000E-2	0.000000E+0	9.626900E+4
1.700000E-2	0.000000E+0	9.588900E+4
1.702000E-2	0.000000E+0	9.580400E+4
1.704000E-2	0.000000E+0	9.488500E+4
1.706000E-2	0.000000E+0	9.435500E+4
1.708000E-2	0.000000E+0	9.372200E+4
1.710000E-2	0.000000E+0	9.172100E+4
1.712000E-2	0.000000E+0	8.998500E+4
1.714000E-2	0.000000E+0	8.597200E+4
1.716000E-2	0.000000E+0	7.992400E+4
1.718000E-2	0.000000E+0	7.368200E+4
1.720000E-2	0.000000E+0	6.621200E+4
1.722000E-2	0.000000E+0	6.100500E+4
1.724000E-2	0.000000E+0	5.842600E+4
1.726000E-2	0.000000E+0	5.993500E+4
1.728000E-2	0.000000E+0	6.443200E+4
1.730000E-2	0.000000E+0	7.143200E+4
1.732000E-2	0.000000E+0	7.760600E+4
1.734000E-2	0.000000E+0	8.404600E+4
1.736000E-2	0.000000E+0	8.800200E+4
1.738000E-2	0.000000E+0	9.076300E+4
1.740000E-2	0.000000E+0	9.332400E+4
1.742000E-2	0.000000E+0	9.425300E+4
1.744000E-2	0.000000E+0	9.496900E+4
1.746000E-2	0.000000E+0	9.570000E+4
1.748000E-2	0.000000E+0	9.603200E+4
1.750000E-2	0.000000E+0	9.609900E+4
1.752000E-2	0.000000E+0	9.616000E+4
1.754000E-2	0.000000E+0	9.770900E+4
1.756000E-2	0.000000E+0	9.655300E+4
1.758000E-2	0.000000E+0	9.683200E+4
1.760000E-2	0.000000E+0	9.766300E+4
1.762000E-2	0.000000E+0	9.709200E+4
1.764000E-2	0.000000E+0	9.733300E+4
1.766000E-2	0.000000E+0	9.724800E+4
1.768000E-2	0.000000E+0	9.761700E+4
1.770000E-2	0.000000E+0	9.762200E+4
1.772000E-2	0.000000E+0	9.806200E+4
1.774000E-2	0.000000E+0	9.716300E+4
1.776000E-2	0.000000E+0	9.733500E+4
1.778000E-2	0.000000E+0	9.767300E+4
1.780000E-2	0.000000E+0	9.777700E+4
1.782000E-2	0.000000E+0	9.782700E+4
1.784000E-2	0.000000E+0	9.829200E+4
1.786000E-2	0.000000E+0	9.871000E+4
1.788000E-2	0.000000E+0	9.800700E+4
1.790000E-2	0.000000E+0	9.748300E+4
1.792000E-2	0.000000E+0	9.808500E+4
1.794000E-2	0.000000E+0	9.804500E+4
1.796000E-2	0.000000E+0	9.799900E+4
1.798000E-2	0.000000E+0	9.784700E+4
1.800000E-2	0.000000E+0	9.776800E+4
1.802000E-2	0.000000E+0	9.741200E+4
1.804000E-2	0.000000E+0	9.782400E+4
1.806000E-2	0.000000E+0	9.797700E+4
1.808000E-2	0.000000E+0	9.781100E+4
1.810000E-2	0.000000E+0	9.844900E+4
1.812000E-2	0.000000E+0	9.825100E+4
1.814000E-2	0.000000E+0	9.754500E+4
1.816000E-2	0.000000E+0	9.800800E+4
1.818000E-2	0.000000E+0	9.768900E+4
1.820000E-2	0.000000E+0	9.797600E+4
1.822000E-2	0.000000E+0	9.754300E+4
1.824000E-2	0.000000E+0	9.755500E+4
1.826000E-2	0.000000E+0	9.780900E+4
1.828000E-2	0.000000E+0	9.841000E+4
1.830000E-2	0.000000E+0	9.784200E+4
1.832000E-2	0.000000E+0	9.788700E+4
1.834000E-2	0.000000E+0	9.816400E+4
1.836000E-2	0.000000E+0	9.747800E+4
1.838000E-2	0.000000E+0	9.806500E+4
1.840000E-2	0.000000E+0	9.848900E+4
1.842000E-2	0.000000E+0	9.825300E+4
1.844000E-2	0.000000E+0	9.832400E+4
1.846000E-2	0.000000E+0	9.821100E+4
1.848000E-2	0.000000E+0	9.763200E+4
1.850000E-2	0.000000E+0	9.813600E+4
1.852000E-2	0.000000E+0	9.750800E+4
1.854000E-2	0.000000E+0	9.780400E+4
1.856000E-2	0.000000E+0	9.823400E+4
1.858000E-2	0.000000E+0	9.754800E+4
1.860000E-2	0.000000E+0	9.804300E+4
1.862000E-2	0.000000E+0	9.783200E+4
1.864000E-2	0.000000E+0	9.894400E+4
1.866000E-2	0.000000E+0	9.735000E+4
1.868000E-2	0.000000E+0	9.849500E+4
1.870000E-2	0.000000E+0	9.797500E+4
1.872000E-2	0.000000E+0	9.801100E+4
1.874000E-2	0.000000E+0	9.798100E+4
1.876000E-2	0.000000E+0	9.767300E+4
1.878000E-2	0.000000E+0	9.755600E+4
1.880000E-2	0.000000E+0	9.779900E+4
1.882000E-2	0.000000E+0	9.811900E+4
1.884000E-2	0.000000E+0	9.774800E+4
1.886000E-2	0.000000E+0	9.825300E+4
1.888000E-2	0.000000E+0	9.783900E+4
1.890000E-2	0.000000E+0	9.804200E+4
1.892000E-2	0.000000E+0	9.764600E+4
1.894000E-2	0.000000E+0	9.815300E+4
1.896000E-2	0.000000E+0	9.813100E+4
1.898000E-2	0.000000E+0	9.892500E+4
1.900000E-2	0.000000E+0	9.802300E+4
1.902000E-2	0.000000E+0	9.796000E+4
1.904000E-2	0.000000E+0	9.819600E+4
1.906000E-2	0.000000E+0	9.810500E+4
1.908000E-2	0.000000E+0	9.828700E+4
1.910000E-2	0.000000E+0	9.747100E+4
1.912000E-2	0.000000E+0	9.764600E+4
1.914000E-2	0.000000E+0	9.853700E+4
1.916000E-2	0.000000E+0	9.786000E+4
1.918000E-2	0.000000E+0	9.794800E+4
1.920000E-2	0.000000E+0	9.780700E+4
1.922000E-2	0.000000E+0	9.794300E+4
1.924000E-2	0.000000E+0	9.897600E+4
1.926000E-2	0.000000E+0	9.829700E+4
1.928000E-2	0.000000E+0	9.791300E+4
1.930000E-2	0.000000E+0	9.792000E+4
1.932000E-2	0.000000E+0	9.818000E+4
1.934000E-2	0.000000E+0	9.823000E+4
1.936000E-2	0.000000E+0	9.765600E+4
1.938000E-2	0.000000E+0	9.818500E+4
1.940000E-2	0.000000E+0	9.788700E+4
1.942000E-2	0.000000E+0	9.808900E+4
1.944000E-2	0.000000E+0	9.796500E+4
1.946000E-2	0.000000E+0	9.808300E+4
1.948000E-2	0.000000E+0	9.820500E+4
1.950000E-2	0.000000E+0	9.835800E+4
1.952000E-2	0.000000E+0	9.817900E+4
1.954000E-2	0.000000E+0	9.838500E+4
1.956000E-2	0.000000E+0	9.811400E+4
1.958000E-2	0.000000E+0	9.798800E+4
1.960000E-2	0.000000E+0	9.726300E+4
1.962000E-2	0.000000E+0	9.804000E+4
1.964000E-2	0.000000E+0	9.830400E+4
1.966000E-2	0.000000E+0	9.823700E+4
1.968000E-2	0.000000E+0	9.779200E+4
1.970000E-2	0.000000E+0	9.835700E+4
1.972000E-2	0.000000E+0	9.765400E+4
1.974000E-2	0.000000E+0	9.780100E+4
1.976000E-2	0.000000E+0	9.775100E+4
1.978000E-2	0.000000E+0	9.788700E+4
1.980000E-2	0.000000E+0	9.794400E+4
1.982000E-2	0.000000E+0	9.823600E+4
1.984000E-2	0.000000E+0	9.776800E+4
1.986000E-2	0.000000E+0	9.832800E+4
1.988000E-2	0.000000E+0	9.845900E+4
1.990000E-2	0.000000E+0	9.845500E+4
1.992000E-2	0.000000E+0	9.824300E+4
1.994000E-2	0.000000E+0	9.843500E+4
1.996000E-2	0.000000E+0	9.798400E+4
1.998000E-2	0.000000E+0	9.774700E+4
