

live time:  177088.080000
real time:  205207.460000
sweeps:  8854404.000000
0.000000E+0	0.000000E+0	0.000000E+0
2.000000E-5	0.000000E+0	8.844600E+4
4.000000E-5	0.000000E+0	8.861400E+4
6.000000E-5	0.000000E+0	8.873700E+4
8.000000E-5	0.000000E+0	8.896400E+4
1.000000E-4	0.000000E+0	8.835100E+4
1.200000E-4	0.000000E+0	8.862600E+4
1.400000E-4	0.000000E+0	8.918600E+4
1.600000E-4	0.000000E+0	8.922300E+4
1.800000E-4	0.000000E+0	8.914300E+4
2.000000E-4	0.000000E+0	8.885100E+4
2.200000E-4	0.000000E+0	8.917400E+4
2.400000E-4	0.000000E+0	8.883200E+4
2.600000E-4	0.000000E+0	8.917400E+4
2.800000E-4	0.000000E+0	8.893800E+4
3.000000E-4	0.000000E+0	8.904900E+4
3.200000E-4	0.000000E+0	8.863400E+4
3.400000E-4	0.000000E+0	8.896700E+4
3.600000E-4	0.000000E+0	8.877500E+4
3.800000E-4	0.000000E+0	8.910400E+4
4.000000E-4	0.000000E+0	8.929500E+4
4.200000E-4	0.000000E+0	8.890200E+4
4.400000E-4	0.000000E+0	8.840200E+4
4.600000E-4	0.000000E+0	8.875900E+4
4.800000E-4	0.000000E+0	8.920700E+4
5.000000E-4	0.000000E+0	8.890100E+4
5.200000E-4	0.000000E+0	8.903000E+4
5.400000E-4	0.000000E+0	8.904500E+4
5.600000E-4	0.000000E+0	8.938300E+4
5.800000E-4	0.000000E+0	8.872200E+4
6.000000E-4	0.000000E+0	8.857000E+4
6.200000E-4	0.000000E+0	8.865900E+4
6.400000E-4	0.000000E+0	8.855600E+4
6.600000E-4	0.000000E+0	8.877800E+4
6.800000E-4	0.000000E+0	8.863300E+4
7.000000E-4	0.000000E+0	8.910000E+4
7.200000E-4	0.000000E+0	8.917200E+4
7.400000E-4	0.000000E+0	8.877600E+4
7.600000E-4	0.000000E+0	8.865800E+4
7.800000E-4	0.000000E+0	8.879400E+4
8.000000E-4	0.000000E+0	8.897800E+4
8.200000E-4	0.000000E+0	8.874000E+4
8.400000E-4	0.000000E+0	8.879000E+4
8.600000E-4	0.000000E+0	8.888800E+4
8.800000E-4	0.000000E+0	8.906400E+4
9.000000E-4	0.000000E+0	8.820800E+4
9.200000E-4	0.000000E+0	8.881800E+4
9.400000E-4	0.000000E+0	8.922100E+4
9.600000E-4	0.000000E+0	8.885500E+4
9.800000E-4	0.000000E+0	8.898100E+4
1.000000E-3	0.000000E+0	8.857200E+4
1.020000E-3	0.000000E+0	8.901500E+4
1.040000E-3	0.000000E+0	8.925900E+4
1.060000E-3	0.000000E+0	8.886100E+4
1.080000E-3	0.000000E+0	8.863000E+4
1.100000E-3	0.000000E+0	8.891100E+4
1.120000E-3	0.000000E+0	8.882700E+4
1.140000E-3	0.000000E+0	8.898000E+4
1.160000E-3	0.000000E+0	8.885600E+4
1.180000E-3	0.000000E+0	8.872600E+4
1.200000E-3	0.000000E+0	8.917800E+4
1.220000E-3	0.000000E+0	8.857500E+4
1.240000E-3	0.000000E+0	8.874800E+4
1.260000E-3	0.000000E+0	8.861700E+4
1.280000E-3	0.000000E+0	8.900800E+4
1.300000E-3	0.000000E+0	8.884600E+4
1.320000E-3	0.000000E+0	8.881800E+4
1.340000E-3	0.000000E+0	8.929800E+4
1.360000E-3	0.000000E+0	8.893900E+4
1.380000E-3	0.000000E+0	8.921000E+4
1.400000E-3	0.000000E+0	8.898200E+4
1.420000E-3	0.000000E+0	8.874300E+4
1.440000E-3	0.000000E+0	8.925800E+4
1.460000E-3	0.000000E+0	8.908600E+4
1.480000E-3	0.000000E+0	8.859000E+4
1.500000E-3	0.000000E+0	8.796700E+4
1.520000E-3	0.000000E+0	8.877300E+4
1.540000E-3	0.000000E+0	8.928400E+4
1.560000E-3	0.000000E+0	8.882800E+4
1.580000E-3	0.000000E+0	8.873000E+4
1.600000E-3	0.000000E+0	8.924300E+4
1.620000E-3	0.000000E+0	8.958700E+4
1.640000E-3	0.000000E+0	8.893600E+4
1.660000E-3	0.000000E+0	8.884500E+4
1.680000E-3	0.000000E+0	8.910200E+4
1.700000E-3	0.000000E+0	8.886800E+4
1.720000E-3	0.000000E+0	8.857900E+4
1.740000E-3	0.000000E+0	8.893100E+4
1.760000E-3	0.000000E+0	8.919200E+4
1.780000E-3	0.000000E+0	8.926100E+4
1.800000E-3	0.000000E+0	8.862700E+4
1.820000E-3	0.000000E+0	8.920200E+4
1.840000E-3	0.000000E+0	8.914000E+4
1.860000E-3	0.000000E+0	8.893000E+4
1.880000E-3	0.000000E+0	8.889400E+4
1.900000E-3	0.000000E+0	8.899400E+4
1.920000E-3	0.000000E+0	8.890700E+4
1.940000E-3	0.000000E+0	8.887600E+4
1.960000E-3	0.000000E+0	8.880900E+4
1.980000E-3	0.000000E+0	8.925000E+4
2.000000E-3	0.000000E+0	8.888700E+4
2.020000E-3	0.000000E+0	8.924900E+4
2.040000E-3	0.000000E+0	8.903300E+4
2.060000E-3	0.000000E+0	8.963500E+4
2.080000E-3	0.000000E+0	8.823100E+4
2.100000E-3	0.000000E+0	8.868600E+4
2.120000E-3	0.000000E+0	8.908100E+4
2.140000E-3	0.000000E+0	8.864300E+4
2.160000E-3	0.000000E+0	8.890900E+4
2.180000E-3	0.000000E+0	8.906400E+4
2.200000E-3	0.000000E+0	8.861400E+4
2.220000E-3	0.000000E+0	8.840100E+4
2.240000E-3	0.000000E+0	8.897100E+4
2.260000E-3	0.000000E+0	8.886500E+4
2.280000E-3	0.000000E+0	8.917700E+4
2.300000E-3	0.000000E+0	8.926000E+4
2.320000E-3	0.000000E+0	8.861400E+4
2.340000E-3	0.000000E+0	8.842400E+4
2.360000E-3	0.000000E+0	8.878300E+4
2.380000E-3	0.000000E+0	8.840800E+4
2.400000E-3	0.000000E+0	8.911500E+4
2.420000E-3	0.000000E+0	8.901900E+4
2.440000E-3	0.000000E+0	8.840300E+4
2.460000E-3	0.000000E+0	8.895300E+4
2.480000E-3	0.000000E+0	8.840500E+4
2.500000E-3	0.000000E+0	8.897300E+4
2.520000E-3	0.000000E+0	8.906200E+4
2.540000E-3	0.000000E+0	8.906100E+4
2.560000E-3	0.000000E+0	8.872900E+4
2.580000E-3	0.000000E+0	8.914400E+4
2.600000E-3	0.000000E+0	8.930100E+4
2.620000E-3	0.000000E+0	8.857600E+4
2.640000E-3	0.000000E+0	8.892100E+4
2.660000E-3	0.000000E+0	8.868300E+4
2.680000E-3	0.000000E+0	8.936700E+4
2.700000E-3	0.000000E+0	8.888000E+4
2.720000E-3	0.000000E+0	8.835900E+4
2.740000E-3	0.000000E+0	8.876900E+4
2.760000E-3	0.000000E+0	8.924300E+4
2.780000E-3	0.000000E+0	8.870900E+4
2.800000E-3	0.000000E+0	8.855700E+4
2.820000E-3	0.000000E+0	8.842800E+4
2.840000E-3	0.000000E+0	8.932100E+4
2.860000E-3	0.000000E+0	8.907200E+4
2.880000E-3	0.000000E+0	8.906900E+4
2.900000E-3	0.000000E+0	8.841500E+4
2.920000E-3	0.000000E+0	8.895300E+4
2.940000E-3	0.000000E+0	8.859100E+4
2.960000E-3	0.000000E+0	8.894700E+4
2.980000E-3	0.000000E+0	8.875200E+4
3.000000E-3	0.000000E+0	8.873400E+4
3.020000E-3	0.000000E+0	8.901200E+4
3.040000E-3	0.000000E+0	8.880600E+4
3.060000E-3	0.000000E+0	8.916300E+4
3.080000E-3	0.000000E+0	8.849100E+4
3.100000E-3	0.000000E+0	8.919100E+4
3.120000E-3	0.000000E+0	8.885100E+4
3.140000E-3	0.000000E+0	8.874300E+4
3.160000E-3	0.000000E+0	8.888300E+4
3.180000E-3	0.000000E+0	8.901200E+4
3.200000E-3	0.000000E+0	8.887000E+4
3.220000E-3	0.000000E+0	8.850600E+4
3.240000E-3	0.000000E+0	8.876600E+4
3.260000E-3	0.000000E+0	8.894300E+4
3.280000E-3	0.000000E+0	8.907900E+4
3.300000E-3	0.000000E+0	8.925500E+4
3.320000E-3	0.000000E+0	8.905700E+4
3.340000E-3	0.000000E+0	8.863900E+4
3.360000E-3	0.000000E+0	8.892400E+4
3.380000E-3	0.000000E+0	8.865400E+4
3.400000E-3	0.000000E+0	8.898300E+4
3.420000E-3	0.000000E+0	8.888800E+4
3.440000E-3	0.000000E+0	8.847900E+4
3.460000E-3	0.000000E+0	8.913100E+4
3.480000E-3	0.000000E+0	8.922900E+4
3.500000E-3	0.000000E+0	8.935100E+4
3.520000E-3	0.000000E+0	8.882300E+4
3.540000E-3	0.000000E+0	8.966000E+4
3.560000E-3	0.000000E+0	8.867000E+4
3.580000E-3	0.000000E+0	8.905500E+4
3.600000E-3	0.000000E+0	8.802000E+4
3.620000E-3	0.000000E+0	8.897400E+4
3.640000E-3	0.000000E+0	8.907200E+4
3.660000E-3	0.000000E+0	8.887600E+4
3.680000E-3	0.000000E+0	8.904900E+4
3.700000E-3	0.000000E+0	8.881800E+4
3.720000E-3	0.000000E+0	8.849800E+4
3.740000E-3	0.000000E+0	8.874100E+4
3.760000E-3	0.000000E+0	8.883100E+4
3.780000E-3	0.000000E+0	8.885300E+4
3.800000E-3	0.000000E+0	8.848200E+4
3.820000E-3	0.000000E+0	8.859200E+4
3.840000E-3	0.000000E+0	8.914000E+4
3.860000E-3	0.000000E+0	8.904700E+4
3.880000E-3	0.000000E+0	8.839800E+4
3.900000E-3	0.000000E+0	8.844600E+4
3.920000E-3	0.000000E+0	8.894500E+4
3.940000E-3	0.000000E+0	8.889000E+4
3.960000E-3	0.000000E+0	8.898000E+4
3.980000E-3	0.000000E+0	8.882500E+4
4.000000E-3	0.000000E+0	8.883600E+4
4.020000E-3	0.000000E+0	8.899300E+4
4.040000E-3	0.000000E+0	8.876400E+4
4.060000E-3	0.000000E+0	8.838600E+4
4.080000E-3	0.000000E+0	8.882200E+4
4.100000E-3	0.000000E+0	8.864600E+4
4.120000E-3	0.000000E+0	8.868300E+4
4.140000E-3	0.000000E+0	8.889700E+4
4.160000E-3	0.000000E+0	8.829000E+4
4.180000E-3	0.000000E+0	8.895000E+4
4.200000E-3	0.000000E+0	8.839200E+4
4.220000E-3	0.000000E+0	8.903300E+4
4.240000E-3	0.000000E+0	8.853100E+4
4.260000E-3	0.000000E+0	8.855000E+4
4.280000E-3	0.000000E+0	8.949300E+4
4.300000E-3	0.000000E+0	8.849500E+4
4.320000E-3	0.000000E+0	8.929000E+4
4.340000E-3	0.000000E+0	8.907300E+4
4.360000E-3	0.000000E+0	8.912700E+4
4.380000E-3	0.000000E+0	8.847000E+4
4.400000E-3	0.000000E+0	8.971700E+4
4.420000E-3	0.000000E+0	8.877700E+4
4.440000E-3	0.000000E+0	8.873200E+4
4.460000E-3	0.000000E+0	8.903900E+4
4.480000E-3	0.000000E+0	8.868800E+4
4.500000E-3	0.000000E+0	8.862400E+4
4.520000E-3	0.000000E+0	8.921000E+4
4.540000E-3	0.000000E+0	8.917400E+4
4.560000E-3	0.000000E+0	8.920100E+4
4.580000E-3	0.000000E+0	8.921200E+4
4.600000E-3	0.000000E+0	8.919600E+4
4.620000E-3	0.000000E+0	8.877500E+4
4.640000E-3	0.000000E+0	8.905300E+4
4.660000E-3	0.000000E+0	8.882800E+4
4.680000E-3	0.000000E+0	8.882400E+4
4.700000E-3	0.000000E+0	8.888500E+4
4.720000E-3	0.000000E+0	8.905900E+4
4.740000E-3	0.000000E+0	8.873400E+4
4.760000E-3	0.000000E+0	8.855900E+4
4.780000E-3	0.000000E+0	8.845300E+4
4.800000E-3	0.000000E+0	8.941500E+4
4.820000E-3	0.000000E+0	8.858400E+4
4.840000E-3	0.000000E+0	8.884200E+4
4.860000E-3	0.000000E+0	8.909800E+4
4.880000E-3	0.000000E+0	8.887700E+4
4.900000E-3	0.000000E+0	8.907200E+4
4.920000E-3	0.000000E+0	8.876400E+4
4.940000E-3	0.000000E+0	8.955300E+4
4.960000E-3	0.000000E+0	8.898400E+4
4.980000E-3	0.000000E+0	8.849000E+4
5.000000E-3	0.000000E+0	8.812000E+4
5.020000E-3	0.000000E+0	8.875400E+4
5.040000E-3	0.000000E+0	8.905800E+4
5.060000E-3	0.000000E+0	8.932500E+4
5.080000E-3	0.000000E+0	8.912000E+4
5.100000E-3	0.000000E+0	8.897600E+4
5.120000E-3	0.000000E+0	8.927200E+4
5.140000E-3	0.000000E+0	8.881800E+4
5.160000E-3	0.000000E+0	8.928500E+4
5.180000E-3	0.000000E+0	8.858500E+4
5.200000E-3	0.000000E+0	8.840200E+4
5.220000E-3	0.000000E+0	8.873400E+4
5.240000E-3	0.000000E+0	8.842700E+4
5.260000E-3	0.000000E+0	8.913300E+4
5.280000E-3	0.000000E+0	8.809800E+4
5.300000E-3	0.000000E+0	8.800900E+4
5.320000E-3	0.000000E+0	8.841600E+4
5.340000E-3	0.000000E+0	8.820100E+4
5.360000E-3	0.000000E+0	8.850700E+4
5.380000E-3	0.000000E+0	8.827400E+4
5.400000E-3	0.000000E+0	8.835300E+4
5.420000E-3	0.000000E+0	8.816200E+4
5.440000E-3	0.000000E+0	8.795000E+4
5.460000E-3	0.000000E+0	8.840000E+4
5.480000E-3	0.000000E+0	8.744700E+4
5.500000E-3	0.000000E+0	8.773100E+4
5.520000E-3	0.000000E+0	8.797800E+4
5.540000E-3	0.000000E+0	8.769600E+4
5.560000E-3	0.000000E+0	8.791600E+4
5.580000E-3	0.000000E+0	8.760900E+4
5.600000E-3	0.000000E+0	8.790900E+4
5.620000E-3	0.000000E+0	8.661600E+4
5.640000E-3	0.000000E+0	8.617600E+4
5.660000E-3	0.000000E+0	8.544000E+4
5.680000E-3	0.000000E+0	8.365600E+4
5.700000E-3	0.000000E+0	8.273400E+4
5.720000E-3	0.000000E+0	8.005600E+4
5.740000E-3	0.000000E+0	7.617900E+4
5.760000E-3	0.000000E+0	7.135300E+4
5.780000E-3	0.000000E+0	6.482900E+4
5.800000E-3	0.000000E+0	5.851800E+4
5.820000E-3	0.000000E+0	5.423600E+4
5.840000E-3	0.000000E+0	5.306100E+4
5.860000E-3	0.000000E+0	5.469400E+4
5.880000E-3	0.000000E+0	5.951100E+4
5.900000E-3	0.000000E+0	6.632900E+4
5.920000E-3	0.000000E+0	7.247900E+4
5.940000E-3	0.000000E+0	7.819600E+4
5.960000E-3	0.000000E+0	8.093300E+4
5.980000E-3	0.000000E+0	8.348800E+4
6.000000E-3	0.000000E+0	8.536600E+4
6.020000E-3	0.000000E+0	8.583000E+4
6.040000E-3	0.000000E+0	8.658100E+4
6.060000E-3	0.000000E+0	8.704200E+4
6.080000E-3	0.000000E+0	8.733800E+4
6.100000E-3	0.000000E+0	8.722200E+4
6.120000E-3	0.000000E+0	8.763400E+4
6.140000E-3	0.000000E+0	8.806500E+4
6.160000E-3	0.000000E+0	8.731600E+4
6.180000E-3	0.000000E+0	8.807200E+4
6.200000E-3	0.000000E+0	8.824600E+4
6.220000E-3	0.000000E+0	8.779800E+4
6.240000E-3	0.000000E+0	8.852000E+4
6.260000E-3	0.000000E+0	8.824600E+4
6.280000E-3	0.000000E+0	8.828900E+4
6.300000E-3	0.000000E+0	8.854800E+4
6.320000E-3	0.000000E+0	8.821900E+4
6.340000E-3	0.000000E+0	8.867600E+4
6.360000E-3	0.000000E+0	8.861800E+4
6.380000E-3	0.000000E+0	8.887900E+4
6.400000E-3	0.000000E+0	8.884500E+4
6.420000E-3	0.000000E+0	8.909600E+4
6.440000E-3	0.000000E+0	8.807800E+4
6.460000E-3	0.000000E+0	8.846700E+4
6.480000E-3	0.000000E+0	8.886500E+4
6.500000E-3	0.000000E+0	8.850900E+4
6.520000E-3	0.000000E+0	8.871800E+4
6.540000E-3	0.000000E+0	8.890100E+4
6.560000E-3	0.000000E+0	8.874200E+4
6.580000E-3	0.000000E+0	8.887300E+4
6.600000E-3	0.000000E+0	8.845300E+4
6.620000E-3	0.000000E+0	8.876900E+4
6.640000E-3	0.000000E+0	8.914200E+4
6.660000E-3	0.000000E+0	8.867300E+4
6.680000E-3	0.000000E+0	8.852800E+4
6.700000E-3	0.000000E+0	8.849600E+4
6.720000E-3	0.000000E+0	8.863700E+4
6.740000E-3	0.000000E+0	8.875100E+4
6.760000E-3	0.000000E+0	8.860900E+4
6.780000E-3	0.000000E+0	8.885800E+4
6.800000E-3	0.000000E+0	8.863600E+4
6.820000E-3	0.000000E+0	8.878800E+4
6.840000E-3	0.000000E+0	8.879000E+4
6.860000E-3	0.000000E+0	8.949900E+4
6.880000E-3	0.000000E+0	8.853500E+4
6.900000E-3	0.000000E+0	8.879500E+4
6.920000E-3	0.000000E+0	8.923600E+4
6.940000E-3	0.000000E+0	8.894400E+4
6.960000E-3	0.000000E+0	8.775100E+4
6.980000E-3	0.000000E+0	8.885400E+4
7.000000E-3	0.000000E+0	8.904600E+4
7.020000E-3	0.000000E+0	8.896000E+4
7.040000E-3	0.000000E+0	8.869900E+4
7.060000E-3	0.000000E+0	8.892000E+4
7.080000E-3	0.000000E+0	8.907100E+4
7.100000E-3	0.000000E+0	8.831900E+4
7.120000E-3	0.000000E+0	8.874400E+4
7.140000E-3	0.000000E+0	8.900200E+4
7.160000E-3	0.000000E+0	8.893700E+4
7.180000E-3	0.000000E+0	8.920000E+4
7.200000E-3	0.000000E+0	8.852200E+4
7.220000E-3	0.000000E+0	8.916000E+4
7.240000E-3	0.000000E+0	8.897800E+4
7.260000E-3	0.000000E+0	8.934700E+4
7.280000E-3	0.000000E+0	8.892500E+4
7.300000E-3	0.000000E+0	8.884300E+4
7.320000E-3	0.000000E+0	8.865600E+4
7.340000E-3	0.000000E+0	8.917600E+4
7.360000E-3	0.000000E+0	8.886300E+4
7.380000E-3	0.000000E+0	8.895000E+4
7.400000E-3	0.000000E+0	8.881500E+4
7.420000E-3	0.000000E+0	8.886200E+4
7.440000E-3	0.000000E+0	8.907400E+4
7.460000E-3	0.000000E+0	8.836400E+4
7.480000E-3	0.000000E+0	8.871500E+4
7.500000E-3	0.000000E+0	8.820600E+4
7.520000E-3	0.000000E+0	8.897700E+4
7.540000E-3	0.000000E+0	8.907800E+4
7.560000E-3	0.000000E+0	8.929400E+4
7.580000E-3	0.000000E+0	8.883700E+4
7.600000E-3	0.000000E+0	8.845600E+4
7.620000E-3	0.000000E+0	8.928500E+4
7.640000E-3	0.000000E+0	8.866800E+4
7.660000E-3	0.000000E+0	8.927800E+4
7.680000E-3	0.000000E+0	8.949800E+4
7.700000E-3	0.000000E+0	8.897000E+4
7.720000E-3	0.000000E+0	8.869700E+4
7.740000E-3	0.000000E+0	8.862900E+4
7.760000E-3	0.000000E+0	8.927800E+4
7.780000E-3	0.000000E+0	8.857700E+4
7.800000E-3	0.000000E+0	8.909500E+4
7.820000E-3	0.000000E+0	8.897300E+4
7.840000E-3	0.000000E+0	8.899900E+4
7.860000E-3	0.000000E+0	8.878000E+4
7.880000E-3	0.000000E+0	8.906600E+4
7.900000E-3	0.000000E+0	8.937700E+4
7.920000E-3	0.000000E+0	8.871200E+4
7.940000E-3	0.000000E+0	8.880100E+4
7.960000E-3	0.000000E+0	8.895300E+4
7.980000E-3	0.000000E+0	8.850700E+4
8.000000E-3	0.000000E+0	8.848300E+4
8.020000E-3	0.000000E+0	8.868700E+4
8.040000E-3	0.000000E+0	8.816900E+4
8.060000E-3	0.000000E+0	8.886600E+4
8.080000E-3	0.000000E+0	8.973900E+4
8.100000E-3	0.000000E+0	8.854700E+4
8.120000E-3	0.000000E+0	8.870200E+4
8.140000E-3	0.000000E+0	8.907700E+4
8.160000E-3	0.000000E+0	8.867800E+4
8.180000E-3	0.000000E+0	8.853700E+4
8.200000E-3	0.000000E+0	8.896400E+4
8.220000E-3	0.000000E+0	8.860400E+4
8.240000E-3	0.000000E+0	8.911500E+4
8.260000E-3	0.000000E+0	8.846300E+4
8.280000E-3	0.000000E+0	8.912300E+4
8.300000E-3	0.000000E+0	8.910800E+4
8.320000E-3	0.000000E+0	8.881100E+4
8.340000E-3	0.000000E+0	8.929400E+4
8.360000E-3	0.000000E+0	8.856900E+4
8.380000E-3	0.000000E+0	8.931200E+4
8.400000E-3	0.000000E+0	8.899800E+4
8.420000E-3	0.000000E+0	8.866000E+4
8.440000E-3	0.000000E+0	8.933000E+4
8.460000E-3	0.000000E+0	8.902900E+4
8.480000E-3	0.000000E+0	8.887000E+4
8.500000E-3	0.000000E+0	8.895800E+4
8.520000E-3	0.000000E+0	8.895800E+4
8.540000E-3	0.000000E+0	8.901000E+4
8.560000E-3	0.000000E+0	8.926000E+4
8.580000E-3	0.000000E+0	8.872700E+4
8.600000E-3	0.000000E+0	8.896900E+4
8.620000E-3	0.000000E+0	8.898400E+4
8.640000E-3	0.000000E+0	8.902900E+4
8.660000E-3	0.000000E+0	8.852900E+4
8.680000E-3	0.000000E+0	8.893600E+4
8.700000E-3	0.000000E+0	8.904500E+4
8.720000E-3	0.000000E+0	8.858500E+4
8.740000E-3	0.000000E+0	8.908500E+4
8.760000E-3	0.000000E+0	8.963000E+4
8.780000E-3	0.000000E+0	8.866900E+4
8.800000E-3	0.000000E+0	8.885000E+4
8.820000E-3	0.000000E+0	8.885000E+4
8.840000E-3	0.000000E+0	8.898800E+4
8.860000E-3	0.000000E+0	8.876800E+4
8.880000E-3	0.000000E+0	8.886000E+4
8.900000E-3	0.000000E+0	8.955600E+4
8.920000E-3	0.000000E+0	8.878500E+4
8.940000E-3	0.000000E+0	8.869700E+4
8.960000E-3	0.000000E+0	8.869100E+4
8.980000E-3	0.000000E+0	8.855000E+4
9.000000E-3	0.000000E+0	8.878700E+4
9.020000E-3	0.000000E+0	8.874400E+4
9.040000E-3	0.000000E+0	8.934400E+4
9.060000E-3	0.000000E+0	8.871900E+4
9.080000E-3	0.000000E+0	8.903500E+4
9.100000E-3	0.000000E+0	8.853500E+4
9.120000E-3	0.000000E+0	8.918000E+4
9.140000E-3	0.000000E+0	8.909000E+4
9.160000E-3	0.000000E+0	8.807300E+4
9.180000E-3	0.000000E+0	8.872800E+4
9.200000E-3	0.000000E+0	8.892700E+4
9.220000E-3	0.000000E+0	8.875100E+4
9.240000E-3	0.000000E+0	8.879700E+4
9.260000E-3	0.000000E+0	8.886700E+4
9.280000E-3	0.000000E+0	8.874100E+4
9.300000E-3	0.000000E+0	8.888100E+4
9.320000E-3	0.000000E+0	8.839000E+4
9.340000E-3	0.000000E+0	8.889700E+4
9.360000E-3	0.000000E+0	8.910300E+4
9.380000E-3	0.000000E+0	8.922400E+4
9.400000E-3	0.000000E+0	8.885300E+4
9.420000E-3	0.000000E+0	8.888700E+4
9.440000E-3	0.000000E+0	8.872400E+4
9.460000E-3	0.000000E+0	8.917100E+4
9.480000E-3	0.000000E+0	8.879200E+4
9.500000E-3	0.000000E+0	8.940700E+4
9.520000E-3	0.000000E+0	8.898700E+4
9.540000E-3	0.000000E+0	8.850300E+4
9.560000E-3	0.000000E+0	8.919800E+4
9.580000E-3	0.000000E+0	8.916700E+4
9.600000E-3	0.000000E+0	8.866500E+4
9.620000E-3	0.000000E+0	8.899700E+4
9.640000E-3	0.000000E+0	8.899500E+4
9.660000E-3	0.000000E+0	8.888900E+4
9.680000E-3	0.000000E+0	8.840100E+4
9.700000E-3	0.000000E+0	8.881000E+4
9.720000E-3	0.000000E+0	8.893100E+4
9.740000E-3	0.000000E+0	8.924300E+4
9.760000E-3	0.000000E+0	8.853600E+4
9.780000E-3	0.000000E+0	8.885600E+4
9.800000E-3	0.000000E+0	8.907600E+4
9.820000E-3	0.000000E+0	8.869400E+4
9.840000E-3	0.000000E+0	8.895300E+4
9.860000E-3	0.000000E+0	8.930400E+4
9.880000E-3	0.000000E+0	8.928700E+4
9.900000E-3	0.000000E+0	8.916200E+4
9.920000E-3	0.000000E+0	8.932300E+4
9.940000E-3	0.000000E+0	8.850300E+4
9.960000E-3	0.000000E+0	8.841600E+4
9.980000E-3	0.000000E+0	8.866200E+4
1.000000E-2	0.000000E+0	8.891900E+4
1.002000E-2	0.000000E+0	8.855000E+4
1.004000E-2	0.000000E+0	8.885300E+4
1.006000E-2	0.000000E+0	8.867700E+4
1.008000E-2	0.000000E+0	8.903400E+4
1.010000E-2	0.000000E+0	8.904700E+4
1.012000E-2	0.000000E+0	8.893200E+4
1.014000E-2	0.000000E+0	8.966700E+4
1.016000E-2	0.000000E+0	8.932600E+4
1.018000E-2	0.000000E+0	8.920000E+4
1.020000E-2	0.000000E+0	8.966800E+4
1.022000E-2	0.000000E+0	8.897900E+4
1.024000E-2	0.000000E+0	8.903400E+4
1.026000E-2	0.000000E+0	8.862800E+4
1.028000E-2	0.000000E+0	8.895800E+4
1.030000E-2	0.000000E+0	8.879900E+4
1.032000E-2	0.000000E+0	8.895500E+4
1.034000E-2	0.000000E+0	8.900500E+4
1.036000E-2	0.000000E+0	8.876500E+4
1.038000E-2	0.000000E+0	8.913700E+4
1.040000E-2	0.000000E+0	8.920200E+4
1.042000E-2	0.000000E+0	8.876600E+4
1.044000E-2	0.000000E+0	8.928200E+4
1.046000E-2	0.000000E+0	8.883400E+4
1.048000E-2	0.000000E+0	8.918200E+4
1.050000E-2	0.000000E+0	8.863000E+4
1.052000E-2	0.000000E+0	8.908500E+4
1.054000E-2	0.000000E+0	8.916700E+4
1.056000E-2	0.000000E+0	8.917000E+4
1.058000E-2	0.000000E+0	8.882700E+4
1.060000E-2	0.000000E+0	8.813900E+4
1.062000E-2	0.000000E+0	8.857100E+4
1.064000E-2	0.000000E+0	8.887300E+4
1.066000E-2	0.000000E+0	8.895200E+4
1.068000E-2	0.000000E+0	8.867200E+4
1.070000E-2	0.000000E+0	8.858000E+4
1.072000E-2	0.000000E+0	8.858300E+4
1.074000E-2	0.000000E+0	8.895800E+4
1.076000E-2	0.000000E+0	8.901200E+4
1.078000E-2	0.000000E+0	8.852100E+4
1.080000E-2	0.000000E+0	8.865900E+4
1.082000E-2	0.000000E+0	8.858400E+4
1.084000E-2	0.000000E+0	8.853200E+4
1.086000E-2	0.000000E+0	8.855000E+4
1.088000E-2	0.000000E+0	8.900400E+4
1.090000E-2	0.000000E+0	8.915900E+4
1.092000E-2	0.000000E+0	8.871000E+4
1.094000E-2	0.000000E+0	8.892900E+4
1.096000E-2	0.000000E+0	8.909100E+4
1.098000E-2	0.000000E+0	8.874000E+4
1.100000E-2	0.000000E+0	8.904300E+4
1.102000E-2	0.000000E+0	8.847800E+4
1.104000E-2	0.000000E+0	8.919100E+4
1.106000E-2	0.000000E+0	8.852600E+4
1.108000E-2	0.000000E+0	8.944300E+4
1.110000E-2	0.000000E+0	8.889400E+4
1.112000E-2	0.000000E+0	8.868400E+4
1.114000E-2	0.000000E+0	8.861200E+4
1.116000E-2	0.000000E+0	8.869800E+4
1.118000E-2	0.000000E+0	8.870800E+4
1.120000E-2	0.000000E+0	8.832000E+4
1.122000E-2	0.000000E+0	8.847900E+4
1.124000E-2	0.000000E+0	8.945000E+4
1.126000E-2	0.000000E+0	8.919300E+4
1.128000E-2	0.000000E+0	8.940600E+4
1.130000E-2	0.000000E+0	8.832200E+4
1.132000E-2	0.000000E+0	8.931000E+4
1.134000E-2	0.000000E+0	8.906500E+4
1.136000E-2	0.000000E+0	8.890000E+4
1.138000E-2	0.000000E+0	8.855700E+4
1.140000E-2	0.000000E+0	8.885900E+4
1.142000E-2	0.000000E+0	8.888800E+4
1.144000E-2	0.000000E+0	8.905400E+4
1.146000E-2	0.000000E+0	8.909400E+4
1.148000E-2	0.000000E+0	8.873100E+4
1.150000E-2	0.000000E+0	8.884400E+4
1.152000E-2	0.000000E+0	8.881100E+4
1.154000E-2	0.000000E+0	8.864200E+4
1.156000E-2	0.000000E+0	8.884300E+4
1.158000E-2	0.000000E+0	8.894400E+4
1.160000E-2	0.000000E+0	8.884400E+4
1.162000E-2	0.000000E+0	8.908500E+4
1.164000E-2	0.000000E+0	8.877700E+4
1.166000E-2	0.000000E+0	8.828800E+4
1.168000E-2	0.000000E+0	8.901100E+4
1.170000E-2	0.000000E+0	8.919000E+4
1.172000E-2	0.000000E+0	8.866500E+4
1.174000E-2	0.000000E+0	8.867900E+4
1.176000E-2	0.000000E+0	8.890500E+4
1.178000E-2	0.000000E+0	8.871600E+4
1.180000E-2	0.000000E+0	8.864000E+4
1.182000E-2	0.000000E+0	8.957600E+4
1.184000E-2	0.000000E+0	8.890700E+4
1.186000E-2	0.000000E+0	8.840300E+4
1.188000E-2	0.000000E+0	8.827700E+4
1.190000E-2	0.000000E+0	8.902100E+4
1.192000E-2	0.000000E+0	8.855900E+4
1.194000E-2	0.000000E+0	8.903100E+4
1.196000E-2	0.000000E+0	8.832400E+4
1.198000E-2	0.000000E+0	8.847600E+4
1.200000E-2	0.000000E+0	8.868600E+4
1.202000E-2	0.000000E+0	8.887700E+4
1.204000E-2	0.000000E+0	8.864300E+4
1.206000E-2	0.000000E+0	8.887900E+4
1.208000E-2	0.000000E+0	8.901300E+4
1.210000E-2	0.000000E+0	8.890100E+4
1.212000E-2	0.000000E+0	8.868000E+4
1.214000E-2	0.000000E+0	8.872200E+4
1.216000E-2	0.000000E+0	8.882200E+4
1.218000E-2	0.000000E+0	8.863400E+4
1.220000E-2	0.000000E+0	8.890200E+4
1.222000E-2	0.000000E+0	8.880300E+4
1.224000E-2	0.000000E+0	8.877800E+4
1.226000E-2	0.000000E+0	8.826800E+4
1.228000E-2	0.000000E+0	8.875000E+4
1.230000E-2	0.000000E+0	8.858600E+4
1.232000E-2	0.000000E+0	8.905500E+4
1.234000E-2	0.000000E+0	8.910400E+4
1.236000E-2	0.000000E+0	8.886000E+4
1.238000E-2	0.000000E+0	8.885400E+4
1.240000E-2	0.000000E+0	8.827000E+4
1.242000E-2	0.000000E+0	8.911900E+4
1.244000E-2	0.000000E+0	8.881900E+4
1.246000E-2	0.000000E+0	8.804500E+4
1.248000E-2	0.000000E+0	8.864400E+4
1.250000E-2	0.000000E+0	8.906600E+4
1.252000E-2	0.000000E+0	8.898600E+4
1.254000E-2	0.000000E+0	8.822400E+4
1.256000E-2	0.000000E+0	8.892800E+4
1.258000E-2	0.000000E+0	8.931600E+4
1.260000E-2	0.000000E+0	8.897300E+4
1.262000E-2	0.000000E+0	8.831700E+4
1.264000E-2	0.000000E+0	8.861100E+4
1.266000E-2	0.000000E+0	8.883700E+4
1.268000E-2	0.000000E+0	8.881300E+4
1.270000E-2	0.000000E+0	8.888700E+4
1.272000E-2	0.000000E+0	8.862300E+4
1.274000E-2	0.000000E+0	8.875500E+4
1.276000E-2	0.000000E+0	8.908300E+4
1.278000E-2	0.000000E+0	8.902700E+4
1.280000E-2	0.000000E+0	8.906800E+4
1.282000E-2	0.000000E+0	8.856300E+4
1.284000E-2	0.000000E+0	8.904900E+4
1.286000E-2	0.000000E+0	8.910100E+4
1.288000E-2	0.000000E+0	8.905900E+4
1.290000E-2	0.000000E+0	8.853400E+4
1.292000E-2	0.000000E+0	8.874000E+4
1.294000E-2	0.000000E+0	8.856000E+4
1.296000E-2	0.000000E+0	8.883800E+4
1.298000E-2	0.000000E+0	8.879600E+4
1.300000E-2	0.000000E+0	8.847100E+4
1.302000E-2	0.000000E+0	8.918400E+4
1.304000E-2	0.000000E+0	8.904700E+4
1.306000E-2	0.000000E+0	8.870500E+4
1.308000E-2	0.000000E+0	8.947300E+4
1.310000E-2	0.000000E+0	8.913100E+4
1.312000E-2	0.000000E+0	8.873800E+4
1.314000E-2	0.000000E+0	8.859300E+4
1.316000E-2	0.000000E+0	8.891100E+4
1.318000E-2	0.000000E+0	8.891500E+4
1.320000E-2	0.000000E+0	8.867200E+4
1.322000E-2	0.000000E+0	8.866800E+4
1.324000E-2	0.000000E+0	8.867100E+4
1.326000E-2	0.000000E+0	8.886300E+4
1.328000E-2	0.000000E+0	8.926400E+4
1.330000E-2	0.000000E+0	8.914200E+4
1.332000E-2	0.000000E+0	8.937900E+4
1.334000E-2	0.000000E+0	8.884000E+4
1.336000E-2	0.000000E+0	8.889000E+4
1.338000E-2	0.000000E+0	8.833400E+4
1.340000E-2	0.000000E+0	8.923700E+4
1.342000E-2	0.000000E+0	8.924800E+4
1.344000E-2	0.000000E+0	8.897500E+4
1.346000E-2	0.000000E+0	8.899200E+4
1.348000E-2	0.000000E+0	8.893100E+4
1.350000E-2	0.000000E+0	8.893700E+4
1.352000E-2	0.000000E+0	8.877700E+4
1.354000E-2	0.000000E+0	8.903000E+4
1.356000E-2	0.000000E+0	8.877800E+4
1.358000E-2	0.000000E+0	8.793800E+4
1.360000E-2	0.000000E+0	8.879000E+4
1.362000E-2	0.000000E+0	8.864900E+4
1.364000E-2	0.000000E+0	8.871800E+4
1.366000E-2	0.000000E+0	8.853600E+4
1.368000E-2	0.000000E+0	8.900400E+4
1.370000E-2	0.000000E+0	8.904800E+4
1.372000E-2	0.000000E+0	8.883400E+4
1.374000E-2	0.000000E+0	8.847200E+4
1.376000E-2	0.000000E+0	8.898900E+4
1.378000E-2	0.000000E+0	8.970400E+4
1.380000E-2	0.000000E+0	8.825100E+4
1.382000E-2	0.000000E+0	8.815500E+4
1.384000E-2	0.000000E+0	8.844000E+4
1.386000E-2	0.000000E+0	8.963400E+4
1.388000E-2	0.000000E+0	8.868500E+4
1.390000E-2	0.000000E+0	8.901500E+4
1.392000E-2	0.000000E+0	8.853400E+4
1.394000E-2	0.000000E+0	8.939400E+4
1.396000E-2	0.000000E+0	8.842100E+4
1.398000E-2	0.000000E+0	8.937700E+4
1.400000E-2	0.000000E+0	8.893500E+4
1.402000E-2	0.000000E+0	8.894600E+4
1.404000E-2	0.000000E+0	8.923800E+4
1.406000E-2	0.000000E+0	8.845300E+4
1.408000E-2	0.000000E+0	8.904600E+4
1.410000E-2	0.000000E+0	8.877100E+4
1.412000E-2	0.000000E+0	8.831400E+4
1.414000E-2	0.000000E+0	8.860100E+4
1.416000E-2	0.000000E+0	8.921100E+4
1.418000E-2	0.000000E+0	8.903800E+4
1.420000E-2	0.000000E+0	8.901200E+4
1.422000E-2	0.000000E+0	8.883300E+4
1.424000E-2	0.000000E+0	8.870200E+4
1.426000E-2	0.000000E+0	8.916400E+4
1.428000E-2	0.000000E+0	8.911300E+4
1.430000E-2	0.000000E+0	8.877600E+4
1.432000E-2	0.000000E+0	8.923800E+4
1.434000E-2	0.000000E+0	8.853200E+4
1.436000E-2	0.000000E+0	8.860700E+4
1.438000E-2	0.000000E+0	8.871800E+4
1.440000E-2	0.000000E+0	8.893100E+4
1.442000E-2	0.000000E+0	8.909100E+4
1.444000E-2	0.000000E+0	8.949300E+4
1.446000E-2	0.000000E+0	8.882100E+4
1.448000E-2	0.000000E+0	8.851600E+4
1.450000E-2	0.000000E+0	8.846400E+4
1.452000E-2	0.000000E+0	8.880600E+4
1.454000E-2	0.000000E+0	8.853400E+4
1.456000E-2	0.000000E+0	8.880700E+4
1.458000E-2	0.000000E+0	8.864600E+4
1.460000E-2	0.000000E+0	8.846700E+4
1.462000E-2	0.000000E+0	8.908700E+4
1.464000E-2	0.000000E+0	8.909400E+4
1.466000E-2	0.000000E+0	8.877200E+4
1.468000E-2	0.000000E+0	8.887300E+4
1.470000E-2	0.000000E+0	8.818900E+4
1.472000E-2	0.000000E+0	8.857200E+4
1.474000E-2	0.000000E+0	8.909400E+4
1.476000E-2	0.000000E+0	8.867300E+4
1.478000E-2	0.000000E+0	8.949200E+4
1.480000E-2	0.000000E+0	8.885900E+4
1.482000E-2	0.000000E+0	8.868100E+4
1.484000E-2	0.000000E+0	8.881300E+4
1.486000E-2	0.000000E+0	8.890300E+4
1.488000E-2	0.000000E+0	8.841800E+4
1.490000E-2	0.000000E+0	8.905700E+4
1.492000E-2	0.000000E+0	8.907000E+4
1.494000E-2	0.000000E+0	8.889900E+4
1.496000E-2	0.000000E+0	8.902300E+4
1.498000E-2	0.000000E+0	8.877800E+4
1.500000E-2	0.000000E+0	8.900100E+4
1.502000E-2	0.000000E+0	8.886900E+4
1.504000E-2	0.000000E+0	8.953700E+4
1.506000E-2	0.000000E+0	8.867600E+4
1.508000E-2	0.000000E+0	8.897700E+4
1.510000E-2	0.000000E+0	8.896500E+4
1.512000E-2	0.000000E+0	8.881100E+4
1.514000E-2	0.000000E+0	8.843900E+4
1.516000E-2	0.000000E+0	8.890000E+4
1.518000E-2	0.000000E+0	8.889000E+4
1.520000E-2	0.000000E+0	8.861800E+4
1.522000E-2	0.000000E+0	8.864200E+4
1.524000E-2	0.000000E+0	8.868200E+4
1.526000E-2	0.000000E+0	8.823900E+4
1.528000E-2	0.000000E+0	8.937200E+4
1.530000E-2	0.000000E+0	8.949600E+4
1.532000E-2	0.000000E+0	8.866300E+4
1.534000E-2	0.000000E+0	8.903800E+4
1.536000E-2	0.000000E+0	8.875600E+4
1.538000E-2	0.000000E+0	8.872700E+4
1.540000E-2	0.000000E+0	8.899000E+4
1.542000E-2	0.000000E+0	8.842200E+4
1.544000E-2	0.000000E+0	8.854000E+4
1.546000E-2	0.000000E+0	8.837200E+4
1.548000E-2	0.000000E+0	8.855800E+4
1.550000E-2	0.000000E+0	8.899300E+4
1.552000E-2	0.000000E+0	8.873000E+4
1.554000E-2	0.000000E+0	8.863100E+4
1.556000E-2	0.000000E+0	8.909400E+4
1.558000E-2	0.000000E+0	8.910500E+4
1.560000E-2	0.000000E+0	8.865500E+4
1.562000E-2	0.000000E+0	8.885300E+4
1.564000E-2	0.000000E+0	8.852900E+4
1.566000E-2	0.000000E+0	8.880000E+4
1.568000E-2	0.000000E+0	8.863900E+4
1.570000E-2	0.000000E+0	8.895800E+4
1.572000E-2	0.000000E+0	8.893000E+4
1.574000E-2	0.000000E+0	8.874400E+4
1.576000E-2	0.000000E+0	8.839300E+4
1.578000E-2	0.000000E+0	8.854100E+4
1.580000E-2	0.000000E+0	8.912100E+4
1.582000E-2	0.000000E+0	8.889500E+4
1.584000E-2	0.000000E+0	8.876300E+4
1.586000E-2	0.000000E+0	8.865400E+4
1.588000E-2	0.000000E+0	8.873500E+4
1.590000E-2	0.000000E+0	8.875600E+4
1.592000E-2	0.000000E+0	8.858500E+4
1.594000E-2	0.000000E+0	8.893400E+4
1.596000E-2	0.000000E+0	8.855500E+4
1.598000E-2	0.000000E+0	8.868000E+4
1.600000E-2	0.000000E+0	8.866500E+4
1.602000E-2	0.000000E+0	8.858600E+4
1.604000E-2	0.000000E+0	8.886300E+4
1.606000E-2	0.000000E+0	8.916900E+4
1.608000E-2	0.000000E+0	8.861800E+4
1.610000E-2	0.000000E+0	8.877800E+4
1.612000E-2	0.000000E+0	8.835400E+4
1.614000E-2	0.000000E+0	8.873100E+4
1.616000E-2	0.000000E+0	8.912900E+4
1.618000E-2	0.000000E+0	8.813000E+4
1.620000E-2	0.000000E+0	8.847100E+4
1.622000E-2	0.000000E+0	8.821300E+4
1.624000E-2	0.000000E+0	8.881600E+4
1.626000E-2	0.000000E+0	8.847800E+4
1.628000E-2	0.000000E+0	8.847900E+4
1.630000E-2	0.000000E+0	8.846500E+4
1.632000E-2	0.000000E+0	8.870600E+4
1.634000E-2	0.000000E+0	8.868800E+4
1.636000E-2	0.000000E+0	8.846000E+4
1.638000E-2	0.000000E+0	8.865600E+4
1.640000E-2	0.000000E+0	8.840300E+4
1.642000E-2	0.000000E+0	8.865900E+4
1.644000E-2	0.000000E+0	8.892500E+4
1.646000E-2	0.000000E+0	8.800100E+4
1.648000E-2	0.000000E+0	8.922200E+4
1.650000E-2	0.000000E+0	8.895000E+4
1.652000E-2	0.000000E+0	8.874600E+4
1.654000E-2	0.000000E+0	8.834500E+4
1.656000E-2	0.000000E+0	8.863800E+4
1.658000E-2	0.000000E+0	8.922000E+4
1.660000E-2	0.000000E+0	8.834900E+4
1.662000E-2	0.000000E+0	8.860800E+4
1.664000E-2	0.000000E+0	8.888400E+4
1.666000E-2	0.000000E+0	8.871300E+4
1.668000E-2	0.000000E+0	8.856000E+4
1.670000E-2	0.000000E+0	8.849200E+4
1.672000E-2	0.000000E+0	8.846100E+4
1.674000E-2	0.000000E+0	8.803100E+4
1.676000E-2	0.000000E+0	8.827300E+4
1.678000E-2	0.000000E+0	8.862100E+4
1.680000E-2	0.000000E+0	8.882500E+4
1.682000E-2	0.000000E+0	8.808500E+4
1.684000E-2	0.000000E+0	8.814900E+4
1.686000E-2	0.000000E+0	8.804100E+4
1.688000E-2	0.000000E+0	8.823000E+4
1.690000E-2	0.000000E+0	8.750300E+4
1.692000E-2	0.000000E+0	8.796300E+4
1.694000E-2	0.000000E+0	8.775000E+4
1.696000E-2	0.000000E+0	8.747800E+4
1.698000E-2	0.000000E+0	8.713100E+4
1.700000E-2	0.000000E+0	8.675900E+4
1.702000E-2	0.000000E+0	8.660400E+4
1.704000E-2	0.000000E+0	8.572700E+4
1.706000E-2	0.000000E+0	8.538300E+4
1.708000E-2	0.000000E+0	8.493400E+4
1.710000E-2	0.000000E+0	8.297800E+4
1.712000E-2	0.000000E+0	8.134100E+4
1.714000E-2	0.000000E+0	7.764000E+4
1.716000E-2	0.000000E+0	7.211800E+4
1.718000E-2	0.000000E+0	6.644800E+4
1.720000E-2	0.000000E+0	5.975200E+4
1.722000E-2	0.000000E+0	5.521100E+4
1.724000E-2	0.000000E+0	5.324400E+4
1.726000E-2	0.000000E+0	5.448000E+4
1.728000E-2	0.000000E+0	5.870000E+4
1.730000E-2	0.000000E+0	6.506400E+4
1.732000E-2	0.000000E+0	7.036800E+4
1.734000E-2	0.000000E+0	7.615100E+4
1.736000E-2	0.000000E+0	7.968700E+4
1.738000E-2	0.000000E+0	8.206600E+4
1.740000E-2	0.000000E+0	8.463700E+4
1.742000E-2	0.000000E+0	8.532200E+4
1.744000E-2	0.000000E+0	8.576800E+4
1.746000E-2	0.000000E+0	8.666000E+4
1.748000E-2	0.000000E+0	8.681200E+4
1.750000E-2	0.000000E+0	8.703200E+4
1.752000E-2	0.000000E+0	8.709200E+4
1.754000E-2	0.000000E+0	8.846000E+4
1.756000E-2	0.000000E+0	8.758300E+4
1.758000E-2	0.000000E+0	8.761300E+4
1.760000E-2	0.000000E+0	8.834000E+4
1.762000E-2	0.000000E+0	8.803100E+4
1.764000E-2	0.000000E+0	8.822500E+4
1.766000E-2	0.000000E+0	8.807300E+4
1.768000E-2	0.000000E+0	8.832200E+4
1.770000E-2	0.000000E+0	8.837800E+4
1.772000E-2	0.000000E+0	8.868100E+4
1.774000E-2	0.000000E+0	8.780500E+4
1.776000E-2	0.000000E+0	8.815800E+4
1.778000E-2	0.000000E+0	8.830800E+4
1.780000E-2	0.000000E+0	8.847900E+4
1.782000E-2	0.000000E+0	8.852200E+4
1.784000E-2	0.000000E+0	8.898600E+4
1.786000E-2	0.000000E+0	8.933900E+4
1.788000E-2	0.000000E+0	8.856300E+4
1.790000E-2	0.000000E+0	8.831800E+4
1.792000E-2	0.000000E+0	8.872300E+4
1.794000E-2	0.000000E+0	8.879700E+4
1.796000E-2	0.000000E+0	8.881400E+4
1.798000E-2	0.000000E+0	8.848200E+4
1.800000E-2	0.000000E+0	8.837100E+4
1.802000E-2	0.000000E+0	8.818500E+4
1.804000E-2	0.000000E+0	8.859300E+4
1.806000E-2	0.000000E+0	8.864300E+4
1.808000E-2	0.000000E+0	8.849500E+4
1.810000E-2	0.000000E+0	8.894400E+4
1.812000E-2	0.000000E+0	8.888200E+4
1.814000E-2	0.000000E+0	8.826300E+4
1.816000E-2	0.000000E+0	8.871500E+4
1.818000E-2	0.000000E+0	8.853300E+4
1.820000E-2	0.000000E+0	8.875100E+4
1.822000E-2	0.000000E+0	8.832200E+4
1.824000E-2	0.000000E+0	8.829800E+4
1.826000E-2	0.000000E+0	8.850900E+4
1.828000E-2	0.000000E+0	8.913400E+4
1.830000E-2	0.000000E+0	8.841900E+4
1.832000E-2	0.000000E+0	8.845300E+4
1.834000E-2	0.000000E+0	8.879200E+4
1.836000E-2	0.000000E+0	8.822700E+4
1.838000E-2	0.000000E+0	8.881800E+4
1.840000E-2	0.000000E+0	8.928700E+4
1.842000E-2	0.000000E+0	8.886500E+4
1.844000E-2	0.000000E+0	8.911100E+4
1.846000E-2	0.000000E+0	8.890600E+4
1.848000E-2	0.000000E+0	8.844700E+4
1.850000E-2	0.000000E+0	8.881600E+4
1.852000E-2	0.000000E+0	8.823400E+4
1.854000E-2	0.000000E+0	8.853700E+4
1.856000E-2	0.000000E+0	8.899600E+4
1.858000E-2	0.000000E+0	8.821300E+4
1.860000E-2	0.000000E+0	8.877400E+4
1.862000E-2	0.000000E+0	8.861500E+4
1.864000E-2	0.000000E+0	8.969900E+4
1.866000E-2	0.000000E+0	8.810300E+4
1.868000E-2	0.000000E+0	8.901300E+4
1.870000E-2	0.000000E+0	8.868100E+4
1.872000E-2	0.000000E+0	8.866700E+4
1.874000E-2	0.000000E+0	8.867700E+4
1.876000E-2	0.000000E+0	8.842900E+4
1.878000E-2	0.000000E+0	8.829700E+4
1.880000E-2	0.000000E+0	8.844200E+4
1.882000E-2	0.000000E+0	8.872700E+4
1.884000E-2	0.000000E+0	8.830800E+4
1.886000E-2	0.000000E+0	8.889800E+4
1.888000E-2	0.000000E+0	8.859300E+4
1.890000E-2	0.000000E+0	8.884200E+4
1.892000E-2	0.000000E+0	8.845000E+4
1.894000E-2	0.000000E+0	8.878200E+4
1.896000E-2	0.000000E+0	8.885400E+4
1.898000E-2	0.000000E+0	8.956700E+4
1.900000E-2	0.000000E+0	8.881600E+4
1.902000E-2	0.000000E+0	8.858200E+4
1.904000E-2	0.000000E+0	8.884100E+4
1.906000E-2	0.000000E+0	8.866100E+4
1.908000E-2	0.000000E+0	8.895500E+4
1.910000E-2	0.000000E+0	8.823600E+4
1.912000E-2	0.000000E+0	8.836100E+4
1.914000E-2	0.000000E+0	8.920300E+4
1.916000E-2	0.000000E+0	8.848300E+4
1.918000E-2	0.000000E+0	8.871300E+4
1.920000E-2	0.000000E+0	8.845000E+4
1.922000E-2	0.000000E+0	8.852600E+4
1.924000E-2	0.000000E+0	8.955000E+4
1.926000E-2	0.000000E+0	8.885400E+4
1.928000E-2	0.000000E+0	8.874200E+4
1.930000E-2	0.000000E+0	8.864800E+4
1.932000E-2	0.000000E+0	8.893900E+4
1.934000E-2	0.000000E+0	8.890600E+4
1.936000E-2	0.000000E+0	8.829400E+4
1.938000E-2	0.000000E+0	8.881700E+4
1.940000E-2	0.000000E+0	8.859600E+4
1.942000E-2	0.000000E+0	8.866900E+4
1.944000E-2	0.000000E+0	8.866100E+4
1.946000E-2	0.000000E+0	8.868200E+4
1.948000E-2	0.000000E+0	8.885100E+4
1.950000E-2	0.000000E+0	8.906100E+4
1.952000E-2	0.000000E+0	8.874600E+4
1.954000E-2	0.000000E+0	8.891900E+4
1.956000E-2	0.000000E+0	8.864100E+4
1.958000E-2	0.000000E+0	8.869100E+4
1.960000E-2	0.000000E+0	8.816500E+4
1.962000E-2	0.000000E+0	8.870400E+4
1.964000E-2	0.000000E+0	8.900800E+4
1.966000E-2	0.000000E+0	8.899600E+4
1.968000E-2	0.000000E+0	8.850700E+4
1.970000E-2	0.000000E+0	8.892500E+4
1.972000E-2	0.000000E+0	8.835500E+4
1.974000E-2	0.000000E+0	8.839000E+4
1.976000E-2	0.000000E+0	8.850100E+4
1.978000E-2	0.000000E+0	8.853700E+4
1.980000E-2	0.000000E+0	8.872800E+4
1.982000E-2	0.000000E+0	8.891700E+4
1.984000E-2	0.000000E+0	8.867200E+4
1.986000E-2	0.000000E+0	8.907800E+4
1.988000E-2	0.000000E+0	8.923500E+4
1.990000E-2	0.000000E+0	8.907700E+4
1.992000E-2	0.000000E+0	8.887900E+4
1.994000E-2	0.000000E+0	8.911800E+4
1.996000E-2	0.000000E+0	8.880000E+4
1.998000E-2	0.000000E+0	8.849200E+4
