

live time:  46625.080000
real time:  54007.909000
sweeps:  2331254.000000
0.000000E+0	0.000000E+0	0.000000E+0
2.000000E-5	0.000000E+0	2.328700E+4
4.000000E-5	0.000000E+0	2.325900E+4
6.000000E-5	0.000000E+0	2.334400E+4
8.000000E-5	0.000000E+0	2.352400E+4
1.000000E-4	0.000000E+0	2.340700E+4
1.200000E-4	0.000000E+0	2.339300E+4
1.400000E-4	0.000000E+0	2.344900E+4
1.600000E-4	0.000000E+0	2.374800E+4
1.800000E-4	0.000000E+0	2.355800E+4
2.000000E-4	0.000000E+0	2.332900E+4
2.200000E-4	0.000000E+0	2.338900E+4
2.400000E-4	0.000000E+0	2.345400E+4
2.600000E-4	0.000000E+0	2.337500E+4
2.800000E-4	0.000000E+0	2.356300E+4
3.000000E-4	0.000000E+0	2.345100E+4
3.200000E-4	0.000000E+0	2.325300E+4
3.400000E-4	0.000000E+0	2.328300E+4
3.600000E-4	0.000000E+0	2.340200E+4
3.800000E-4	0.000000E+0	2.342400E+4
4.000000E-4	0.000000E+0	2.347700E+4
4.200000E-4	0.000000E+0	2.340000E+4
4.400000E-4	0.000000E+0	2.346900E+4
4.600000E-4	0.000000E+0	2.355800E+4
4.800000E-4	0.000000E+0	2.333000E+4
5.000000E-4	0.000000E+0	2.305200E+4
5.200000E-4	0.000000E+0	2.350400E+4
5.400000E-4	0.000000E+0	2.333600E+4
5.600000E-4	0.000000E+0	2.367300E+4
5.800000E-4	0.000000E+0	2.336800E+4
6.000000E-4	0.000000E+0	2.330800E+4
6.200000E-4	0.000000E+0	2.342100E+4
6.400000E-4	0.000000E+0	2.333900E+4
6.600000E-4	0.000000E+0	2.326500E+4
6.800000E-4	0.000000E+0	2.316400E+4
7.000000E-4	0.000000E+0	2.344800E+4
7.200000E-4	0.000000E+0	2.335900E+4
7.400000E-4	0.000000E+0	2.346500E+4
7.600000E-4	0.000000E+0	2.326700E+4
7.800000E-4	0.000000E+0	2.349300E+4
8.000000E-4	0.000000E+0	2.361800E+4
8.200000E-4	0.000000E+0	2.326500E+4
8.400000E-4	0.000000E+0	2.343600E+4
8.600000E-4	0.000000E+0	2.350800E+4
8.800000E-4	0.000000E+0	2.369900E+4
9.000000E-4	0.000000E+0	2.325100E+4
9.200000E-4	0.000000E+0	2.338500E+4
9.400000E-4	0.000000E+0	2.345700E+4
9.600000E-4	0.000000E+0	2.347700E+4
9.800000E-4	0.000000E+0	2.333500E+4
1.000000E-3	0.000000E+0	2.337800E+4
1.020000E-3	0.000000E+0	2.340300E+4
1.040000E-3	0.000000E+0	2.367300E+4
1.060000E-3	0.000000E+0	2.339500E+4
1.080000E-3	0.000000E+0	2.309500E+4
1.100000E-3	0.000000E+0	2.345100E+4
1.120000E-3	0.000000E+0	2.363900E+4
1.140000E-3	0.000000E+0	2.358200E+4
1.160000E-3	0.000000E+0	2.317900E+4
1.180000E-3	0.000000E+0	2.333500E+4
1.200000E-3	0.000000E+0	2.353200E+4
1.220000E-3	0.000000E+0	2.334100E+4
1.240000E-3	0.000000E+0	2.329100E+4
1.260000E-3	0.000000E+0	2.361900E+4
1.280000E-3	0.000000E+0	2.343600E+4
1.300000E-3	0.000000E+0	2.378600E+4
1.320000E-3	0.000000E+0	2.330600E+4
1.340000E-3	0.000000E+0	2.343900E+4
1.360000E-3	0.000000E+0	2.340500E+4
1.380000E-3	0.000000E+0	2.345200E+4
1.400000E-3	0.000000E+0	2.349600E+4
1.420000E-3	0.000000E+0	2.339400E+4
1.440000E-3	0.000000E+0	2.359700E+4
1.460000E-3	0.000000E+0	2.319100E+4
1.480000E-3	0.000000E+0	2.294500E+4
1.500000E-3	0.000000E+0	2.322500E+4
1.520000E-3	0.000000E+0	2.322600E+4
1.540000E-3	0.000000E+0	2.325700E+4
1.560000E-3	0.000000E+0	2.334000E+4
1.580000E-3	0.000000E+0	2.343500E+4
1.600000E-3	0.000000E+0	2.348900E+4
1.620000E-3	0.000000E+0	2.363600E+4
1.640000E-3	0.000000E+0	2.363100E+4
1.660000E-3	0.000000E+0	2.354000E+4
1.680000E-3	0.000000E+0	2.350200E+4
1.700000E-3	0.000000E+0	2.332200E+4
1.720000E-3	0.000000E+0	2.339800E+4
1.740000E-3	0.000000E+0	2.354000E+4
1.760000E-3	0.000000E+0	2.340200E+4
1.780000E-3	0.000000E+0	2.359400E+4
1.800000E-3	0.000000E+0	2.322900E+4
1.820000E-3	0.000000E+0	2.360800E+4
1.840000E-3	0.000000E+0	2.347400E+4
1.860000E-3	0.000000E+0	2.353300E+4
1.880000E-3	0.000000E+0	2.351800E+4
1.900000E-3	0.000000E+0	2.364000E+4
1.920000E-3	0.000000E+0	2.346800E+4
1.940000E-3	0.000000E+0	2.357800E+4
1.960000E-3	0.000000E+0	2.317900E+4
1.980000E-3	0.000000E+0	2.361700E+4
2.000000E-3	0.000000E+0	2.342000E+4
2.020000E-3	0.000000E+0	2.347500E+4
2.040000E-3	0.000000E+0	2.349400E+4
2.060000E-3	0.000000E+0	2.372000E+4
2.080000E-3	0.000000E+0	2.302700E+4
2.100000E-3	0.000000E+0	2.345500E+4
2.120000E-3	0.000000E+0	2.359200E+4
2.140000E-3	0.000000E+0	2.323100E+4
2.160000E-3	0.000000E+0	2.325400E+4
2.180000E-3	0.000000E+0	2.335700E+4
2.200000E-3	0.000000E+0	2.331500E+4
2.220000E-3	0.000000E+0	2.316100E+4
2.240000E-3	0.000000E+0	2.305300E+4
2.260000E-3	0.000000E+0	2.334400E+4
2.280000E-3	0.000000E+0	2.349700E+4
2.300000E-3	0.000000E+0	2.331900E+4
2.320000E-3	0.000000E+0	2.347700E+4
2.340000E-3	0.000000E+0	2.337200E+4
2.360000E-3	0.000000E+0	2.354800E+4
2.380000E-3	0.000000E+0	2.332700E+4
2.400000E-3	0.000000E+0	2.331000E+4
2.420000E-3	0.000000E+0	2.346600E+4
2.440000E-3	0.000000E+0	2.339800E+4
2.460000E-3	0.000000E+0	2.325800E+4
2.480000E-3	0.000000E+0	2.314000E+4
2.500000E-3	0.000000E+0	2.363900E+4
2.520000E-3	0.000000E+0	2.354500E+4
2.540000E-3	0.000000E+0	2.341600E+4
2.560000E-3	0.000000E+0	2.315000E+4
2.580000E-3	0.000000E+0	2.348000E+4
2.600000E-3	0.000000E+0	2.341100E+4
2.620000E-3	0.000000E+0	2.339400E+4
2.640000E-3	0.000000E+0	2.348100E+4
2.660000E-3	0.000000E+0	2.333700E+4
2.680000E-3	0.000000E+0	2.372700E+4
2.700000E-3	0.000000E+0	2.339900E+4
2.720000E-3	0.000000E+0	2.325100E+4
2.740000E-3	0.000000E+0	2.345900E+4
2.760000E-3	0.000000E+0	2.339800E+4
2.780000E-3	0.000000E+0	2.346700E+4
2.800000E-3	0.000000E+0	2.327100E+4
2.820000E-3	0.000000E+0	2.316600E+4
2.840000E-3	0.000000E+0	2.353000E+4
2.860000E-3	0.000000E+0	2.332300E+4
2.880000E-3	0.000000E+0	2.345600E+4
2.900000E-3	0.000000E+0	2.323900E+4
2.920000E-3	0.000000E+0	2.352800E+4
2.940000E-3	0.000000E+0	2.340100E+4
2.960000E-3	0.000000E+0	2.352100E+4
2.980000E-3	0.000000E+0	2.328800E+4
3.000000E-3	0.000000E+0	2.322300E+4
3.020000E-3	0.000000E+0	2.349000E+4
3.040000E-3	0.000000E+0	2.339800E+4
3.060000E-3	0.000000E+0	2.330700E+4
3.080000E-3	0.000000E+0	2.344800E+4
3.100000E-3	0.000000E+0	2.332500E+4
3.120000E-3	0.000000E+0	2.351000E+4
3.140000E-3	0.000000E+0	2.348100E+4
3.160000E-3	0.000000E+0	2.318000E+4
3.180000E-3	0.000000E+0	2.362300E+4
3.200000E-3	0.000000E+0	2.347800E+4
3.220000E-3	0.000000E+0	2.323000E+4
3.240000E-3	0.000000E+0	2.333700E+4
3.260000E-3	0.000000E+0	2.352500E+4
3.280000E-3	0.000000E+0	2.348700E+4
3.300000E-3	0.000000E+0	2.335600E+4
3.320000E-3	0.000000E+0	2.352800E+4
3.340000E-3	0.000000E+0	2.345300E+4
3.360000E-3	0.000000E+0	2.325200E+4
3.380000E-3	0.000000E+0	2.345200E+4
3.400000E-3	0.000000E+0	2.333100E+4
3.420000E-3	0.000000E+0	2.355200E+4
3.440000E-3	0.000000E+0	2.320900E+4
3.460000E-3	0.000000E+0	2.328400E+4
3.480000E-3	0.000000E+0	2.355400E+4
3.500000E-3	0.000000E+0	2.368400E+4
3.520000E-3	0.000000E+0	2.357000E+4
3.540000E-3	0.000000E+0	2.354500E+4
3.560000E-3	0.000000E+0	2.324000E+4
3.580000E-3	0.000000E+0	2.354500E+4
3.600000E-3	0.000000E+0	2.322000E+4
3.620000E-3	0.000000E+0	2.352700E+4
3.640000E-3	0.000000E+0	2.348800E+4
3.660000E-3	0.000000E+0	2.338800E+4
3.680000E-3	0.000000E+0	2.343800E+4
3.700000E-3	0.000000E+0	2.340600E+4
3.720000E-3	0.000000E+0	2.322800E+4
3.740000E-3	0.000000E+0	2.316300E+4
3.760000E-3	0.000000E+0	2.355100E+4
3.780000E-3	0.000000E+0	2.362600E+4
3.800000E-3	0.000000E+0	2.314800E+4
3.820000E-3	0.000000E+0	2.321300E+4
3.840000E-3	0.000000E+0	2.355200E+4
3.860000E-3	0.000000E+0	2.315400E+4
3.880000E-3	0.000000E+0	2.323500E+4
3.900000E-3	0.000000E+0	2.348100E+4
3.920000E-3	0.000000E+0	2.322300E+4
3.940000E-3	0.000000E+0	2.324300E+4
3.960000E-3	0.000000E+0	2.331900E+4
3.980000E-3	0.000000E+0	2.329600E+4
4.000000E-3	0.000000E+0	2.329600E+4
4.020000E-3	0.000000E+0	2.337100E+4
4.040000E-3	0.000000E+0	2.331200E+4
4.060000E-3	0.000000E+0	2.322200E+4
4.080000E-3	0.000000E+0	2.348300E+4
4.100000E-3	0.000000E+0	2.308800E+4
4.120000E-3	0.000000E+0	2.330500E+4
4.140000E-3	0.000000E+0	2.356700E+4
4.160000E-3	0.000000E+0	2.312100E+4
4.180000E-3	0.000000E+0	2.355700E+4
4.200000E-3	0.000000E+0	2.326100E+4
4.220000E-3	0.000000E+0	2.357600E+4
4.240000E-3	0.000000E+0	2.326800E+4
4.260000E-3	0.000000E+0	2.330300E+4
4.280000E-3	0.000000E+0	2.343300E+4
4.300000E-3	0.000000E+0	2.324900E+4
4.320000E-3	0.000000E+0	2.359000E+4
4.340000E-3	0.000000E+0	2.345800E+4
4.360000E-3	0.000000E+0	2.345900E+4
4.380000E-3	0.000000E+0	2.330300E+4
4.400000E-3	0.000000E+0	2.343100E+4
4.420000E-3	0.000000E+0	2.330500E+4
4.440000E-3	0.000000E+0	2.336500E+4
4.460000E-3	0.000000E+0	2.333500E+4
4.480000E-3	0.000000E+0	2.324900E+4
4.500000E-3	0.000000E+0	2.320400E+4
4.520000E-3	0.000000E+0	2.355600E+4
4.540000E-3	0.000000E+0	2.355700E+4
4.560000E-3	0.000000E+0	2.331100E+4
4.580000E-3	0.000000E+0	2.347700E+4
4.600000E-3	0.000000E+0	2.352400E+4
4.620000E-3	0.000000E+0	2.338200E+4
4.640000E-3	0.000000E+0	2.331000E+4
4.660000E-3	0.000000E+0	2.328600E+4
4.680000E-3	0.000000E+0	2.338400E+4
4.700000E-3	0.000000E+0	2.346600E+4
4.720000E-3	0.000000E+0	2.334200E+4
4.740000E-3	0.000000E+0	2.304500E+4
4.760000E-3	0.000000E+0	2.340400E+4
4.780000E-3	0.000000E+0	2.321900E+4
4.800000E-3	0.000000E+0	2.348600E+4
4.820000E-3	0.000000E+0	2.311600E+4
4.840000E-3	0.000000E+0	2.347900E+4
4.860000E-3	0.000000E+0	2.343000E+4
4.880000E-3	0.000000E+0	2.321900E+4
4.900000E-3	0.000000E+0	2.331900E+4
4.920000E-3	0.000000E+0	2.350100E+4
4.940000E-3	0.000000E+0	2.351300E+4
4.960000E-3	0.000000E+0	2.325000E+4
4.980000E-3	0.000000E+0	2.311400E+4
5.000000E-3	0.000000E+0	2.291500E+4
5.020000E-3	0.000000E+0	2.338300E+4
5.040000E-3	0.000000E+0	2.353100E+4
5.060000E-3	0.000000E+0	2.372800E+4
5.080000E-3	0.000000E+0	2.347200E+4
5.100000E-3	0.000000E+0	2.340300E+4
5.120000E-3	0.000000E+0	2.353100E+4
5.140000E-3	0.000000E+0	2.358900E+4
5.160000E-3	0.000000E+0	2.347500E+4
5.180000E-3	0.000000E+0	2.317900E+4
5.200000E-3	0.000000E+0	2.331900E+4
5.220000E-3	0.000000E+0	2.314900E+4
5.240000E-3	0.000000E+0	2.339000E+4
5.260000E-3	0.000000E+0	2.363400E+4
5.280000E-3	0.000000E+0	2.316500E+4
5.300000E-3	0.000000E+0	2.336800E+4
5.320000E-3	0.000000E+0	2.324800E+4
5.340000E-3	0.000000E+0	2.325900E+4
5.360000E-3	0.000000E+0	2.326600E+4
5.380000E-3	0.000000E+0	2.340900E+4
5.400000E-3	0.000000E+0	2.334100E+4
5.420000E-3	0.000000E+0	2.318300E+4
5.440000E-3	0.000000E+0	2.316500E+4
5.460000E-3	0.000000E+0	2.330000E+4
5.480000E-3	0.000000E+0	2.281000E+4
5.500000E-3	0.000000E+0	2.309000E+4
5.520000E-3	0.000000E+0	2.313300E+4
5.540000E-3	0.000000E+0	2.319300E+4
5.560000E-3	0.000000E+0	2.299100E+4
5.580000E-3	0.000000E+0	2.285200E+4
5.600000E-3	0.000000E+0	2.329200E+4
5.620000E-3	0.000000E+0	2.243600E+4
5.640000E-3	0.000000E+0	2.234900E+4
5.660000E-3	0.000000E+0	2.202800E+4
5.680000E-3	0.000000E+0	2.176900E+4
5.700000E-3	0.000000E+0	2.086200E+4
5.720000E-3	0.000000E+0	1.991800E+4
5.740000E-3	0.000000E+0	1.844900E+4
5.760000E-3	0.000000E+0	1.663700E+4
5.780000E-3	0.000000E+0	1.482700E+4
5.800000E-3	0.000000E+0	1.358400E+4
5.820000E-3	0.000000E+0	1.356200E+4
5.840000E-3	0.000000E+0	1.461100E+4
5.860000E-3	0.000000E+0	1.607700E+4
5.880000E-3	0.000000E+0	1.810600E+4
5.900000E-3	0.000000E+0	1.971000E+4
5.920000E-3	0.000000E+0	2.082400E+4
5.940000E-3	0.000000E+0	2.177700E+4
5.960000E-3	0.000000E+0	2.202100E+4
5.980000E-3	0.000000E+0	2.242200E+4
6.000000E-3	0.000000E+0	2.277500E+4
6.020000E-3	0.000000E+0	2.278300E+4
6.040000E-3	0.000000E+0	2.296900E+4
6.060000E-3	0.000000E+0	2.303600E+4
6.080000E-3	0.000000E+0	2.310500E+4
6.100000E-3	0.000000E+0	2.306100E+4
6.120000E-3	0.000000E+0	2.314500E+4
6.140000E-3	0.000000E+0	2.333500E+4
6.160000E-3	0.000000E+0	2.298200E+4
6.180000E-3	0.000000E+0	2.311900E+4
6.200000E-3	0.000000E+0	2.304700E+4
6.220000E-3	0.000000E+0	2.316400E+4
6.240000E-3	0.000000E+0	2.345800E+4
6.260000E-3	0.000000E+0	2.340700E+4
6.280000E-3	0.000000E+0	2.316200E+4
6.300000E-3	0.000000E+0	2.349600E+4
6.320000E-3	0.000000E+0	2.329900E+4
6.340000E-3	0.000000E+0	2.337900E+4
6.360000E-3	0.000000E+0	2.313400E+4
6.380000E-3	0.000000E+0	2.322900E+4
6.400000E-3	0.000000E+0	2.339900E+4
6.420000E-3	0.000000E+0	2.345700E+4
6.440000E-3	0.000000E+0	2.346900E+4
6.460000E-3	0.000000E+0	2.331100E+4
6.480000E-3	0.000000E+0	2.349900E+4
6.500000E-3	0.000000E+0	2.353500E+4
6.520000E-3	0.000000E+0	2.356800E+4
6.540000E-3	0.000000E+0	2.360300E+4
6.560000E-3	0.000000E+0	2.330900E+4
6.580000E-3	0.000000E+0	2.338800E+4
6.600000E-3	0.000000E+0	2.341300E+4
6.620000E-3	0.000000E+0	2.345800E+4
6.640000E-3	0.000000E+0	2.341100E+4
6.660000E-3	0.000000E+0	2.354300E+4
6.680000E-3	0.000000E+0	2.329900E+4
6.700000E-3	0.000000E+0	2.333400E+4
6.720000E-3	0.000000E+0	2.343200E+4
6.740000E-3	0.000000E+0	2.326500E+4
6.760000E-3	0.000000E+0	2.330000E+4
6.780000E-3	0.000000E+0	2.335500E+4
6.800000E-3	0.000000E+0	2.335400E+4
6.820000E-3	0.000000E+0	2.335000E+4
6.840000E-3	0.000000E+0	2.316100E+4
6.860000E-3	0.000000E+0	2.368700E+4
6.880000E-3	0.000000E+0	2.355600E+4
6.900000E-3	0.000000E+0	2.331300E+4
6.920000E-3	0.000000E+0	2.335800E+4
6.940000E-3	0.000000E+0	2.331800E+4
6.960000E-3	0.000000E+0	2.329700E+4
6.980000E-3	0.000000E+0	2.351800E+4
7.000000E-3	0.000000E+0	2.318500E+4
7.020000E-3	0.000000E+0	2.329100E+4
7.040000E-3	0.000000E+0	2.340300E+4
7.060000E-3	0.000000E+0	2.329700E+4
7.080000E-3	0.000000E+0	2.339000E+4
7.100000E-3	0.000000E+0	2.313700E+4
7.120000E-3	0.000000E+0	2.351800E+4
7.140000E-3	0.000000E+0	2.347300E+4
7.160000E-3	0.000000E+0	2.351600E+4
7.180000E-3	0.000000E+0	2.358200E+4
7.200000E-3	0.000000E+0	2.349700E+4
7.220000E-3	0.000000E+0	2.360600E+4
7.240000E-3	0.000000E+0	2.341600E+4
7.260000E-3	0.000000E+0	2.375700E+4
7.280000E-3	0.000000E+0	2.367300E+4
7.300000E-3	0.000000E+0	2.336600E+4
7.320000E-3	0.000000E+0	2.321700E+4
7.340000E-3	0.000000E+0	2.356100E+4
7.360000E-3	0.000000E+0	2.324500E+4
7.380000E-3	0.000000E+0	2.351600E+4
7.400000E-3	0.000000E+0	2.352300E+4
7.420000E-3	0.000000E+0	2.346800E+4
7.440000E-3	0.000000E+0	2.342900E+4
7.460000E-3	0.000000E+0	2.330400E+4
7.480000E-3	0.000000E+0	2.306700E+4
7.500000E-3	0.000000E+0	2.327900E+4
7.520000E-3	0.000000E+0	2.344100E+4
7.540000E-3	0.000000E+0	2.341700E+4
7.560000E-3	0.000000E+0	2.363600E+4
7.580000E-3	0.000000E+0	2.339000E+4
7.600000E-3	0.000000E+0	2.342500E+4
7.620000E-3	0.000000E+0	2.348100E+4
7.640000E-3	0.000000E+0	2.338300E+4
7.660000E-3	0.000000E+0	2.334600E+4
7.680000E-3	0.000000E+0	2.358600E+4
7.700000E-3	0.000000E+0	2.339500E+4
7.720000E-3	0.000000E+0	2.346100E+4
7.740000E-3	0.000000E+0	2.323800E+4
7.760000E-3	0.000000E+0	2.338100E+4
7.780000E-3	0.000000E+0	2.328300E+4
7.800000E-3	0.000000E+0	2.349100E+4
7.820000E-3	0.000000E+0	2.340900E+4
7.840000E-3	0.000000E+0	2.329700E+4
7.860000E-3	0.000000E+0	2.360700E+4
7.880000E-3	0.000000E+0	2.351800E+4
7.900000E-3	0.000000E+0	2.354000E+4
7.920000E-3	0.000000E+0	2.335100E+4
7.940000E-3	0.000000E+0	2.325300E+4
7.960000E-3	0.000000E+0	2.354000E+4
7.980000E-3	0.000000E+0	2.338200E+4
8.000000E-3	0.000000E+0	2.320000E+4
8.020000E-3	0.000000E+0	2.378000E+4
8.040000E-3	0.000000E+0	2.304800E+4
8.060000E-3	0.000000E+0	2.328700E+4
8.080000E-3	0.000000E+0	2.379800E+4
8.100000E-3	0.000000E+0	2.337400E+4
8.120000E-3	0.000000E+0	2.349300E+4
8.140000E-3	0.000000E+0	2.375900E+4
8.160000E-3	0.000000E+0	2.343800E+4
8.180000E-3	0.000000E+0	2.349500E+4
8.200000E-3	0.000000E+0	2.350300E+4
8.220000E-3	0.000000E+0	2.336300E+4
8.240000E-3	0.000000E+0	2.364000E+4
8.260000E-3	0.000000E+0	2.327900E+4
8.280000E-3	0.000000E+0	2.371000E+4
8.300000E-3	0.000000E+0	2.330800E+4
8.320000E-3	0.000000E+0	2.337100E+4
8.340000E-3	0.000000E+0	2.333700E+4
8.360000E-3	0.000000E+0	2.324900E+4
8.380000E-3	0.000000E+0	2.359700E+4
8.400000E-3	0.000000E+0	2.318400E+4
8.420000E-3	0.000000E+0	2.337000E+4
8.440000E-3	0.000000E+0	2.379500E+4
8.460000E-3	0.000000E+0	2.325500E+4
8.480000E-3	0.000000E+0	2.340700E+4
8.500000E-3	0.000000E+0	2.357000E+4
8.520000E-3	0.000000E+0	2.323600E+4
8.540000E-3	0.000000E+0	2.330700E+4
8.560000E-3	0.000000E+0	2.336700E+4
8.580000E-3	0.000000E+0	2.326300E+4
8.600000E-3	0.000000E+0	2.346700E+4
8.620000E-3	0.000000E+0	2.334600E+4
8.640000E-3	0.000000E+0	2.338900E+4
8.660000E-3	0.000000E+0	2.343300E+4
8.680000E-3	0.000000E+0	2.347800E+4
8.700000E-3	0.000000E+0	2.342500E+4
8.720000E-3	0.000000E+0	2.339200E+4
8.740000E-3	0.000000E+0	2.359800E+4
8.760000E-3	0.000000E+0	2.333700E+4
8.780000E-3	0.000000E+0	2.355900E+4
8.800000E-3	0.000000E+0	2.328900E+4
8.820000E-3	0.000000E+0	2.321800E+4
8.840000E-3	0.000000E+0	2.347400E+4
8.860000E-3	0.000000E+0	2.351300E+4
8.880000E-3	0.000000E+0	2.323400E+4
8.900000E-3	0.000000E+0	2.353000E+4
8.920000E-3	0.000000E+0	2.335100E+4
8.940000E-3	0.000000E+0	2.330600E+4
8.960000E-3	0.000000E+0	2.328200E+4
8.980000E-3	0.000000E+0	2.326400E+4
9.000000E-3	0.000000E+0	2.343800E+4
9.020000E-3	0.000000E+0	2.330100E+4
9.040000E-3	0.000000E+0	2.366400E+4
9.060000E-3	0.000000E+0	2.340900E+4
9.080000E-3	0.000000E+0	2.338300E+4
9.100000E-3	0.000000E+0	2.341800E+4
9.120000E-3	0.000000E+0	2.366100E+4
9.140000E-3	0.000000E+0	2.372200E+4
9.160000E-3	0.000000E+0	2.340100E+4
9.180000E-3	0.000000E+0	2.329200E+4
9.200000E-3	0.000000E+0	2.354600E+4
9.220000E-3	0.000000E+0	2.341300E+4
9.240000E-3	0.000000E+0	2.341400E+4
9.260000E-3	0.000000E+0	2.344700E+4
9.280000E-3	0.000000E+0	2.343700E+4
9.300000E-3	0.000000E+0	2.339200E+4
9.320000E-3	0.000000E+0	2.333200E+4
9.340000E-3	0.000000E+0	2.353600E+4
9.360000E-3	0.000000E+0	2.353600E+4
9.380000E-3	0.000000E+0	2.370900E+4
9.400000E-3	0.000000E+0	2.333700E+4
9.420000E-3	0.000000E+0	2.327300E+4
9.440000E-3	0.000000E+0	2.336900E+4
9.460000E-3	0.000000E+0	2.352800E+4
9.480000E-3	0.000000E+0	2.335600E+4
9.500000E-3	0.000000E+0	2.341900E+4
9.520000E-3	0.000000E+0	2.346400E+4
9.540000E-3	0.000000E+0	2.329500E+4
9.560000E-3	0.000000E+0	2.323500E+4
9.580000E-3	0.000000E+0	2.349900E+4
9.600000E-3	0.000000E+0	2.345700E+4
9.620000E-3	0.000000E+0	2.319600E+4
9.640000E-3	0.000000E+0	2.338400E+4
9.660000E-3	0.000000E+0	2.376300E+4
9.680000E-3	0.000000E+0	2.338800E+4
9.700000E-3	0.000000E+0	2.313400E+4
9.720000E-3	0.000000E+0	2.358000E+4
9.740000E-3	0.000000E+0	2.328100E+4
9.760000E-3	0.000000E+0	2.312400E+4
9.780000E-3	0.000000E+0	2.315600E+4
9.800000E-3	0.000000E+0	2.335100E+4
9.820000E-3	0.000000E+0	2.327100E+4
9.840000E-3	0.000000E+0	2.340900E+4
9.860000E-3	0.000000E+0	2.347900E+4
9.880000E-3	0.000000E+0	2.361200E+4
9.900000E-3	0.000000E+0	2.353600E+4
9.920000E-3	0.000000E+0	2.333000E+4
9.940000E-3	0.000000E+0	2.335500E+4
9.960000E-3	0.000000E+0	2.338100E+4
9.980000E-3	0.000000E+0	2.347100E+4
1.000000E-2	0.000000E+0	2.345400E+4
1.002000E-2	0.000000E+0	2.330800E+4
1.004000E-2	0.000000E+0	2.334300E+4
1.006000E-2	0.000000E+0	2.337900E+4
1.008000E-2	0.000000E+0	2.356100E+4
1.010000E-2	0.000000E+0	2.331800E+4
1.012000E-2	0.000000E+0	2.339300E+4
1.014000E-2	0.000000E+0	2.353400E+4
1.016000E-2	0.000000E+0	2.347400E+4
1.018000E-2	0.000000E+0	2.329700E+4
1.020000E-2	0.000000E+0	2.362400E+4
1.022000E-2	0.000000E+0	2.343900E+4
1.024000E-2	0.000000E+0	2.351700E+4
1.026000E-2	0.000000E+0	2.340800E+4
1.028000E-2	0.000000E+0	2.350300E+4
1.030000E-2	0.000000E+0	2.345400E+4
1.032000E-2	0.000000E+0	2.335400E+4
1.034000E-2	0.000000E+0	2.324300E+4
1.036000E-2	0.000000E+0	2.323400E+4
1.038000E-2	0.000000E+0	2.346700E+4
1.040000E-2	0.000000E+0	2.334100E+4
1.042000E-2	0.000000E+0	2.335500E+4
1.044000E-2	0.000000E+0	2.349200E+4
1.046000E-2	0.000000E+0	2.327800E+4
1.048000E-2	0.000000E+0	2.365700E+4
1.050000E-2	0.000000E+0	2.345100E+4
1.052000E-2	0.000000E+0	2.333100E+4
1.054000E-2	0.000000E+0	2.353500E+4
1.056000E-2	0.000000E+0	2.366600E+4
1.058000E-2	0.000000E+0	2.348000E+4
1.060000E-2	0.000000E+0	2.312100E+4
1.062000E-2	0.000000E+0	2.324700E+4
1.064000E-2	0.000000E+0	2.367400E+4
1.066000E-2	0.000000E+0	2.349600E+4
1.068000E-2	0.000000E+0	2.326200E+4
1.070000E-2	0.000000E+0	2.327000E+4
1.072000E-2	0.000000E+0	2.350800E+4
1.074000E-2	0.000000E+0	2.339100E+4
1.076000E-2	0.000000E+0	2.346200E+4
1.078000E-2	0.000000E+0	2.331700E+4
1.080000E-2	0.000000E+0	2.357800E+4
1.082000E-2	0.000000E+0	2.317500E+4
1.084000E-2	0.000000E+0	2.328100E+4
1.086000E-2	0.000000E+0	2.333500E+4
1.088000E-2	0.000000E+0	2.352200E+4
1.090000E-2	0.000000E+0	2.351500E+4
1.092000E-2	0.000000E+0	2.348700E+4
1.094000E-2	0.000000E+0	2.335000E+4
1.096000E-2	0.000000E+0	2.358700E+4
1.098000E-2	0.000000E+0	2.348500E+4
1.100000E-2	0.000000E+0	2.328600E+4
1.102000E-2	0.000000E+0	2.348900E+4
1.104000E-2	0.000000E+0	2.340800E+4
1.106000E-2	0.000000E+0	2.322400E+4
1.108000E-2	0.000000E+0	2.344900E+4
1.110000E-2	0.000000E+0	2.324800E+4
1.112000E-2	0.000000E+0	2.327500E+4
1.114000E-2	0.000000E+0	2.335500E+4
1.116000E-2	0.000000E+0	2.332100E+4
1.118000E-2	0.000000E+0	2.338100E+4
1.120000E-2	0.000000E+0	2.325500E+4
1.122000E-2	0.000000E+0	2.349400E+4
1.124000E-2	0.000000E+0	2.355200E+4
1.126000E-2	0.000000E+0	2.352000E+4
1.128000E-2	0.000000E+0	2.332000E+4
1.130000E-2	0.000000E+0	2.331600E+4
1.132000E-2	0.000000E+0	2.360400E+4
1.134000E-2	0.000000E+0	2.335900E+4
1.136000E-2	0.000000E+0	2.352500E+4
1.138000E-2	0.000000E+0	2.327100E+4
1.140000E-2	0.000000E+0	2.342200E+4
1.142000E-2	0.000000E+0	2.345900E+4
1.144000E-2	0.000000E+0	2.316400E+4
1.146000E-2	0.000000E+0	2.352400E+4
1.148000E-2	0.000000E+0	2.329100E+4
1.150000E-2	0.000000E+0	2.347200E+4
1.152000E-2	0.000000E+0	2.340900E+4
1.154000E-2	0.000000E+0	2.334700E+4
1.156000E-2	0.000000E+0	2.340900E+4
1.158000E-2	0.000000E+0	2.357800E+4
1.160000E-2	0.000000E+0	2.337900E+4
1.162000E-2	0.000000E+0	2.337300E+4
1.164000E-2	0.000000E+0	2.324600E+4
1.166000E-2	0.000000E+0	2.314600E+4
1.168000E-2	0.000000E+0	2.338900E+4
1.170000E-2	0.000000E+0	2.364400E+4
1.172000E-2	0.000000E+0	2.301100E+4
1.174000E-2	0.000000E+0	2.331400E+4
1.176000E-2	0.000000E+0	2.323900E+4
1.178000E-2	0.000000E+0	2.317100E+4
1.180000E-2	0.000000E+0	2.334900E+4
1.182000E-2	0.000000E+0	2.374800E+4
1.184000E-2	0.000000E+0	2.333200E+4
1.186000E-2	0.000000E+0	2.348700E+4
1.188000E-2	0.000000E+0	2.343400E+4
1.190000E-2	0.000000E+0	2.335600E+4
1.192000E-2	0.000000E+0	2.320200E+4
1.194000E-2	0.000000E+0	2.325300E+4
1.196000E-2	0.000000E+0	2.338200E+4
1.198000E-2	0.000000E+0	2.316600E+4
1.200000E-2	0.000000E+0	2.337900E+4
1.202000E-2	0.000000E+0	2.355500E+4
1.204000E-2	0.000000E+0	2.334900E+4
1.206000E-2	0.000000E+0	2.344200E+4
1.208000E-2	0.000000E+0	2.330200E+4
1.210000E-2	0.000000E+0	2.327400E+4
1.212000E-2	0.000000E+0	2.352400E+4
1.214000E-2	0.000000E+0	2.308100E+4
1.216000E-2	0.000000E+0	2.338700E+4
1.218000E-2	0.000000E+0	2.337300E+4
1.220000E-2	0.000000E+0	2.336700E+4
1.222000E-2	0.000000E+0	2.329900E+4
1.224000E-2	0.000000E+0	2.344900E+4
1.226000E-2	0.000000E+0	2.331800E+4
1.228000E-2	0.000000E+0	2.306400E+4
1.230000E-2	0.000000E+0	2.344800E+4
1.232000E-2	0.000000E+0	2.345400E+4
1.234000E-2	0.000000E+0	2.341300E+4
1.236000E-2	0.000000E+0	2.339300E+4
1.238000E-2	0.000000E+0	2.323900E+4
1.240000E-2	0.000000E+0	2.311700E+4
1.242000E-2	0.000000E+0	2.309100E+4
1.244000E-2	0.000000E+0	2.329400E+4
1.246000E-2	0.000000E+0	2.333800E+4
1.248000E-2	0.000000E+0	2.328200E+4
1.250000E-2	0.000000E+0	2.370200E+4
1.252000E-2	0.000000E+0	2.332300E+4
1.254000E-2	0.000000E+0	2.329200E+4
1.256000E-2	0.000000E+0	2.368600E+4
1.258000E-2	0.000000E+0	2.365700E+4
1.260000E-2	0.000000E+0	2.370700E+4
1.262000E-2	0.000000E+0	2.323400E+4
1.264000E-2	0.000000E+0	2.339800E+4
1.266000E-2	0.000000E+0	2.308200E+4
1.268000E-2	0.000000E+0	2.322800E+4
1.270000E-2	0.000000E+0	2.335200E+4
1.272000E-2	0.000000E+0	2.338400E+4
1.274000E-2	0.000000E+0	2.333500E+4
1.276000E-2	0.000000E+0	2.338500E+4
1.278000E-2	0.000000E+0	2.325400E+4
1.280000E-2	0.000000E+0	2.344500E+4
1.282000E-2	0.000000E+0	2.307900E+4
1.284000E-2	0.000000E+0	2.342600E+4
1.286000E-2	0.000000E+0	2.334300E+4
1.288000E-2	0.000000E+0	2.352300E+4
1.290000E-2	0.000000E+0	2.331400E+4
1.292000E-2	0.000000E+0	2.328800E+4
1.294000E-2	0.000000E+0	2.342700E+4
1.296000E-2	0.000000E+0	2.328300E+4
1.298000E-2	0.000000E+0	2.358700E+4
1.300000E-2	0.000000E+0	2.312300E+4
1.302000E-2	0.000000E+0	2.352900E+4
1.304000E-2	0.000000E+0	2.337600E+4
1.306000E-2	0.000000E+0	2.344400E+4
1.308000E-2	0.000000E+0	2.349600E+4
1.310000E-2	0.000000E+0	2.327600E+4
1.312000E-2	0.000000E+0	2.326400E+4
1.314000E-2	0.000000E+0	2.331800E+4
1.316000E-2	0.000000E+0	2.354700E+4
1.318000E-2	0.000000E+0	2.330300E+4
1.320000E-2	0.000000E+0	2.336100E+4
1.322000E-2	0.000000E+0	2.342300E+4
1.324000E-2	0.000000E+0	2.336400E+4
1.326000E-2	0.000000E+0	2.355200E+4
1.328000E-2	0.000000E+0	2.360100E+4
1.330000E-2	0.000000E+0	2.345100E+4
1.332000E-2	0.000000E+0	2.350900E+4
1.334000E-2	0.000000E+0	2.355400E+4
1.336000E-2	0.000000E+0	2.332700E+4
1.338000E-2	0.000000E+0	2.335000E+4
1.340000E-2	0.000000E+0	2.365100E+4
1.342000E-2	0.000000E+0	2.361800E+4
1.344000E-2	0.000000E+0	2.352000E+4
1.346000E-2	0.000000E+0	2.346500E+4
1.348000E-2	0.000000E+0	2.351200E+4
1.350000E-2	0.000000E+0	2.345200E+4
1.352000E-2	0.000000E+0	2.343500E+4
1.354000E-2	0.000000E+0	2.336500E+4
1.356000E-2	0.000000E+0	2.327600E+4
1.358000E-2	0.000000E+0	2.300700E+4
1.360000E-2	0.000000E+0	2.354300E+4
1.362000E-2	0.000000E+0	2.321700E+4
1.364000E-2	0.000000E+0	2.324400E+4
1.366000E-2	0.000000E+0	2.328500E+4
1.368000E-2	0.000000E+0	2.352200E+4
1.370000E-2	0.000000E+0	2.368700E+4
1.372000E-2	0.000000E+0	2.335500E+4
1.374000E-2	0.000000E+0	2.330900E+4
1.376000E-2	0.000000E+0	2.355400E+4
1.378000E-2	0.000000E+0	2.353600E+4
1.380000E-2	0.000000E+0	2.327700E+4
1.382000E-2	0.000000E+0	2.320400E+4
1.384000E-2	0.000000E+0	2.300400E+4
1.386000E-2	0.000000E+0	2.350100E+4
1.388000E-2	0.000000E+0	2.334900E+4
1.390000E-2	0.000000E+0	2.347000E+4
1.392000E-2	0.000000E+0	2.332200E+4
1.394000E-2	0.000000E+0	2.322300E+4
1.396000E-2	0.000000E+0	2.331400E+4
1.398000E-2	0.000000E+0	2.346000E+4
1.400000E-2	0.000000E+0	2.337500E+4
1.402000E-2	0.000000E+0	2.356500E+4
1.404000E-2	0.000000E+0	2.354600E+4
1.406000E-2	0.000000E+0	2.363200E+4
1.408000E-2	0.000000E+0	2.342900E+4
1.410000E-2	0.000000E+0	2.321400E+4
1.412000E-2	0.000000E+0	2.323900E+4
1.414000E-2	0.000000E+0	2.327600E+4
1.416000E-2	0.000000E+0	2.341100E+4
1.418000E-2	0.000000E+0	2.337500E+4
1.420000E-2	0.000000E+0	2.363400E+4
1.422000E-2	0.000000E+0	2.351500E+4
1.424000E-2	0.000000E+0	2.339500E+4
1.426000E-2	0.000000E+0	2.343200E+4
1.428000E-2	0.000000E+0	2.344100E+4
1.430000E-2	0.000000E+0	2.337500E+4
1.432000E-2	0.000000E+0	2.351300E+4
1.434000E-2	0.000000E+0	2.344200E+4
1.436000E-2	0.000000E+0	2.340000E+4
1.438000E-2	0.000000E+0	2.332200E+4
1.440000E-2	0.000000E+0	2.347900E+4
1.442000E-2	0.000000E+0	2.350700E+4
1.444000E-2	0.000000E+0	2.345200E+4
1.446000E-2	0.000000E+0	2.336500E+4
1.448000E-2	0.000000E+0	2.323700E+4
1.450000E-2	0.000000E+0	2.339600E+4
1.452000E-2	0.000000E+0	2.322900E+4
1.454000E-2	0.000000E+0	2.355400E+4
1.456000E-2	0.000000E+0	2.327700E+4
1.458000E-2	0.000000E+0	2.332000E+4
1.460000E-2	0.000000E+0	2.322700E+4
1.462000E-2	0.000000E+0	2.345100E+4
1.464000E-2	0.000000E+0	2.317600E+4
1.466000E-2	0.000000E+0	2.318000E+4
1.468000E-2	0.000000E+0	2.351500E+4
1.470000E-2	0.000000E+0	2.307300E+4
1.472000E-2	0.000000E+0	2.327200E+4
1.474000E-2	0.000000E+0	2.347600E+4
1.476000E-2	0.000000E+0	2.337900E+4
1.478000E-2	0.000000E+0	2.358500E+4
1.480000E-2	0.000000E+0	2.381200E+4
1.482000E-2	0.000000E+0	2.336900E+4
1.484000E-2	0.000000E+0	2.363000E+4
1.486000E-2	0.000000E+0	2.339400E+4
1.488000E-2	0.000000E+0	2.316300E+4
1.490000E-2	0.000000E+0	2.358400E+4
1.492000E-2	0.000000E+0	2.341000E+4
1.494000E-2	0.000000E+0	2.344100E+4
1.496000E-2	0.000000E+0	2.333300E+4
1.498000E-2	0.000000E+0	2.336400E+4
1.500000E-2	0.000000E+0	2.348500E+4
1.502000E-2	0.000000E+0	2.329600E+4
1.504000E-2	0.000000E+0	2.343800E+4
1.506000E-2	0.000000E+0	2.325500E+4
1.508000E-2	0.000000E+0	2.332000E+4
1.510000E-2	0.000000E+0	2.340500E+4
1.512000E-2	0.000000E+0	2.328500E+4
1.514000E-2	0.000000E+0	2.309000E+4
1.516000E-2	0.000000E+0	2.363200E+4
1.518000E-2	0.000000E+0	2.348000E+4
1.520000E-2	0.000000E+0	2.321400E+4
1.522000E-2	0.000000E+0	2.337700E+4
1.524000E-2	0.000000E+0	2.345600E+4
1.526000E-2	0.000000E+0	2.299000E+4
1.528000E-2	0.000000E+0	2.352600E+4
1.530000E-2	0.000000E+0	2.372400E+4
1.532000E-2	0.000000E+0	2.340600E+4
1.534000E-2	0.000000E+0	2.346900E+4
1.536000E-2	0.000000E+0	2.358800E+4
1.538000E-2	0.000000E+0	2.341000E+4
1.540000E-2	0.000000E+0	2.327400E+4
1.542000E-2	0.000000E+0	2.327200E+4
1.544000E-2	0.000000E+0	2.331400E+4
1.546000E-2	0.000000E+0	2.311700E+4
1.548000E-2	0.000000E+0	2.349800E+4
1.550000E-2	0.000000E+0	2.353400E+4
1.552000E-2	0.000000E+0	2.342400E+4
1.554000E-2	0.000000E+0	2.348500E+4
1.556000E-2	0.000000E+0	2.357000E+4
1.558000E-2	0.000000E+0	2.355700E+4
1.560000E-2	0.000000E+0	2.332200E+4
1.562000E-2	0.000000E+0	2.333300E+4
1.564000E-2	0.000000E+0	2.322100E+4
1.566000E-2	0.000000E+0	2.362900E+4
1.568000E-2	0.000000E+0	2.323200E+4
1.570000E-2	0.000000E+0	2.335600E+4
1.572000E-2	0.000000E+0	2.347500E+4
1.574000E-2	0.000000E+0	2.330500E+4
1.576000E-2	0.000000E+0	2.305700E+4
1.578000E-2	0.000000E+0	2.334400E+4
1.580000E-2	0.000000E+0	2.342300E+4
1.582000E-2	0.000000E+0	2.352600E+4
1.584000E-2	0.000000E+0	2.344200E+4
1.586000E-2	0.000000E+0	2.348200E+4
1.588000E-2	0.000000E+0	2.360900E+4
1.590000E-2	0.000000E+0	2.340800E+4
1.592000E-2	0.000000E+0	2.352800E+4
1.594000E-2	0.000000E+0	2.333600E+4
1.596000E-2	0.000000E+0	2.345800E+4
1.598000E-2	0.000000E+0	2.356500E+4
1.600000E-2	0.000000E+0	2.347000E+4
1.602000E-2	0.000000E+0	2.331800E+4
1.604000E-2	0.000000E+0	2.341100E+4
1.606000E-2	0.000000E+0	2.341400E+4
1.608000E-2	0.000000E+0	2.321200E+4
1.610000E-2	0.000000E+0	2.314700E+4
1.612000E-2	0.000000E+0	2.334200E+4
1.614000E-2	0.000000E+0	2.325400E+4
1.616000E-2	0.000000E+0	2.351900E+4
1.618000E-2	0.000000E+0	2.317100E+4
1.620000E-2	0.000000E+0	2.305200E+4
1.622000E-2	0.000000E+0	2.323700E+4
1.624000E-2	0.000000E+0	2.300300E+4
1.626000E-2	0.000000E+0	2.353700E+4
1.628000E-2	0.000000E+0	2.325900E+4
1.630000E-2	0.000000E+0	2.311200E+4
1.632000E-2	0.000000E+0	2.339400E+4
1.634000E-2	0.000000E+0	2.341300E+4
1.636000E-2	0.000000E+0	2.285400E+4
1.638000E-2	0.000000E+0	2.332400E+4
1.640000E-2	0.000000E+0	2.310500E+4
1.642000E-2	0.000000E+0	2.359500E+4
1.644000E-2	0.000000E+0	2.350500E+4
1.646000E-2	0.000000E+0	2.328000E+4
1.648000E-2	0.000000E+0	2.342100E+4
1.650000E-2	0.000000E+0	2.358700E+4
1.652000E-2	0.000000E+0	2.323800E+4
1.654000E-2	0.000000E+0	2.296500E+4
1.656000E-2	0.000000E+0	2.330200E+4
1.658000E-2	0.000000E+0	2.365200E+4
1.660000E-2	0.000000E+0	2.332300E+4
1.662000E-2	0.000000E+0	2.342300E+4
1.664000E-2	0.000000E+0	2.349700E+4
1.666000E-2	0.000000E+0	2.352000E+4
1.668000E-2	0.000000E+0	2.308100E+4
1.670000E-2	0.000000E+0	2.326900E+4
1.672000E-2	0.000000E+0	2.330600E+4
1.674000E-2	0.000000E+0	2.327800E+4
1.676000E-2	0.000000E+0	2.325400E+4
1.678000E-2	0.000000E+0	2.337700E+4
1.680000E-2	0.000000E+0	2.338500E+4
1.682000E-2	0.000000E+0	2.342000E+4
1.684000E-2	0.000000E+0	2.317000E+4
1.686000E-2	0.000000E+0	2.310400E+4
1.688000E-2	0.000000E+0	2.311500E+4
1.690000E-2	0.000000E+0	2.314900E+4
1.692000E-2	0.000000E+0	2.332000E+4
1.694000E-2	0.000000E+0	2.313300E+4
1.696000E-2	0.000000E+0	2.292000E+4
1.698000E-2	0.000000E+0	2.269100E+4
1.700000E-2	0.000000E+0	2.285100E+4
1.702000E-2	0.000000E+0	2.272700E+4
1.704000E-2	0.000000E+0	2.242700E+4
1.706000E-2	0.000000E+0	2.200900E+4
1.708000E-2	0.000000E+0	2.187600E+4
1.710000E-2	0.000000E+0	2.103500E+4
1.712000E-2	0.000000E+0	2.044900E+4
1.714000E-2	0.000000E+0	1.876700E+4
1.716000E-2	0.000000E+0	1.661200E+4
1.718000E-2	0.000000E+0	1.472100E+4
1.720000E-2	0.000000E+0	1.361700E+4
1.722000E-2	0.000000E+0	1.369100E+4
1.724000E-2	0.000000E+0	1.411500E+4
1.726000E-2	0.000000E+0	1.604900E+4
1.728000E-2	0.000000E+0	1.784800E+4
1.730000E-2	0.000000E+0	1.986100E+4
1.732000E-2	0.000000E+0	2.057700E+4
1.734000E-2	0.000000E+0	2.141400E+4
1.736000E-2	0.000000E+0	2.182000E+4
1.738000E-2	0.000000E+0	2.197600E+4
1.740000E-2	0.000000E+0	2.267700E+4
1.742000E-2	0.000000E+0	2.260200E+4
1.744000E-2	0.000000E+0	2.280900E+4
1.746000E-2	0.000000E+0	2.298400E+4
1.748000E-2	0.000000E+0	2.319400E+4
1.750000E-2	0.000000E+0	2.309800E+4
1.752000E-2	0.000000E+0	2.304100E+4
1.754000E-2	0.000000E+0	2.343000E+4
1.756000E-2	0.000000E+0	2.313700E+4
1.758000E-2	0.000000E+0	2.310500E+4
1.760000E-2	0.000000E+0	2.331900E+4
1.762000E-2	0.000000E+0	2.313900E+4
1.764000E-2	0.000000E+0	2.309000E+4
1.766000E-2	0.000000E+0	2.296900E+4
1.768000E-2	0.000000E+0	2.327200E+4
1.770000E-2	0.000000E+0	2.310200E+4
1.772000E-2	0.000000E+0	2.340100E+4
1.774000E-2	0.000000E+0	2.318000E+4
1.776000E-2	0.000000E+0	2.335800E+4
1.778000E-2	0.000000E+0	2.323600E+4
1.780000E-2	0.000000E+0	2.335500E+4
1.782000E-2	0.000000E+0	2.339700E+4
1.784000E-2	0.000000E+0	2.334700E+4
1.786000E-2	0.000000E+0	2.350300E+4
1.788000E-2	0.000000E+0	2.337900E+4
1.790000E-2	0.000000E+0	2.339400E+4
1.792000E-2	0.000000E+0	2.346500E+4
1.794000E-2	0.000000E+0	2.335300E+4
1.796000E-2	0.000000E+0	2.329100E+4
1.798000E-2	0.000000E+0	2.359800E+4
1.800000E-2	0.000000E+0	2.350400E+4
1.802000E-2	0.000000E+0	2.301600E+4
1.804000E-2	0.000000E+0	2.319300E+4
1.806000E-2	0.000000E+0	2.325400E+4
1.808000E-2	0.000000E+0	2.328200E+4
1.810000E-2	0.000000E+0	2.351100E+4
1.812000E-2	0.000000E+0	2.342800E+4
1.814000E-2	0.000000E+0	2.320000E+4
1.816000E-2	0.000000E+0	2.346500E+4
1.818000E-2	0.000000E+0	2.349100E+4
1.820000E-2	0.000000E+0	2.330700E+4
1.822000E-2	0.000000E+0	2.325900E+4
1.824000E-2	0.000000E+0	2.342500E+4
1.826000E-2	0.000000E+0	2.321400E+4
1.828000E-2	0.000000E+0	2.348900E+4
1.830000E-2	0.000000E+0	2.287600E+4
1.832000E-2	0.000000E+0	2.322300E+4
1.834000E-2	0.000000E+0	2.325400E+4
1.836000E-2	0.000000E+0	2.299800E+4
1.838000E-2	0.000000E+0	2.330800E+4
1.840000E-2	0.000000E+0	2.381700E+4
1.842000E-2	0.000000E+0	2.328600E+4
1.844000E-2	0.000000E+0	2.325200E+4
1.846000E-2	0.000000E+0	2.345700E+4
1.848000E-2	0.000000E+0	2.321200E+4
1.850000E-2	0.000000E+0	2.347600E+4
1.852000E-2	0.000000E+0	2.343700E+4
1.854000E-2	0.000000E+0	2.346500E+4
1.856000E-2	0.000000E+0	2.358400E+4
1.858000E-2	0.000000E+0	2.318700E+4
1.860000E-2	0.000000E+0	2.314200E+4
1.862000E-2	0.000000E+0	2.326500E+4
1.864000E-2	0.000000E+0	2.365800E+4
1.866000E-2	0.000000E+0	2.286100E+4
1.868000E-2	0.000000E+0	2.339400E+4
1.870000E-2	0.000000E+0	2.336700E+4
1.872000E-2	0.000000E+0	2.333900E+4
1.874000E-2	0.000000E+0	2.335500E+4
1.876000E-2	0.000000E+0	2.319300E+4
1.878000E-2	0.000000E+0	2.347800E+4
1.880000E-2	0.000000E+0	2.346600E+4
1.882000E-2	0.000000E+0	2.344200E+4
1.884000E-2	0.000000E+0	2.326300E+4
1.886000E-2	0.000000E+0	2.367100E+4
1.888000E-2	0.000000E+0	2.327100E+4
1.890000E-2	0.000000E+0	2.348700E+4
1.892000E-2	0.000000E+0	2.325700E+4
1.894000E-2	0.000000E+0	2.353000E+4
1.896000E-2	0.000000E+0	2.349000E+4
1.898000E-2	0.000000E+0	2.354000E+4
1.900000E-2	0.000000E+0	2.353600E+4
1.902000E-2	0.000000E+0	2.346500E+4
1.904000E-2	0.000000E+0	2.350300E+4
1.906000E-2	0.000000E+0	2.329700E+4
1.908000E-2	0.000000E+0	2.345400E+4
1.910000E-2	0.000000E+0	2.313100E+4
1.912000E-2	0.000000E+0	2.316100E+4
1.914000E-2	0.000000E+0	2.367100E+4
1.916000E-2	0.000000E+0	2.326200E+4
1.918000E-2	0.000000E+0	2.350900E+4
1.920000E-2	0.000000E+0	2.318800E+4
1.922000E-2	0.000000E+0	2.338400E+4
1.924000E-2	0.000000E+0	2.358400E+4
1.926000E-2	0.000000E+0	2.301300E+4
1.928000E-2	0.000000E+0	2.359200E+4
1.930000E-2	0.000000E+0	2.330500E+4
1.932000E-2	0.000000E+0	2.350000E+4
1.934000E-2	0.000000E+0	2.355400E+4
1.936000E-2	0.000000E+0	2.342800E+4
1.938000E-2	0.000000E+0	2.338000E+4
1.940000E-2	0.000000E+0	2.314500E+4
1.942000E-2	0.000000E+0	2.338900E+4
1.944000E-2	0.000000E+0	2.339600E+4
1.946000E-2	0.000000E+0	2.330200E+4
1.948000E-2	0.000000E+0	2.338800E+4
1.950000E-2	0.000000E+0	2.362400E+4
1.952000E-2	0.000000E+0	2.355400E+4
1.954000E-2	0.000000E+0	2.333900E+4
1.956000E-2	0.000000E+0	2.330900E+4
1.958000E-2	0.000000E+0	2.333800E+4
1.960000E-2	0.000000E+0	2.319800E+4
1.962000E-2	0.000000E+0	2.351600E+4
1.964000E-2	0.000000E+0	2.341100E+4
1.966000E-2	0.000000E+0	2.350900E+4
1.968000E-2	0.000000E+0	2.345000E+4
1.970000E-2	0.000000E+0	2.353400E+4
1.972000E-2	0.000000E+0	2.333800E+4
1.974000E-2	0.000000E+0	2.335900E+4
1.976000E-2	0.000000E+0	2.306700E+4
1.978000E-2	0.000000E+0	2.334400E+4
1.980000E-2	0.000000E+0	2.358600E+4
1.982000E-2	0.000000E+0	2.346300E+4
1.984000E-2	0.000000E+0	2.329800E+4
1.986000E-2	0.000000E+0	2.332200E+4
1.988000E-2	0.000000E+0	2.351600E+4
1.990000E-2	0.000000E+0	2.344800E+4
1.992000E-2	0.000000E+0	2.341900E+4
1.994000E-2	0.000000E+0	2.346700E+4
1.996000E-2	0.000000E+0	2.344000E+4
1.998000E-2	0.000000E+0	2.332100E+4
