

live time:  186406.180000
real time:  216008.243000
sweeps:  9320309.000000
0.000000E+0	0.000000E+0	0.000000E+0
2.000000E-5	0.000000E+0	9.322900E+4
4.000000E-5	0.000000E+0	9.316600E+4
6.000000E-5	0.000000E+0	9.337000E+4
8.000000E-5	0.000000E+0	9.367900E+4
1.000000E-4	0.000000E+0	9.292000E+4
1.200000E-4	0.000000E+0	9.327900E+4
1.400000E-4	0.000000E+0	9.384100E+4
1.600000E-4	0.000000E+0	9.387100E+4
1.800000E-4	0.000000E+0	9.375100E+4
2.000000E-4	0.000000E+0	9.357700E+4
2.200000E-4	0.000000E+0	9.392500E+4
2.400000E-4	0.000000E+0	9.356600E+4
2.600000E-4	0.000000E+0	9.383300E+4
2.800000E-4	0.000000E+0	9.359100E+4
3.000000E-4	0.000000E+0	9.364700E+4
3.200000E-4	0.000000E+0	9.328400E+4
3.400000E-4	0.000000E+0	9.360300E+4
3.600000E-4	0.000000E+0	9.332700E+4
3.800000E-4	0.000000E+0	9.375200E+4
4.000000E-4	0.000000E+0	9.402800E+4
4.200000E-4	0.000000E+0	9.356400E+4
4.400000E-4	0.000000E+0	9.303900E+4
4.600000E-4	0.000000E+0	9.340700E+4
4.800000E-4	0.000000E+0	9.384300E+4
5.000000E-4	0.000000E+0	9.346100E+4
5.200000E-4	0.000000E+0	9.372900E+4
5.400000E-4	0.000000E+0	9.369100E+4
5.600000E-4	0.000000E+0	9.392600E+4
5.800000E-4	0.000000E+0	9.339500E+4
6.000000E-4	0.000000E+0	9.320600E+4
6.200000E-4	0.000000E+0	9.336800E+4
6.400000E-4	0.000000E+0	9.317900E+4
6.600000E-4	0.000000E+0	9.340600E+4
6.800000E-4	0.000000E+0	9.322300E+4
7.000000E-4	0.000000E+0	9.362800E+4
7.200000E-4	0.000000E+0	9.380000E+4
7.400000E-4	0.000000E+0	9.348100E+4
7.600000E-4	0.000000E+0	9.328500E+4
7.800000E-4	0.000000E+0	9.348900E+4
8.000000E-4	0.000000E+0	9.375400E+4
8.200000E-4	0.000000E+0	9.335900E+4
8.400000E-4	0.000000E+0	9.353200E+4
8.600000E-4	0.000000E+0	9.354100E+4
8.800000E-4	0.000000E+0	9.367700E+4
9.000000E-4	0.000000E+0	9.286500E+4
9.200000E-4	0.000000E+0	9.343600E+4
9.400000E-4	0.000000E+0	9.378400E+4
9.600000E-4	0.000000E+0	9.344800E+4
9.800000E-4	0.000000E+0	9.365600E+4
1.000000E-3	0.000000E+0	9.318800E+4
1.020000E-3	0.000000E+0	9.362800E+4
1.040000E-3	0.000000E+0	9.379500E+4
1.060000E-3	0.000000E+0	9.351200E+4
1.080000E-3	0.000000E+0	9.339700E+4
1.100000E-3	0.000000E+0	9.360700E+4
1.120000E-3	0.000000E+0	9.347800E+4
1.140000E-3	0.000000E+0	9.363800E+4
1.160000E-3	0.000000E+0	9.359700E+4
1.180000E-3	0.000000E+0	9.333100E+4
1.200000E-3	0.000000E+0	9.381000E+4
1.220000E-3	0.000000E+0	9.331100E+4
1.240000E-3	0.000000E+0	9.338900E+4
1.260000E-3	0.000000E+0	9.325100E+4
1.280000E-3	0.000000E+0	9.369700E+4
1.300000E-3	0.000000E+0	9.373500E+4
1.320000E-3	0.000000E+0	9.339900E+4
1.340000E-3	0.000000E+0	9.395100E+4
1.360000E-3	0.000000E+0	9.359700E+4
1.380000E-3	0.000000E+0	9.380600E+4
1.400000E-3	0.000000E+0	9.362800E+4
1.420000E-3	0.000000E+0	9.341300E+4
1.440000E-3	0.000000E+0	9.381100E+4
1.460000E-3	0.000000E+0	9.384900E+4
1.480000E-3	0.000000E+0	9.336900E+4
1.500000E-3	0.000000E+0	9.259600E+4
1.520000E-3	0.000000E+0	9.341700E+4
1.540000E-3	0.000000E+0	9.391500E+4
1.560000E-3	0.000000E+0	9.346100E+4
1.580000E-3	0.000000E+0	9.345500E+4
1.600000E-3	0.000000E+0	9.387800E+4
1.620000E-3	0.000000E+0	9.423900E+4
1.640000E-3	0.000000E+0	9.364900E+4
1.660000E-3	0.000000E+0	9.352600E+4
1.680000E-3	0.000000E+0	9.365000E+4
1.700000E-3	0.000000E+0	9.341800E+4
1.720000E-3	0.000000E+0	9.328900E+4
1.740000E-3	0.000000E+0	9.353100E+4
1.760000E-3	0.000000E+0	9.389600E+4
1.780000E-3	0.000000E+0	9.395900E+4
1.800000E-3	0.000000E+0	9.328100E+4
1.820000E-3	0.000000E+0	9.387700E+4
1.840000E-3	0.000000E+0	9.381800E+4
1.860000E-3	0.000000E+0	9.362600E+4
1.880000E-3	0.000000E+0	9.349000E+4
1.900000E-3	0.000000E+0	9.367900E+4
1.920000E-3	0.000000E+0	9.367100E+4
1.940000E-3	0.000000E+0	9.366300E+4
1.960000E-3	0.000000E+0	9.350700E+4
1.980000E-3	0.000000E+0	9.396500E+4
2.000000E-3	0.000000E+0	9.359700E+4
2.020000E-3	0.000000E+0	9.390400E+4
2.040000E-3	0.000000E+0	9.366500E+4
2.060000E-3	0.000000E+0	9.438300E+4
2.080000E-3	0.000000E+0	9.284400E+4
2.100000E-3	0.000000E+0	9.330200E+4
2.120000E-3	0.000000E+0	9.373300E+4
2.140000E-3	0.000000E+0	9.338800E+4
2.160000E-3	0.000000E+0	9.350600E+4
2.180000E-3	0.000000E+0	9.380400E+4
2.200000E-3	0.000000E+0	9.327700E+4
2.220000E-3	0.000000E+0	9.297100E+4
2.240000E-3	0.000000E+0	9.366500E+4
2.260000E-3	0.000000E+0	9.347100E+4
2.280000E-3	0.000000E+0	9.388500E+4
2.300000E-3	0.000000E+0	9.398100E+4
2.320000E-3	0.000000E+0	9.335900E+4
2.340000E-3	0.000000E+0	9.307200E+4
2.360000E-3	0.000000E+0	9.351100E+4
2.380000E-3	0.000000E+0	9.310600E+4
2.400000E-3	0.000000E+0	9.380900E+4
2.420000E-3	0.000000E+0	9.357600E+4
2.440000E-3	0.000000E+0	9.318500E+4
2.460000E-3	0.000000E+0	9.368700E+4
2.480000E-3	0.000000E+0	9.308200E+4
2.500000E-3	0.000000E+0	9.359300E+4
2.520000E-3	0.000000E+0	9.364800E+4
2.540000E-3	0.000000E+0	9.381400E+4
2.560000E-3	0.000000E+0	9.332600E+4
2.580000E-3	0.000000E+0	9.390300E+4
2.600000E-3	0.000000E+0	9.392200E+4
2.620000E-3	0.000000E+0	9.336400E+4
2.640000E-3	0.000000E+0	9.342400E+4
2.660000E-3	0.000000E+0	9.334500E+4
2.680000E-3	0.000000E+0	9.411900E+4
2.700000E-3	0.000000E+0	9.349900E+4
2.720000E-3	0.000000E+0	9.298000E+4
2.740000E-3	0.000000E+0	9.344800E+4
2.760000E-3	0.000000E+0	9.394300E+4
2.780000E-3	0.000000E+0	9.345700E+4
2.800000E-3	0.000000E+0	9.326500E+4
2.820000E-3	0.000000E+0	9.307000E+4
2.840000E-3	0.000000E+0	9.389800E+4
2.860000E-3	0.000000E+0	9.369600E+4
2.880000E-3	0.000000E+0	9.375600E+4
2.900000E-3	0.000000E+0	9.302600E+4
2.920000E-3	0.000000E+0	9.353300E+4
2.940000E-3	0.000000E+0	9.325700E+4
2.960000E-3	0.000000E+0	9.351200E+4
2.980000E-3	0.000000E+0	9.348700E+4
3.000000E-3	0.000000E+0	9.337100E+4
3.020000E-3	0.000000E+0	9.371400E+4
3.040000E-3	0.000000E+0	9.360300E+4
3.060000E-3	0.000000E+0	9.382400E+4
3.080000E-3	0.000000E+0	9.314000E+4
3.100000E-3	0.000000E+0	9.386900E+4
3.120000E-3	0.000000E+0	9.340800E+4
3.140000E-3	0.000000E+0	9.330000E+4
3.160000E-3	0.000000E+0	9.342000E+4
3.180000E-3	0.000000E+0	9.364700E+4
3.200000E-3	0.000000E+0	9.358100E+4
3.220000E-3	0.000000E+0	9.309000E+4
3.240000E-3	0.000000E+0	9.348600E+4
3.260000E-3	0.000000E+0	9.361700E+4
3.280000E-3	0.000000E+0	9.372200E+4
3.300000E-3	0.000000E+0	9.396000E+4
3.320000E-3	0.000000E+0	9.371500E+4
3.340000E-3	0.000000E+0	9.335300E+4
3.360000E-3	0.000000E+0	9.367300E+4
3.380000E-3	0.000000E+0	9.317400E+4
3.400000E-3	0.000000E+0	9.359200E+4
3.420000E-3	0.000000E+0	9.351900E+4
3.440000E-3	0.000000E+0	9.313800E+4
3.460000E-3	0.000000E+0	9.383700E+4
3.480000E-3	0.000000E+0	9.398400E+4
3.500000E-3	0.000000E+0	9.401100E+4
3.520000E-3	0.000000E+0	9.349600E+4
3.540000E-3	0.000000E+0	9.432000E+4
3.560000E-3	0.000000E+0	9.332700E+4
3.580000E-3	0.000000E+0	9.373300E+4
3.600000E-3	0.000000E+0	9.265600E+4
3.620000E-3	0.000000E+0	9.359700E+4
3.640000E-3	0.000000E+0	9.369500E+4
3.660000E-3	0.000000E+0	9.350400E+4
3.680000E-3	0.000000E+0	9.368800E+4
3.700000E-3	0.000000E+0	9.346300E+4
3.720000E-3	0.000000E+0	9.313500E+4
3.740000E-3	0.000000E+0	9.330500E+4
3.760000E-3	0.000000E+0	9.361700E+4
3.780000E-3	0.000000E+0	9.368600E+4
3.800000E-3	0.000000E+0	9.312700E+4
3.820000E-3	0.000000E+0	9.323300E+4
3.840000E-3	0.000000E+0	9.377900E+4
3.860000E-3	0.000000E+0	9.366900E+4
3.880000E-3	0.000000E+0	9.301900E+4
3.900000E-3	0.000000E+0	9.299800E+4
3.920000E-3	0.000000E+0	9.363900E+4
3.940000E-3	0.000000E+0	9.362400E+4
3.960000E-3	0.000000E+0	9.355300E+4
3.980000E-3	0.000000E+0	9.338900E+4
4.000000E-3	0.000000E+0	9.340500E+4
4.020000E-3	0.000000E+0	9.368800E+4
4.040000E-3	0.000000E+0	9.344100E+4
4.060000E-3	0.000000E+0	9.305200E+4
4.080000E-3	0.000000E+0	9.354300E+4
4.100000E-3	0.000000E+0	9.346000E+4
4.120000E-3	0.000000E+0	9.330100E+4
4.140000E-3	0.000000E+0	9.368100E+4
4.160000E-3	0.000000E+0	9.277500E+4
4.180000E-3	0.000000E+0	9.353700E+4
4.200000E-3	0.000000E+0	9.311100E+4
4.220000E-3	0.000000E+0	9.367800E+4
4.240000E-3	0.000000E+0	9.313700E+4
4.260000E-3	0.000000E+0	9.314900E+4
4.280000E-3	0.000000E+0	9.417300E+4
4.300000E-3	0.000000E+0	9.314900E+4
4.320000E-3	0.000000E+0	9.381700E+4
4.340000E-3	0.000000E+0	9.371500E+4
4.360000E-3	0.000000E+0	9.384600E+4
4.380000E-3	0.000000E+0	9.305700E+4
4.400000E-3	0.000000E+0	9.435400E+4
4.420000E-3	0.000000E+0	9.339700E+4
4.440000E-3	0.000000E+0	9.338200E+4
4.460000E-3	0.000000E+0	9.375800E+4
4.480000E-3	0.000000E+0	9.337500E+4
4.500000E-3	0.000000E+0	9.330600E+4
4.520000E-3	0.000000E+0	9.382400E+4
4.540000E-3	0.000000E+0	9.383100E+4
4.560000E-3	0.000000E+0	9.391900E+4
4.580000E-3	0.000000E+0	9.387900E+4
4.600000E-3	0.000000E+0	9.388500E+4
4.620000E-3	0.000000E+0	9.342200E+4
4.640000E-3	0.000000E+0	9.383000E+4
4.660000E-3	0.000000E+0	9.347800E+4
4.680000E-3	0.000000E+0	9.343000E+4
4.700000E-3	0.000000E+0	9.340500E+4
4.720000E-3	0.000000E+0	9.383300E+4
4.740000E-3	0.000000E+0	9.341400E+4
4.760000E-3	0.000000E+0	9.323000E+4
4.780000E-3	0.000000E+0	9.297500E+4
4.800000E-3	0.000000E+0	9.408400E+4
4.820000E-3	0.000000E+0	9.323000E+4
4.840000E-3	0.000000E+0	9.345400E+4
4.860000E-3	0.000000E+0	9.361900E+4
4.880000E-3	0.000000E+0	9.351600E+4
4.900000E-3	0.000000E+0	9.377000E+4
4.920000E-3	0.000000E+0	9.336900E+4
4.940000E-3	0.000000E+0	9.426000E+4
4.960000E-3	0.000000E+0	9.365700E+4
4.980000E-3	0.000000E+0	9.316300E+4
5.000000E-3	0.000000E+0	9.274800E+4
5.020000E-3	0.000000E+0	9.344200E+4
5.040000E-3	0.000000E+0	9.356700E+4
5.060000E-3	0.000000E+0	9.399100E+4
5.080000E-3	0.000000E+0	9.369900E+4
5.100000E-3	0.000000E+0	9.359800E+4
5.120000E-3	0.000000E+0	9.398600E+4
5.140000E-3	0.000000E+0	9.340000E+4
5.160000E-3	0.000000E+0	9.396700E+4
5.180000E-3	0.000000E+0	9.315200E+4
5.200000E-3	0.000000E+0	9.312700E+4
5.220000E-3	0.000000E+0	9.339700E+4
5.240000E-3	0.000000E+0	9.299900E+4
5.260000E-3	0.000000E+0	9.379300E+4
5.280000E-3	0.000000E+0	9.263500E+4
5.300000E-3	0.000000E+0	9.272900E+4
5.320000E-3	0.000000E+0	9.307000E+4
5.340000E-3	0.000000E+0	9.296400E+4
5.360000E-3	0.000000E+0	9.311700E+4
5.380000E-3	0.000000E+0	9.298600E+4
5.400000E-3	0.000000E+0	9.292700E+4
5.420000E-3	0.000000E+0	9.284500E+4
5.440000E-3	0.000000E+0	9.255900E+4
5.460000E-3	0.000000E+0	9.308700E+4
5.480000E-3	0.000000E+0	9.217900E+4
5.500000E-3	0.000000E+0	9.223300E+4
5.520000E-3	0.000000E+0	9.263100E+4
5.540000E-3	0.000000E+0	9.232900E+4
5.560000E-3	0.000000E+0	9.263900E+4
5.580000E-3	0.000000E+0	9.218300E+4
5.600000E-3	0.000000E+0	9.248400E+4
5.620000E-3	0.000000E+0	9.101800E+4
5.640000E-3	0.000000E+0	9.062900E+4
5.660000E-3	0.000000E+0	8.990500E+4
5.680000E-3	0.000000E+0	8.802500E+4
5.700000E-3	0.000000E+0	8.719700E+4
5.720000E-3	0.000000E+0	8.431600E+4
5.740000E-3	0.000000E+0	8.027400E+4
5.760000E-3	0.000000E+0	7.527400E+4
5.780000E-3	0.000000E+0	6.823200E+4
5.800000E-3	0.000000E+0	6.161900E+4
5.820000E-3	0.000000E+0	5.708200E+4
5.840000E-3	0.000000E+0	5.562300E+4
5.860000E-3	0.000000E+0	5.746100E+4
5.880000E-3	0.000000E+0	6.250500E+4
5.900000E-3	0.000000E+0	6.974400E+4
5.920000E-3	0.000000E+0	7.634200E+4
5.940000E-3	0.000000E+0	8.230400E+4
5.960000E-3	0.000000E+0	8.530100E+4
5.980000E-3	0.000000E+0	8.790800E+4
6.000000E-3	0.000000E+0	8.985300E+4
6.020000E-3	0.000000E+0	9.032100E+4
6.040000E-3	0.000000E+0	9.101600E+4
6.060000E-3	0.000000E+0	9.149000E+4
6.080000E-3	0.000000E+0	9.174600E+4
6.100000E-3	0.000000E+0	9.178100E+4
6.120000E-3	0.000000E+0	9.232300E+4
6.140000E-3	0.000000E+0	9.264500E+4
6.160000E-3	0.000000E+0	9.196700E+4
6.180000E-3	0.000000E+0	9.261700E+4
6.200000E-3	0.000000E+0	9.290400E+4
6.220000E-3	0.000000E+0	9.238700E+4
6.240000E-3	0.000000E+0	9.312500E+4
6.260000E-3	0.000000E+0	9.299100E+4
6.280000E-3	0.000000E+0	9.311000E+4
6.300000E-3	0.000000E+0	9.322800E+4
6.320000E-3	0.000000E+0	9.280000E+4
6.340000E-3	0.000000E+0	9.332000E+4
6.360000E-3	0.000000E+0	9.318900E+4
6.380000E-3	0.000000E+0	9.353200E+4
6.400000E-3	0.000000E+0	9.356100E+4
6.420000E-3	0.000000E+0	9.370400E+4
6.440000E-3	0.000000E+0	9.270900E+4
6.460000E-3	0.000000E+0	9.314400E+4
6.480000E-3	0.000000E+0	9.340000E+4
6.500000E-3	0.000000E+0	9.318700E+4
6.520000E-3	0.000000E+0	9.337000E+4
6.540000E-3	0.000000E+0	9.359400E+4
6.560000E-3	0.000000E+0	9.335300E+4
6.580000E-3	0.000000E+0	9.357500E+4
6.600000E-3	0.000000E+0	9.308700E+4
6.620000E-3	0.000000E+0	9.337900E+4
6.640000E-3	0.000000E+0	9.363800E+4
6.660000E-3	0.000000E+0	9.333800E+4
6.680000E-3	0.000000E+0	9.318400E+4
6.700000E-3	0.000000E+0	9.320300E+4
6.720000E-3	0.000000E+0	9.316100E+4
6.740000E-3	0.000000E+0	9.345200E+4
6.760000E-3	0.000000E+0	9.330100E+4
6.780000E-3	0.000000E+0	9.354100E+4
6.800000E-3	0.000000E+0	9.332300E+4
6.820000E-3	0.000000E+0	9.356100E+4
6.840000E-3	0.000000E+0	9.341300E+4
6.860000E-3	0.000000E+0	9.417600E+4
6.880000E-3	0.000000E+0	9.310600E+4
6.900000E-3	0.000000E+0	9.348400E+4
6.920000E-3	0.000000E+0	9.385300E+4
6.940000E-3	0.000000E+0	9.355500E+4
6.960000E-3	0.000000E+0	9.233800E+4
6.980000E-3	0.000000E+0	9.350900E+4
7.000000E-3	0.000000E+0	9.367400E+4
7.020000E-3	0.000000E+0	9.366000E+4
7.040000E-3	0.000000E+0	9.327700E+4
7.060000E-3	0.000000E+0	9.359500E+4
7.080000E-3	0.000000E+0	9.354100E+4
7.100000E-3	0.000000E+0	9.295700E+4
7.120000E-3	0.000000E+0	9.346200E+4
7.140000E-3	0.000000E+0	9.379000E+4
7.160000E-3	0.000000E+0	9.360900E+4
7.180000E-3	0.000000E+0	9.381300E+4
7.200000E-3	0.000000E+0	9.297300E+4
7.220000E-3	0.000000E+0	9.381800E+4
7.240000E-3	0.000000E+0	9.358100E+4
7.260000E-3	0.000000E+0	9.390700E+4
7.280000E-3	0.000000E+0	9.362600E+4
7.300000E-3	0.000000E+0	9.345600E+4
7.320000E-3	0.000000E+0	9.333100E+4
7.340000E-3	0.000000E+0	9.390800E+4
7.360000E-3	0.000000E+0	9.357800E+4
7.380000E-3	0.000000E+0	9.360300E+4
7.400000E-3	0.000000E+0	9.347800E+4
7.420000E-3	0.000000E+0	9.354000E+4
7.440000E-3	0.000000E+0	9.371400E+4
7.460000E-3	0.000000E+0	9.301400E+4
7.480000E-3	0.000000E+0	9.332000E+4
7.500000E-3	0.000000E+0	9.286500E+4
7.520000E-3	0.000000E+0	9.360200E+4
7.540000E-3	0.000000E+0	9.363800E+4
7.560000E-3	0.000000E+0	9.401300E+4
7.580000E-3	0.000000E+0	9.339400E+4
7.600000E-3	0.000000E+0	9.316800E+4
7.620000E-3	0.000000E+0	9.390700E+4
7.640000E-3	0.000000E+0	9.340600E+4
7.660000E-3	0.000000E+0	9.393800E+4
7.680000E-3	0.000000E+0	9.405400E+4
7.700000E-3	0.000000E+0	9.344500E+4
7.720000E-3	0.000000E+0	9.347000E+4
7.740000E-3	0.000000E+0	9.325300E+4
7.760000E-3	0.000000E+0	9.393100E+4
7.780000E-3	0.000000E+0	9.322200E+4
7.800000E-3	0.000000E+0	9.377700E+4
7.820000E-3	0.000000E+0	9.366500E+4
7.840000E-3	0.000000E+0	9.364200E+4
7.860000E-3	0.000000E+0	9.343300E+4
7.880000E-3	0.000000E+0	9.363500E+4
7.900000E-3	0.000000E+0	9.397100E+4
7.920000E-3	0.000000E+0	9.341600E+4
7.940000E-3	0.000000E+0	9.356000E+4
7.960000E-3	0.000000E+0	9.352500E+4
7.980000E-3	0.000000E+0	9.308600E+4
8.000000E-3	0.000000E+0	9.314600E+4
8.020000E-3	0.000000E+0	9.336300E+4
8.040000E-3	0.000000E+0	9.278900E+4
8.060000E-3	0.000000E+0	9.353900E+4
8.080000E-3	0.000000E+0	9.440700E+4
8.100000E-3	0.000000E+0	9.311100E+4
8.120000E-3	0.000000E+0	9.329900E+4
8.140000E-3	0.000000E+0	9.365500E+4
8.160000E-3	0.000000E+0	9.336100E+4
8.180000E-3	0.000000E+0	9.307600E+4
8.200000E-3	0.000000E+0	9.354400E+4
8.220000E-3	0.000000E+0	9.324000E+4
8.240000E-3	0.000000E+0	9.378500E+4
8.260000E-3	0.000000E+0	9.313300E+4
8.280000E-3	0.000000E+0	9.377200E+4
8.300000E-3	0.000000E+0	9.377900E+4
8.320000E-3	0.000000E+0	9.354400E+4
8.340000E-3	0.000000E+0	9.394000E+4
8.360000E-3	0.000000E+0	9.333200E+4
8.380000E-3	0.000000E+0	9.400600E+4
8.400000E-3	0.000000E+0	9.372100E+4
8.420000E-3	0.000000E+0	9.329000E+4
8.440000E-3	0.000000E+0	9.390600E+4
8.460000E-3	0.000000E+0	9.363200E+4
8.480000E-3	0.000000E+0	9.355500E+4
8.500000E-3	0.000000E+0	9.366400E+4
8.520000E-3	0.000000E+0	9.361900E+4
8.540000E-3	0.000000E+0	9.365000E+4
8.560000E-3	0.000000E+0	9.396100E+4
8.580000E-3	0.000000E+0	9.337900E+4
8.600000E-3	0.000000E+0	9.370100E+4
8.620000E-3	0.000000E+0	9.355900E+4
8.640000E-3	0.000000E+0	9.376300E+4
8.660000E-3	0.000000E+0	9.321900E+4
8.680000E-3	0.000000E+0	9.361200E+4
8.700000E-3	0.000000E+0	9.376200E+4
8.720000E-3	0.000000E+0	9.322100E+4
8.740000E-3	0.000000E+0	9.373900E+4
8.760000E-3	0.000000E+0	9.437900E+4
8.780000E-3	0.000000E+0	9.322100E+4
8.800000E-3	0.000000E+0	9.356100E+4
8.820000E-3	0.000000E+0	9.355800E+4
8.840000E-3	0.000000E+0	9.359400E+4
8.860000E-3	0.000000E+0	9.345200E+4
8.880000E-3	0.000000E+0	9.348900E+4
8.900000E-3	0.000000E+0	9.431800E+4
8.920000E-3	0.000000E+0	9.342000E+4
8.940000E-3	0.000000E+0	9.336300E+4
8.960000E-3	0.000000E+0	9.329200E+4
8.980000E-3	0.000000E+0	9.317300E+4
9.000000E-3	0.000000E+0	9.349600E+4
9.020000E-3	0.000000E+0	9.342100E+4
9.040000E-3	0.000000E+0	9.407000E+4
9.060000E-3	0.000000E+0	9.333900E+4
9.080000E-3	0.000000E+0	9.362500E+4
9.100000E-3	0.000000E+0	9.313300E+4
9.120000E-3	0.000000E+0	9.383100E+4
9.140000E-3	0.000000E+0	9.380000E+4
9.160000E-3	0.000000E+0	9.260100E+4
9.180000E-3	0.000000E+0	9.338500E+4
9.200000E-3	0.000000E+0	9.364300E+4
9.220000E-3	0.000000E+0	9.338200E+4
9.240000E-3	0.000000E+0	9.352500E+4
9.260000E-3	0.000000E+0	9.351900E+4
9.280000E-3	0.000000E+0	9.336900E+4
9.300000E-3	0.000000E+0	9.358700E+4
9.320000E-3	0.000000E+0	9.305400E+4
9.340000E-3	0.000000E+0	9.356100E+4
9.360000E-3	0.000000E+0	9.366700E+4
9.380000E-3	0.000000E+0	9.376200E+4
9.400000E-3	0.000000E+0	9.348600E+4
9.420000E-3	0.000000E+0	9.360000E+4
9.440000E-3	0.000000E+0	9.337600E+4
9.460000E-3	0.000000E+0	9.375500E+4
9.480000E-3	0.000000E+0	9.337700E+4
9.500000E-3	0.000000E+0	9.395800E+4
9.520000E-3	0.000000E+0	9.356000E+4
9.540000E-3	0.000000E+0	9.299000E+4
9.560000E-3	0.000000E+0	9.399200E+4
9.580000E-3	0.000000E+0	9.381200E+4
9.600000E-3	0.000000E+0	9.327100E+4
9.620000E-3	0.000000E+0	9.367900E+4
9.640000E-3	0.000000E+0	9.374400E+4
9.660000E-3	0.000000E+0	9.363500E+4
9.680000E-3	0.000000E+0	9.289300E+4
9.700000E-3	0.000000E+0	9.351400E+4
9.720000E-3	0.000000E+0	9.358200E+4
9.740000E-3	0.000000E+0	9.396700E+4
9.760000E-3	0.000000E+0	9.308700E+4
9.780000E-3	0.000000E+0	9.351100E+4
9.800000E-3	0.000000E+0	9.377600E+4
9.820000E-3	0.000000E+0	9.342800E+4
9.840000E-3	0.000000E+0	9.355600E+4
9.860000E-3	0.000000E+0	9.386700E+4
9.880000E-3	0.000000E+0	9.397600E+4
9.900000E-3	0.000000E+0	9.374100E+4
9.920000E-3	0.000000E+0	9.406300E+4
9.940000E-3	0.000000E+0	9.311500E+4
9.960000E-3	0.000000E+0	9.302200E+4
9.980000E-3	0.000000E+0	9.330600E+4
1.000000E-2	0.000000E+0	9.360300E+4
1.002000E-2	0.000000E+0	9.317000E+4
1.004000E-2	0.000000E+0	9.350900E+4
1.006000E-2	0.000000E+0	9.337800E+4
1.008000E-2	0.000000E+0	9.380900E+4
1.010000E-2	0.000000E+0	9.385500E+4
1.012000E-2	0.000000E+0	9.356100E+4
1.014000E-2	0.000000E+0	9.440800E+4
1.016000E-2	0.000000E+0	9.389100E+4
1.018000E-2	0.000000E+0	9.369500E+4
1.020000E-2	0.000000E+0	9.417200E+4
1.022000E-2	0.000000E+0	9.365300E+4
1.024000E-2	0.000000E+0	9.377700E+4
1.026000E-2	0.000000E+0	9.336300E+4
1.028000E-2	0.000000E+0	9.357100E+4
1.030000E-2	0.000000E+0	9.349800E+4
1.032000E-2	0.000000E+0	9.362700E+4
1.034000E-2	0.000000E+0	9.381100E+4
1.036000E-2	0.000000E+0	9.345300E+4
1.038000E-2	0.000000E+0	9.377900E+4
1.040000E-2	0.000000E+0	9.402800E+4
1.042000E-2	0.000000E+0	9.349500E+4
1.044000E-2	0.000000E+0	9.393600E+4
1.046000E-2	0.000000E+0	9.344600E+4
1.048000E-2	0.000000E+0	9.398000E+4
1.050000E-2	0.000000E+0	9.332800E+4
1.052000E-2	0.000000E+0	9.379300E+4
1.054000E-2	0.000000E+0	9.377300E+4
1.056000E-2	0.000000E+0	9.371000E+4
1.058000E-2	0.000000E+0	9.346200E+4
1.060000E-2	0.000000E+0	9.278000E+4
1.062000E-2	0.000000E+0	9.323400E+4
1.064000E-2	0.000000E+0	9.357400E+4
1.066000E-2	0.000000E+0	9.360900E+4
1.068000E-2	0.000000E+0	9.320700E+4
1.070000E-2	0.000000E+0	9.333400E+4
1.072000E-2	0.000000E+0	9.320600E+4
1.074000E-2	0.000000E+0	9.355800E+4
1.076000E-2	0.000000E+0	9.357100E+4
1.078000E-2	0.000000E+0	9.329100E+4
1.080000E-2	0.000000E+0	9.337300E+4
1.082000E-2	0.000000E+0	9.326100E+4
1.084000E-2	0.000000E+0	9.315500E+4
1.086000E-2	0.000000E+0	9.314500E+4
1.088000E-2	0.000000E+0	9.357700E+4
1.090000E-2	0.000000E+0	9.387600E+4
1.092000E-2	0.000000E+0	9.320000E+4
1.094000E-2	0.000000E+0	9.355600E+4
1.096000E-2	0.000000E+0	9.359900E+4
1.098000E-2	0.000000E+0	9.342300E+4
1.100000E-2	0.000000E+0	9.361700E+4
1.102000E-2	0.000000E+0	9.304400E+4
1.104000E-2	0.000000E+0	9.379700E+4
1.106000E-2	0.000000E+0	9.318400E+4
1.108000E-2	0.000000E+0	9.418100E+4
1.110000E-2	0.000000E+0	9.358600E+4
1.112000E-2	0.000000E+0	9.338600E+4
1.114000E-2	0.000000E+0	9.322500E+4
1.116000E-2	0.000000E+0	9.340900E+4
1.118000E-2	0.000000E+0	9.345900E+4
1.120000E-2	0.000000E+0	9.314400E+4
1.122000E-2	0.000000E+0	9.312900E+4
1.124000E-2	0.000000E+0	9.405500E+4
1.126000E-2	0.000000E+0	9.381100E+4
1.128000E-2	0.000000E+0	9.406700E+4
1.130000E-2	0.000000E+0	9.301900E+4
1.132000E-2	0.000000E+0	9.401400E+4
1.134000E-2	0.000000E+0	9.366300E+4
1.136000E-2	0.000000E+0	9.361200E+4
1.138000E-2	0.000000E+0	9.320700E+4
1.140000E-2	0.000000E+0	9.356700E+4
1.142000E-2	0.000000E+0	9.356800E+4
1.144000E-2	0.000000E+0	9.370500E+4
1.146000E-2	0.000000E+0	9.367600E+4
1.148000E-2	0.000000E+0	9.356200E+4
1.150000E-2	0.000000E+0	9.349800E+4
1.152000E-2	0.000000E+0	9.347300E+4
1.154000E-2	0.000000E+0	9.342000E+4
1.156000E-2	0.000000E+0	9.367200E+4
1.158000E-2	0.000000E+0	9.358600E+4
1.160000E-2	0.000000E+0	9.351600E+4
1.162000E-2	0.000000E+0	9.367300E+4
1.164000E-2	0.000000E+0	9.336000E+4
1.166000E-2	0.000000E+0	9.292100E+4
1.168000E-2	0.000000E+0	9.372400E+4
1.170000E-2	0.000000E+0	9.387500E+4
1.172000E-2	0.000000E+0	9.325200E+4
1.174000E-2	0.000000E+0	9.335500E+4
1.176000E-2	0.000000E+0	9.353800E+4
1.178000E-2	0.000000E+0	9.345900E+4
1.180000E-2	0.000000E+0	9.312900E+4
1.182000E-2	0.000000E+0	9.413400E+4
1.184000E-2	0.000000E+0	9.348200E+4
1.186000E-2	0.000000E+0	9.304300E+4
1.188000E-2	0.000000E+0	9.287200E+4
1.190000E-2	0.000000E+0	9.358600E+4
1.192000E-2	0.000000E+0	9.332700E+4
1.194000E-2	0.000000E+0	9.367500E+4
1.196000E-2	0.000000E+0	9.302300E+4
1.198000E-2	0.000000E+0	9.316000E+4
1.200000E-2	0.000000E+0	9.328100E+4
1.202000E-2	0.000000E+0	9.350200E+4
1.204000E-2	0.000000E+0	9.336500E+4
1.206000E-2	0.000000E+0	9.362600E+4
1.208000E-2	0.000000E+0	9.365400E+4
1.210000E-2	0.000000E+0	9.351100E+4
1.212000E-2	0.000000E+0	9.329800E+4
1.214000E-2	0.000000E+0	9.334900E+4
1.216000E-2	0.000000E+0	9.351400E+4
1.218000E-2	0.000000E+0	9.333900E+4
1.220000E-2	0.000000E+0	9.362000E+4
1.222000E-2	0.000000E+0	9.345300E+4
1.224000E-2	0.000000E+0	9.352300E+4
1.226000E-2	0.000000E+0	9.285600E+4
1.228000E-2	0.000000E+0	9.330000E+4
1.230000E-2	0.000000E+0	9.325600E+4
1.232000E-2	0.000000E+0	9.367500E+4
1.234000E-2	0.000000E+0	9.377600E+4
1.236000E-2	0.000000E+0	9.370800E+4
1.238000E-2	0.000000E+0	9.344600E+4
1.240000E-2	0.000000E+0	9.292800E+4
1.242000E-2	0.000000E+0	9.371500E+4
1.244000E-2	0.000000E+0	9.343300E+4
1.246000E-2	0.000000E+0	9.266100E+4
1.248000E-2	0.000000E+0	9.324000E+4
1.250000E-2	0.000000E+0	9.369000E+4
1.252000E-2	0.000000E+0	9.360500E+4
1.254000E-2	0.000000E+0	9.291000E+4
1.256000E-2	0.000000E+0	9.367700E+4
1.258000E-2	0.000000E+0	9.409900E+4
1.260000E-2	0.000000E+0	9.365900E+4
1.262000E-2	0.000000E+0	9.310900E+4
1.264000E-2	0.000000E+0	9.336700E+4
1.266000E-2	0.000000E+0	9.346000E+4
1.268000E-2	0.000000E+0	9.348800E+4
1.270000E-2	0.000000E+0	9.359300E+4
1.272000E-2	0.000000E+0	9.326400E+4
1.274000E-2	0.000000E+0	9.345900E+4
1.276000E-2	0.000000E+0	9.367500E+4
1.278000E-2	0.000000E+0	9.371200E+4
1.280000E-2	0.000000E+0	9.370500E+4
1.282000E-2	0.000000E+0	9.305300E+4
1.284000E-2	0.000000E+0	9.368400E+4
1.286000E-2	0.000000E+0	9.375000E+4
1.288000E-2	0.000000E+0	9.377700E+4
1.290000E-2	0.000000E+0	9.317500E+4
1.292000E-2	0.000000E+0	9.345400E+4
1.294000E-2	0.000000E+0	9.340800E+4
1.296000E-2	0.000000E+0	9.349200E+4
1.298000E-2	0.000000E+0	9.349100E+4
1.300000E-2	0.000000E+0	9.308200E+4
1.302000E-2	0.000000E+0	9.389400E+4
1.304000E-2	0.000000E+0	9.376100E+4
1.306000E-2	0.000000E+0	9.332000E+4
1.308000E-2	0.000000E+0	9.404100E+4
1.310000E-2	0.000000E+0	9.382800E+4
1.312000E-2	0.000000E+0	9.342000E+4
1.314000E-2	0.000000E+0	9.320500E+4
1.316000E-2	0.000000E+0	9.362800E+4
1.318000E-2	0.000000E+0	9.358800E+4
1.320000E-2	0.000000E+0	9.337100E+4
1.322000E-2	0.000000E+0	9.330600E+4
1.324000E-2	0.000000E+0	9.332300E+4
1.326000E-2	0.000000E+0	9.357400E+4
1.328000E-2	0.000000E+0	9.391300E+4
1.330000E-2	0.000000E+0	9.363800E+4
1.332000E-2	0.000000E+0	9.408400E+4
1.334000E-2	0.000000E+0	9.344300E+4
1.336000E-2	0.000000E+0	9.344200E+4
1.338000E-2	0.000000E+0	9.298800E+4
1.340000E-2	0.000000E+0	9.400700E+4
1.342000E-2	0.000000E+0	9.392600E+4
1.344000E-2	0.000000E+0	9.365400E+4
1.346000E-2	0.000000E+0	9.358400E+4
1.348000E-2	0.000000E+0	9.350200E+4
1.350000E-2	0.000000E+0	9.358400E+4
1.352000E-2	0.000000E+0	9.349000E+4
1.354000E-2	0.000000E+0	9.370400E+4
1.356000E-2	0.000000E+0	9.355400E+4
1.358000E-2	0.000000E+0	9.265000E+4
1.360000E-2	0.000000E+0	9.342900E+4
1.362000E-2	0.000000E+0	9.319700E+4
1.364000E-2	0.000000E+0	9.330900E+4
1.366000E-2	0.000000E+0	9.307200E+4
1.368000E-2	0.000000E+0	9.372500E+4
1.370000E-2	0.000000E+0	9.372700E+4
1.372000E-2	0.000000E+0	9.359900E+4
1.374000E-2	0.000000E+0	9.307600E+4
1.376000E-2	0.000000E+0	9.364100E+4
1.378000E-2	0.000000E+0	9.440200E+4
1.380000E-2	0.000000E+0	9.289700E+4
1.382000E-2	0.000000E+0	9.284400E+4
1.384000E-2	0.000000E+0	9.315300E+4
1.386000E-2	0.000000E+0	9.426200E+4
1.388000E-2	0.000000E+0	9.341000E+4
1.390000E-2	0.000000E+0	9.369400E+4
1.392000E-2	0.000000E+0	9.324500E+4
1.394000E-2	0.000000E+0	9.404000E+4
1.396000E-2	0.000000E+0	9.296500E+4
1.398000E-2	0.000000E+0	9.402100E+4
1.400000E-2	0.000000E+0	9.363100E+4
1.402000E-2	0.000000E+0	9.356800E+4
1.404000E-2	0.000000E+0	9.389300E+4
1.406000E-2	0.000000E+0	9.317300E+4
1.408000E-2	0.000000E+0	9.375300E+4
1.410000E-2	0.000000E+0	9.336900E+4
1.412000E-2	0.000000E+0	9.300100E+4
1.414000E-2	0.000000E+0	9.325300E+4
1.416000E-2	0.000000E+0	9.385800E+4
1.418000E-2	0.000000E+0	9.357400E+4
1.420000E-2	0.000000E+0	9.373500E+4
1.422000E-2	0.000000E+0	9.341000E+4
1.424000E-2	0.000000E+0	9.329200E+4
1.426000E-2	0.000000E+0	9.375900E+4
1.428000E-2	0.000000E+0	9.360800E+4
1.430000E-2	0.000000E+0	9.331500E+4
1.432000E-2	0.000000E+0	9.395300E+4
1.434000E-2	0.000000E+0	9.319100E+4
1.436000E-2	0.000000E+0	9.340700E+4
1.438000E-2	0.000000E+0	9.329900E+4
1.440000E-2	0.000000E+0	9.349100E+4
1.442000E-2	0.000000E+0	9.387400E+4
1.444000E-2	0.000000E+0	9.410500E+4
1.446000E-2	0.000000E+0	9.351100E+4
1.448000E-2	0.000000E+0	9.317800E+4
1.450000E-2	0.000000E+0	9.305600E+4
1.452000E-2	0.000000E+0	9.355000E+4
1.454000E-2	0.000000E+0	9.322300E+4
1.456000E-2	0.000000E+0	9.340700E+4
1.458000E-2	0.000000E+0	9.322700E+4
1.460000E-2	0.000000E+0	9.320500E+4
1.462000E-2	0.000000E+0	9.374800E+4
1.464000E-2	0.000000E+0	9.375000E+4
1.466000E-2	0.000000E+0	9.353300E+4
1.468000E-2	0.000000E+0	9.348000E+4
1.470000E-2	0.000000E+0	9.281800E+4
1.472000E-2	0.000000E+0	9.318700E+4
1.474000E-2	0.000000E+0	9.368900E+4
1.476000E-2	0.000000E+0	9.333900E+4
1.478000E-2	0.000000E+0	9.422100E+4
1.480000E-2	0.000000E+0	9.351200E+4
1.482000E-2	0.000000E+0	9.350100E+4
1.484000E-2	0.000000E+0	9.344500E+4
1.486000E-2	0.000000E+0	9.365900E+4
1.488000E-2	0.000000E+0	9.322800E+4
1.490000E-2	0.000000E+0	9.363800E+4
1.492000E-2	0.000000E+0	9.373400E+4
1.494000E-2	0.000000E+0	9.359200E+4
1.496000E-2	0.000000E+0	9.372000E+4
1.498000E-2	0.000000E+0	9.343900E+4
1.500000E-2	0.000000E+0	9.371800E+4
1.502000E-2	0.000000E+0	9.358100E+4
1.504000E-2	0.000000E+0	9.421400E+4
1.506000E-2	0.000000E+0	9.322200E+4
1.508000E-2	0.000000E+0	9.361400E+4
1.510000E-2	0.000000E+0	9.367600E+4
1.512000E-2	0.000000E+0	9.336400E+4
1.514000E-2	0.000000E+0	9.306800E+4
1.516000E-2	0.000000E+0	9.354900E+4
1.518000E-2	0.000000E+0	9.356400E+4
1.520000E-2	0.000000E+0	9.318500E+4
1.522000E-2	0.000000E+0	9.338100E+4
1.524000E-2	0.000000E+0	9.345000E+4
1.526000E-2	0.000000E+0	9.288500E+4
1.528000E-2	0.000000E+0	9.396100E+4
1.530000E-2	0.000000E+0	9.404500E+4
1.532000E-2	0.000000E+0	9.341400E+4
1.534000E-2	0.000000E+0	9.372000E+4
1.536000E-2	0.000000E+0	9.346700E+4
1.538000E-2	0.000000E+0	9.337100E+4
1.540000E-2	0.000000E+0	9.359000E+4
1.542000E-2	0.000000E+0	9.308800E+4
1.544000E-2	0.000000E+0	9.337700E+4
1.546000E-2	0.000000E+0	9.306300E+4
1.548000E-2	0.000000E+0	9.325000E+4
1.550000E-2	0.000000E+0	9.356900E+4
1.552000E-2	0.000000E+0	9.336900E+4
1.554000E-2	0.000000E+0	9.325200E+4
1.556000E-2	0.000000E+0	9.384900E+4
1.558000E-2	0.000000E+0	9.385100E+4
1.560000E-2	0.000000E+0	9.340000E+4
1.562000E-2	0.000000E+0	9.338300E+4
1.564000E-2	0.000000E+0	9.310300E+4
1.566000E-2	0.000000E+0	9.348300E+4
1.568000E-2	0.000000E+0	9.335400E+4
1.570000E-2	0.000000E+0	9.358900E+4
1.572000E-2	0.000000E+0	9.353800E+4
1.574000E-2	0.000000E+0	9.334000E+4
1.576000E-2	0.000000E+0	9.304400E+4
1.578000E-2	0.000000E+0	9.316300E+4
1.580000E-2	0.000000E+0	9.379200E+4
1.582000E-2	0.000000E+0	9.351200E+4
1.584000E-2	0.000000E+0	9.332200E+4
1.586000E-2	0.000000E+0	9.332900E+4
1.588000E-2	0.000000E+0	9.341600E+4
1.590000E-2	0.000000E+0	9.337600E+4
1.592000E-2	0.000000E+0	9.327900E+4
1.594000E-2	0.000000E+0	9.352000E+4
1.596000E-2	0.000000E+0	9.311300E+4
1.598000E-2	0.000000E+0	9.330900E+4
1.600000E-2	0.000000E+0	9.329400E+4
1.602000E-2	0.000000E+0	9.309500E+4
1.604000E-2	0.000000E+0	9.354900E+4
1.606000E-2	0.000000E+0	9.382300E+4
1.608000E-2	0.000000E+0	9.322800E+4
1.610000E-2	0.000000E+0	9.333700E+4
1.612000E-2	0.000000E+0	9.293800E+4
1.614000E-2	0.000000E+0	9.346300E+4
1.616000E-2	0.000000E+0	9.378400E+4
1.618000E-2	0.000000E+0	9.273800E+4
1.620000E-2	0.000000E+0	9.313800E+4
1.622000E-2	0.000000E+0	9.276800E+4
1.624000E-2	0.000000E+0	9.346400E+4
1.626000E-2	0.000000E+0	9.305000E+4
1.628000E-2	0.000000E+0	9.319200E+4
1.630000E-2	0.000000E+0	9.306600E+4
1.632000E-2	0.000000E+0	9.332300E+4
1.634000E-2	0.000000E+0	9.339200E+4
1.636000E-2	0.000000E+0	9.312000E+4
1.638000E-2	0.000000E+0	9.322600E+4
1.640000E-2	0.000000E+0	9.290300E+4
1.642000E-2	0.000000E+0	9.334300E+4
1.644000E-2	0.000000E+0	9.361100E+4
1.646000E-2	0.000000E+0	9.263600E+4
1.648000E-2	0.000000E+0	9.392000E+4
1.650000E-2	0.000000E+0	9.360800E+4
1.652000E-2	0.000000E+0	9.342600E+4
1.654000E-2	0.000000E+0	9.284000E+4
1.656000E-2	0.000000E+0	9.325000E+4
1.658000E-2	0.000000E+0	9.387500E+4
1.660000E-2	0.000000E+0	9.299700E+4
1.662000E-2	0.000000E+0	9.328000E+4
1.664000E-2	0.000000E+0	9.351900E+4
1.666000E-2	0.000000E+0	9.340500E+4
1.668000E-2	0.000000E+0	9.310500E+4
1.670000E-2	0.000000E+0	9.312900E+4
1.672000E-2	0.000000E+0	9.309700E+4
1.674000E-2	0.000000E+0	9.268400E+4
1.676000E-2	0.000000E+0	9.289800E+4
1.678000E-2	0.000000E+0	9.323000E+4
1.680000E-2	0.000000E+0	9.349100E+4
1.682000E-2	0.000000E+0	9.278100E+4
1.684000E-2	0.000000E+0	9.279800E+4
1.686000E-2	0.000000E+0	9.263800E+4
1.688000E-2	0.000000E+0	9.281900E+4
1.690000E-2	0.000000E+0	9.206700E+4
1.692000E-2	0.000000E+0	9.261900E+4
1.694000E-2	0.000000E+0	9.236200E+4
1.696000E-2	0.000000E+0	9.198200E+4
1.698000E-2	0.000000E+0	9.174000E+4
1.700000E-2	0.000000E+0	9.132700E+4
1.702000E-2	0.000000E+0	9.123000E+4
1.704000E-2	0.000000E+0	9.024700E+4
1.706000E-2	0.000000E+0	8.990200E+4
1.708000E-2	0.000000E+0	8.933000E+4
1.710000E-2	0.000000E+0	8.737200E+4
1.712000E-2	0.000000E+0	8.564800E+4
1.714000E-2	0.000000E+0	8.185500E+4
1.716000E-2	0.000000E+0	7.603500E+4
1.718000E-2	0.000000E+0	7.009400E+4
1.720000E-2	0.000000E+0	6.299000E+4
1.722000E-2	0.000000E+0	5.810200E+4
1.724000E-2	0.000000E+0	5.579300E+4
1.726000E-2	0.000000E+0	5.710900E+4
1.728000E-2	0.000000E+0	6.161600E+4
1.730000E-2	0.000000E+0	6.825700E+4
1.732000E-2	0.000000E+0	7.412600E+4
1.734000E-2	0.000000E+0	8.013900E+4
1.736000E-2	0.000000E+0	8.385700E+4
1.738000E-2	0.000000E+0	8.638100E+4
1.740000E-2	0.000000E+0	8.898200E+4
1.742000E-2	0.000000E+0	8.986000E+4
1.744000E-2	0.000000E+0	9.032200E+4
1.746000E-2	0.000000E+0	9.112800E+4
1.748000E-2	0.000000E+0	9.149400E+4
1.750000E-2	0.000000E+0	9.163100E+4
1.752000E-2	0.000000E+0	9.160700E+4
1.754000E-2	0.000000E+0	9.313500E+4
1.756000E-2	0.000000E+0	9.208600E+4
1.758000E-2	0.000000E+0	9.225500E+4
1.760000E-2	0.000000E+0	9.303300E+4
1.762000E-2	0.000000E+0	9.251200E+4
1.764000E-2	0.000000E+0	9.277200E+4
1.766000E-2	0.000000E+0	9.265200E+4
1.768000E-2	0.000000E+0	9.297800E+4
1.770000E-2	0.000000E+0	9.297700E+4
1.772000E-2	0.000000E+0	9.337000E+4
1.774000E-2	0.000000E+0	9.246300E+4
1.776000E-2	0.000000E+0	9.275600E+4
1.778000E-2	0.000000E+0	9.293200E+4
1.780000E-2	0.000000E+0	9.310500E+4
1.782000E-2	0.000000E+0	9.313100E+4
1.784000E-2	0.000000E+0	9.365200E+4
1.786000E-2	0.000000E+0	9.398600E+4
1.788000E-2	0.000000E+0	9.332200E+4
1.790000E-2	0.000000E+0	9.297100E+4
1.792000E-2	0.000000E+0	9.338600E+4
1.794000E-2	0.000000E+0	9.332100E+4
1.796000E-2	0.000000E+0	9.351400E+4
1.798000E-2	0.000000E+0	9.318900E+4
1.800000E-2	0.000000E+0	9.302200E+4
1.802000E-2	0.000000E+0	9.281200E+4
1.804000E-2	0.000000E+0	9.326900E+4
1.806000E-2	0.000000E+0	9.332400E+4
1.808000E-2	0.000000E+0	9.316900E+4
1.810000E-2	0.000000E+0	9.379800E+4
1.812000E-2	0.000000E+0	9.348800E+4
1.814000E-2	0.000000E+0	9.293100E+4
1.816000E-2	0.000000E+0	9.329900E+4
1.818000E-2	0.000000E+0	9.306000E+4
1.820000E-2	0.000000E+0	9.335000E+4
1.822000E-2	0.000000E+0	9.306300E+4
1.824000E-2	0.000000E+0	9.282300E+4
1.826000E-2	0.000000E+0	9.316100E+4
1.828000E-2	0.000000E+0	9.374000E+4
1.830000E-2	0.000000E+0	9.312800E+4
1.832000E-2	0.000000E+0	9.316400E+4
1.834000E-2	0.000000E+0	9.349900E+4
1.836000E-2	0.000000E+0	9.278400E+4
1.838000E-2	0.000000E+0	9.341200E+4
1.840000E-2	0.000000E+0	9.386400E+4
1.842000E-2	0.000000E+0	9.360100E+4
1.844000E-2	0.000000E+0	9.369800E+4
1.846000E-2	0.000000E+0	9.354900E+4
1.848000E-2	0.000000E+0	9.311400E+4
1.850000E-2	0.000000E+0	9.349700E+4
1.852000E-2	0.000000E+0	9.291400E+4
1.854000E-2	0.000000E+0	9.314000E+4
1.856000E-2	0.000000E+0	9.360000E+4
1.858000E-2	0.000000E+0	9.289200E+4
1.860000E-2	0.000000E+0	9.337800E+4
1.862000E-2	0.000000E+0	9.330200E+4
1.864000E-2	0.000000E+0	9.426600E+4
1.866000E-2	0.000000E+0	9.275200E+4
1.868000E-2	0.000000E+0	9.375300E+4
1.870000E-2	0.000000E+0	9.327500E+4
1.872000E-2	0.000000E+0	9.330000E+4
1.874000E-2	0.000000E+0	9.325100E+4
1.876000E-2	0.000000E+0	9.305400E+4
1.878000E-2	0.000000E+0	9.294700E+4
1.880000E-2	0.000000E+0	9.318600E+4
1.882000E-2	0.000000E+0	9.339800E+4
1.884000E-2	0.000000E+0	9.303500E+4
1.886000E-2	0.000000E+0	9.355000E+4
1.888000E-2	0.000000E+0	9.322100E+4
1.890000E-2	0.000000E+0	9.351400E+4
1.892000E-2	0.000000E+0	9.307000E+4
1.894000E-2	0.000000E+0	9.348700E+4
1.896000E-2	0.000000E+0	9.346100E+4
1.898000E-2	0.000000E+0	9.420600E+4
1.900000E-2	0.000000E+0	9.340600E+4
1.902000E-2	0.000000E+0	9.322600E+4
1.904000E-2	0.000000E+0	9.356500E+4
1.906000E-2	0.000000E+0	9.334100E+4
1.908000E-2	0.000000E+0	9.373500E+4
1.910000E-2	0.000000E+0	9.285800E+4
1.912000E-2	0.000000E+0	9.300500E+4
1.914000E-2	0.000000E+0	9.391100E+4
1.916000E-2	0.000000E+0	9.327500E+4
1.918000E-2	0.000000E+0	9.332700E+4
1.920000E-2	0.000000E+0	9.304200E+4
1.922000E-2	0.000000E+0	9.324200E+4
1.924000E-2	0.000000E+0	9.429000E+4
1.926000E-2	0.000000E+0	9.358400E+4
1.928000E-2	0.000000E+0	9.338100E+4
1.930000E-2	0.000000E+0	9.321600E+4
1.932000E-2	0.000000E+0	9.365300E+4
1.934000E-2	0.000000E+0	9.353000E+4
1.936000E-2	0.000000E+0	9.298600E+4
1.938000E-2	0.000000E+0	9.354500E+4
1.940000E-2	0.000000E+0	9.328300E+4
1.942000E-2	0.000000E+0	9.334100E+4
1.944000E-2	0.000000E+0	9.336200E+4
1.946000E-2	0.000000E+0	9.349700E+4
1.948000E-2	0.000000E+0	9.351900E+4
1.950000E-2	0.000000E+0	9.376000E+4
1.952000E-2	0.000000E+0	9.345300E+4
1.954000E-2	0.000000E+0	9.372900E+4
1.956000E-2	0.000000E+0	9.341500E+4
1.958000E-2	0.000000E+0	9.330600E+4
1.960000E-2	0.000000E+0	9.268100E+4
1.962000E-2	0.000000E+0	9.339000E+4
1.964000E-2	0.000000E+0	9.362600E+4
1.966000E-2	0.000000E+0	9.364000E+4
1.968000E-2	0.000000E+0	9.326900E+4
1.970000E-2	0.000000E+0	9.369200E+4
1.972000E-2	0.000000E+0	9.296400E+4
1.974000E-2	0.000000E+0	9.310500E+4
1.976000E-2	0.000000E+0	9.322900E+4
1.978000E-2	0.000000E+0	9.315400E+4
1.980000E-2	0.000000E+0	9.332300E+4
1.982000E-2	0.000000E+0	9.358500E+4
1.984000E-2	0.000000E+0	9.325900E+4
1.986000E-2	0.000000E+0	9.373100E+4
1.988000E-2	0.000000E+0	9.378700E+4
1.990000E-2	0.000000E+0	9.382400E+4
1.992000E-2	0.000000E+0	9.351400E+4
1.994000E-2	0.000000E+0	9.381700E+4
1.996000E-2	0.000000E+0	9.341700E+4
1.998000E-2	0.000000E+0	9.305200E+4
