

live time:  239215.060000
real time:  277208.197000
sweeps:  11960753.000000
0.000000E+0	0.000000E+0	0.000000E+0
2.000000E-5	0.000000E+0	1.194610E+5
4.000000E-5	0.000000E+0	1.195040E+5
6.000000E-5	0.000000E+0	1.196880E+5
8.000000E-5	0.000000E+0	1.201280E+5
1.000000E-4	0.000000E+0	1.191650E+5
1.200000E-4	0.000000E+0	1.196780E+5
1.400000E-4	0.000000E+0	1.204410E+5
1.600000E-4	0.000000E+0	1.204920E+5
1.800000E-4	0.000000E+0	1.199230E+5
2.000000E-4	0.000000E+0	1.202400E+5
2.200000E-4	0.000000E+0	1.201980E+5
2.400000E-4	0.000000E+0	1.201010E+5
2.600000E-4	0.000000E+0	1.202040E+5
2.800000E-4	0.000000E+0	1.199330E+5
3.000000E-4	0.000000E+0	1.201600E+5
3.200000E-4	0.000000E+0	1.194650E+5
3.400000E-4	0.000000E+0	1.199880E+5
3.600000E-4	0.000000E+0	1.196650E+5
3.800000E-4	0.000000E+0	1.201760E+5
4.000000E-4	0.000000E+0	1.203430E+5
4.200000E-4	0.000000E+0	1.199470E+5
4.400000E-4	0.000000E+0	1.191810E+5
4.600000E-4	0.000000E+0	1.200370E+5
4.800000E-4	0.000000E+0	1.201390E+5
5.000000E-4	0.000000E+0	1.199840E+5
5.200000E-4	0.000000E+0	1.202490E+5
5.400000E-4	0.000000E+0	1.200930E+5
5.600000E-4	0.000000E+0	1.201560E+5
5.800000E-4	0.000000E+0	1.198310E+5
6.000000E-4	0.000000E+0	1.195020E+5
6.200000E-4	0.000000E+0	1.195580E+5
6.400000E-4	0.000000E+0	1.197270E+5
6.600000E-4	0.000000E+0	1.196600E+5
6.800000E-4	0.000000E+0	1.196350E+5
7.000000E-4	0.000000E+0	1.199780E+5
7.200000E-4	0.000000E+0	1.202410E+5
7.400000E-4	0.000000E+0	1.196920E+5
7.600000E-4	0.000000E+0	1.196690E+5
7.800000E-4	0.000000E+0	1.197550E+5
8.000000E-4	0.000000E+0	1.200850E+5
8.200000E-4	0.000000E+0	1.197330E+5
8.400000E-4	0.000000E+0	1.200460E+5
8.600000E-4	0.000000E+0	1.200770E+5
8.800000E-4	0.000000E+0	1.199630E+5
9.000000E-4	0.000000E+0	1.191100E+5
9.200000E-4	0.000000E+0	1.196640E+5
9.400000E-4	0.000000E+0	1.202020E+5
9.600000E-4	0.000000E+0	1.198540E+5
9.800000E-4	0.000000E+0	1.199440E+5
1.000000E-3	0.000000E+0	1.196060E+5
1.020000E-3	0.000000E+0	1.200490E+5
1.040000E-3	0.000000E+0	1.201660E+5
1.060000E-3	0.000000E+0	1.198550E+5
1.080000E-3	0.000000E+0	1.196290E+5
1.100000E-3	0.000000E+0	1.200620E+5
1.120000E-3	0.000000E+0	1.197100E+5
1.140000E-3	0.000000E+0	1.197210E+5
1.160000E-3	0.000000E+0	1.198730E+5
1.180000E-3	0.000000E+0	1.195620E+5
1.200000E-3	0.000000E+0	1.203080E+5
1.220000E-3	0.000000E+0	1.197560E+5
1.240000E-3	0.000000E+0	1.199610E+5
1.260000E-3	0.000000E+0	1.194450E+5
1.280000E-3	0.000000E+0	1.200020E+5
1.300000E-3	0.000000E+0	1.202130E+5
1.320000E-3	0.000000E+0	1.198920E+5
1.340000E-3	0.000000E+0	1.203320E+5
1.360000E-3	0.000000E+0	1.199120E+5
1.380000E-3	0.000000E+0	1.199850E+5
1.400000E-3	0.000000E+0	1.201930E+5
1.420000E-3	0.000000E+0	1.198360E+5
1.440000E-3	0.000000E+0	1.201090E+5
1.460000E-3	0.000000E+0	1.204300E+5
1.480000E-3	0.000000E+0	1.198520E+5
1.500000E-3	0.000000E+0	1.188040E+5
1.520000E-3	0.000000E+0	1.198130E+5
1.540000E-3	0.000000E+0	1.200760E+5
1.560000E-3	0.000000E+0	1.202500E+5
1.580000E-3	0.000000E+0	1.197790E+5
1.600000E-3	0.000000E+0	1.203600E+5
1.620000E-3	0.000000E+0	1.208340E+5
1.640000E-3	0.000000E+0	1.199850E+5
1.660000E-3	0.000000E+0	1.198460E+5
1.680000E-3	0.000000E+0	1.200190E+5
1.700000E-3	0.000000E+0	1.195750E+5
1.720000E-3	0.000000E+0	1.196140E+5
1.740000E-3	0.000000E+0	1.198820E+5
1.760000E-3	0.000000E+0	1.205120E+5
1.780000E-3	0.000000E+0	1.202160E+5
1.800000E-3	0.000000E+0	1.197740E+5
1.820000E-3	0.000000E+0	1.204530E+5
1.840000E-3	0.000000E+0	1.202750E+5
1.860000E-3	0.000000E+0	1.199810E+5
1.880000E-3	0.000000E+0	1.201190E+5
1.900000E-3	0.000000E+0	1.200720E+5
1.920000E-3	0.000000E+0	1.200540E+5
1.940000E-3	0.000000E+0	1.196400E+5
1.960000E-3	0.000000E+0	1.201340E+5
1.980000E-3	0.000000E+0	1.204420E+5
2.000000E-3	0.000000E+0	1.200330E+5
2.020000E-3	0.000000E+0	1.201250E+5
2.040000E-3	0.000000E+0	1.199160E+5
2.060000E-3	0.000000E+0	1.209030E+5
2.080000E-3	0.000000E+0	1.193290E+5
2.100000E-3	0.000000E+0	1.193120E+5
2.120000E-3	0.000000E+0	1.201850E+5
2.140000E-3	0.000000E+0	1.200010E+5
2.160000E-3	0.000000E+0	1.198930E+5
2.180000E-3	0.000000E+0	1.200970E+5
2.200000E-3	0.000000E+0	1.197340E+5
2.220000E-3	0.000000E+0	1.192890E+5
2.240000E-3	0.000000E+0	1.200100E+5
2.260000E-3	0.000000E+0	1.200040E+5
2.280000E-3	0.000000E+0	1.202950E+5
2.300000E-3	0.000000E+0	1.203020E+5
2.320000E-3	0.000000E+0	1.196820E+5
2.340000E-3	0.000000E+0	1.192510E+5
2.360000E-3	0.000000E+0	1.199280E+5
2.380000E-3	0.000000E+0	1.194560E+5
2.400000E-3	0.000000E+0	1.202630E+5
2.420000E-3	0.000000E+0	1.197770E+5
2.440000E-3	0.000000E+0	1.197740E+5
2.460000E-3	0.000000E+0	1.198420E+5
2.480000E-3	0.000000E+0	1.196600E+5
2.500000E-3	0.000000E+0	1.199900E+5
2.520000E-3	0.000000E+0	1.201290E+5
2.540000E-3	0.000000E+0	1.201650E+5
2.560000E-3	0.000000E+0	1.195080E+5
2.580000E-3	0.000000E+0	1.202450E+5
2.600000E-3	0.000000E+0	1.201440E+5
2.620000E-3	0.000000E+0	1.194850E+5
2.640000E-3	0.000000E+0	1.200160E+5
2.660000E-3	0.000000E+0	1.196200E+5
2.680000E-3	0.000000E+0	1.204480E+5
2.700000E-3	0.000000E+0	1.197810E+5
2.720000E-3	0.000000E+0	1.194660E+5
2.740000E-3	0.000000E+0	1.197460E+5
2.760000E-3	0.000000E+0	1.202980E+5
2.780000E-3	0.000000E+0	1.199060E+5
2.800000E-3	0.000000E+0	1.195580E+5
2.820000E-3	0.000000E+0	1.195800E+5
2.840000E-3	0.000000E+0	1.198590E+5
2.860000E-3	0.000000E+0	1.198460E+5
2.880000E-3	0.000000E+0	1.203090E+5
2.900000E-3	0.000000E+0	1.191740E+5
2.920000E-3	0.000000E+0	1.199680E+5
2.940000E-3	0.000000E+0	1.197730E+5
2.960000E-3	0.000000E+0	1.199180E+5
2.980000E-3	0.000000E+0	1.198140E+5
3.000000E-3	0.000000E+0	1.195910E+5
3.020000E-3	0.000000E+0	1.202430E+5
3.040000E-3	0.000000E+0	1.200540E+5
3.060000E-3	0.000000E+0	1.198000E+5
3.080000E-3	0.000000E+0	1.195590E+5
3.100000E-3	0.000000E+0	1.202580E+5
3.120000E-3	0.000000E+0	1.197830E+5
3.140000E-3	0.000000E+0	1.194710E+5
3.160000E-3	0.000000E+0	1.195070E+5
3.180000E-3	0.000000E+0	1.194850E+5
3.200000E-3	0.000000E+0	1.201520E+5
3.220000E-3	0.000000E+0	1.196700E+5
3.240000E-3	0.000000E+0	1.198940E+5
3.260000E-3	0.000000E+0	1.200930E+5
3.280000E-3	0.000000E+0	1.202170E+5
3.300000E-3	0.000000E+0	1.201080E+5
3.320000E-3	0.000000E+0	1.199850E+5
3.340000E-3	0.000000E+0	1.197020E+5
3.360000E-3	0.000000E+0	1.200650E+5
3.380000E-3	0.000000E+0	1.193930E+5
3.400000E-3	0.000000E+0	1.199500E+5
3.420000E-3	0.000000E+0	1.199330E+5
3.440000E-3	0.000000E+0	1.195330E+5
3.460000E-3	0.000000E+0	1.201630E+5
3.480000E-3	0.000000E+0	1.201890E+5
3.500000E-3	0.000000E+0	1.202330E+5
3.520000E-3	0.000000E+0	1.200280E+5
3.540000E-3	0.000000E+0	1.207170E+5
3.560000E-3	0.000000E+0	1.199210E+5
3.580000E-3	0.000000E+0	1.200920E+5
3.600000E-3	0.000000E+0	1.188940E+5
3.620000E-3	0.000000E+0	1.198690E+5
3.640000E-3	0.000000E+0	1.198980E+5
3.660000E-3	0.000000E+0	1.199230E+5
3.680000E-3	0.000000E+0	1.201020E+5
3.700000E-3	0.000000E+0	1.198020E+5
3.720000E-3	0.000000E+0	1.194240E+5
3.740000E-3	0.000000E+0	1.198140E+5
3.760000E-3	0.000000E+0	1.201130E+5
3.780000E-3	0.000000E+0	1.200160E+5
3.800000E-3	0.000000E+0	1.196480E+5
3.820000E-3	0.000000E+0	1.195640E+5
3.840000E-3	0.000000E+0	1.200820E+5
3.860000E-3	0.000000E+0	1.199100E+5
3.880000E-3	0.000000E+0	1.196040E+5
3.900000E-3	0.000000E+0	1.191790E+5
3.920000E-3	0.000000E+0	1.202920E+5
3.940000E-3	0.000000E+0	1.200370E+5
3.960000E-3	0.000000E+0	1.198920E+5
3.980000E-3	0.000000E+0	1.199020E+5
4.000000E-3	0.000000E+0	1.196800E+5
4.020000E-3	0.000000E+0	1.201290E+5
4.040000E-3	0.000000E+0	1.199760E+5
4.060000E-3	0.000000E+0	1.194470E+5
4.080000E-3	0.000000E+0	1.198080E+5
4.100000E-3	0.000000E+0	1.199530E+5
4.120000E-3	0.000000E+0	1.197490E+5
4.140000E-3	0.000000E+0	1.200890E+5
4.160000E-3	0.000000E+0	1.195540E+5
4.180000E-3	0.000000E+0	1.200300E+5
4.200000E-3	0.000000E+0	1.194020E+5
4.220000E-3	0.000000E+0	1.202860E+5
4.240000E-3	0.000000E+0	1.197300E+5
4.260000E-3	0.000000E+0	1.196820E+5
4.280000E-3	0.000000E+0	1.207820E+5
4.300000E-3	0.000000E+0	1.196900E+5
4.320000E-3	0.000000E+0	1.203950E+5
4.340000E-3	0.000000E+0	1.198120E+5
4.360000E-3	0.000000E+0	1.200610E+5
4.380000E-3	0.000000E+0	1.193180E+5
4.400000E-3	0.000000E+0	1.209810E+5
4.420000E-3	0.000000E+0	1.196080E+5
4.440000E-3	0.000000E+0	1.200540E+5
4.460000E-3	0.000000E+0	1.202520E+5
4.480000E-3	0.000000E+0	1.197980E+5
4.500000E-3	0.000000E+0	1.194350E+5
4.520000E-3	0.000000E+0	1.202560E+5
4.540000E-3	0.000000E+0	1.201110E+5
4.560000E-3	0.000000E+0	1.204230E+5
4.580000E-3	0.000000E+0	1.204320E+5
4.600000E-3	0.000000E+0	1.205490E+5
4.620000E-3	0.000000E+0	1.196090E+5
4.640000E-3	0.000000E+0	1.201850E+5
4.660000E-3	0.000000E+0	1.199030E+5
4.680000E-3	0.000000E+0	1.199670E+5
4.700000E-3	0.000000E+0	1.197890E+5
4.720000E-3	0.000000E+0	1.201130E+5
4.740000E-3	0.000000E+0	1.198030E+5
4.760000E-3	0.000000E+0	1.194370E+5
4.780000E-3	0.000000E+0	1.192860E+5
4.800000E-3	0.000000E+0	1.203770E+5
4.820000E-3	0.000000E+0	1.197440E+5
4.840000E-3	0.000000E+0	1.197490E+5
4.860000E-3	0.000000E+0	1.199550E+5
4.880000E-3	0.000000E+0	1.200020E+5
4.900000E-3	0.000000E+0	1.202820E+5
4.920000E-3	0.000000E+0	1.196380E+5
4.940000E-3	0.000000E+0	1.204670E+5
4.960000E-3	0.000000E+0	1.201100E+5
4.980000E-3	0.000000E+0	1.197150E+5
5.000000E-3	0.000000E+0	1.193450E+5
5.020000E-3	0.000000E+0	1.197860E+5
5.040000E-3	0.000000E+0	1.198320E+5
5.060000E-3	0.000000E+0	1.204250E+5
5.080000E-3	0.000000E+0	1.200310E+5
5.100000E-3	0.000000E+0	1.200560E+5
5.120000E-3	0.000000E+0	1.203730E+5
5.140000E-3	0.000000E+0	1.197050E+5
5.160000E-3	0.000000E+0	1.203220E+5
5.180000E-3	0.000000E+0	1.192670E+5
5.200000E-3	0.000000E+0	1.194410E+5
5.220000E-3	0.000000E+0	1.195610E+5
5.240000E-3	0.000000E+0	1.192650E+5
5.260000E-3	0.000000E+0	1.199740E+5
5.280000E-3	0.000000E+0	1.191590E+5
5.300000E-3	0.000000E+0	1.191730E+5
5.320000E-3	0.000000E+0	1.192830E+5
5.340000E-3	0.000000E+0	1.193610E+5
5.360000E-3	0.000000E+0	1.194990E+5
5.380000E-3	0.000000E+0	1.192650E+5
5.400000E-3	0.000000E+0	1.191900E+5
5.420000E-3	0.000000E+0	1.191900E+5
5.440000E-3	0.000000E+0	1.187240E+5
5.460000E-3	0.000000E+0	1.192950E+5
5.480000E-3	0.000000E+0	1.186160E+5
5.500000E-3	0.000000E+0	1.183820E+5
5.520000E-3	0.000000E+0	1.189070E+5
5.540000E-3	0.000000E+0	1.183370E+5
5.560000E-3	0.000000E+0	1.188830E+5
5.580000E-3	0.000000E+0	1.182540E+5
5.600000E-3	0.000000E+0	1.184560E+5
5.620000E-3	0.000000E+0	1.170190E+5
5.640000E-3	0.000000E+0	1.163440E+5
5.660000E-3	0.000000E+0	1.151630E+5
5.680000E-3	0.000000E+0	1.132120E+5
5.700000E-3	0.000000E+0	1.120380E+5
5.720000E-3	0.000000E+0	1.083410E+5
5.740000E-3	0.000000E+0	1.029740E+5
5.760000E-3	0.000000E+0	9.662200E+4
5.780000E-3	0.000000E+0	8.739500E+4
5.800000E-3	0.000000E+0	7.870900E+4
5.820000E-3	0.000000E+0	7.275600E+4
5.840000E-3	0.000000E+0	7.097200E+4
5.860000E-3	0.000000E+0	7.346000E+4
5.880000E-3	0.000000E+0	8.036400E+4
5.900000E-3	0.000000E+0	8.974700E+4
5.920000E-3	0.000000E+0	9.846900E+4
5.940000E-3	0.000000E+0	1.058670E+5
5.960000E-3	0.000000E+0	1.096440E+5
5.980000E-3	0.000000E+0	1.130510E+5
6.000000E-3	0.000000E+0	1.150350E+5
6.020000E-3	0.000000E+0	1.158530E+5
6.040000E-3	0.000000E+0	1.165870E+5
6.060000E-3	0.000000E+0	1.171970E+5
6.080000E-3	0.000000E+0	1.177150E+5
6.100000E-3	0.000000E+0	1.178410E+5
6.120000E-3	0.000000E+0	1.182490E+5
6.140000E-3	0.000000E+0	1.186770E+5
6.160000E-3	0.000000E+0	1.183220E+5
6.180000E-3	0.000000E+0	1.189320E+5
6.200000E-3	0.000000E+0	1.191060E+5
6.220000E-3	0.000000E+0	1.187490E+5
6.240000E-3	0.000000E+0	1.189610E+5
6.260000E-3	0.000000E+0	1.197120E+5
6.280000E-3	0.000000E+0	1.194950E+5
6.300000E-3	0.000000E+0	1.195470E+5
6.320000E-3	0.000000E+0	1.191260E+5
6.340000E-3	0.000000E+0	1.197500E+5
6.360000E-3	0.000000E+0	1.192400E+5
6.380000E-3	0.000000E+0	1.196870E+5
6.400000E-3	0.000000E+0	1.199090E+5
6.420000E-3	0.000000E+0	1.202170E+5
6.440000E-3	0.000000E+0	1.189350E+5
6.460000E-3	0.000000E+0	1.195130E+5
6.480000E-3	0.000000E+0	1.200810E+5
6.500000E-3	0.000000E+0	1.194350E+5
6.520000E-3	0.000000E+0	1.194970E+5
6.540000E-3	0.000000E+0	1.198790E+5
6.560000E-3	0.000000E+0	1.198080E+5
6.580000E-3	0.000000E+0	1.195810E+5
6.600000E-3	0.000000E+0	1.192450E+5
6.620000E-3	0.000000E+0	1.195740E+5
6.640000E-3	0.000000E+0	1.196420E+5
6.660000E-3	0.000000E+0	1.197700E+5
6.680000E-3	0.000000E+0	1.195310E+5
6.700000E-3	0.000000E+0	1.196610E+5
6.720000E-3	0.000000E+0	1.194870E+5
6.740000E-3	0.000000E+0	1.198030E+5
6.760000E-3	0.000000E+0	1.199690E+5
6.780000E-3	0.000000E+0	1.200050E+5
6.800000E-3	0.000000E+0	1.195510E+5
6.820000E-3	0.000000E+0	1.198380E+5
6.840000E-3	0.000000E+0	1.196620E+5
6.860000E-3	0.000000E+0	1.207780E+5
6.880000E-3	0.000000E+0	1.196250E+5
6.900000E-3	0.000000E+0	1.199130E+5
6.920000E-3	0.000000E+0	1.206860E+5
6.940000E-3	0.000000E+0	1.197170E+5
6.960000E-3	0.000000E+0	1.186730E+5
6.980000E-3	0.000000E+0	1.200230E+5
7.000000E-3	0.000000E+0	1.203400E+5
7.020000E-3	0.000000E+0	1.198210E+5
7.040000E-3	0.000000E+0	1.193070E+5
7.060000E-3	0.000000E+0	1.199290E+5
7.080000E-3	0.000000E+0	1.200010E+5
7.100000E-3	0.000000E+0	1.194660E+5
7.120000E-3	0.000000E+0	1.197250E+5
7.140000E-3	0.000000E+0	1.200470E+5
7.160000E-3	0.000000E+0	1.203200E+5
7.180000E-3	0.000000E+0	1.202950E+5
7.200000E-3	0.000000E+0	1.193930E+5
7.220000E-3	0.000000E+0	1.199060E+5
7.240000E-3	0.000000E+0	1.199910E+5
7.260000E-3	0.000000E+0	1.203150E+5
7.280000E-3	0.000000E+0	1.196850E+5
7.300000E-3	0.000000E+0	1.199240E+5
7.320000E-3	0.000000E+0	1.198500E+5
7.340000E-3	0.000000E+0	1.199670E+5
7.360000E-3	0.000000E+0	1.197250E+5
7.380000E-3	0.000000E+0	1.200800E+5
7.400000E-3	0.000000E+0	1.196730E+5
7.420000E-3	0.000000E+0	1.201340E+5
7.440000E-3	0.000000E+0	1.199220E+5
7.460000E-3	0.000000E+0	1.196130E+5
7.480000E-3	0.000000E+0	1.199670E+5
7.500000E-3	0.000000E+0	1.189090E+5
7.520000E-3	0.000000E+0	1.200670E+5
7.540000E-3	0.000000E+0	1.200880E+5
7.560000E-3	0.000000E+0	1.201460E+5
7.580000E-3	0.000000E+0	1.195820E+5
7.600000E-3	0.000000E+0	1.195970E+5
7.620000E-3	0.000000E+0	1.203350E+5
7.640000E-3	0.000000E+0	1.199410E+5
7.660000E-3	0.000000E+0	1.205100E+5
7.680000E-3	0.000000E+0	1.203090E+5
7.700000E-3	0.000000E+0	1.197780E+5
7.720000E-3	0.000000E+0	1.199290E+5
7.740000E-3	0.000000E+0	1.195870E+5
7.760000E-3	0.000000E+0	1.205970E+5
7.780000E-3	0.000000E+0	1.198320E+5
7.800000E-3	0.000000E+0	1.204340E+5
7.820000E-3	0.000000E+0	1.199440E+5
7.840000E-3	0.000000E+0	1.199740E+5
7.860000E-3	0.000000E+0	1.199250E+5
7.880000E-3	0.000000E+0	1.201770E+5
7.900000E-3	0.000000E+0	1.203980E+5
7.920000E-3	0.000000E+0	1.198010E+5
7.940000E-3	0.000000E+0	1.198000E+5
7.960000E-3	0.000000E+0	1.198210E+5
7.980000E-3	0.000000E+0	1.196670E+5
8.000000E-3	0.000000E+0	1.192920E+5
8.020000E-3	0.000000E+0	1.195020E+5
8.040000E-3	0.000000E+0	1.191160E+5
8.060000E-3	0.000000E+0	1.199670E+5
8.080000E-3	0.000000E+0	1.210990E+5
8.100000E-3	0.000000E+0	1.194550E+5
8.120000E-3	0.000000E+0	1.195420E+5
8.140000E-3	0.000000E+0	1.200350E+5
8.160000E-3	0.000000E+0	1.198260E+5
8.180000E-3	0.000000E+0	1.195820E+5
8.200000E-3	0.000000E+0	1.199080E+5
8.220000E-3	0.000000E+0	1.193420E+5
8.240000E-3	0.000000E+0	1.200390E+5
8.260000E-3	0.000000E+0	1.193060E+5
8.280000E-3	0.000000E+0	1.204120E+5
8.300000E-3	0.000000E+0	1.202370E+5
8.320000E-3	0.000000E+0	1.198670E+5
8.340000E-3	0.000000E+0	1.203270E+5
8.360000E-3	0.000000E+0	1.193550E+5
8.380000E-3	0.000000E+0	1.202220E+5
8.400000E-3	0.000000E+0	1.199750E+5
8.420000E-3	0.000000E+0	1.196630E+5
8.440000E-3	0.000000E+0	1.200920E+5
8.460000E-3	0.000000E+0	1.201460E+5
8.480000E-3	0.000000E+0	1.198330E+5
8.500000E-3	0.000000E+0	1.200810E+5
8.520000E-3	0.000000E+0	1.198570E+5
8.540000E-3	0.000000E+0	1.200980E+5
8.560000E-3	0.000000E+0	1.203250E+5
8.580000E-3	0.000000E+0	1.196230E+5
8.600000E-3	0.000000E+0	1.200240E+5
8.620000E-3	0.000000E+0	1.198440E+5
8.640000E-3	0.000000E+0	1.202910E+5
8.660000E-3	0.000000E+0	1.197770E+5
8.680000E-3	0.000000E+0	1.200320E+5
8.700000E-3	0.000000E+0	1.201700E+5
8.720000E-3	0.000000E+0	1.198620E+5
8.740000E-3	0.000000E+0	1.199410E+5
8.760000E-3	0.000000E+0	1.208660E+5
8.780000E-3	0.000000E+0	1.197490E+5
8.800000E-3	0.000000E+0	1.199800E+5
8.820000E-3	0.000000E+0	1.201830E+5
8.840000E-3	0.000000E+0	1.201170E+5
8.860000E-3	0.000000E+0	1.199590E+5
8.880000E-3	0.000000E+0	1.197720E+5
8.900000E-3	0.000000E+0	1.207690E+5
8.920000E-3	0.000000E+0	1.199500E+5
8.940000E-3	0.000000E+0	1.198970E+5
8.960000E-3	0.000000E+0	1.198980E+5
8.980000E-3	0.000000E+0	1.193410E+5
9.000000E-3	0.000000E+0	1.196580E+5
9.020000E-3	0.000000E+0	1.198300E+5
9.040000E-3	0.000000E+0	1.203880E+5
9.060000E-3	0.000000E+0	1.198350E+5
9.080000E-3	0.000000E+0	1.201740E+5
9.100000E-3	0.000000E+0	1.196590E+5
9.120000E-3	0.000000E+0	1.201320E+5
9.140000E-3	0.000000E+0	1.200420E+5
9.160000E-3	0.000000E+0	1.187170E+5
9.180000E-3	0.000000E+0	1.195820E+5
9.200000E-3	0.000000E+0	1.202610E+5
9.220000E-3	0.000000E+0	1.199400E+5
9.240000E-3	0.000000E+0	1.198590E+5
9.260000E-3	0.000000E+0	1.199770E+5
9.280000E-3	0.000000E+0	1.197790E+5
9.300000E-3	0.000000E+0	1.198510E+5
9.320000E-3	0.000000E+0	1.198010E+5
9.340000E-3	0.000000E+0	1.200740E+5
9.360000E-3	0.000000E+0	1.198930E+5
9.380000E-3	0.000000E+0	1.202540E+5
9.400000E-3	0.000000E+0	1.197410E+5
9.420000E-3	0.000000E+0	1.198690E+5
9.440000E-3	0.000000E+0	1.196420E+5
9.460000E-3	0.000000E+0	1.199790E+5
9.480000E-3	0.000000E+0	1.196120E+5
9.500000E-3	0.000000E+0	1.203510E+5
9.520000E-3	0.000000E+0	1.200640E+5
9.540000E-3	0.000000E+0	1.192470E+5
9.560000E-3	0.000000E+0	1.199490E+5
9.580000E-3	0.000000E+0	1.202710E+5
9.600000E-3	0.000000E+0	1.194660E+5
9.620000E-3	0.000000E+0	1.200960E+5
9.640000E-3	0.000000E+0	1.201040E+5
9.660000E-3	0.000000E+0	1.199080E+5
9.680000E-3	0.000000E+0	1.191180E+5
9.700000E-3	0.000000E+0	1.200130E+5
9.720000E-3	0.000000E+0	1.199520E+5
9.740000E-3	0.000000E+0	1.205270E+5
9.760000E-3	0.000000E+0	1.194820E+5
9.780000E-3	0.000000E+0	1.198850E+5
9.800000E-3	0.000000E+0	1.201990E+5
9.820000E-3	0.000000E+0	1.196040E+5
9.840000E-3	0.000000E+0	1.201370E+5
9.860000E-3	0.000000E+0	1.203940E+5
9.880000E-3	0.000000E+0	1.202020E+5
9.900000E-3	0.000000E+0	1.199810E+5
9.920000E-3	0.000000E+0	1.204460E+5
9.940000E-3	0.000000E+0	1.194700E+5
9.960000E-3	0.000000E+0	1.191670E+5
9.980000E-3	0.000000E+0	1.197850E+5
1.000000E-2	0.000000E+0	1.199590E+5
1.002000E-2	0.000000E+0	1.195820E+5
1.004000E-2	0.000000E+0	1.197800E+5
1.006000E-2	0.000000E+0	1.196370E+5
1.008000E-2	0.000000E+0	1.202180E+5
1.010000E-2	0.000000E+0	1.203310E+5
1.012000E-2	0.000000E+0	1.199080E+5
1.014000E-2	0.000000E+0	1.206460E+5
1.016000E-2	0.000000E+0	1.204180E+5
1.018000E-2	0.000000E+0	1.201410E+5
1.020000E-2	0.000000E+0	1.206340E+5
1.022000E-2	0.000000E+0	1.205400E+5
1.024000E-2	0.000000E+0	1.199500E+5
1.026000E-2	0.000000E+0	1.198530E+5
1.028000E-2	0.000000E+0	1.199850E+5
1.030000E-2	0.000000E+0	1.197990E+5
1.032000E-2	0.000000E+0	1.201820E+5
1.034000E-2	0.000000E+0	1.202580E+5
1.036000E-2	0.000000E+0	1.199080E+5
1.038000E-2	0.000000E+0	1.200720E+5
1.040000E-2	0.000000E+0	1.203920E+5
1.042000E-2	0.000000E+0	1.198180E+5
1.044000E-2	0.000000E+0	1.203950E+5
1.046000E-2	0.000000E+0	1.197870E+5
1.048000E-2	0.000000E+0	1.203440E+5
1.050000E-2	0.000000E+0	1.197710E+5
1.052000E-2	0.000000E+0	1.200370E+5
1.054000E-2	0.000000E+0	1.198540E+5
1.056000E-2	0.000000E+0	1.200960E+5
1.058000E-2	0.000000E+0	1.199750E+5
1.060000E-2	0.000000E+0	1.190260E+5
1.062000E-2	0.000000E+0	1.195710E+5
1.064000E-2	0.000000E+0	1.198260E+5
1.066000E-2	0.000000E+0	1.202450E+5
1.068000E-2	0.000000E+0	1.194720E+5
1.070000E-2	0.000000E+0	1.195400E+5
1.072000E-2	0.000000E+0	1.194610E+5
1.074000E-2	0.000000E+0	1.200330E+5
1.076000E-2	0.000000E+0	1.199180E+5
1.078000E-2	0.000000E+0	1.197610E+5
1.080000E-2	0.000000E+0	1.199290E+5
1.082000E-2	0.000000E+0	1.194270E+5
1.084000E-2	0.000000E+0	1.195900E+5
1.086000E-2	0.000000E+0	1.195530E+5
1.088000E-2	0.000000E+0	1.201020E+5
1.090000E-2	0.000000E+0	1.200610E+5
1.092000E-2	0.000000E+0	1.196990E+5
1.094000E-2	0.000000E+0	1.199380E+5
1.096000E-2	0.000000E+0	1.201470E+5
1.098000E-2	0.000000E+0	1.198590E+5
1.100000E-2	0.000000E+0	1.199240E+5
1.102000E-2	0.000000E+0	1.192420E+5
1.104000E-2	0.000000E+0	1.201780E+5
1.106000E-2	0.000000E+0	1.192800E+5
1.108000E-2	0.000000E+0	1.205140E+5
1.110000E-2	0.000000E+0	1.204170E+5
1.112000E-2	0.000000E+0	1.195740E+5
1.114000E-2	0.000000E+0	1.198560E+5
1.116000E-2	0.000000E+0	1.196960E+5
1.118000E-2	0.000000E+0	1.198040E+5
1.120000E-2	0.000000E+0	1.195440E+5
1.122000E-2	0.000000E+0	1.194970E+5
1.124000E-2	0.000000E+0	1.204090E+5
1.126000E-2	0.000000E+0	1.201580E+5
1.128000E-2	0.000000E+0	1.205910E+5
1.130000E-2	0.000000E+0	1.192350E+5
1.132000E-2	0.000000E+0	1.205610E+5
1.134000E-2	0.000000E+0	1.201140E+5
1.136000E-2	0.000000E+0	1.199090E+5
1.138000E-2	0.000000E+0	1.199310E+5
1.140000E-2	0.000000E+0	1.199460E+5
1.142000E-2	0.000000E+0	1.196190E+5
1.144000E-2	0.000000E+0	1.199160E+5
1.146000E-2	0.000000E+0	1.201690E+5
1.148000E-2	0.000000E+0	1.199470E+5
1.150000E-2	0.000000E+0	1.199210E+5
1.152000E-2	0.000000E+0	1.199590E+5
1.154000E-2	0.000000E+0	1.196680E+5
1.156000E-2	0.000000E+0	1.199690E+5
1.158000E-2	0.000000E+0	1.199050E+5
1.160000E-2	0.000000E+0	1.201450E+5
1.162000E-2	0.000000E+0	1.200180E+5
1.164000E-2	0.000000E+0	1.198380E+5
1.166000E-2	0.000000E+0	1.190780E+5
1.168000E-2	0.000000E+0	1.202770E+5
1.170000E-2	0.000000E+0	1.204530E+5
1.172000E-2	0.000000E+0	1.194850E+5
1.174000E-2	0.000000E+0	1.196110E+5
1.176000E-2	0.000000E+0	1.198710E+5
1.178000E-2	0.000000E+0	1.200140E+5
1.180000E-2	0.000000E+0	1.197320E+5
1.182000E-2	0.000000E+0	1.204670E+5
1.184000E-2	0.000000E+0	1.198120E+5
1.186000E-2	0.000000E+0	1.194560E+5
1.188000E-2	0.000000E+0	1.193490E+5
1.190000E-2	0.000000E+0	1.198270E+5
1.192000E-2	0.000000E+0	1.197300E+5
1.194000E-2	0.000000E+0	1.201730E+5
1.196000E-2	0.000000E+0	1.193180E+5
1.198000E-2	0.000000E+0	1.194880E+5
1.200000E-2	0.000000E+0	1.195650E+5
1.202000E-2	0.000000E+0	1.198600E+5
1.204000E-2	0.000000E+0	1.197750E+5
1.206000E-2	0.000000E+0	1.203390E+5
1.208000E-2	0.000000E+0	1.200970E+5
1.210000E-2	0.000000E+0	1.200950E+5
1.212000E-2	0.000000E+0	1.193470E+5
1.214000E-2	0.000000E+0	1.194930E+5
1.216000E-2	0.000000E+0	1.199460E+5
1.218000E-2	0.000000E+0	1.197580E+5
1.220000E-2	0.000000E+0	1.199520E+5
1.222000E-2	0.000000E+0	1.200930E+5
1.224000E-2	0.000000E+0	1.200070E+5
1.226000E-2	0.000000E+0	1.192780E+5
1.228000E-2	0.000000E+0	1.198890E+5
1.230000E-2	0.000000E+0	1.194710E+5
1.232000E-2	0.000000E+0	1.199360E+5
1.234000E-2	0.000000E+0	1.200820E+5
1.236000E-2	0.000000E+0	1.199070E+5
1.238000E-2	0.000000E+0	1.196700E+5
1.240000E-2	0.000000E+0	1.194620E+5
1.242000E-2	0.000000E+0	1.203650E+5
1.244000E-2	0.000000E+0	1.200020E+5
1.246000E-2	0.000000E+0	1.190930E+5
1.248000E-2	0.000000E+0	1.198920E+5
1.250000E-2	0.000000E+0	1.199940E+5
1.252000E-2	0.000000E+0	1.200710E+5
1.254000E-2	0.000000E+0	1.192440E+5
1.256000E-2	0.000000E+0	1.201250E+5
1.258000E-2	0.000000E+0	1.204160E+5
1.260000E-2	0.000000E+0	1.201820E+5
1.262000E-2	0.000000E+0	1.192870E+5
1.264000E-2	0.000000E+0	1.199350E+5
1.266000E-2	0.000000E+0	1.198860E+5
1.268000E-2	0.000000E+0	1.199170E+5
1.270000E-2	0.000000E+0	1.198590E+5
1.272000E-2	0.000000E+0	1.196780E+5
1.274000E-2	0.000000E+0	1.197710E+5
1.276000E-2	0.000000E+0	1.202300E+5
1.278000E-2	0.000000E+0	1.199790E+5
1.280000E-2	0.000000E+0	1.198060E+5
1.282000E-2	0.000000E+0	1.192240E+5
1.284000E-2	0.000000E+0	1.199160E+5
1.286000E-2	0.000000E+0	1.203540E+5
1.288000E-2	0.000000E+0	1.200430E+5
1.290000E-2	0.000000E+0	1.194570E+5
1.292000E-2	0.000000E+0	1.199260E+5
1.294000E-2	0.000000E+0	1.197220E+5
1.296000E-2	0.000000E+0	1.197540E+5
1.298000E-2	0.000000E+0	1.199800E+5
1.300000E-2	0.000000E+0	1.194380E+5
1.302000E-2	0.000000E+0	1.202420E+5
1.304000E-2	0.000000E+0	1.198940E+5
1.306000E-2	0.000000E+0	1.194930E+5
1.308000E-2	0.000000E+0	1.203780E+5
1.310000E-2	0.000000E+0	1.202650E+5
1.312000E-2	0.000000E+0	1.197340E+5
1.314000E-2	0.000000E+0	1.195410E+5
1.316000E-2	0.000000E+0	1.199530E+5
1.318000E-2	0.000000E+0	1.196710E+5
1.320000E-2	0.000000E+0	1.200380E+5
1.322000E-2	0.000000E+0	1.196610E+5
1.324000E-2	0.000000E+0	1.194430E+5
1.326000E-2	0.000000E+0	1.201170E+5
1.328000E-2	0.000000E+0	1.204270E+5
1.330000E-2	0.000000E+0	1.201730E+5
1.332000E-2	0.000000E+0	1.204250E+5
1.334000E-2	0.000000E+0	1.196590E+5
1.336000E-2	0.000000E+0	1.197400E+5
1.338000E-2	0.000000E+0	1.194150E+5
1.340000E-2	0.000000E+0	1.200310E+5
1.342000E-2	0.000000E+0	1.202590E+5
1.344000E-2	0.000000E+0	1.199180E+5
1.346000E-2	0.000000E+0	1.198500E+5
1.348000E-2	0.000000E+0	1.198480E+5
1.350000E-2	0.000000E+0	1.198140E+5
1.352000E-2	0.000000E+0	1.199360E+5
1.354000E-2	0.000000E+0	1.199760E+5
1.356000E-2	0.000000E+0	1.196810E+5
1.358000E-2	0.000000E+0	1.186500E+5
1.360000E-2	0.000000E+0	1.196390E+5
1.362000E-2	0.000000E+0	1.193270E+5
1.364000E-2	0.000000E+0	1.194020E+5
1.366000E-2	0.000000E+0	1.193600E+5
1.368000E-2	0.000000E+0	1.201680E+5
1.370000E-2	0.000000E+0	1.199970E+5
1.372000E-2	0.000000E+0	1.199260E+5
1.374000E-2	0.000000E+0	1.195740E+5
1.376000E-2	0.000000E+0	1.199490E+5
1.378000E-2	0.000000E+0	1.206920E+5
1.380000E-2	0.000000E+0	1.192010E+5
1.382000E-2	0.000000E+0	1.191790E+5
1.384000E-2	0.000000E+0	1.194540E+5
1.386000E-2	0.000000E+0	1.202300E+5
1.388000E-2	0.000000E+0	1.197700E+5
1.390000E-2	0.000000E+0	1.198330E+5
1.392000E-2	0.000000E+0	1.195250E+5
1.394000E-2	0.000000E+0	1.205490E+5
1.396000E-2	0.000000E+0	1.192230E+5
1.398000E-2	0.000000E+0	1.205040E+5
1.400000E-2	0.000000E+0	1.199270E+5
1.402000E-2	0.000000E+0	1.197840E+5
1.404000E-2	0.000000E+0	1.202290E+5
1.406000E-2	0.000000E+0	1.195440E+5
1.408000E-2	0.000000E+0	1.202300E+5
1.410000E-2	0.000000E+0	1.197770E+5
1.412000E-2	0.000000E+0	1.194270E+5
1.414000E-2	0.000000E+0	1.194530E+5
1.416000E-2	0.000000E+0	1.202670E+5
1.418000E-2	0.000000E+0	1.198650E+5
1.420000E-2	0.000000E+0	1.202380E+5
1.422000E-2	0.000000E+0	1.195880E+5
1.424000E-2	0.000000E+0	1.195800E+5
1.426000E-2	0.000000E+0	1.200910E+5
1.428000E-2	0.000000E+0	1.200940E+5
1.430000E-2	0.000000E+0	1.197690E+5
1.432000E-2	0.000000E+0	1.202460E+5
1.434000E-2	0.000000E+0	1.197270E+5
1.436000E-2	0.000000E+0	1.198150E+5
1.438000E-2	0.000000E+0	1.198010E+5
1.440000E-2	0.000000E+0	1.196100E+5
1.442000E-2	0.000000E+0	1.201650E+5
1.444000E-2	0.000000E+0	1.201510E+5
1.446000E-2	0.000000E+0	1.199150E+5
1.448000E-2	0.000000E+0	1.195550E+5
1.450000E-2	0.000000E+0	1.196730E+5
1.452000E-2	0.000000E+0	1.200260E+5
1.454000E-2	0.000000E+0	1.198290E+5
1.456000E-2	0.000000E+0	1.197740E+5
1.458000E-2	0.000000E+0	1.194290E+5
1.460000E-2	0.000000E+0	1.194610E+5
1.462000E-2	0.000000E+0	1.204550E+5
1.464000E-2	0.000000E+0	1.199590E+5
1.466000E-2	0.000000E+0	1.197050E+5
1.468000E-2	0.000000E+0	1.200890E+5
1.470000E-2	0.000000E+0	1.192900E+5
1.472000E-2	0.000000E+0	1.196580E+5
1.474000E-2	0.000000E+0	1.200020E+5
1.476000E-2	0.000000E+0	1.196520E+5
1.478000E-2	0.000000E+0	1.204010E+5
1.480000E-2	0.000000E+0	1.198910E+5
1.482000E-2	0.000000E+0	1.198790E+5
1.484000E-2	0.000000E+0	1.196930E+5
1.486000E-2	0.000000E+0	1.199250E+5
1.488000E-2	0.000000E+0	1.194210E+5
1.490000E-2	0.000000E+0	1.198520E+5
1.492000E-2	0.000000E+0	1.198210E+5
1.494000E-2	0.000000E+0	1.200570E+5
1.496000E-2	0.000000E+0	1.201670E+5
1.498000E-2	0.000000E+0	1.200470E+5
1.500000E-2	0.000000E+0	1.198970E+5
1.502000E-2	0.000000E+0	1.199310E+5
1.504000E-2	0.000000E+0	1.207290E+5
1.506000E-2	0.000000E+0	1.195900E+5
1.508000E-2	0.000000E+0	1.200260E+5
1.510000E-2	0.000000E+0	1.200110E+5
1.512000E-2	0.000000E+0	1.199010E+5
1.514000E-2	0.000000E+0	1.192280E+5
1.516000E-2	0.000000E+0	1.198760E+5
1.518000E-2	0.000000E+0	1.201300E+5
1.520000E-2	0.000000E+0	1.194340E+5
1.522000E-2	0.000000E+0	1.198220E+5
1.524000E-2	0.000000E+0	1.202420E+5
1.526000E-2	0.000000E+0	1.191610E+5
1.528000E-2	0.000000E+0	1.203460E+5
1.530000E-2	0.000000E+0	1.202500E+5
1.532000E-2	0.000000E+0	1.198810E+5
1.534000E-2	0.000000E+0	1.197670E+5
1.536000E-2	0.000000E+0	1.197470E+5
1.538000E-2	0.000000E+0	1.199130E+5
1.540000E-2	0.000000E+0	1.197170E+5
1.542000E-2	0.000000E+0	1.196010E+5
1.544000E-2	0.000000E+0	1.199700E+5
1.546000E-2	0.000000E+0	1.191840E+5
1.548000E-2	0.000000E+0	1.196270E+5
1.550000E-2	0.000000E+0	1.200900E+5
1.552000E-2	0.000000E+0	1.196120E+5
1.554000E-2	0.000000E+0	1.195540E+5
1.556000E-2	0.000000E+0	1.203150E+5
1.558000E-2	0.000000E+0	1.200250E+5
1.560000E-2	0.000000E+0	1.199150E+5
1.562000E-2	0.000000E+0	1.195000E+5
1.564000E-2	0.000000E+0	1.194320E+5
1.566000E-2	0.000000E+0	1.197230E+5
1.568000E-2	0.000000E+0	1.195520E+5
1.570000E-2	0.000000E+0	1.199070E+5
1.572000E-2	0.000000E+0	1.198600E+5
1.574000E-2	0.000000E+0	1.198890E+5
1.576000E-2	0.000000E+0	1.194280E+5
1.578000E-2	0.000000E+0	1.195790E+5
1.580000E-2	0.000000E+0	1.203880E+5
1.582000E-2	0.000000E+0	1.198650E+5
1.584000E-2	0.000000E+0	1.195140E+5
1.586000E-2	0.000000E+0	1.195860E+5
1.588000E-2	0.000000E+0	1.196750E+5
1.590000E-2	0.000000E+0	1.199530E+5
1.592000E-2	0.000000E+0	1.194390E+5
1.594000E-2	0.000000E+0	1.196820E+5
1.596000E-2	0.000000E+0	1.196700E+5
1.598000E-2	0.000000E+0	1.197110E+5
1.600000E-2	0.000000E+0	1.195470E+5
1.602000E-2	0.000000E+0	1.197270E+5
1.604000E-2	0.000000E+0	1.198960E+5
1.606000E-2	0.000000E+0	1.199570E+5
1.608000E-2	0.000000E+0	1.196730E+5
1.610000E-2	0.000000E+0	1.197720E+5
1.612000E-2	0.000000E+0	1.190570E+5
1.614000E-2	0.000000E+0	1.199820E+5
1.616000E-2	0.000000E+0	1.202030E+5
1.618000E-2	0.000000E+0	1.188390E+5
1.620000E-2	0.000000E+0	1.193370E+5
1.622000E-2	0.000000E+0	1.192000E+5
1.624000E-2	0.000000E+0	1.198360E+5
1.626000E-2	0.000000E+0	1.192110E+5
1.628000E-2	0.000000E+0	1.195860E+5
1.630000E-2	0.000000E+0	1.195370E+5
1.632000E-2	0.000000E+0	1.195670E+5
1.634000E-2	0.000000E+0	1.197720E+5
1.636000E-2	0.000000E+0	1.193430E+5
1.638000E-2	0.000000E+0	1.196450E+5
1.640000E-2	0.000000E+0	1.192360E+5
1.642000E-2	0.000000E+0	1.195010E+5
1.644000E-2	0.000000E+0	1.197490E+5
1.646000E-2	0.000000E+0	1.188870E+5
1.648000E-2	0.000000E+0	1.201700E+5
1.650000E-2	0.000000E+0	1.199310E+5
1.652000E-2	0.000000E+0	1.196530E+5
1.654000E-2	0.000000E+0	1.189460E+5
1.656000E-2	0.000000E+0	1.192220E+5
1.658000E-2	0.000000E+0	1.198970E+5
1.660000E-2	0.000000E+0	1.189700E+5
1.662000E-2	0.000000E+0	1.191450E+5
1.664000E-2	0.000000E+0	1.199770E+5
1.666000E-2	0.000000E+0	1.198420E+5
1.668000E-2	0.000000E+0	1.193160E+5
1.670000E-2	0.000000E+0	1.193760E+5
1.672000E-2	0.000000E+0	1.195420E+5
1.674000E-2	0.000000E+0	1.188080E+5
1.676000E-2	0.000000E+0	1.192280E+5
1.678000E-2	0.000000E+0	1.194890E+5
1.680000E-2	0.000000E+0	1.194970E+5
1.682000E-2	0.000000E+0	1.193060E+5
1.684000E-2	0.000000E+0	1.187520E+5
1.686000E-2	0.000000E+0	1.187200E+5
1.688000E-2	0.000000E+0	1.188060E+5
1.690000E-2	0.000000E+0	1.182930E+5
1.692000E-2	0.000000E+0	1.185550E+5
1.694000E-2	0.000000E+0	1.184930E+5
1.696000E-2	0.000000E+0	1.179290E+5
1.698000E-2	0.000000E+0	1.178000E+5
1.700000E-2	0.000000E+0	1.174900E+5
1.702000E-2	0.000000E+0	1.169460E+5
1.704000E-2	0.000000E+0	1.158780E+5
1.706000E-2	0.000000E+0	1.151240E+5
1.708000E-2	0.000000E+0	1.146110E+5
1.710000E-2	0.000000E+0	1.118980E+5
1.712000E-2	0.000000E+0	1.098100E+5
1.714000E-2	0.000000E+0	1.047070E+5
1.716000E-2	0.000000E+0	9.770400E+4
1.718000E-2	0.000000E+0	8.955300E+4
1.720000E-2	0.000000E+0	8.047700E+4
1.722000E-2	0.000000E+0	7.389300E+4
1.724000E-2	0.000000E+0	7.099900E+4
1.726000E-2	0.000000E+0	7.299400E+4
1.728000E-2	0.000000E+0	7.881500E+4
1.730000E-2	0.000000E+0	8.736000E+4
1.732000E-2	0.000000E+0	9.535900E+4
1.734000E-2	0.000000E+0	1.027520E+5
1.736000E-2	0.000000E+0	1.078260E+5
1.738000E-2	0.000000E+0	1.110950E+5
1.740000E-2	0.000000E+0	1.138420E+5
1.742000E-2	0.000000E+0	1.152720E+5
1.744000E-2	0.000000E+0	1.162270E+5
1.746000E-2	0.000000E+0	1.169920E+5
1.748000E-2	0.000000E+0	1.172830E+5
1.750000E-2	0.000000E+0	1.174990E+5
1.752000E-2	0.000000E+0	1.176070E+5
1.754000E-2	0.000000E+0	1.191930E+5
1.756000E-2	0.000000E+0	1.178840E+5
1.758000E-2	0.000000E+0	1.183710E+5
1.760000E-2	0.000000E+0	1.189260E+5
1.762000E-2	0.000000E+0	1.185760E+5
1.764000E-2	0.000000E+0	1.189990E+5
1.766000E-2	0.000000E+0	1.190080E+5
1.768000E-2	0.000000E+0	1.193400E+5
1.770000E-2	0.000000E+0	1.194070E+5
1.772000E-2	0.000000E+0	1.194870E+5
1.774000E-2	0.000000E+0	1.187640E+5
1.776000E-2	0.000000E+0	1.191780E+5
1.778000E-2	0.000000E+0	1.192010E+5
1.780000E-2	0.000000E+0	1.194240E+5
1.782000E-2	0.000000E+0	1.195470E+5
1.784000E-2	0.000000E+0	1.197660E+5
1.786000E-2	0.000000E+0	1.200890E+5
1.788000E-2	0.000000E+0	1.195630E+5
1.790000E-2	0.000000E+0	1.190560E+5
1.792000E-2	0.000000E+0	1.196750E+5
1.794000E-2	0.000000E+0	1.196880E+5
1.796000E-2	0.000000E+0	1.199010E+5
1.798000E-2	0.000000E+0	1.194610E+5
1.800000E-2	0.000000E+0	1.194330E+5
1.802000E-2	0.000000E+0	1.192850E+5
1.804000E-2	0.000000E+0	1.197930E+5
1.806000E-2	0.000000E+0	1.195980E+5
1.808000E-2	0.000000E+0	1.193250E+5
1.810000E-2	0.000000E+0	1.199020E+5
1.812000E-2	0.000000E+0	1.197160E+5
1.814000E-2	0.000000E+0	1.193620E+5
1.816000E-2	0.000000E+0	1.197390E+5
1.818000E-2	0.000000E+0	1.193480E+5
1.820000E-2	0.000000E+0	1.199420E+5
1.822000E-2	0.000000E+0	1.189950E+5
1.824000E-2	0.000000E+0	1.193090E+5
1.826000E-2	0.000000E+0	1.194570E+5
1.828000E-2	0.000000E+0	1.199210E+5
1.830000E-2	0.000000E+0	1.195100E+5
1.832000E-2	0.000000E+0	1.198710E+5
1.834000E-2	0.000000E+0	1.198480E+5
1.836000E-2	0.000000E+0	1.190000E+5
1.838000E-2	0.000000E+0	1.201200E+5
1.840000E-2	0.000000E+0	1.204220E+5
1.842000E-2	0.000000E+0	1.199240E+5
1.844000E-2	0.000000E+0	1.200950E+5
1.846000E-2	0.000000E+0	1.200050E+5
1.848000E-2	0.000000E+0	1.190110E+5
1.850000E-2	0.000000E+0	1.196820E+5
1.852000E-2	0.000000E+0	1.193110E+5
1.854000E-2	0.000000E+0	1.194370E+5
1.856000E-2	0.000000E+0	1.198510E+5
1.858000E-2	0.000000E+0	1.191610E+5
1.860000E-2	0.000000E+0	1.196330E+5
1.862000E-2	0.000000E+0	1.198040E+5
1.864000E-2	0.000000E+0	1.206190E+5
1.866000E-2	0.000000E+0	1.188720E+5
1.868000E-2	0.000000E+0	1.200770E+5
1.870000E-2	0.000000E+0	1.196020E+5
1.872000E-2	0.000000E+0	1.197490E+5
1.874000E-2	0.000000E+0	1.196570E+5
1.876000E-2	0.000000E+0	1.191920E+5
1.878000E-2	0.000000E+0	1.192290E+5
1.880000E-2	0.000000E+0	1.195370E+5
1.882000E-2	0.000000E+0	1.198750E+5
1.884000E-2	0.000000E+0	1.195280E+5
1.886000E-2	0.000000E+0	1.200470E+5
1.888000E-2	0.000000E+0	1.195300E+5
1.890000E-2	0.000000E+0	1.195330E+5
1.892000E-2	0.000000E+0	1.194850E+5
1.894000E-2	0.000000E+0	1.197860E+5
1.896000E-2	0.000000E+0	1.197850E+5
1.898000E-2	0.000000E+0	1.207730E+5
1.900000E-2	0.000000E+0	1.196980E+5
1.902000E-2	0.000000E+0	1.195510E+5
1.904000E-2	0.000000E+0	1.198620E+5
1.906000E-2	0.000000E+0	1.196520E+5
1.908000E-2	0.000000E+0	1.202510E+5
1.910000E-2	0.000000E+0	1.191240E+5
1.912000E-2	0.000000E+0	1.195550E+5
1.914000E-2	0.000000E+0	1.202590E+5
1.916000E-2	0.000000E+0	1.194850E+5
1.918000E-2	0.000000E+0	1.197480E+5
1.920000E-2	0.000000E+0	1.192900E+5
1.922000E-2	0.000000E+0	1.195300E+5
1.924000E-2	0.000000E+0	1.206050E+5
1.926000E-2	0.000000E+0	1.200270E+5
1.928000E-2	0.000000E+0	1.197100E+5
1.930000E-2	0.000000E+0	1.195800E+5
1.932000E-2	0.000000E+0	1.201670E+5
1.934000E-2	0.000000E+0	1.198620E+5
1.936000E-2	0.000000E+0	1.195420E+5
1.938000E-2	0.000000E+0	1.199500E+5
1.940000E-2	0.000000E+0	1.194140E+5
1.942000E-2	0.000000E+0	1.197700E+5
1.944000E-2	0.000000E+0	1.197060E+5
1.946000E-2	0.000000E+0	1.197040E+5
1.948000E-2	0.000000E+0	1.198230E+5
1.950000E-2	0.000000E+0	1.200780E+5
1.952000E-2	0.000000E+0	1.197860E+5
1.954000E-2	0.000000E+0	1.200640E+5
1.956000E-2	0.000000E+0	1.197970E+5
1.958000E-2	0.000000E+0	1.196790E+5
1.960000E-2	0.000000E+0	1.191220E+5
1.962000E-2	0.000000E+0	1.196480E+5
1.964000E-2	0.000000E+0	1.199580E+5
1.966000E-2	0.000000E+0	1.199060E+5
1.968000E-2	0.000000E+0	1.195600E+5
1.970000E-2	0.000000E+0	1.200830E+5
1.972000E-2	0.000000E+0	1.193700E+5
1.974000E-2	0.000000E+0	1.195090E+5
1.976000E-2	0.000000E+0	1.193230E+5
1.978000E-2	0.000000E+0	1.197270E+5
1.980000E-2	0.000000E+0	1.198640E+5
1.982000E-2	0.000000E+0	1.198940E+5
1.984000E-2	0.000000E+0	1.194920E+5
1.986000E-2	0.000000E+0	1.201950E+5
1.988000E-2	0.000000E+0	1.202690E+5
1.990000E-2	0.000000E+0	1.203600E+5
1.992000E-2	0.000000E+0	1.201250E+5
1.994000E-2	0.000000E+0	1.203520E+5
1.996000E-2	0.000000E+0	1.197930E+5
1.998000E-2	0.000000E+0	1.196270E+5
