

live time:  232997.260000
real time:  270003.368000
sweeps:  11649863.000000
0.000000E+0	0.000000E+0	0.000000E+0
2.000000E-5	0.000000E+0	1.163140E+5
4.000000E-5	0.000000E+0	1.164100E+5
6.000000E-5	0.000000E+0	1.165640E+5
8.000000E-5	0.000000E+0	1.170060E+5
1.000000E-4	0.000000E+0	1.160700E+5
1.200000E-4	0.000000E+0	1.166050E+5
1.400000E-4	0.000000E+0	1.172870E+5
1.600000E-4	0.000000E+0	1.173170E+5
1.800000E-4	0.000000E+0	1.168800E+5
2.000000E-4	0.000000E+0	1.170670E+5
2.200000E-4	0.000000E+0	1.171600E+5
2.400000E-4	0.000000E+0	1.170010E+5
2.600000E-4	0.000000E+0	1.172740E+5
2.800000E-4	0.000000E+0	1.168290E+5
3.000000E-4	0.000000E+0	1.170200E+5
3.200000E-4	0.000000E+0	1.164700E+5
3.400000E-4	0.000000E+0	1.169310E+5
3.600000E-4	0.000000E+0	1.165760E+5
3.800000E-4	0.000000E+0	1.170820E+5
4.000000E-4	0.000000E+0	1.172630E+5
4.200000E-4	0.000000E+0	1.169470E+5
4.400000E-4	0.000000E+0	1.161460E+5
4.600000E-4	0.000000E+0	1.168950E+5
4.800000E-4	0.000000E+0	1.171120E+5
5.000000E-4	0.000000E+0	1.169440E+5
5.200000E-4	0.000000E+0	1.171170E+5
5.400000E-4	0.000000E+0	1.169930E+5
5.600000E-4	0.000000E+0	1.170380E+5
5.800000E-4	0.000000E+0	1.166490E+5
6.000000E-4	0.000000E+0	1.163590E+5
6.200000E-4	0.000000E+0	1.164740E+5
6.400000E-4	0.000000E+0	1.166610E+5
6.600000E-4	0.000000E+0	1.165480E+5
6.800000E-4	0.000000E+0	1.165260E+5
7.000000E-4	0.000000E+0	1.168200E+5
7.200000E-4	0.000000E+0	1.171150E+5
7.400000E-4	0.000000E+0	1.166280E+5
7.600000E-4	0.000000E+0	1.165100E+5
7.800000E-4	0.000000E+0	1.166350E+5
8.000000E-4	0.000000E+0	1.170300E+5
8.200000E-4	0.000000E+0	1.165830E+5
8.400000E-4	0.000000E+0	1.169640E+5
8.600000E-4	0.000000E+0	1.169580E+5
8.800000E-4	0.000000E+0	1.168410E+5
9.000000E-4	0.000000E+0	1.160100E+5
9.200000E-4	0.000000E+0	1.165550E+5
9.400000E-4	0.000000E+0	1.171290E+5
9.600000E-4	0.000000E+0	1.167330E+5
9.800000E-4	0.000000E+0	1.169090E+5
1.000000E-3	0.000000E+0	1.164280E+5
1.020000E-3	0.000000E+0	1.170010E+5
1.040000E-3	0.000000E+0	1.170760E+5
1.060000E-3	0.000000E+0	1.166530E+5
1.080000E-3	0.000000E+0	1.165660E+5
1.100000E-3	0.000000E+0	1.169490E+5
1.120000E-3	0.000000E+0	1.166370E+5
1.140000E-3	0.000000E+0	1.167230E+5
1.160000E-3	0.000000E+0	1.168140E+5
1.180000E-3	0.000000E+0	1.164670E+5
1.200000E-3	0.000000E+0	1.171020E+5
1.220000E-3	0.000000E+0	1.165990E+5
1.240000E-3	0.000000E+0	1.168740E+5
1.260000E-3	0.000000E+0	1.162420E+5
1.280000E-3	0.000000E+0	1.168310E+5
1.300000E-3	0.000000E+0	1.171230E+5
1.320000E-3	0.000000E+0	1.167340E+5
1.340000E-3	0.000000E+0	1.172440E+5
1.360000E-3	0.000000E+0	1.168710E+5
1.380000E-3	0.000000E+0	1.168240E+5
1.400000E-3	0.000000E+0	1.170410E+5
1.420000E-3	0.000000E+0	1.167970E+5
1.440000E-3	0.000000E+0	1.169620E+5
1.460000E-3	0.000000E+0	1.172930E+5
1.480000E-3	0.000000E+0	1.168290E+5
1.500000E-3	0.000000E+0	1.157590E+5
1.520000E-3	0.000000E+0	1.167030E+5
1.540000E-3	0.000000E+0	1.169630E+5
1.560000E-3	0.000000E+0	1.171230E+5
1.580000E-3	0.000000E+0	1.167270E+5
1.600000E-3	0.000000E+0	1.172130E+5
1.620000E-3	0.000000E+0	1.176950E+5
1.640000E-3	0.000000E+0	1.168400E+5
1.660000E-3	0.000000E+0	1.167650E+5
1.680000E-3	0.000000E+0	1.168250E+5
1.700000E-3	0.000000E+0	1.165090E+5
1.720000E-3	0.000000E+0	1.163880E+5
1.740000E-3	0.000000E+0	1.168500E+5
1.760000E-3	0.000000E+0	1.173780E+5
1.780000E-3	0.000000E+0	1.171390E+5
1.800000E-3	0.000000E+0	1.166780E+5
1.820000E-3	0.000000E+0	1.173650E+5
1.840000E-3	0.000000E+0	1.171820E+5
1.860000E-3	0.000000E+0	1.168510E+5
1.880000E-3	0.000000E+0	1.169920E+5
1.900000E-3	0.000000E+0	1.169690E+5
1.920000E-3	0.000000E+0	1.169030E+5
1.940000E-3	0.000000E+0	1.166410E+5
1.960000E-3	0.000000E+0	1.169780E+5
1.980000E-3	0.000000E+0	1.173090E+5
2.000000E-3	0.000000E+0	1.169050E+5
2.020000E-3	0.000000E+0	1.170010E+5
2.040000E-3	0.000000E+0	1.167690E+5
2.060000E-3	0.000000E+0	1.178090E+5
2.080000E-3	0.000000E+0	1.162220E+5
2.100000E-3	0.000000E+0	1.162520E+5
2.120000E-3	0.000000E+0	1.170550E+5
2.140000E-3	0.000000E+0	1.168920E+5
2.160000E-3	0.000000E+0	1.167160E+5
2.180000E-3	0.000000E+0	1.169610E+5
2.200000E-3	0.000000E+0	1.166010E+5
2.220000E-3	0.000000E+0	1.161940E+5
2.240000E-3	0.000000E+0	1.169400E+5
2.260000E-3	0.000000E+0	1.168550E+5
2.280000E-3	0.000000E+0	1.171630E+5
2.300000E-3	0.000000E+0	1.172940E+5
2.320000E-3	0.000000E+0	1.166080E+5
2.340000E-3	0.000000E+0	1.161660E+5
2.360000E-3	0.000000E+0	1.168140E+5
2.380000E-3	0.000000E+0	1.163160E+5
2.400000E-3	0.000000E+0	1.171760E+5
2.420000E-3	0.000000E+0	1.167310E+5
2.440000E-3	0.000000E+0	1.166550E+5
2.460000E-3	0.000000E+0	1.166770E+5
2.480000E-3	0.000000E+0	1.165240E+5
2.500000E-3	0.000000E+0	1.168740E+5
2.520000E-3	0.000000E+0	1.170420E+5
2.540000E-3	0.000000E+0	1.170810E+5
2.560000E-3	0.000000E+0	1.164580E+5
2.580000E-3	0.000000E+0	1.170610E+5
2.600000E-3	0.000000E+0	1.170930E+5
2.620000E-3	0.000000E+0	1.164340E+5
2.640000E-3	0.000000E+0	1.169410E+5
2.660000E-3	0.000000E+0	1.164790E+5
2.680000E-3	0.000000E+0	1.173520E+5
2.700000E-3	0.000000E+0	1.167550E+5
2.720000E-3	0.000000E+0	1.163800E+5
2.740000E-3	0.000000E+0	1.167080E+5
2.760000E-3	0.000000E+0	1.171570E+5
2.780000E-3	0.000000E+0	1.167910E+5
2.800000E-3	0.000000E+0	1.165040E+5
2.820000E-3	0.000000E+0	1.164020E+5
2.840000E-3	0.000000E+0	1.167520E+5
2.860000E-3	0.000000E+0	1.167620E+5
2.880000E-3	0.000000E+0	1.172530E+5
2.900000E-3	0.000000E+0	1.161460E+5
2.920000E-3	0.000000E+0	1.168530E+5
2.940000E-3	0.000000E+0	1.166670E+5
2.960000E-3	0.000000E+0	1.167820E+5
2.980000E-3	0.000000E+0	1.167060E+5
3.000000E-3	0.000000E+0	1.164510E+5
3.020000E-3	0.000000E+0	1.171310E+5
3.040000E-3	0.000000E+0	1.170460E+5
3.060000E-3	0.000000E+0	1.166870E+5
3.080000E-3	0.000000E+0	1.164950E+5
3.100000E-3	0.000000E+0	1.171990E+5
3.120000E-3	0.000000E+0	1.167000E+5
3.140000E-3	0.000000E+0	1.162620E+5
3.160000E-3	0.000000E+0	1.164060E+5
3.180000E-3	0.000000E+0	1.163620E+5
3.200000E-3	0.000000E+0	1.170760E+5
3.220000E-3	0.000000E+0	1.165970E+5
3.240000E-3	0.000000E+0	1.167780E+5
3.260000E-3	0.000000E+0	1.169720E+5
3.280000E-3	0.000000E+0	1.170530E+5
3.300000E-3	0.000000E+0	1.171120E+5
3.320000E-3	0.000000E+0	1.168280E+5
3.340000E-3	0.000000E+0	1.166730E+5
3.360000E-3	0.000000E+0	1.169490E+5
3.380000E-3	0.000000E+0	1.162620E+5
3.400000E-3	0.000000E+0	1.168890E+5
3.420000E-3	0.000000E+0	1.167630E+5
3.440000E-3	0.000000E+0	1.164320E+5
3.460000E-3	0.000000E+0	1.171560E+5
3.480000E-3	0.000000E+0	1.171980E+5
3.500000E-3	0.000000E+0	1.171060E+5
3.520000E-3	0.000000E+0	1.168450E+5
3.540000E-3	0.000000E+0	1.176910E+5
3.560000E-3	0.000000E+0	1.168220E+5
3.580000E-3	0.000000E+0	1.169130E+5
3.600000E-3	0.000000E+0	1.157780E+5
3.620000E-3	0.000000E+0	1.167300E+5
3.640000E-3	0.000000E+0	1.168430E+5
3.660000E-3	0.000000E+0	1.167990E+5
3.680000E-3	0.000000E+0	1.169800E+5
3.700000E-3	0.000000E+0	1.167960E+5
3.720000E-3	0.000000E+0	1.163280E+5
3.740000E-3	0.000000E+0	1.167800E+5
3.760000E-3	0.000000E+0	1.168970E+5
3.780000E-3	0.000000E+0	1.168830E+5
3.800000E-3	0.000000E+0	1.165090E+5
3.820000E-3	0.000000E+0	1.164090E+5
3.840000E-3	0.000000E+0	1.169980E+5
3.860000E-3	0.000000E+0	1.167670E+5
3.880000E-3	0.000000E+0	1.163760E+5
3.900000E-3	0.000000E+0	1.160980E+5
3.920000E-3	0.000000E+0	1.171090E+5
3.940000E-3	0.000000E+0	1.169100E+5
3.960000E-3	0.000000E+0	1.167750E+5
3.980000E-3	0.000000E+0	1.168790E+5
4.000000E-3	0.000000E+0	1.165530E+5
4.020000E-3	0.000000E+0	1.170800E+5
4.040000E-3	0.000000E+0	1.167870E+5
4.060000E-3	0.000000E+0	1.163100E+5
4.080000E-3	0.000000E+0	1.167050E+5
4.100000E-3	0.000000E+0	1.168200E+5
4.120000E-3	0.000000E+0	1.166540E+5
4.140000E-3	0.000000E+0	1.169910E+5
4.160000E-3	0.000000E+0	1.164540E+5
4.180000E-3	0.000000E+0	1.169110E+5
4.200000E-3	0.000000E+0	1.162720E+5
4.220000E-3	0.000000E+0	1.171230E+5
4.240000E-3	0.000000E+0	1.166300E+5
4.260000E-3	0.000000E+0	1.166410E+5
4.280000E-3	0.000000E+0	1.176450E+5
4.300000E-3	0.000000E+0	1.165670E+5
4.320000E-3	0.000000E+0	1.173010E+5
4.340000E-3	0.000000E+0	1.166990E+5
4.360000E-3	0.000000E+0	1.169630E+5
4.380000E-3	0.000000E+0	1.162370E+5
4.400000E-3	0.000000E+0	1.178410E+5
4.420000E-3	0.000000E+0	1.165000E+5
4.440000E-3	0.000000E+0	1.170360E+5
4.460000E-3	0.000000E+0	1.171630E+5
4.480000E-3	0.000000E+0	1.167230E+5
4.500000E-3	0.000000E+0	1.163930E+5
4.520000E-3	0.000000E+0	1.171230E+5
4.540000E-3	0.000000E+0	1.170680E+5
4.560000E-3	0.000000E+0	1.172480E+5
4.580000E-3	0.000000E+0	1.173440E+5
4.600000E-3	0.000000E+0	1.174170E+5
4.620000E-3	0.000000E+0	1.165790E+5
4.640000E-3	0.000000E+0	1.171350E+5
4.660000E-3	0.000000E+0	1.167470E+5
4.680000E-3	0.000000E+0	1.168290E+5
4.700000E-3	0.000000E+0	1.166980E+5
4.720000E-3	0.000000E+0	1.170860E+5
4.740000E-3	0.000000E+0	1.166320E+5
4.760000E-3	0.000000E+0	1.163630E+5
4.780000E-3	0.000000E+0	1.162180E+5
4.800000E-3	0.000000E+0	1.171900E+5
4.820000E-3	0.000000E+0	1.166700E+5
4.840000E-3	0.000000E+0	1.165910E+5
4.860000E-3	0.000000E+0	1.168650E+5
4.880000E-3	0.000000E+0	1.168570E+5
4.900000E-3	0.000000E+0	1.171190E+5
4.920000E-3	0.000000E+0	1.165430E+5
4.940000E-3	0.000000E+0	1.174340E+5
4.960000E-3	0.000000E+0	1.169710E+5
4.980000E-3	0.000000E+0	1.164880E+5
5.000000E-3	0.000000E+0	1.162210E+5
5.020000E-3	0.000000E+0	1.166940E+5
5.040000E-3	0.000000E+0	1.167210E+5
5.060000E-3	0.000000E+0	1.172600E+5
5.080000E-3	0.000000E+0	1.169650E+5
5.100000E-3	0.000000E+0	1.169500E+5
5.120000E-3	0.000000E+0	1.172160E+5
5.140000E-3	0.000000E+0	1.166450E+5
5.160000E-3	0.000000E+0	1.172850E+5
5.180000E-3	0.000000E+0	1.162020E+5
5.200000E-3	0.000000E+0	1.162510E+5
5.220000E-3	0.000000E+0	1.163780E+5
5.240000E-3	0.000000E+0	1.161790E+5
5.260000E-3	0.000000E+0	1.169230E+5
5.280000E-3	0.000000E+0	1.159920E+5
5.300000E-3	0.000000E+0	1.161230E+5
5.320000E-3	0.000000E+0	1.161780E+5
5.340000E-3	0.000000E+0	1.162420E+5
5.360000E-3	0.000000E+0	1.164480E+5
5.380000E-3	0.000000E+0	1.160910E+5
5.400000E-3	0.000000E+0	1.160210E+5
5.420000E-3	0.000000E+0	1.160990E+5
5.440000E-3	0.000000E+0	1.156060E+5
5.460000E-3	0.000000E+0	1.162310E+5
5.480000E-3	0.000000E+0	1.154940E+5
5.500000E-3	0.000000E+0	1.152820E+5
5.520000E-3	0.000000E+0	1.158470E+5
5.540000E-3	0.000000E+0	1.152300E+5
5.560000E-3	0.000000E+0	1.157650E+5
5.580000E-3	0.000000E+0	1.151710E+5
5.600000E-3	0.000000E+0	1.154250E+5
5.620000E-3	0.000000E+0	1.139650E+5
5.640000E-3	0.000000E+0	1.132670E+5
5.660000E-3	0.000000E+0	1.121990E+5
5.680000E-3	0.000000E+0	1.102920E+5
5.700000E-3	0.000000E+0	1.091340E+5
5.720000E-3	0.000000E+0	1.055840E+5
5.740000E-3	0.000000E+0	1.004160E+5
5.760000E-3	0.000000E+0	9.432200E+4
5.780000E-3	0.000000E+0	8.536400E+4
5.800000E-3	0.000000E+0	7.678200E+4
5.820000E-3	0.000000E+0	7.101800E+4
5.840000E-3	0.000000E+0	6.912200E+4
5.860000E-3	0.000000E+0	7.142400E+4
5.880000E-3	0.000000E+0	7.810500E+4
5.900000E-3	0.000000E+0	8.724800E+4
5.920000E-3	0.000000E+0	9.579000E+4
5.940000E-3	0.000000E+0	1.029840E+5
5.960000E-3	0.000000E+0	1.066860E+5
5.980000E-3	0.000000E+0	1.100180E+5
6.000000E-3	0.000000E+0	1.120860E+5
6.020000E-3	0.000000E+0	1.128350E+5
6.040000E-3	0.000000E+0	1.134690E+5
6.060000E-3	0.000000E+0	1.141700E+5
6.080000E-3	0.000000E+0	1.146260E+5
6.100000E-3	0.000000E+0	1.147840E+5
6.120000E-3	0.000000E+0	1.152170E+5
6.140000E-3	0.000000E+0	1.156470E+5
6.160000E-3	0.000000E+0	1.152310E+5
6.180000E-3	0.000000E+0	1.158540E+5
6.200000E-3	0.000000E+0	1.159800E+5
6.220000E-3	0.000000E+0	1.157170E+5
6.240000E-3	0.000000E+0	1.159610E+5
6.260000E-3	0.000000E+0	1.165600E+5
6.280000E-3	0.000000E+0	1.163220E+5
6.300000E-3	0.000000E+0	1.164480E+5
6.320000E-3	0.000000E+0	1.160010E+5
6.340000E-3	0.000000E+0	1.165770E+5
6.360000E-3	0.000000E+0	1.162440E+5
6.380000E-3	0.000000E+0	1.166560E+5
6.400000E-3	0.000000E+0	1.168560E+5
6.420000E-3	0.000000E+0	1.171720E+5
6.440000E-3	0.000000E+0	1.158330E+5
6.460000E-3	0.000000E+0	1.164530E+5
6.480000E-3	0.000000E+0	1.170090E+5
6.500000E-3	0.000000E+0	1.163340E+5
6.520000E-3	0.000000E+0	1.163660E+5
6.540000E-3	0.000000E+0	1.167310E+5
6.560000E-3	0.000000E+0	1.167760E+5
6.580000E-3	0.000000E+0	1.164700E+5
6.600000E-3	0.000000E+0	1.162570E+5
6.620000E-3	0.000000E+0	1.165130E+5
6.640000E-3	0.000000E+0	1.165450E+5
6.660000E-3	0.000000E+0	1.166950E+5
6.680000E-3	0.000000E+0	1.165440E+5
6.700000E-3	0.000000E+0	1.166230E+5
6.720000E-3	0.000000E+0	1.164850E+5
6.740000E-3	0.000000E+0	1.167100E+5
6.760000E-3	0.000000E+0	1.167940E+5
6.780000E-3	0.000000E+0	1.169400E+5
6.800000E-3	0.000000E+0	1.164700E+5
6.820000E-3	0.000000E+0	1.166570E+5
6.840000E-3	0.000000E+0	1.166370E+5
6.860000E-3	0.000000E+0	1.176170E+5
6.880000E-3	0.000000E+0	1.164840E+5
6.900000E-3	0.000000E+0	1.167010E+5
6.920000E-3	0.000000E+0	1.175270E+5
6.940000E-3	0.000000E+0	1.166220E+5
6.960000E-3	0.000000E+0	1.155730E+5
6.980000E-3	0.000000E+0	1.169580E+5
7.000000E-3	0.000000E+0	1.171340E+5
7.020000E-3	0.000000E+0	1.166880E+5
7.040000E-3	0.000000E+0	1.162410E+5
7.060000E-3	0.000000E+0	1.168250E+5
7.080000E-3	0.000000E+0	1.167940E+5
7.100000E-3	0.000000E+0	1.162800E+5
7.120000E-3	0.000000E+0	1.166610E+5
7.140000E-3	0.000000E+0	1.170200E+5
7.160000E-3	0.000000E+0	1.171220E+5
7.180000E-3	0.000000E+0	1.171570E+5
7.200000E-3	0.000000E+0	1.162780E+5
7.220000E-3	0.000000E+0	1.167510E+5
7.240000E-3	0.000000E+0	1.168440E+5
7.260000E-3	0.000000E+0	1.172910E+5
7.280000E-3	0.000000E+0	1.165440E+5
7.300000E-3	0.000000E+0	1.168740E+5
7.320000E-3	0.000000E+0	1.167850E+5
7.340000E-3	0.000000E+0	1.169670E+5
7.360000E-3	0.000000E+0	1.166210E+5
7.380000E-3	0.000000E+0	1.170580E+5
7.400000E-3	0.000000E+0	1.165670E+5
7.420000E-3	0.000000E+0	1.170740E+5
7.440000E-3	0.000000E+0	1.168280E+5
7.460000E-3	0.000000E+0	1.165490E+5
7.480000E-3	0.000000E+0	1.168180E+5
7.500000E-3	0.000000E+0	1.158320E+5
7.520000E-3	0.000000E+0	1.169720E+5
7.540000E-3	0.000000E+0	1.169650E+5
7.560000E-3	0.000000E+0	1.170280E+5
7.580000E-3	0.000000E+0	1.163750E+5
7.600000E-3	0.000000E+0	1.164220E+5
7.620000E-3	0.000000E+0	1.172280E+5
7.640000E-3	0.000000E+0	1.167920E+5
7.660000E-3	0.000000E+0	1.173370E+5
7.680000E-3	0.000000E+0	1.170580E+5
7.700000E-3	0.000000E+0	1.166220E+5
7.720000E-3	0.000000E+0	1.168160E+5
7.740000E-3	0.000000E+0	1.164420E+5
7.760000E-3	0.000000E+0	1.174820E+5
7.780000E-3	0.000000E+0	1.166200E+5
7.800000E-3	0.000000E+0	1.173030E+5
7.820000E-3	0.000000E+0	1.167860E+5
7.840000E-3	0.000000E+0	1.168830E+5
7.860000E-3	0.000000E+0	1.168000E+5
7.880000E-3	0.000000E+0	1.170530E+5
7.900000E-3	0.000000E+0	1.173620E+5
7.920000E-3	0.000000E+0	1.166660E+5
7.940000E-3	0.000000E+0	1.167090E+5
7.960000E-3	0.000000E+0	1.167670E+5
7.980000E-3	0.000000E+0	1.165570E+5
8.000000E-3	0.000000E+0	1.162060E+5
8.020000E-3	0.000000E+0	1.164250E+5
8.040000E-3	0.000000E+0	1.159920E+5
8.060000E-3	0.000000E+0	1.169320E+5
8.080000E-3	0.000000E+0	1.179810E+5
8.100000E-3	0.000000E+0	1.163460E+5
8.120000E-3	0.000000E+0	1.164190E+5
8.140000E-3	0.000000E+0	1.170010E+5
8.160000E-3	0.000000E+0	1.166660E+5
8.180000E-3	0.000000E+0	1.165420E+5
8.200000E-3	0.000000E+0	1.168290E+5
8.220000E-3	0.000000E+0	1.163250E+5
8.240000E-3	0.000000E+0	1.170200E+5
8.260000E-3	0.000000E+0	1.161650E+5
8.280000E-3	0.000000E+0	1.173280E+5
8.300000E-3	0.000000E+0	1.171180E+5
8.320000E-3	0.000000E+0	1.167030E+5
8.340000E-3	0.000000E+0	1.172100E+5
8.360000E-3	0.000000E+0	1.162380E+5
8.380000E-3	0.000000E+0	1.170680E+5
8.400000E-3	0.000000E+0	1.168980E+5
8.420000E-3	0.000000E+0	1.165650E+5
8.440000E-3	0.000000E+0	1.170460E+5
8.460000E-3	0.000000E+0	1.171060E+5
8.480000E-3	0.000000E+0	1.167810E+5
8.500000E-3	0.000000E+0	1.169820E+5
8.520000E-3	0.000000E+0	1.167230E+5
8.540000E-3	0.000000E+0	1.169520E+5
8.560000E-3	0.000000E+0	1.172690E+5
8.580000E-3	0.000000E+0	1.164800E+5
8.600000E-3	0.000000E+0	1.169630E+5
8.620000E-3	0.000000E+0	1.167040E+5
8.640000E-3	0.000000E+0	1.171010E+5
8.660000E-3	0.000000E+0	1.165870E+5
8.680000E-3	0.000000E+0	1.168750E+5
8.700000E-3	0.000000E+0	1.170170E+5
8.720000E-3	0.000000E+0	1.167110E+5
8.740000E-3	0.000000E+0	1.169110E+5
8.760000E-3	0.000000E+0	1.176880E+5
8.780000E-3	0.000000E+0	1.165800E+5
8.800000E-3	0.000000E+0	1.168880E+5
8.820000E-3	0.000000E+0	1.170000E+5
8.840000E-3	0.000000E+0	1.170350E+5
8.860000E-3	0.000000E+0	1.167630E+5
8.880000E-3	0.000000E+0	1.166620E+5
8.900000E-3	0.000000E+0	1.177390E+5
8.920000E-3	0.000000E+0	1.167900E+5
8.940000E-3	0.000000E+0	1.167780E+5
8.960000E-3	0.000000E+0	1.168370E+5
8.980000E-3	0.000000E+0	1.162580E+5
9.000000E-3	0.000000E+0	1.165590E+5
9.020000E-3	0.000000E+0	1.167530E+5
9.040000E-3	0.000000E+0	1.173140E+5
9.060000E-3	0.000000E+0	1.166470E+5
9.080000E-3	0.000000E+0	1.170760E+5
9.100000E-3	0.000000E+0	1.165820E+5
9.120000E-3	0.000000E+0	1.170540E+5
9.140000E-3	0.000000E+0	1.169920E+5
9.160000E-3	0.000000E+0	1.156670E+5
9.180000E-3	0.000000E+0	1.165450E+5
9.200000E-3	0.000000E+0	1.171700E+5
9.220000E-3	0.000000E+0	1.168350E+5
9.240000E-3	0.000000E+0	1.166760E+5
9.260000E-3	0.000000E+0	1.168410E+5
9.280000E-3	0.000000E+0	1.167010E+5
9.300000E-3	0.000000E+0	1.166880E+5
9.320000E-3	0.000000E+0	1.166300E+5
9.340000E-3	0.000000E+0	1.169570E+5
9.360000E-3	0.000000E+0	1.168390E+5
9.380000E-3	0.000000E+0	1.170960E+5
9.400000E-3	0.000000E+0	1.166630E+5
9.420000E-3	0.000000E+0	1.167080E+5
9.440000E-3	0.000000E+0	1.165230E+5
9.460000E-3	0.000000E+0	1.169210E+5
9.480000E-3	0.000000E+0	1.165720E+5
9.500000E-3	0.000000E+0	1.173360E+5
9.520000E-3	0.000000E+0	1.169620E+5
9.540000E-3	0.000000E+0	1.161280E+5
9.560000E-3	0.000000E+0	1.168250E+5
9.580000E-3	0.000000E+0	1.171530E+5
9.600000E-3	0.000000E+0	1.162960E+5
9.620000E-3	0.000000E+0	1.169390E+5
9.640000E-3	0.000000E+0	1.170590E+5
9.660000E-3	0.000000E+0	1.168220E+5
9.680000E-3	0.000000E+0	1.159530E+5
9.700000E-3	0.000000E+0	1.168570E+5
9.720000E-3	0.000000E+0	1.168330E+5
9.740000E-3	0.000000E+0	1.174550E+5
9.760000E-3	0.000000E+0	1.163940E+5
9.780000E-3	0.000000E+0	1.168030E+5
9.800000E-3	0.000000E+0	1.171290E+5
9.820000E-3	0.000000E+0	1.165550E+5
9.840000E-3	0.000000E+0	1.170830E+5
9.860000E-3	0.000000E+0	1.172960E+5
9.880000E-3	0.000000E+0	1.170390E+5
9.900000E-3	0.000000E+0	1.169550E+5
9.920000E-3	0.000000E+0	1.173960E+5
9.940000E-3	0.000000E+0	1.162460E+5
9.960000E-3	0.000000E+0	1.161230E+5
9.980000E-3	0.000000E+0	1.166810E+5
1.000000E-2	0.000000E+0	1.168560E+5
1.002000E-2	0.000000E+0	1.165040E+5
1.004000E-2	0.000000E+0	1.167510E+5
1.006000E-2	0.000000E+0	1.165260E+5
1.008000E-2	0.000000E+0	1.170940E+5
1.010000E-2	0.000000E+0	1.171880E+5
1.012000E-2	0.000000E+0	1.168610E+5
1.014000E-2	0.000000E+0	1.175770E+5
1.016000E-2	0.000000E+0	1.172230E+5
1.018000E-2	0.000000E+0	1.170530E+5
1.020000E-2	0.000000E+0	1.174970E+5
1.022000E-2	0.000000E+0	1.173350E+5
1.024000E-2	0.000000E+0	1.168740E+5
1.026000E-2	0.000000E+0	1.167280E+5
1.028000E-2	0.000000E+0	1.169230E+5
1.030000E-2	0.000000E+0	1.167120E+5
1.032000E-2	0.000000E+0	1.170090E+5
1.034000E-2	0.000000E+0	1.171970E+5
1.036000E-2	0.000000E+0	1.168010E+5
1.038000E-2	0.000000E+0	1.169820E+5
1.040000E-2	0.000000E+0	1.172350E+5
1.042000E-2	0.000000E+0	1.167840E+5
1.044000E-2	0.000000E+0	1.172740E+5
1.046000E-2	0.000000E+0	1.166960E+5
1.048000E-2	0.000000E+0	1.172170E+5
1.050000E-2	0.000000E+0	1.165710E+5
1.052000E-2	0.000000E+0	1.169990E+5
1.054000E-2	0.000000E+0	1.167370E+5
1.056000E-2	0.000000E+0	1.169650E+5
1.058000E-2	0.000000E+0	1.168700E+5
1.060000E-2	0.000000E+0	1.158930E+5
1.062000E-2	0.000000E+0	1.164760E+5
1.064000E-2	0.000000E+0	1.166160E+5
1.066000E-2	0.000000E+0	1.171310E+5
1.068000E-2	0.000000E+0	1.163740E+5
1.070000E-2	0.000000E+0	1.164180E+5
1.072000E-2	0.000000E+0	1.163030E+5
1.074000E-2	0.000000E+0	1.169520E+5
1.076000E-2	0.000000E+0	1.168150E+5
1.078000E-2	0.000000E+0	1.165760E+5
1.080000E-2	0.000000E+0	1.167350E+5
1.082000E-2	0.000000E+0	1.163350E+5
1.084000E-2	0.000000E+0	1.165620E+5
1.086000E-2	0.000000E+0	1.164070E+5
1.088000E-2	0.000000E+0	1.168580E+5
1.090000E-2	0.000000E+0	1.170040E+5
1.092000E-2	0.000000E+0	1.166070E+5
1.094000E-2	0.000000E+0	1.168630E+5
1.096000E-2	0.000000E+0	1.169790E+5
1.098000E-2	0.000000E+0	1.167760E+5
1.100000E-2	0.000000E+0	1.168520E+5
1.102000E-2	0.000000E+0	1.161180E+5
1.104000E-2	0.000000E+0	1.171230E+5
1.106000E-2	0.000000E+0	1.162290E+5
1.108000E-2	0.000000E+0	1.174370E+5
1.110000E-2	0.000000E+0	1.172760E+5
1.112000E-2	0.000000E+0	1.164680E+5
1.114000E-2	0.000000E+0	1.166880E+5
1.116000E-2	0.000000E+0	1.166210E+5
1.118000E-2	0.000000E+0	1.167480E+5
1.120000E-2	0.000000E+0	1.164790E+5
1.122000E-2	0.000000E+0	1.163510E+5
1.124000E-2	0.000000E+0	1.172430E+5
1.126000E-2	0.000000E+0	1.170800E+5
1.128000E-2	0.000000E+0	1.174970E+5
1.130000E-2	0.000000E+0	1.161450E+5
1.132000E-2	0.000000E+0	1.174350E+5
1.134000E-2	0.000000E+0	1.170660E+5
1.136000E-2	0.000000E+0	1.168030E+5
1.138000E-2	0.000000E+0	1.167870E+5
1.140000E-2	0.000000E+0	1.168110E+5
1.142000E-2	0.000000E+0	1.165550E+5
1.144000E-2	0.000000E+0	1.167190E+5
1.146000E-2	0.000000E+0	1.170520E+5
1.148000E-2	0.000000E+0	1.169140E+5
1.150000E-2	0.000000E+0	1.168070E+5
1.152000E-2	0.000000E+0	1.168260E+5
1.154000E-2	0.000000E+0	1.165130E+5
1.156000E-2	0.000000E+0	1.168560E+5
1.158000E-2	0.000000E+0	1.168040E+5
1.160000E-2	0.000000E+0	1.171020E+5
1.162000E-2	0.000000E+0	1.169180E+5
1.164000E-2	0.000000E+0	1.167910E+5
1.166000E-2	0.000000E+0	1.160100E+5
1.168000E-2	0.000000E+0	1.171330E+5
1.170000E-2	0.000000E+0	1.172870E+5
1.172000E-2	0.000000E+0	1.163670E+5
1.174000E-2	0.000000E+0	1.165550E+5
1.176000E-2	0.000000E+0	1.167890E+5
1.178000E-2	0.000000E+0	1.168890E+5
1.180000E-2	0.000000E+0	1.165400E+5
1.182000E-2	0.000000E+0	1.172720E+5
1.184000E-2	0.000000E+0	1.166780E+5
1.186000E-2	0.000000E+0	1.163360E+5
1.188000E-2	0.000000E+0	1.162970E+5
1.190000E-2	0.000000E+0	1.168120E+5
1.192000E-2	0.000000E+0	1.166450E+5
1.194000E-2	0.000000E+0	1.171450E+5
1.196000E-2	0.000000E+0	1.162940E+5
1.198000E-2	0.000000E+0	1.163850E+5
1.200000E-2	0.000000E+0	1.164830E+5
1.202000E-2	0.000000E+0	1.168370E+5
1.204000E-2	0.000000E+0	1.166730E+5
1.206000E-2	0.000000E+0	1.172500E+5
1.208000E-2	0.000000E+0	1.170360E+5
1.210000E-2	0.000000E+0	1.169720E+5
1.212000E-2	0.000000E+0	1.162730E+5
1.214000E-2	0.000000E+0	1.164610E+5
1.216000E-2	0.000000E+0	1.168360E+5
1.218000E-2	0.000000E+0	1.166280E+5
1.220000E-2	0.000000E+0	1.169020E+5
1.222000E-2	0.000000E+0	1.168920E+5
1.224000E-2	0.000000E+0	1.169100E+5
1.226000E-2	0.000000E+0	1.161880E+5
1.228000E-2	0.000000E+0	1.167210E+5
1.230000E-2	0.000000E+0	1.164020E+5
1.232000E-2	0.000000E+0	1.168230E+5
1.234000E-2	0.000000E+0	1.170190E+5
1.236000E-2	0.000000E+0	1.168520E+5
1.238000E-2	0.000000E+0	1.165680E+5
1.240000E-2	0.000000E+0	1.164030E+5
1.242000E-2	0.000000E+0	1.172710E+5
1.244000E-2	0.000000E+0	1.168400E+5
1.246000E-2	0.000000E+0	1.159580E+5
1.248000E-2	0.000000E+0	1.167700E+5
1.250000E-2	0.000000E+0	1.168560E+5
1.252000E-2	0.000000E+0	1.168840E+5
1.254000E-2	0.000000E+0	1.161480E+5
1.256000E-2	0.000000E+0	1.169660E+5
1.258000E-2	0.000000E+0	1.172780E+5
1.260000E-2	0.000000E+0	1.169410E+5
1.262000E-2	0.000000E+0	1.161640E+5
1.264000E-2	0.000000E+0	1.167660E+5
1.266000E-2	0.000000E+0	1.168710E+5
1.268000E-2	0.000000E+0	1.167820E+5
1.270000E-2	0.000000E+0	1.167640E+5
1.272000E-2	0.000000E+0	1.165780E+5
1.274000E-2	0.000000E+0	1.165760E+5
1.276000E-2	0.000000E+0	1.171340E+5
1.278000E-2	0.000000E+0	1.169200E+5
1.280000E-2	0.000000E+0	1.167030E+5
1.282000E-2	0.000000E+0	1.161520E+5
1.284000E-2	0.000000E+0	1.168320E+5
1.286000E-2	0.000000E+0	1.172440E+5
1.288000E-2	0.000000E+0	1.169380E+5
1.290000E-2	0.000000E+0	1.163270E+5
1.292000E-2	0.000000E+0	1.168520E+5
1.294000E-2	0.000000E+0	1.166460E+5
1.296000E-2	0.000000E+0	1.167080E+5
1.298000E-2	0.000000E+0	1.169230E+5
1.300000E-2	0.000000E+0	1.163130E+5
1.302000E-2	0.000000E+0	1.171990E+5
1.304000E-2	0.000000E+0	1.168620E+5
1.306000E-2	0.000000E+0	1.164370E+5
1.308000E-2	0.000000E+0	1.172450E+5
1.310000E-2	0.000000E+0	1.171430E+5
1.312000E-2	0.000000E+0	1.166560E+5
1.314000E-2	0.000000E+0	1.164480E+5
1.316000E-2	0.000000E+0	1.167860E+5
1.318000E-2	0.000000E+0	1.165660E+5
1.320000E-2	0.000000E+0	1.168660E+5
1.322000E-2	0.000000E+0	1.165410E+5
1.324000E-2	0.000000E+0	1.162940E+5
1.326000E-2	0.000000E+0	1.168750E+5
1.328000E-2	0.000000E+0	1.171890E+5
1.330000E-2	0.000000E+0	1.170020E+5
1.332000E-2	0.000000E+0	1.173160E+5
1.334000E-2	0.000000E+0	1.166010E+5
1.336000E-2	0.000000E+0	1.166040E+5
1.338000E-2	0.000000E+0	1.163200E+5
1.340000E-2	0.000000E+0	1.169040E+5
1.342000E-2	0.000000E+0	1.171830E+5
1.344000E-2	0.000000E+0	1.168800E+5
1.346000E-2	0.000000E+0	1.167450E+5
1.348000E-2	0.000000E+0	1.166430E+5
1.350000E-2	0.000000E+0	1.167400E+5
1.352000E-2	0.000000E+0	1.168060E+5
1.354000E-2	0.000000E+0	1.168050E+5
1.356000E-2	0.000000E+0	1.164660E+5
1.358000E-2	0.000000E+0	1.156140E+5
1.360000E-2	0.000000E+0	1.165950E+5
1.362000E-2	0.000000E+0	1.161900E+5
1.364000E-2	0.000000E+0	1.163540E+5
1.366000E-2	0.000000E+0	1.163620E+5
1.368000E-2	0.000000E+0	1.170600E+5
1.370000E-2	0.000000E+0	1.169230E+5
1.372000E-2	0.000000E+0	1.167630E+5
1.374000E-2	0.000000E+0	1.164670E+5
1.376000E-2	0.000000E+0	1.168700E+5
1.378000E-2	0.000000E+0	1.175320E+5
1.380000E-2	0.000000E+0	1.162650E+5
1.382000E-2	0.000000E+0	1.161220E+5
1.384000E-2	0.000000E+0	1.163360E+5
1.386000E-2	0.000000E+0	1.171060E+5
1.388000E-2	0.000000E+0	1.166780E+5
1.390000E-2	0.000000E+0	1.168020E+5
1.392000E-2	0.000000E+0	1.165190E+5
1.394000E-2	0.000000E+0	1.174390E+5
1.396000E-2	0.000000E+0	1.162580E+5
1.398000E-2	0.000000E+0	1.173290E+5
1.400000E-2	0.000000E+0	1.168570E+5
1.402000E-2	0.000000E+0	1.166850E+5
1.404000E-2	0.000000E+0	1.172290E+5
1.406000E-2	0.000000E+0	1.164850E+5
1.408000E-2	0.000000E+0	1.172050E+5
1.410000E-2	0.000000E+0	1.166780E+5
1.412000E-2	0.000000E+0	1.163490E+5
1.414000E-2	0.000000E+0	1.163370E+5
1.416000E-2	0.000000E+0	1.171430E+5
1.418000E-2	0.000000E+0	1.168330E+5
1.420000E-2	0.000000E+0	1.171150E+5
1.422000E-2	0.000000E+0	1.164200E+5
1.424000E-2	0.000000E+0	1.165810E+5
1.426000E-2	0.000000E+0	1.169090E+5
1.428000E-2	0.000000E+0	1.170120E+5
1.430000E-2	0.000000E+0	1.166620E+5
1.432000E-2	0.000000E+0	1.171750E+5
1.434000E-2	0.000000E+0	1.165990E+5
1.436000E-2	0.000000E+0	1.166640E+5
1.438000E-2	0.000000E+0	1.167080E+5
1.440000E-2	0.000000E+0	1.165290E+5
1.442000E-2	0.000000E+0	1.170280E+5
1.444000E-2	0.000000E+0	1.170850E+5
1.446000E-2	0.000000E+0	1.168100E+5
1.448000E-2	0.000000E+0	1.164800E+5
1.450000E-2	0.000000E+0	1.165720E+5
1.452000E-2	0.000000E+0	1.169180E+5
1.454000E-2	0.000000E+0	1.166880E+5
1.456000E-2	0.000000E+0	1.167170E+5
1.458000E-2	0.000000E+0	1.163330E+5
1.460000E-2	0.000000E+0	1.163390E+5
1.462000E-2	0.000000E+0	1.172750E+5
1.464000E-2	0.000000E+0	1.168590E+5
1.466000E-2	0.000000E+0	1.166170E+5
1.468000E-2	0.000000E+0	1.169760E+5
1.470000E-2	0.000000E+0	1.161550E+5
1.472000E-2	0.000000E+0	1.165020E+5
1.474000E-2	0.000000E+0	1.169440E+5
1.476000E-2	0.000000E+0	1.165380E+5
1.478000E-2	0.000000E+0	1.172600E+5
1.480000E-2	0.000000E+0	1.167740E+5
1.482000E-2	0.000000E+0	1.168060E+5
1.484000E-2	0.000000E+0	1.165920E+5
1.486000E-2	0.000000E+0	1.168900E+5
1.488000E-2	0.000000E+0	1.163750E+5
1.490000E-2	0.000000E+0	1.167400E+5
1.492000E-2	0.000000E+0	1.167580E+5
1.494000E-2	0.000000E+0	1.169990E+5
1.496000E-2	0.000000E+0	1.170860E+5
1.498000E-2	0.000000E+0	1.169220E+5
1.500000E-2	0.000000E+0	1.167840E+5
1.502000E-2	0.000000E+0	1.167980E+5
1.504000E-2	0.000000E+0	1.175560E+5
1.506000E-2	0.000000E+0	1.166020E+5
1.508000E-2	0.000000E+0	1.169760E+5
1.510000E-2	0.000000E+0	1.168830E+5
1.512000E-2	0.000000E+0	1.167580E+5
1.514000E-2	0.000000E+0	1.160650E+5
1.516000E-2	0.000000E+0	1.168430E+5
1.518000E-2	0.000000E+0	1.170880E+5
1.520000E-2	0.000000E+0	1.163730E+5
1.522000E-2	0.000000E+0	1.166470E+5
1.524000E-2	0.000000E+0	1.171240E+5
1.526000E-2	0.000000E+0	1.161080E+5
1.528000E-2	0.000000E+0	1.172190E+5
1.530000E-2	0.000000E+0	1.171430E+5
1.532000E-2	0.000000E+0	1.168040E+5
1.534000E-2	0.000000E+0	1.167470E+5
1.536000E-2	0.000000E+0	1.166800E+5
1.538000E-2	0.000000E+0	1.168180E+5
1.540000E-2	0.000000E+0	1.165840E+5
1.542000E-2	0.000000E+0	1.164820E+5
1.544000E-2	0.000000E+0	1.169010E+5
1.546000E-2	0.000000E+0	1.161690E+5
1.548000E-2	0.000000E+0	1.164780E+5
1.550000E-2	0.000000E+0	1.169400E+5
1.552000E-2	0.000000E+0	1.165090E+5
1.554000E-2	0.000000E+0	1.164890E+5
1.556000E-2	0.000000E+0	1.172950E+5
1.558000E-2	0.000000E+0	1.169840E+5
1.560000E-2	0.000000E+0	1.168290E+5
1.562000E-2	0.000000E+0	1.163560E+5
1.564000E-2	0.000000E+0	1.163870E+5
1.566000E-2	0.000000E+0	1.166240E+5
1.568000E-2	0.000000E+0	1.164070E+5
1.570000E-2	0.000000E+0	1.169150E+5
1.572000E-2	0.000000E+0	1.167930E+5
1.574000E-2	0.000000E+0	1.166980E+5
1.576000E-2	0.000000E+0	1.162460E+5
1.578000E-2	0.000000E+0	1.165270E+5
1.580000E-2	0.000000E+0	1.171940E+5
1.582000E-2	0.000000E+0	1.166670E+5
1.584000E-2	0.000000E+0	1.164790E+5
1.586000E-2	0.000000E+0	1.165360E+5
1.588000E-2	0.000000E+0	1.166250E+5
1.590000E-2	0.000000E+0	1.167570E+5
1.592000E-2	0.000000E+0	1.163560E+5
1.594000E-2	0.000000E+0	1.165920E+5
1.596000E-2	0.000000E+0	1.165610E+5
1.598000E-2	0.000000E+0	1.166190E+5
1.600000E-2	0.000000E+0	1.164450E+5
1.602000E-2	0.000000E+0	1.165640E+5
1.604000E-2	0.000000E+0	1.167580E+5
1.606000E-2	0.000000E+0	1.169370E+5
1.608000E-2	0.000000E+0	1.164300E+5
1.610000E-2	0.000000E+0	1.166540E+5
1.612000E-2	0.000000E+0	1.159220E+5
1.614000E-2	0.000000E+0	1.167970E+5
1.616000E-2	0.000000E+0	1.170960E+5
1.618000E-2	0.000000E+0	1.157560E+5
1.620000E-2	0.000000E+0	1.162730E+5
1.622000E-2	0.000000E+0	1.161010E+5
1.624000E-2	0.000000E+0	1.167500E+5
1.626000E-2	0.000000E+0	1.161160E+5
1.628000E-2	0.000000E+0	1.164910E+5
1.630000E-2	0.000000E+0	1.163650E+5
1.632000E-2	0.000000E+0	1.165100E+5
1.634000E-2	0.000000E+0	1.165930E+5
1.636000E-2	0.000000E+0	1.162490E+5
1.638000E-2	0.000000E+0	1.164930E+5
1.640000E-2	0.000000E+0	1.161430E+5
1.642000E-2	0.000000E+0	1.163870E+5
1.644000E-2	0.000000E+0	1.166570E+5
1.646000E-2	0.000000E+0	1.157560E+5
1.648000E-2	0.000000E+0	1.171110E+5
1.650000E-2	0.000000E+0	1.168560E+5
1.652000E-2	0.000000E+0	1.165730E+5
1.654000E-2	0.000000E+0	1.158550E+5
1.656000E-2	0.000000E+0	1.161660E+5
1.658000E-2	0.000000E+0	1.167620E+5
1.660000E-2	0.000000E+0	1.159330E+5
1.662000E-2	0.000000E+0	1.161040E+5
1.664000E-2	0.000000E+0	1.168470E+5
1.666000E-2	0.000000E+0	1.167490E+5
1.668000E-2	0.000000E+0	1.161730E+5
1.670000E-2	0.000000E+0	1.162620E+5
1.672000E-2	0.000000E+0	1.164710E+5
1.674000E-2	0.000000E+0	1.157790E+5
1.676000E-2	0.000000E+0	1.161710E+5
1.678000E-2	0.000000E+0	1.163390E+5
1.680000E-2	0.000000E+0	1.165070E+5
1.682000E-2	0.000000E+0	1.161540E+5
1.684000E-2	0.000000E+0	1.157380E+5
1.686000E-2	0.000000E+0	1.156860E+5
1.688000E-2	0.000000E+0	1.157800E+5
1.690000E-2	0.000000E+0	1.153100E+5
1.692000E-2	0.000000E+0	1.155160E+5
1.694000E-2	0.000000E+0	1.153760E+5
1.696000E-2	0.000000E+0	1.148410E+5
1.698000E-2	0.000000E+0	1.147700E+5
1.700000E-2	0.000000E+0	1.144700E+5
1.702000E-2	0.000000E+0	1.139590E+5
1.704000E-2	0.000000E+0	1.129460E+5
1.706000E-2	0.000000E+0	1.122110E+5
1.708000E-2	0.000000E+0	1.116030E+5
1.710000E-2	0.000000E+0	1.090120E+5
1.712000E-2	0.000000E+0	1.070950E+5
1.714000E-2	0.000000E+0	1.020900E+5
1.716000E-2	0.000000E+0	9.533500E+4
1.718000E-2	0.000000E+0	8.747900E+4
1.720000E-2	0.000000E+0	7.858900E+4
1.722000E-2	0.000000E+0	7.207400E+4
1.724000E-2	0.000000E+0	6.916800E+4
1.726000E-2	0.000000E+0	7.103800E+4
1.728000E-2	0.000000E+0	7.656900E+4
1.730000E-2	0.000000E+0	8.489900E+4
1.732000E-2	0.000000E+0	9.264100E+4
1.734000E-2	0.000000E+0	1.001560E+5
1.736000E-2	0.000000E+0	1.050580E+5
1.738000E-2	0.000000E+0	1.082410E+5
1.740000E-2	0.000000E+0	1.109380E+5
1.742000E-2	0.000000E+0	1.122620E+5
1.744000E-2	0.000000E+0	1.132000E+5
1.746000E-2	0.000000E+0	1.138840E+5
1.748000E-2	0.000000E+0	1.142410E+5
1.750000E-2	0.000000E+0	1.144290E+5
1.752000E-2	0.000000E+0	1.145880E+5
1.754000E-2	0.000000E+0	1.160750E+5
1.756000E-2	0.000000E+0	1.148790E+5
1.758000E-2	0.000000E+0	1.153550E+5
1.760000E-2	0.000000E+0	1.158750E+5
1.762000E-2	0.000000E+0	1.155620E+5
1.764000E-2	0.000000E+0	1.158330E+5
1.766000E-2	0.000000E+0	1.158380E+5
1.768000E-2	0.000000E+0	1.162930E+5
1.770000E-2	0.000000E+0	1.162560E+5
1.772000E-2	0.000000E+0	1.164440E+5
1.774000E-2	0.000000E+0	1.156900E+5
1.776000E-2	0.000000E+0	1.161170E+5
1.778000E-2	0.000000E+0	1.161180E+5
1.780000E-2	0.000000E+0	1.163420E+5
1.782000E-2	0.000000E+0	1.164280E+5
1.784000E-2	0.000000E+0	1.166760E+5
1.786000E-2	0.000000E+0	1.170440E+5
1.788000E-2	0.000000E+0	1.164440E+5
1.790000E-2	0.000000E+0	1.159870E+5
1.792000E-2	0.000000E+0	1.165740E+5
1.794000E-2	0.000000E+0	1.166220E+5
1.796000E-2	0.000000E+0	1.167960E+5
1.798000E-2	0.000000E+0	1.163420E+5
1.800000E-2	0.000000E+0	1.163890E+5
1.802000E-2	0.000000E+0	1.161810E+5
1.804000E-2	0.000000E+0	1.166200E+5
1.806000E-2	0.000000E+0	1.165270E+5
1.808000E-2	0.000000E+0	1.162620E+5
1.810000E-2	0.000000E+0	1.168770E+5
1.812000E-2	0.000000E+0	1.166770E+5
1.814000E-2	0.000000E+0	1.161900E+5
1.816000E-2	0.000000E+0	1.166400E+5
1.818000E-2	0.000000E+0	1.162720E+5
1.820000E-2	0.000000E+0	1.167680E+5
1.822000E-2	0.000000E+0	1.159730E+5
1.824000E-2	0.000000E+0	1.161610E+5
1.826000E-2	0.000000E+0	1.163620E+5
1.828000E-2	0.000000E+0	1.168340E+5
1.830000E-2	0.000000E+0	1.164460E+5
1.832000E-2	0.000000E+0	1.167510E+5
1.834000E-2	0.000000E+0	1.167420E+5
1.836000E-2	0.000000E+0	1.158090E+5
1.838000E-2	0.000000E+0	1.169400E+5
1.840000E-2	0.000000E+0	1.173040E+5
1.842000E-2	0.000000E+0	1.168570E+5
1.844000E-2	0.000000E+0	1.170290E+5
1.846000E-2	0.000000E+0	1.169010E+5
1.848000E-2	0.000000E+0	1.159520E+5
1.850000E-2	0.000000E+0	1.167150E+5
1.852000E-2	0.000000E+0	1.162350E+5
1.854000E-2	0.000000E+0	1.163040E+5
1.856000E-2	0.000000E+0	1.166760E+5
1.858000E-2	0.000000E+0	1.160310E+5
1.860000E-2	0.000000E+0	1.166050E+5
1.862000E-2	0.000000E+0	1.167270E+5
1.864000E-2	0.000000E+0	1.175390E+5
1.866000E-2	0.000000E+0	1.157220E+5
1.868000E-2	0.000000E+0	1.170460E+5
1.870000E-2	0.000000E+0	1.164890E+5
1.872000E-2	0.000000E+0	1.166240E+5
1.874000E-2	0.000000E+0	1.165960E+5
1.876000E-2	0.000000E+0	1.161400E+5
1.878000E-2	0.000000E+0	1.162010E+5
1.880000E-2	0.000000E+0	1.164710E+5
1.882000E-2	0.000000E+0	1.167450E+5
1.884000E-2	0.000000E+0	1.163510E+5
1.886000E-2	0.000000E+0	1.168520E+5
1.888000E-2	0.000000E+0	1.164570E+5
1.890000E-2	0.000000E+0	1.164730E+5
1.892000E-2	0.000000E+0	1.163400E+5
1.894000E-2	0.000000E+0	1.167420E+5
1.896000E-2	0.000000E+0	1.166890E+5
1.898000E-2	0.000000E+0	1.176840E+5
1.900000E-2	0.000000E+0	1.166560E+5
1.902000E-2	0.000000E+0	1.164530E+5
1.904000E-2	0.000000E+0	1.168130E+5
1.906000E-2	0.000000E+0	1.166170E+5
1.908000E-2	0.000000E+0	1.171770E+5
1.910000E-2	0.000000E+0	1.159190E+5
1.912000E-2	0.000000E+0	1.163940E+5
1.914000E-2	0.000000E+0	1.170980E+5
1.916000E-2	0.000000E+0	1.164080E+5
1.918000E-2	0.000000E+0	1.166300E+5
1.920000E-2	0.000000E+0	1.163090E+5
1.922000E-2	0.000000E+0	1.165120E+5
1.924000E-2	0.000000E+0	1.174610E+5
1.926000E-2	0.000000E+0	1.169060E+5
1.928000E-2	0.000000E+0	1.166760E+5
1.930000E-2	0.000000E+0	1.164610E+5
1.932000E-2	0.000000E+0	1.170300E+5
1.934000E-2	0.000000E+0	1.167500E+5
1.936000E-2	0.000000E+0	1.164240E+5
1.938000E-2	0.000000E+0	1.168100E+5
1.940000E-2	0.000000E+0	1.162890E+5
1.942000E-2	0.000000E+0	1.166340E+5
1.944000E-2	0.000000E+0	1.166450E+5
1.946000E-2	0.000000E+0	1.166090E+5
1.948000E-2	0.000000E+0	1.167670E+5
1.950000E-2	0.000000E+0	1.170020E+5
1.952000E-2	0.000000E+0	1.167420E+5
1.954000E-2	0.000000E+0	1.169990E+5
1.956000E-2	0.000000E+0	1.168230E+5
1.958000E-2	0.000000E+0	1.166140E+5
1.960000E-2	0.000000E+0	1.160360E+5
1.962000E-2	0.000000E+0	1.165050E+5
1.964000E-2	0.000000E+0	1.168440E+5
1.966000E-2	0.000000E+0	1.168590E+5
1.968000E-2	0.000000E+0	1.163720E+5
1.970000E-2	0.000000E+0	1.169500E+5
1.972000E-2	0.000000E+0	1.162600E+5
1.974000E-2	0.000000E+0	1.164030E+5
1.976000E-2	0.000000E+0	1.162420E+5
1.978000E-2	0.000000E+0	1.166230E+5
1.980000E-2	0.000000E+0	1.167350E+5
1.982000E-2	0.000000E+0	1.168120E+5
1.984000E-2	0.000000E+0	1.162680E+5
1.986000E-2	0.000000E+0	1.170350E+5
1.988000E-2	0.000000E+0	1.171910E+5
1.990000E-2	0.000000E+0	1.172080E+5
1.992000E-2	0.000000E+0	1.170130E+5
1.994000E-2	0.000000E+0	1.172030E+5
1.996000E-2	0.000000E+0	1.165890E+5
1.998000E-2	0.000000E+0	1.164830E+5
