

live time:  201933.640000
real time:  234005.020000
sweeps:  10096682.000000
0.000000E+0	0.000000E+0	0.000000E+0
2.000000E-5	0.000000E+0	1.008580E+5
4.000000E-5	0.000000E+0	1.008240E+5
6.000000E-5	0.000000E+0	1.010460E+5
8.000000E-5	0.000000E+0	1.014710E+5
1.000000E-4	0.000000E+0	1.005880E+5
1.200000E-4	0.000000E+0	1.011480E+5
1.400000E-4	0.000000E+0	1.016170E+5
1.600000E-4	0.000000E+0	1.017380E+5
1.800000E-4	0.000000E+0	1.015230E+5
2.000000E-4	0.000000E+0	1.013890E+5
2.200000E-4	0.000000E+0	1.016610E+5
2.400000E-4	0.000000E+0	1.014600E+5
2.600000E-4	0.000000E+0	1.017200E+5
2.800000E-4	0.000000E+0	1.012530E+5
3.000000E-4	0.000000E+0	1.014840E+5
3.200000E-4	0.000000E+0	1.010290E+5
3.400000E-4	0.000000E+0	1.013130E+5
3.600000E-4	0.000000E+0	1.009930E+5
3.800000E-4	0.000000E+0	1.015810E+5
4.000000E-4	0.000000E+0	1.018060E+5
4.200000E-4	0.000000E+0	1.013790E+5
4.400000E-4	0.000000E+0	1.006980E+5
4.600000E-4	0.000000E+0	1.011640E+5
4.800000E-4	0.000000E+0	1.015800E+5
5.000000E-4	0.000000E+0	1.012910E+5
5.200000E-4	0.000000E+0	1.015460E+5
5.400000E-4	0.000000E+0	1.013990E+5
5.600000E-4	0.000000E+0	1.016110E+5
5.800000E-4	0.000000E+0	1.011060E+5
6.000000E-4	0.000000E+0	1.010080E+5
6.200000E-4	0.000000E+0	1.011000E+5
6.400000E-4	0.000000E+0	1.010100E+5
6.600000E-4	0.000000E+0	1.011130E+5
6.800000E-4	0.000000E+0	1.009410E+5
7.000000E-4	0.000000E+0	1.014490E+5
7.200000E-4	0.000000E+0	1.015340E+5
7.400000E-4	0.000000E+0	1.011950E+5
7.600000E-4	0.000000E+0	1.009150E+5
7.800000E-4	0.000000E+0	1.012180E+5
8.000000E-4	0.000000E+0	1.015240E+5
8.200000E-4	0.000000E+0	1.011180E+5
8.400000E-4	0.000000E+0	1.013160E+5
8.600000E-4	0.000000E+0	1.014120E+5
8.800000E-4	0.000000E+0	1.015520E+5
9.000000E-4	0.000000E+0	1.004300E+5
9.200000E-4	0.000000E+0	1.010560E+5
9.400000E-4	0.000000E+0	1.016960E+5
9.600000E-4	0.000000E+0	1.011300E+5
9.800000E-4	0.000000E+0	1.013770E+5
1.000000E-3	0.000000E+0	1.009460E+5
1.020000E-3	0.000000E+0	1.013270E+5
1.040000E-3	0.000000E+0	1.016140E+5
1.060000E-3	0.000000E+0	1.012080E+5
1.080000E-3	0.000000E+0	1.011360E+5
1.100000E-3	0.000000E+0	1.013180E+5
1.120000E-3	0.000000E+0	1.012350E+5
1.140000E-3	0.000000E+0	1.013610E+5
1.160000E-3	0.000000E+0	1.012170E+5
1.180000E-3	0.000000E+0	1.010860E+5
1.200000E-3	0.000000E+0	1.014680E+5
1.220000E-3	0.000000E+0	1.010430E+5
1.240000E-3	0.000000E+0	1.012800E+5
1.260000E-3	0.000000E+0	1.008280E+5
1.280000E-3	0.000000E+0	1.013710E+5
1.300000E-3	0.000000E+0	1.014560E+5
1.320000E-3	0.000000E+0	1.012130E+5
1.340000E-3	0.000000E+0	1.017370E+5
1.360000E-3	0.000000E+0	1.013940E+5
1.380000E-3	0.000000E+0	1.012930E+5
1.400000E-3	0.000000E+0	1.014970E+5
1.420000E-3	0.000000E+0	1.011680E+5
1.440000E-3	0.000000E+0	1.014420E+5
1.460000E-3	0.000000E+0	1.017620E+5
1.480000E-3	0.000000E+0	1.011090E+5
1.500000E-3	0.000000E+0	1.003370E+5
1.520000E-3	0.000000E+0	1.010550E+5
1.540000E-3	0.000000E+0	1.014680E+5
1.560000E-3	0.000000E+0	1.013120E+5
1.580000E-3	0.000000E+0	1.011370E+5
1.600000E-3	0.000000E+0	1.016370E+5
1.620000E-3	0.000000E+0	1.020840E+5
1.640000E-3	0.000000E+0	1.014140E+5
1.660000E-3	0.000000E+0	1.012130E+5
1.680000E-3	0.000000E+0	1.013370E+5
1.700000E-3	0.000000E+0	1.009630E+5
1.720000E-3	0.000000E+0	1.009610E+5
1.740000E-3	0.000000E+0	1.012850E+5
1.760000E-3	0.000000E+0	1.018720E+5
1.780000E-3	0.000000E+0	1.017400E+5
1.800000E-3	0.000000E+0	1.010650E+5
1.820000E-3	0.000000E+0	1.016750E+5
1.840000E-3	0.000000E+0	1.017160E+5
1.860000E-3	0.000000E+0	1.014030E+5
1.880000E-3	0.000000E+0	1.014250E+5
1.900000E-3	0.000000E+0	1.013450E+5
1.920000E-3	0.000000E+0	1.013660E+5
1.940000E-3	0.000000E+0	1.014370E+5
1.960000E-3	0.000000E+0	1.013030E+5
1.980000E-3	0.000000E+0	1.018360E+5
2.000000E-3	0.000000E+0	1.014310E+5
2.020000E-3	0.000000E+0	1.016700E+5
2.040000E-3	0.000000E+0	1.013280E+5
2.060000E-3	0.000000E+0	1.021130E+5
2.080000E-3	0.000000E+0	1.007060E+5
2.100000E-3	0.000000E+0	1.010330E+5
2.120000E-3	0.000000E+0	1.015020E+5
2.140000E-3	0.000000E+0	1.013450E+5
2.160000E-3	0.000000E+0	1.012800E+5
2.180000E-3	0.000000E+0	1.014000E+5
2.200000E-3	0.000000E+0	1.009930E+5
2.220000E-3	0.000000E+0	1.007370E+5
2.240000E-3	0.000000E+0	1.013820E+5
2.260000E-3	0.000000E+0	1.011570E+5
2.280000E-3	0.000000E+0	1.016220E+5
2.300000E-3	0.000000E+0	1.018470E+5
2.320000E-3	0.000000E+0	1.011090E+5
2.340000E-3	0.000000E+0	1.008180E+5
2.360000E-3	0.000000E+0	1.012390E+5
2.380000E-3	0.000000E+0	1.008480E+5
2.400000E-3	0.000000E+0	1.016600E+5
2.420000E-3	0.000000E+0	1.013470E+5
2.440000E-3	0.000000E+0	1.010680E+5
2.460000E-3	0.000000E+0	1.013810E+5
2.480000E-3	0.000000E+0	1.009940E+5
2.500000E-3	0.000000E+0	1.011850E+5
2.520000E-3	0.000000E+0	1.013320E+5
2.540000E-3	0.000000E+0	1.014730E+5
2.560000E-3	0.000000E+0	1.009040E+5
2.580000E-3	0.000000E+0	1.016230E+5
2.600000E-3	0.000000E+0	1.015900E+5
2.620000E-3	0.000000E+0	1.009240E+5
2.640000E-3	0.000000E+0	1.013750E+5
2.660000E-3	0.000000E+0	1.009600E+5
2.680000E-3	0.000000E+0	1.019820E+5
2.700000E-3	0.000000E+0	1.011630E+5
2.720000E-3	0.000000E+0	1.007400E+5
2.740000E-3	0.000000E+0	1.013020E+5
2.760000E-3	0.000000E+0	1.017150E+5
2.780000E-3	0.000000E+0	1.012170E+5
2.800000E-3	0.000000E+0	1.010070E+5
2.820000E-3	0.000000E+0	1.007420E+5
2.840000E-3	0.000000E+0	1.014630E+5
2.860000E-3	0.000000E+0	1.014210E+5
2.880000E-3	0.000000E+0	1.016340E+5
2.900000E-3	0.000000E+0	1.006900E+5
2.920000E-3	0.000000E+0	1.014430E+5
2.940000E-3	0.000000E+0	1.009320E+5
2.960000E-3	0.000000E+0	1.012460E+5
2.980000E-3	0.000000E+0	1.013010E+5
3.000000E-3	0.000000E+0	1.010520E+5
3.020000E-3	0.000000E+0	1.015720E+5
3.040000E-3	0.000000E+0	1.013340E+5
3.060000E-3	0.000000E+0	1.015400E+5
3.080000E-3	0.000000E+0	1.009080E+5
3.100000E-3	0.000000E+0	1.016920E+5
3.120000E-3	0.000000E+0	1.012700E+5
3.140000E-3	0.000000E+0	1.009230E+5
3.160000E-3	0.000000E+0	1.010160E+5
3.180000E-3	0.000000E+0	1.011670E+5
3.200000E-3	0.000000E+0	1.013970E+5
3.220000E-3	0.000000E+0	1.010720E+5
3.240000E-3	0.000000E+0	1.012340E+5
3.260000E-3	0.000000E+0	1.014670E+5
3.280000E-3	0.000000E+0	1.015780E+5
3.300000E-3	0.000000E+0	1.016840E+5
3.320000E-3	0.000000E+0	1.015610E+5
3.340000E-3	0.000000E+0	1.010470E+5
3.360000E-3	0.000000E+0	1.014170E+5
3.380000E-3	0.000000E+0	1.009850E+5
3.400000E-3	0.000000E+0	1.013580E+5
3.420000E-3	0.000000E+0	1.011890E+5
3.440000E-3	0.000000E+0	1.008880E+5
3.460000E-3	0.000000E+0	1.016590E+5
3.480000E-3	0.000000E+0	1.017210E+5
3.500000E-3	0.000000E+0	1.017450E+5
3.520000E-3	0.000000E+0	1.013210E+5
3.540000E-3	0.000000E+0	1.022070E+5
3.560000E-3	0.000000E+0	1.010540E+5
3.580000E-3	0.000000E+0	1.014830E+5
3.600000E-3	0.000000E+0	1.003670E+5
3.620000E-3	0.000000E+0	1.013710E+5
3.640000E-3	0.000000E+0	1.015160E+5
3.660000E-3	0.000000E+0	1.012160E+5
3.680000E-3	0.000000E+0	1.014630E+5
3.700000E-3	0.000000E+0	1.011040E+5
3.720000E-3	0.000000E+0	1.008630E+5
3.740000E-3	0.000000E+0	1.011700E+5
3.760000E-3	0.000000E+0	1.014000E+5
3.780000E-3	0.000000E+0	1.014170E+5
3.800000E-3	0.000000E+0	1.008510E+5
3.820000E-3	0.000000E+0	1.009610E+5
3.840000E-3	0.000000E+0	1.014990E+5
3.860000E-3	0.000000E+0	1.013800E+5
3.880000E-3	0.000000E+0	1.007830E+5
3.900000E-3	0.000000E+0	1.006740E+5
3.920000E-3	0.000000E+0	1.016100E+5
3.940000E-3	0.000000E+0	1.013680E+5
3.960000E-3	0.000000E+0	1.012240E+5
3.980000E-3	0.000000E+0	1.011970E+5
4.000000E-3	0.000000E+0	1.012680E+5
4.020000E-3	0.000000E+0	1.014160E+5
4.040000E-3	0.000000E+0	1.012610E+5
4.060000E-3	0.000000E+0	1.007450E+5
4.080000E-3	0.000000E+0	1.012780E+5
4.100000E-3	0.000000E+0	1.013110E+5
4.120000E-3	0.000000E+0	1.011490E+5
4.140000E-3	0.000000E+0	1.014300E+5
4.160000E-3	0.000000E+0	1.007220E+5
4.180000E-3	0.000000E+0	1.013250E+5
4.200000E-3	0.000000E+0	1.008440E+5
4.220000E-3	0.000000E+0	1.014950E+5
4.240000E-3	0.000000E+0	1.008590E+5
4.260000E-3	0.000000E+0	1.009630E+5
4.280000E-3	0.000000E+0	1.020100E+5
4.300000E-3	0.000000E+0	1.009800E+5
4.320000E-3	0.000000E+0	1.017490E+5
4.340000E-3	0.000000E+0	1.014290E+5
4.360000E-3	0.000000E+0	1.015930E+5
4.380000E-3	0.000000E+0	1.008130E+5
4.400000E-3	0.000000E+0	1.022170E+5
4.420000E-3	0.000000E+0	1.012090E+5
4.440000E-3	0.000000E+0	1.014260E+5
4.460000E-3	0.000000E+0	1.016020E+5
4.480000E-3	0.000000E+0	1.011560E+5
4.500000E-3	0.000000E+0	1.009130E+5
4.520000E-3	0.000000E+0	1.014070E+5
4.540000E-3	0.000000E+0	1.015360E+5
4.560000E-3	0.000000E+0	1.017140E+5
4.580000E-3	0.000000E+0	1.016430E+5
4.600000E-3	0.000000E+0	1.017620E+5
4.620000E-3	0.000000E+0	1.011000E+5
4.640000E-3	0.000000E+0	1.017000E+5
4.660000E-3	0.000000E+0	1.011610E+5
4.680000E-3	0.000000E+0	1.012410E+5
4.700000E-3	0.000000E+0	1.013090E+5
4.720000E-3	0.000000E+0	1.014540E+5
4.740000E-3	0.000000E+0	1.012660E+5
4.760000E-3	0.000000E+0	1.009420E+5
4.780000E-3	0.000000E+0	1.007100E+5
4.800000E-3	0.000000E+0	1.017450E+5
4.820000E-3	0.000000E+0	1.010000E+5
4.840000E-3	0.000000E+0	1.011850E+5
4.860000E-3	0.000000E+0	1.012940E+5
4.880000E-3	0.000000E+0	1.013640E+5
4.900000E-3	0.000000E+0	1.016080E+5
4.920000E-3	0.000000E+0	1.011000E+5
4.940000E-3	0.000000E+0	1.018010E+5
4.960000E-3	0.000000E+0	1.012800E+5
4.980000E-3	0.000000E+0	1.009470E+5
5.000000E-3	0.000000E+0	1.006150E+5
5.020000E-3	0.000000E+0	1.011190E+5
5.040000E-3	0.000000E+0	1.011890E+5
5.060000E-3	0.000000E+0	1.018350E+5
5.080000E-3	0.000000E+0	1.013700E+5
5.100000E-3	0.000000E+0	1.013840E+5
5.120000E-3	0.000000E+0	1.016610E+5
5.140000E-3	0.000000E+0	1.011850E+5
5.160000E-3	0.000000E+0	1.017770E+5
5.180000E-3	0.000000E+0	1.008200E+5
5.200000E-3	0.000000E+0	1.008150E+5
5.220000E-3	0.000000E+0	1.010830E+5
5.240000E-3	0.000000E+0	1.007070E+5
5.260000E-3	0.000000E+0	1.014240E+5
5.280000E-3	0.000000E+0	1.004330E+5
5.300000E-3	0.000000E+0	1.004990E+5
5.320000E-3	0.000000E+0	1.008740E+5
5.340000E-3	0.000000E+0	1.007190E+5
5.360000E-3	0.000000E+0	1.008350E+5
5.380000E-3	0.000000E+0	1.006150E+5
5.400000E-3	0.000000E+0	1.006580E+5
5.420000E-3	0.000000E+0	1.005960E+5
5.440000E-3	0.000000E+0	1.002710E+5
5.460000E-3	0.000000E+0	1.008330E+5
5.480000E-3	0.000000E+0	9.995000E+4
5.500000E-3	0.000000E+0	9.990800E+4
5.520000E-3	0.000000E+0	1.003590E+5
5.540000E-3	0.000000E+0	1.000680E+5
5.560000E-3	0.000000E+0	1.003110E+5
5.580000E-3	0.000000E+0	9.976400E+4
5.600000E-3	0.000000E+0	1.002080E+5
5.620000E-3	0.000000E+0	9.850800E+4
5.640000E-3	0.000000E+0	9.819200E+4
5.660000E-3	0.000000E+0	9.731700E+4
5.680000E-3	0.000000E+0	9.548900E+4
5.700000E-3	0.000000E+0	9.467200E+4
5.720000E-3	0.000000E+0	9.141200E+4
5.740000E-3	0.000000E+0	8.710500E+4
5.760000E-3	0.000000E+0	8.162300E+4
5.780000E-3	0.000000E+0	7.397400E+4
5.800000E-3	0.000000E+0	6.682900E+4
5.820000E-3	0.000000E+0	6.171900E+4
5.840000E-3	0.000000E+0	6.011000E+4
5.860000E-3	0.000000E+0	6.202600E+4
5.880000E-3	0.000000E+0	6.750400E+4
5.900000E-3	0.000000E+0	7.547900E+4
5.920000E-3	0.000000E+0	8.268500E+4
5.940000E-3	0.000000E+0	8.918000E+4
5.960000E-3	0.000000E+0	9.238600E+4
5.980000E-3	0.000000E+0	9.534000E+4
6.000000E-3	0.000000E+0	9.729100E+4
6.020000E-3	0.000000E+0	9.776100E+4
6.040000E-3	0.000000E+0	9.844900E+4
6.060000E-3	0.000000E+0	9.898400E+4
6.080000E-3	0.000000E+0	9.938500E+4
6.100000E-3	0.000000E+0	9.952800E+4
6.120000E-3	0.000000E+0	9.973100E+4
6.140000E-3	0.000000E+0	1.002580E+5
6.160000E-3	0.000000E+0	9.971300E+4
6.180000E-3	0.000000E+0	1.004300E+5
6.200000E-3	0.000000E+0	1.005820E+5
6.220000E-3	0.000000E+0	1.001700E+5
6.240000E-3	0.000000E+0	1.006730E+5
6.260000E-3	0.000000E+0	1.008160E+5
6.280000E-3	0.000000E+0	1.008960E+5
6.300000E-3	0.000000E+0	1.009890E+5
6.320000E-3	0.000000E+0	1.004240E+5
6.340000E-3	0.000000E+0	1.011140E+5
6.360000E-3	0.000000E+0	1.008950E+5
6.380000E-3	0.000000E+0	1.011750E+5
6.400000E-3	0.000000E+0	1.014460E+5
6.420000E-3	0.000000E+0	1.015990E+5
6.440000E-3	0.000000E+0	1.003860E+5
6.460000E-3	0.000000E+0	1.009590E+5
6.480000E-3	0.000000E+0	1.012380E+5
6.500000E-3	0.000000E+0	1.009580E+5
6.520000E-3	0.000000E+0	1.009020E+5
6.540000E-3	0.000000E+0	1.012730E+5
6.560000E-3	0.000000E+0	1.012020E+5
6.580000E-3	0.000000E+0	1.011520E+5
6.600000E-3	0.000000E+0	1.008040E+5
6.620000E-3	0.000000E+0	1.011830E+5
6.640000E-3	0.000000E+0	1.013190E+5
6.660000E-3	0.000000E+0	1.009930E+5
6.680000E-3	0.000000E+0	1.010220E+5
6.700000E-3	0.000000E+0	1.010810E+5
6.720000E-3	0.000000E+0	1.009130E+5
6.740000E-3	0.000000E+0	1.011850E+5
6.760000E-3	0.000000E+0	1.011890E+5
6.780000E-3	0.000000E+0	1.013850E+5
6.800000E-3	0.000000E+0	1.010050E+5
6.820000E-3	0.000000E+0	1.012710E+5
6.840000E-3	0.000000E+0	1.011420E+5
6.860000E-3	0.000000E+0	1.020150E+5
6.880000E-3	0.000000E+0	1.009840E+5
6.900000E-3	0.000000E+0	1.012660E+5
6.920000E-3	0.000000E+0	1.017120E+5
6.940000E-3	0.000000E+0	1.012490E+5
6.960000E-3	0.000000E+0	1.001020E+5
6.980000E-3	0.000000E+0	1.012700E+5
7.000000E-3	0.000000E+0	1.015490E+5
7.020000E-3	0.000000E+0	1.014680E+5
7.040000E-3	0.000000E+0	1.009420E+5
7.060000E-3	0.000000E+0	1.013830E+5
7.080000E-3	0.000000E+0	1.012990E+5
7.100000E-3	0.000000E+0	1.007470E+5
7.120000E-3	0.000000E+0	1.011980E+5
7.140000E-3	0.000000E+0	1.015280E+5
7.160000E-3	0.000000E+0	1.013480E+5
7.180000E-3	0.000000E+0	1.015500E+5
7.200000E-3	0.000000E+0	1.006840E+5
7.220000E-3	0.000000E+0	1.014510E+5
7.240000E-3	0.000000E+0	1.013440E+5
7.260000E-3	0.000000E+0	1.017650E+5
7.280000E-3	0.000000E+0	1.013880E+5
7.300000E-3	0.000000E+0	1.012000E+5
7.320000E-3	0.000000E+0	1.012220E+5
7.340000E-3	0.000000E+0	1.016040E+5
7.360000E-3	0.000000E+0	1.013110E+5
7.380000E-3	0.000000E+0	1.015200E+5
7.400000E-3	0.000000E+0	1.012050E+5
7.420000E-3	0.000000E+0	1.013130E+5
7.440000E-3	0.000000E+0	1.013030E+5
7.460000E-3	0.000000E+0	1.009050E+5
7.480000E-3	0.000000E+0	1.012320E+5
7.500000E-3	0.000000E+0	1.005110E+5
7.520000E-3	0.000000E+0	1.013880E+5
7.540000E-3	0.000000E+0	1.014580E+5
7.560000E-3	0.000000E+0	1.016500E+5
7.580000E-3	0.000000E+0	1.011260E+5
7.600000E-3	0.000000E+0	1.009100E+5
7.620000E-3	0.000000E+0	1.017160E+5
7.640000E-3	0.000000E+0	1.011440E+5
7.660000E-3	0.000000E+0	1.018540E+5
7.680000E-3	0.000000E+0	1.017020E+5
7.700000E-3	0.000000E+0	1.011140E+5
7.720000E-3	0.000000E+0	1.012660E+5
7.740000E-3	0.000000E+0	1.008750E+5
7.760000E-3	0.000000E+0	1.016580E+5
7.780000E-3	0.000000E+0	1.010320E+5
7.800000E-3	0.000000E+0	1.014830E+5
7.820000E-3	0.000000E+0	1.012440E+5
7.840000E-3	0.000000E+0	1.013820E+5
7.860000E-3	0.000000E+0	1.013410E+5
7.880000E-3	0.000000E+0	1.013720E+5
7.900000E-3	0.000000E+0	1.016680E+5
7.920000E-3	0.000000E+0	1.011380E+5
7.940000E-3	0.000000E+0	1.012530E+5
7.960000E-3	0.000000E+0	1.013320E+5
7.980000E-3	0.000000E+0	1.007890E+5
8.000000E-3	0.000000E+0	1.008700E+5
8.020000E-3	0.000000E+0	1.010100E+5
8.040000E-3	0.000000E+0	1.005580E+5
8.060000E-3	0.000000E+0	1.013970E+5
8.080000E-3	0.000000E+0	1.023560E+5
8.100000E-3	0.000000E+0	1.007470E+5
8.120000E-3	0.000000E+0	1.010840E+5
8.140000E-3	0.000000E+0	1.013790E+5
8.160000E-3	0.000000E+0	1.011240E+5
8.180000E-3	0.000000E+0	1.009640E+5
8.200000E-3	0.000000E+0	1.012570E+5
8.220000E-3	0.000000E+0	1.010570E+5
8.240000E-3	0.000000E+0	1.015190E+5
8.260000E-3	0.000000E+0	1.007370E+5
8.280000E-3	0.000000E+0	1.016960E+5
8.300000E-3	0.000000E+0	1.015020E+5
8.320000E-3	0.000000E+0	1.013560E+5
8.340000E-3	0.000000E+0	1.017270E+5
8.360000E-3	0.000000E+0	1.009280E+5
8.380000E-3	0.000000E+0	1.016920E+5
8.400000E-3	0.000000E+0	1.014350E+5
8.420000E-3	0.000000E+0	1.010300E+5
8.440000E-3	0.000000E+0	1.015480E+5
8.460000E-3	0.000000E+0	1.014590E+5
8.480000E-3	0.000000E+0	1.012180E+5
8.500000E-3	0.000000E+0	1.014760E+5
8.520000E-3	0.000000E+0	1.013480E+5
8.540000E-3	0.000000E+0	1.014560E+5
8.560000E-3	0.000000E+0	1.016960E+5
8.580000E-3	0.000000E+0	1.011200E+5
8.600000E-3	0.000000E+0	1.014920E+5
8.620000E-3	0.000000E+0	1.012730E+5
8.640000E-3	0.000000E+0	1.015360E+5
8.660000E-3	0.000000E+0	1.010490E+5
8.680000E-3	0.000000E+0	1.014090E+5
8.700000E-3	0.000000E+0	1.014590E+5
8.720000E-3	0.000000E+0	1.011310E+5
8.740000E-3	0.000000E+0	1.014610E+5
8.760000E-3	0.000000E+0	1.021790E+5
8.780000E-3	0.000000E+0	1.010330E+5
8.800000E-3	0.000000E+0	1.013150E+5
8.820000E-3	0.000000E+0	1.013500E+5
8.840000E-3	0.000000E+0	1.013960E+5
8.860000E-3	0.000000E+0	1.012830E+5
8.880000E-3	0.000000E+0	1.011420E+5
8.900000E-3	0.000000E+0	1.020750E+5
8.920000E-3	0.000000E+0	1.012900E+5
8.940000E-3	0.000000E+0	1.011860E+5
8.960000E-3	0.000000E+0	1.011020E+5
8.980000E-3	0.000000E+0	1.009850E+5
9.000000E-3	0.000000E+0	1.011340E+5
9.020000E-3	0.000000E+0	1.012220E+5
9.040000E-3	0.000000E+0	1.017980E+5
9.060000E-3	0.000000E+0	1.010870E+5
9.080000E-3	0.000000E+0	1.014320E+5
9.100000E-3	0.000000E+0	1.010010E+5
9.120000E-3	0.000000E+0	1.014850E+5
9.140000E-3	0.000000E+0	1.015090E+5
9.160000E-3	0.000000E+0	1.002630E+5
9.180000E-3	0.000000E+0	1.010670E+5
9.200000E-3	0.000000E+0	1.014920E+5
9.220000E-3	0.000000E+0	1.011520E+5
9.240000E-3	0.000000E+0	1.012190E+5
9.260000E-3	0.000000E+0	1.012840E+5
9.280000E-3	0.000000E+0	1.010710E+5
9.300000E-3	0.000000E+0	1.012510E+5
9.320000E-3	0.000000E+0	1.009390E+5
9.340000E-3	0.000000E+0	1.013570E+5
9.360000E-3	0.000000E+0	1.014220E+5
9.380000E-3	0.000000E+0	1.015560E+5
9.400000E-3	0.000000E+0	1.012550E+5
9.420000E-3	0.000000E+0	1.013580E+5
9.440000E-3	0.000000E+0	1.011170E+5
9.460000E-3	0.000000E+0	1.015980E+5
9.480000E-3	0.000000E+0	1.012220E+5
9.500000E-3	0.000000E+0	1.017880E+5
9.520000E-3	0.000000E+0	1.014180E+5
9.540000E-3	0.000000E+0	1.006560E+5
9.560000E-3	0.000000E+0	1.015640E+5
9.580000E-3	0.000000E+0	1.015230E+5
9.600000E-3	0.000000E+0	1.008380E+5
9.620000E-3	0.000000E+0	1.013220E+5
9.640000E-3	0.000000E+0	1.015480E+5
9.660000E-3	0.000000E+0	1.014180E+5
9.680000E-3	0.000000E+0	1.007260E+5
9.700000E-3	0.000000E+0	1.013130E+5
9.720000E-3	0.000000E+0	1.013460E+5
9.740000E-3	0.000000E+0	1.018080E+5
9.760000E-3	0.000000E+0	1.008520E+5
9.780000E-3	0.000000E+0	1.011570E+5
9.800000E-3	0.000000E+0	1.016160E+5
9.820000E-3	0.000000E+0	1.011950E+5
9.840000E-3	0.000000E+0	1.013530E+5
9.860000E-3	0.000000E+0	1.016940E+5
9.880000E-3	0.000000E+0	1.016740E+5
9.900000E-3	0.000000E+0	1.015750E+5
9.920000E-3	0.000000E+0	1.016920E+5
9.940000E-3	0.000000E+0	1.008170E+5
9.960000E-3	0.000000E+0	1.007070E+5
9.980000E-3	0.000000E+0	1.010570E+5
1.000000E-2	0.000000E+0	1.013710E+5
1.002000E-2	0.000000E+0	1.009950E+5
1.004000E-2	0.000000E+0	1.011730E+5
1.006000E-2	0.000000E+0	1.011140E+5
1.008000E-2	0.000000E+0	1.016820E+5
1.010000E-2	0.000000E+0	1.017900E+5
1.012000E-2	0.000000E+0	1.013530E+5
1.014000E-2	0.000000E+0	1.020510E+5
1.016000E-2	0.000000E+0	1.016810E+5
1.018000E-2	0.000000E+0	1.016390E+5
1.020000E-2	0.000000E+0	1.019920E+5
1.022000E-2	0.000000E+0	1.014780E+5
1.024000E-2	0.000000E+0	1.014570E+5
1.026000E-2	0.000000E+0	1.011290E+5
1.028000E-2	0.000000E+0	1.013350E+5
1.030000E-2	0.000000E+0	1.012910E+5
1.032000E-2	0.000000E+0	1.014160E+5
1.034000E-2	0.000000E+0	1.016270E+5
1.036000E-2	0.000000E+0	1.012580E+5
1.038000E-2	0.000000E+0	1.014370E+5
1.040000E-2	0.000000E+0	1.015960E+5
1.042000E-2	0.000000E+0	1.011970E+5
1.044000E-2	0.000000E+0	1.018510E+5
1.046000E-2	0.000000E+0	1.012340E+5
1.048000E-2	0.000000E+0	1.017850E+5
1.050000E-2	0.000000E+0	1.009380E+5
1.052000E-2	0.000000E+0	1.015500E+5
1.054000E-2	0.000000E+0	1.015510E+5
1.056000E-2	0.000000E+0	1.014840E+5
1.058000E-2	0.000000E+0	1.012980E+5
1.060000E-2	0.000000E+0	1.004930E+5
1.062000E-2	0.000000E+0	1.009370E+5
1.064000E-2	0.000000E+0	1.011830E+5
1.066000E-2	0.000000E+0	1.015510E+5
1.068000E-2	0.000000E+0	1.008900E+5
1.070000E-2	0.000000E+0	1.010660E+5
1.072000E-2	0.000000E+0	1.009840E+5
1.074000E-2	0.000000E+0	1.013480E+5
1.076000E-2	0.000000E+0	1.013240E+5
1.078000E-2	0.000000E+0	1.010880E+5
1.080000E-2	0.000000E+0	1.012200E+5
1.082000E-2	0.000000E+0	1.008920E+5
1.084000E-2	0.000000E+0	1.008850E+5
1.086000E-2	0.000000E+0	1.008770E+5
1.088000E-2	0.000000E+0	1.013550E+5
1.090000E-2	0.000000E+0	1.016350E+5
1.092000E-2	0.000000E+0	1.008320E+5
1.094000E-2	0.000000E+0	1.011220E+5
1.096000E-2	0.000000E+0	1.014040E+5
1.098000E-2	0.000000E+0	1.012130E+5
1.100000E-2	0.000000E+0	1.013460E+5
1.102000E-2	0.000000E+0	1.006770E+5
1.104000E-2	0.000000E+0	1.014860E+5
1.106000E-2	0.000000E+0	1.007790E+5
1.108000E-2	0.000000E+0	1.020190E+5
1.110000E-2	0.000000E+0	1.014450E+5
1.112000E-2	0.000000E+0	1.011370E+5
1.114000E-2	0.000000E+0	1.010570E+5
1.116000E-2	0.000000E+0	1.012680E+5
1.118000E-2	0.000000E+0	1.011820E+5
1.120000E-2	0.000000E+0	1.009510E+5
1.122000E-2	0.000000E+0	1.009700E+5
1.124000E-2	0.000000E+0	1.019330E+5
1.126000E-2	0.000000E+0	1.016660E+5
1.128000E-2	0.000000E+0	1.019980E+5
1.130000E-2	0.000000E+0	1.007860E+5
1.132000E-2	0.000000E+0	1.018030E+5
1.134000E-2	0.000000E+0	1.014290E+5
1.136000E-2	0.000000E+0	1.012340E+5
1.138000E-2	0.000000E+0	1.009980E+5
1.140000E-2	0.000000E+0	1.014080E+5
1.142000E-2	0.000000E+0	1.010800E+5
1.144000E-2	0.000000E+0	1.015020E+5
1.146000E-2	0.000000E+0	1.015240E+5
1.148000E-2	0.000000E+0	1.013790E+5
1.150000E-2	0.000000E+0	1.013570E+5
1.152000E-2	0.000000E+0	1.012850E+5
1.154000E-2	0.000000E+0	1.011620E+5
1.156000E-2	0.000000E+0	1.013190E+5
1.158000E-2	0.000000E+0	1.013590E+5
1.160000E-2	0.000000E+0	1.013400E+5
1.162000E-2	0.000000E+0	1.012570E+5
1.164000E-2	0.000000E+0	1.011540E+5
1.166000E-2	0.000000E+0	1.005330E+5
1.168000E-2	0.000000E+0	1.015250E+5
1.170000E-2	0.000000E+0	1.017120E+5
1.172000E-2	0.000000E+0	1.010280E+5
1.174000E-2	0.000000E+0	1.010110E+5
1.176000E-2	0.000000E+0	1.012650E+5
1.178000E-2	0.000000E+0	1.012710E+5
1.180000E-2	0.000000E+0	1.009970E+5
1.182000E-2	0.000000E+0	1.019000E+5
1.184000E-2	0.000000E+0	1.012970E+5
1.186000E-2	0.000000E+0	1.009070E+5
1.188000E-2	0.000000E+0	1.007590E+5
1.190000E-2	0.000000E+0	1.013770E+5
1.192000E-2	0.000000E+0	1.010250E+5
1.194000E-2	0.000000E+0	1.014850E+5
1.196000E-2	0.000000E+0	1.007180E+5
1.198000E-2	0.000000E+0	1.009030E+5
1.200000E-2	0.000000E+0	1.009820E+5
1.202000E-2	0.000000E+0	1.013330E+5
1.204000E-2	0.000000E+0	1.011670E+5
1.206000E-2	0.000000E+0	1.014750E+5
1.208000E-2	0.000000E+0	1.014420E+5
1.210000E-2	0.000000E+0	1.012750E+5
1.212000E-2	0.000000E+0	1.009420E+5
1.214000E-2	0.000000E+0	1.010430E+5
1.216000E-2	0.000000E+0	1.013190E+5
1.218000E-2	0.000000E+0	1.012000E+5
1.220000E-2	0.000000E+0	1.013740E+5
1.222000E-2	0.000000E+0	1.011840E+5
1.224000E-2	0.000000E+0	1.013620E+5
1.226000E-2	0.000000E+0	1.006000E+5
1.228000E-2	0.000000E+0	1.011210E+5
1.230000E-2	0.000000E+0	1.008780E+5
1.232000E-2	0.000000E+0	1.013600E+5
1.234000E-2	0.000000E+0	1.015950E+5
1.236000E-2	0.000000E+0	1.014560E+5
1.238000E-2	0.000000E+0	1.011690E+5
1.240000E-2	0.000000E+0	1.007830E+5
1.242000E-2	0.000000E+0	1.016880E+5
1.244000E-2	0.000000E+0	1.012090E+5
1.246000E-2	0.000000E+0	1.003430E+5
1.248000E-2	0.000000E+0	1.010340E+5
1.250000E-2	0.000000E+0	1.014280E+5
1.252000E-2	0.000000E+0	1.014060E+5
1.254000E-2	0.000000E+0	1.006970E+5
1.256000E-2	0.000000E+0	1.013980E+5
1.258000E-2	0.000000E+0	1.016700E+5
1.260000E-2	0.000000E+0	1.014430E+5
1.262000E-2	0.000000E+0	1.007700E+5
1.264000E-2	0.000000E+0	1.011320E+5
1.266000E-2	0.000000E+0	1.011980E+5
1.268000E-2	0.000000E+0	1.010820E+5
1.270000E-2	0.000000E+0	1.012450E+5
1.272000E-2	0.000000E+0	1.011000E+5
1.274000E-2	0.000000E+0	1.011560E+5
1.276000E-2	0.000000E+0	1.014570E+5
1.278000E-2	0.000000E+0	1.014330E+5
1.280000E-2	0.000000E+0	1.014400E+5
1.282000E-2	0.000000E+0	1.007310E+5
1.284000E-2	0.000000E+0	1.012330E+5
1.286000E-2	0.000000E+0	1.016200E+5
1.288000E-2	0.000000E+0	1.013850E+5
1.290000E-2	0.000000E+0	1.009460E+5
1.292000E-2	0.000000E+0	1.012540E+5
1.294000E-2	0.000000E+0	1.011490E+5
1.296000E-2	0.000000E+0	1.012190E+5
1.298000E-2	0.000000E+0	1.013360E+5
1.300000E-2	0.000000E+0	1.007740E+5
1.302000E-2	0.000000E+0	1.016860E+5
1.304000E-2	0.000000E+0	1.013740E+5
1.306000E-2	0.000000E+0	1.010790E+5
1.308000E-2	0.000000E+0	1.019080E+5
1.310000E-2	0.000000E+0	1.016290E+5
1.312000E-2	0.000000E+0	1.010900E+5
1.314000E-2	0.000000E+0	1.009820E+5
1.316000E-2	0.000000E+0	1.013810E+5
1.318000E-2	0.000000E+0	1.012350E+5
1.320000E-2	0.000000E+0	1.011890E+5
1.322000E-2	0.000000E+0	1.011160E+5
1.324000E-2	0.000000E+0	1.008760E+5
1.326000E-2	0.000000E+0	1.014660E+5
1.328000E-2	0.000000E+0	1.017390E+5
1.330000E-2	0.000000E+0	1.013980E+5
1.332000E-2	0.000000E+0	1.018760E+5
1.334000E-2	0.000000E+0	1.012460E+5
1.336000E-2	0.000000E+0	1.011840E+5
1.338000E-2	0.000000E+0	1.006760E+5
1.340000E-2	0.000000E+0	1.015660E+5
1.342000E-2	0.000000E+0	1.016870E+5
1.344000E-2	0.000000E+0	1.014260E+5
1.346000E-2	0.000000E+0	1.013820E+5
1.348000E-2	0.000000E+0	1.012490E+5
1.350000E-2	0.000000E+0	1.013190E+5
1.352000E-2	0.000000E+0	1.012810E+5
1.354000E-2	0.000000E+0	1.014480E+5
1.356000E-2	0.000000E+0	1.012090E+5
1.358000E-2	0.000000E+0	1.003510E+5
1.360000E-2	0.000000E+0	1.012030E+5
1.362000E-2	0.000000E+0	1.007810E+5
1.364000E-2	0.000000E+0	1.009090E+5
1.366000E-2	0.000000E+0	1.008050E+5
1.368000E-2	0.000000E+0	1.016230E+5
1.370000E-2	0.000000E+0	1.014900E+5
1.372000E-2	0.000000E+0	1.012770E+5
1.374000E-2	0.000000E+0	1.008470E+5
1.376000E-2	0.000000E+0	1.013830E+5
1.378000E-2	0.000000E+0	1.020240E+5
1.380000E-2	0.000000E+0	1.007500E+5
1.382000E-2	0.000000E+0	1.006680E+5
1.384000E-2	0.000000E+0	1.009450E+5
1.386000E-2	0.000000E+0	1.018140E+5
1.388000E-2	0.000000E+0	1.012120E+5
1.390000E-2	0.000000E+0	1.014410E+5
1.392000E-2	0.000000E+0	1.009730E+5
1.394000E-2	0.000000E+0	1.018540E+5
1.396000E-2	0.000000E+0	1.007050E+5
1.398000E-2	0.000000E+0	1.018410E+5
1.400000E-2	0.000000E+0	1.014360E+5
1.402000E-2	0.000000E+0	1.012320E+5
1.404000E-2	0.000000E+0	1.016780E+5
1.406000E-2	0.000000E+0	1.010790E+5
1.408000E-2	0.000000E+0	1.016710E+5
1.410000E-2	0.000000E+0	1.012490E+5
1.412000E-2	0.000000E+0	1.009030E+5
1.414000E-2	0.000000E+0	1.011000E+5
1.416000E-2	0.000000E+0	1.016730E+5
1.418000E-2	0.000000E+0	1.012980E+5
1.420000E-2	0.000000E+0	1.015700E+5
1.422000E-2	0.000000E+0	1.011710E+5
1.424000E-2	0.000000E+0	1.010430E+5
1.426000E-2	0.000000E+0	1.015730E+5
1.428000E-2	0.000000E+0	1.014060E+5
1.430000E-2	0.000000E+0	1.009680E+5
1.432000E-2	0.000000E+0	1.016830E+5
1.434000E-2	0.000000E+0	1.010400E+5
1.436000E-2	0.000000E+0	1.010960E+5
1.438000E-2	0.000000E+0	1.011160E+5
1.440000E-2	0.000000E+0	1.012180E+5
1.442000E-2	0.000000E+0	1.015910E+5
1.444000E-2	0.000000E+0	1.016800E+5
1.446000E-2	0.000000E+0	1.012500E+5
1.448000E-2	0.000000E+0	1.009990E+5
1.450000E-2	0.000000E+0	1.009280E+5
1.452000E-2	0.000000E+0	1.014710E+5
1.454000E-2	0.000000E+0	1.010830E+5
1.456000E-2	0.000000E+0	1.012920E+5
1.458000E-2	0.000000E+0	1.008280E+5
1.460000E-2	0.000000E+0	1.008630E+5
1.462000E-2	0.000000E+0	1.015400E+5
1.464000E-2	0.000000E+0	1.014090E+5
1.466000E-2	0.000000E+0	1.012240E+5
1.468000E-2	0.000000E+0	1.012440E+5
1.470000E-2	0.000000E+0	1.006130E+5
1.472000E-2	0.000000E+0	1.010060E+5
1.474000E-2	0.000000E+0	1.014310E+5
1.476000E-2	0.000000E+0	1.011460E+5
1.478000E-2	0.000000E+0	1.018170E+5
1.480000E-2	0.000000E+0	1.013000E+5
1.482000E-2	0.000000E+0	1.011640E+5
1.484000E-2	0.000000E+0	1.011410E+5
1.486000E-2	0.000000E+0	1.012790E+5
1.488000E-2	0.000000E+0	1.008810E+5
1.490000E-2	0.000000E+0	1.013640E+5
1.492000E-2	0.000000E+0	1.012640E+5
1.494000E-2	0.000000E+0	1.012560E+5
1.496000E-2	0.000000E+0	1.015530E+5
1.498000E-2	0.000000E+0	1.011900E+5
1.500000E-2	0.000000E+0	1.013820E+5
1.502000E-2	0.000000E+0	1.013100E+5
1.504000E-2	0.000000E+0	1.020770E+5
1.506000E-2	0.000000E+0	1.010800E+5
1.508000E-2	0.000000E+0	1.015110E+5
1.510000E-2	0.000000E+0	1.013940E+5
1.512000E-2	0.000000E+0	1.012970E+5
1.514000E-2	0.000000E+0	1.008030E+5
1.516000E-2	0.000000E+0	1.013910E+5
1.518000E-2	0.000000E+0	1.014530E+5
1.520000E-2	0.000000E+0	1.008260E+5
1.522000E-2	0.000000E+0	1.011020E+5
1.524000E-2	0.000000E+0	1.013980E+5
1.526000E-2	0.000000E+0	1.004990E+5
1.528000E-2	0.000000E+0	1.017630E+5
1.530000E-2	0.000000E+0	1.016540E+5
1.532000E-2	0.000000E+0	1.012370E+5
1.534000E-2	0.000000E+0	1.014310E+5
1.536000E-2	0.000000E+0	1.012210E+5
1.538000E-2	0.000000E+0	1.010870E+5
1.540000E-2	0.000000E+0	1.012320E+5
1.542000E-2	0.000000E+0	1.008640E+5
1.544000E-2	0.000000E+0	1.012650E+5
1.546000E-2	0.000000E+0	1.007920E+5
1.548000E-2	0.000000E+0	1.010730E+5
1.550000E-2	0.000000E+0	1.011380E+5
1.552000E-2	0.000000E+0	1.010210E+5
1.554000E-2	0.000000E+0	1.009440E+5
1.556000E-2	0.000000E+0	1.017130E+5
1.558000E-2	0.000000E+0	1.016560E+5
1.560000E-2	0.000000E+0	1.012010E+5
1.562000E-2	0.000000E+0	1.008880E+5
1.564000E-2	0.000000E+0	1.009040E+5
1.566000E-2	0.000000E+0	1.012210E+5
1.568000E-2	0.000000E+0	1.010960E+5
1.570000E-2	0.000000E+0	1.013510E+5
1.572000E-2	0.000000E+0	1.012840E+5
1.574000E-2	0.000000E+0	1.012640E+5
1.576000E-2	0.000000E+0	1.008060E+5
1.578000E-2	0.000000E+0	1.009430E+5
1.580000E-2	0.000000E+0	1.016100E+5
1.582000E-2	0.000000E+0	1.013440E+5
1.584000E-2	0.000000E+0	1.010540E+5
1.586000E-2	0.000000E+0	1.011050E+5
1.588000E-2	0.000000E+0	1.012190E+5
1.590000E-2	0.000000E+0	1.012160E+5
1.592000E-2	0.000000E+0	1.009470E+5
1.594000E-2	0.000000E+0	1.012300E+5
1.596000E-2	0.000000E+0	1.008610E+5
1.598000E-2	0.000000E+0	1.010590E+5
1.600000E-2	0.000000E+0	1.010750E+5
1.602000E-2	0.000000E+0	1.008620E+5
1.604000E-2	0.000000E+0	1.013180E+5
1.606000E-2	0.000000E+0	1.014400E+5
1.608000E-2	0.000000E+0	1.011460E+5
1.610000E-2	0.000000E+0	1.010760E+5
1.612000E-2	0.000000E+0	1.005430E+5
1.614000E-2	0.000000E+0	1.012050E+5
1.616000E-2	0.000000E+0	1.016340E+5
1.618000E-2	0.000000E+0	1.004560E+5
1.620000E-2	0.000000E+0	1.009220E+5
1.622000E-2	0.000000E+0	1.005220E+5
1.624000E-2	0.000000E+0	1.011870E+5
1.626000E-2	0.000000E+0	1.007490E+5
1.628000E-2	0.000000E+0	1.009890E+5
1.630000E-2	0.000000E+0	1.009150E+5
1.632000E-2	0.000000E+0	1.010470E+5
1.634000E-2	0.000000E+0	1.011990E+5
1.636000E-2	0.000000E+0	1.006730E+5
1.638000E-2	0.000000E+0	1.009870E+5
1.640000E-2	0.000000E+0	1.006510E+5
1.642000E-2	0.000000E+0	1.010460E+5
1.644000E-2	0.000000E+0	1.011790E+5
1.646000E-2	0.000000E+0	1.003370E+5
1.648000E-2	0.000000E+0	1.018160E+5
1.650000E-2	0.000000E+0	1.013860E+5
1.652000E-2	0.000000E+0	1.012010E+5
1.654000E-2	0.000000E+0	1.005390E+5
1.656000E-2	0.000000E+0	1.008850E+5
1.658000E-2	0.000000E+0	1.014330E+5
1.660000E-2	0.000000E+0	1.006280E+5
1.662000E-2	0.000000E+0	1.008410E+5
1.664000E-2	0.000000E+0	1.012650E+5
1.666000E-2	0.000000E+0	1.012600E+5
1.668000E-2	0.000000E+0	1.008260E+5
1.670000E-2	0.000000E+0	1.007890E+5
1.672000E-2	0.000000E+0	1.008930E+5
1.674000E-2	0.000000E+0	1.004880E+5
1.676000E-2	0.000000E+0	1.007130E+5
1.678000E-2	0.000000E+0	1.009560E+5
1.680000E-2	0.000000E+0	1.010720E+5
1.682000E-2	0.000000E+0	1.006650E+5
1.684000E-2	0.000000E+0	1.005330E+5
1.686000E-2	0.000000E+0	1.004360E+5
1.688000E-2	0.000000E+0	1.004960E+5
1.690000E-2	0.000000E+0	9.987000E+4
1.692000E-2	0.000000E+0	1.002370E+5
1.694000E-2	0.000000E+0	9.996900E+4
1.696000E-2	0.000000E+0	9.963700E+4
1.698000E-2	0.000000E+0	9.927900E+4
1.700000E-2	0.000000E+0	9.900700E+4
1.702000E-2	0.000000E+0	9.881300E+4
1.704000E-2	0.000000E+0	9.790900E+4
1.706000E-2	0.000000E+0	9.731300E+4
1.708000E-2	0.000000E+0	9.660000E+4
1.710000E-2	0.000000E+0	9.464700E+4
1.712000E-2	0.000000E+0	9.284300E+4
1.714000E-2	0.000000E+0	8.865400E+4
1.716000E-2	0.000000E+0	8.255100E+4
1.718000E-2	0.000000E+0	7.607500E+4
1.720000E-2	0.000000E+0	6.833500E+4
1.722000E-2	0.000000E+0	6.280600E+4
1.724000E-2	0.000000E+0	6.019100E+4
1.726000E-2	0.000000E+0	6.167200E+4
1.728000E-2	0.000000E+0	6.634600E+4
1.730000E-2	0.000000E+0	7.360900E+4
1.732000E-2	0.000000E+0	8.006100E+4
1.734000E-2	0.000000E+0	8.674000E+4
1.736000E-2	0.000000E+0	9.083700E+4
1.738000E-2	0.000000E+0	9.376400E+4
1.740000E-2	0.000000E+0	9.635700E+4
1.742000E-2	0.000000E+0	9.735300E+4
1.744000E-2	0.000000E+0	9.805900E+4
1.746000E-2	0.000000E+0	9.875900E+4
1.748000E-2	0.000000E+0	9.906100E+4
1.750000E-2	0.000000E+0	9.922800E+4
1.752000E-2	0.000000E+0	9.919100E+4
1.754000E-2	0.000000E+0	1.007650E+5
1.756000E-2	0.000000E+0	9.958900E+4
1.758000E-2	0.000000E+0	9.990300E+4
1.760000E-2	0.000000E+0	1.007550E+5
1.762000E-2	0.000000E+0	1.001550E+5
1.764000E-2	0.000000E+0	1.003610E+5
1.766000E-2	0.000000E+0	1.004200E+5
1.768000E-2	0.000000E+0	1.006470E+5
1.770000E-2	0.000000E+0	1.006980E+5
1.772000E-2	0.000000E+0	1.012130E+5
1.774000E-2	0.000000E+0	1.002030E+5
1.776000E-2	0.000000E+0	1.004890E+5
1.778000E-2	0.000000E+0	1.007370E+5
1.780000E-2	0.000000E+0	1.009300E+5
1.782000E-2	0.000000E+0	1.009430E+5
1.784000E-2	0.000000E+0	1.013670E+5
1.786000E-2	0.000000E+0	1.017320E+5
1.788000E-2	0.000000E+0	1.010180E+5
1.790000E-2	0.000000E+0	1.005530E+5
1.792000E-2	0.000000E+0	1.011870E+5
1.794000E-2	0.000000E+0	1.011590E+5
1.796000E-2	0.000000E+0	1.012190E+5
1.798000E-2	0.000000E+0	1.009600E+5
1.800000E-2	0.000000E+0	1.009320E+5
1.802000E-2	0.000000E+0	1.005650E+5
1.804000E-2	0.000000E+0	1.009570E+5
1.806000E-2	0.000000E+0	1.012090E+5
1.808000E-2	0.000000E+0	1.009440E+5
1.810000E-2	0.000000E+0	1.014920E+5
1.812000E-2	0.000000E+0	1.014000E+5
1.814000E-2	0.000000E+0	1.005710E+5
1.816000E-2	0.000000E+0	1.010390E+5
1.818000E-2	0.000000E+0	1.007260E+5
1.820000E-2	0.000000E+0	1.011570E+5
1.822000E-2	0.000000E+0	1.006160E+5
1.824000E-2	0.000000E+0	1.005960E+5
1.826000E-2	0.000000E+0	1.009070E+5
1.828000E-2	0.000000E+0	1.014980E+5
1.830000E-2	0.000000E+0	1.009770E+5
1.832000E-2	0.000000E+0	1.010490E+5
1.834000E-2	0.000000E+0	1.012090E+5
1.836000E-2	0.000000E+0	1.005040E+5
1.838000E-2	0.000000E+0	1.012380E+5
1.840000E-2	0.000000E+0	1.015920E+5
1.842000E-2	0.000000E+0	1.014650E+5
1.844000E-2	0.000000E+0	1.013830E+5
1.846000E-2	0.000000E+0	1.012810E+5
1.848000E-2	0.000000E+0	1.006810E+5
1.850000E-2	0.000000E+0	1.012210E+5
1.852000E-2	0.000000E+0	1.006360E+5
1.854000E-2	0.000000E+0	1.009420E+5
1.856000E-2	0.000000E+0	1.013720E+5
1.858000E-2	0.000000E+0	1.006850E+5
1.860000E-2	0.000000E+0	1.010870E+5
1.862000E-2	0.000000E+0	1.010040E+5
1.864000E-2	0.000000E+0	1.020580E+5
1.866000E-2	0.000000E+0	1.003570E+5
1.868000E-2	0.000000E+0	1.015600E+5
1.870000E-2	0.000000E+0	1.010340E+5
1.872000E-2	0.000000E+0	1.011400E+5
1.874000E-2	0.000000E+0	1.010740E+5
1.876000E-2	0.000000E+0	1.006730E+5
1.878000E-2	0.000000E+0	1.006140E+5
1.880000E-2	0.000000E+0	1.008170E+5
1.882000E-2	0.000000E+0	1.012410E+5
1.884000E-2	0.000000E+0	1.008580E+5
1.886000E-2	0.000000E+0	1.013140E+5
1.888000E-2	0.000000E+0	1.010430E+5
1.890000E-2	0.000000E+0	1.010920E+5
1.892000E-2	0.000000E+0	1.008140E+5
1.894000E-2	0.000000E+0	1.011960E+5
1.896000E-2	0.000000E+0	1.011650E+5
1.898000E-2	0.000000E+0	1.020910E+5
1.900000E-2	0.000000E+0	1.012560E+5
1.902000E-2	0.000000E+0	1.010200E+5
1.904000E-2	0.000000E+0	1.013350E+5
1.906000E-2	0.000000E+0	1.012150E+5
1.908000E-2	0.000000E+0	1.014320E+5
1.910000E-2	0.000000E+0	1.005290E+5
1.912000E-2	0.000000E+0	1.007240E+5
1.914000E-2	0.000000E+0	1.016130E+5
1.916000E-2	0.000000E+0	1.009440E+5
1.918000E-2	0.000000E+0	1.010270E+5
1.920000E-2	0.000000E+0	1.010030E+5
1.922000E-2	0.000000E+0	1.010920E+5
1.924000E-2	0.000000E+0	1.021580E+5
1.926000E-2	0.000000E+0	1.014570E+5
1.928000E-2	0.000000E+0	1.009720E+5
1.930000E-2	0.000000E+0	1.010080E+5
1.932000E-2	0.000000E+0	1.013570E+5
1.934000E-2	0.000000E+0	1.012820E+5
1.936000E-2	0.000000E+0	1.008430E+5
1.938000E-2	0.000000E+0	1.014130E+5
1.940000E-2	0.000000E+0	1.009640E+5
1.942000E-2	0.000000E+0	1.012150E+5
1.944000E-2	0.000000E+0	1.009820E+5
1.946000E-2	0.000000E+0	1.011760E+5
1.948000E-2	0.000000E+0	1.012900E+5
1.950000E-2	0.000000E+0	1.014460E+5
1.952000E-2	0.000000E+0	1.013010E+5
1.954000E-2	0.000000E+0	1.015290E+5
1.956000E-2	0.000000E+0	1.012930E+5
1.958000E-2	0.000000E+0	1.010480E+5
1.960000E-2	0.000000E+0	1.003970E+5
1.962000E-2	0.000000E+0	1.010850E+5
1.964000E-2	0.000000E+0	1.012740E+5
1.966000E-2	0.000000E+0	1.013350E+5
1.968000E-2	0.000000E+0	1.009530E+5
1.970000E-2	0.000000E+0	1.014580E+5
1.972000E-2	0.000000E+0	1.007820E+5
1.974000E-2	0.000000E+0	1.009450E+5
1.976000E-2	0.000000E+0	1.008150E+5
1.978000E-2	0.000000E+0	1.010160E+5
1.980000E-2	0.000000E+0	1.011500E+5
1.982000E-2	0.000000E+0	1.013250E+5
1.984000E-2	0.000000E+0	1.008890E+5
1.986000E-2	0.000000E+0	1.013310E+5
1.988000E-2	0.000000E+0	1.015340E+5
1.990000E-2	0.000000E+0	1.015140E+5
1.992000E-2	0.000000E+0	1.013790E+5
1.994000E-2	0.000000E+0	1.015210E+5
1.996000E-2	0.000000E+0	1.010580E+5
1.998000E-2	0.000000E+0	1.008140E+5
