Data run ended at:  Friday, April 09, 2021	1:50:33 AM
Total number of sweeps:  14912522	live time (sec):  298250.440000	real time (sec):  345601.047000


time (sec)	counts
0.000000E+0	0.000000E+0
2.000000E-5	1.486000E+5
4.000000E-5	1.490030E+5
6.000000E-5	1.492610E+5
8.000000E-5	1.493240E+5
1.000000E-4	1.487200E+5
1.200000E-4	1.492580E+5
1.400000E-4	1.496910E+5
1.600000E-4	1.502210E+5
1.800000E-4	1.493490E+5
2.000000E-4	1.498200E+5
2.200000E-4	1.496300E+5
2.400000E-4	1.495410E+5
2.600000E-4	1.493480E+5
2.800000E-4	1.491180E+5
3.000000E-4	1.495150E+5
3.200000E-4	1.489090E+5
3.400000E-4	1.495680E+5
3.600000E-4	1.492180E+5
3.800000E-4	1.497770E+5
4.000000E-4	1.496160E+5
4.200000E-4	1.492580E+5
4.400000E-4	1.488440E+5
4.600000E-4	1.495450E+5
4.800000E-4	1.498530E+5
5.000000E-4	1.491050E+5
5.200000E-4	1.495230E+5
5.400000E-4	1.493580E+5
5.600000E-4	1.494310E+5
5.800000E-4	1.493530E+5
6.000000E-4	1.488140E+5
6.200000E-4	1.489200E+5
6.400000E-4	1.492400E+5
6.600000E-4	1.490660E+5
6.800000E-4	1.491320E+5
7.000000E-4	1.492990E+5
7.200000E-4	1.495130E+5
7.400000E-4	1.490040E+5
7.600000E-4	1.489720E+5
7.800000E-4	1.491680E+5
8.000000E-4	1.494620E+5
8.200000E-4	1.493500E+5
8.400000E-4	1.494120E+5
8.600000E-4	1.497510E+5
8.800000E-4	1.494300E+5
9.000000E-4	1.483690E+5
9.200000E-4	1.491120E+5
9.400000E-4	1.497360E+5
9.600000E-4	1.494600E+5
9.800000E-4	1.495620E+5
1.000000E-3	1.488430E+5
1.020000E-3	1.493980E+5
1.040000E-3	1.498190E+5
1.060000E-3	1.491950E+5
1.080000E-3	1.489630E+5
1.100000E-3	1.495850E+5
1.120000E-3	1.487580E+5
1.140000E-3	1.488690E+5
1.160000E-3	1.490760E+5
1.180000E-3	1.491630E+5
1.200000E-3	1.495510E+5
1.220000E-3	1.487460E+5
1.240000E-3	1.496370E+5
1.260000E-3	1.491720E+5
1.280000E-3	1.494570E+5
1.300000E-3	1.494340E+5
1.320000E-3	1.491010E+5
1.340000E-3	1.498530E+5
1.360000E-3	1.487200E+5
1.380000E-3	1.496240E+5
1.400000E-3	1.495920E+5
1.420000E-3	1.490780E+5
1.440000E-3	1.494340E+5
1.460000E-3	1.498290E+5
1.480000E-3	1.491910E+5
1.500000E-3	1.483120E+5
1.520000E-3	1.490340E+5
1.540000E-3	1.496060E+5
1.560000E-3	1.496140E+5
1.580000E-3	1.490860E+5
1.600000E-3	1.496110E+5
1.620000E-3	1.502760E+5
1.640000E-3	1.492430E+5
1.660000E-3	1.492080E+5
1.680000E-3	1.494130E+5
1.700000E-3	1.487570E+5
1.720000E-3	1.489290E+5
1.740000E-3	1.491590E+5
1.760000E-3	1.497590E+5
1.780000E-3	1.496110E+5
1.800000E-3	1.490380E+5
1.820000E-3	1.500990E+5
1.840000E-3	1.498790E+5
1.860000E-3	1.497020E+5
1.880000E-3	1.497390E+5
1.900000E-3	1.495360E+5
1.920000E-3	1.496160E+5
1.940000E-3	1.492930E+5
1.960000E-3	1.494970E+5
1.980000E-3	1.498600E+5
2.000000E-3	1.492800E+5
2.020000E-3	1.496640E+5
2.040000E-3	1.489730E+5
2.060000E-3	1.503900E+5
2.080000E-3	1.488380E+5
2.100000E-3	1.487520E+5
2.120000E-3	1.494800E+5
2.140000E-3	1.495700E+5
2.160000E-3	1.494140E+5
2.180000E-3	1.495380E+5
2.200000E-3	1.492850E+5
2.220000E-3	1.487020E+5
2.240000E-3	1.495970E+5
2.260000E-3	1.495740E+5
2.280000E-3	1.496720E+5
2.300000E-3	1.497810E+5
2.320000E-3	1.492940E+5
2.340000E-3	1.484960E+5
2.360000E-3	1.494400E+5
2.380000E-3	1.491980E+5
2.400000E-3	1.497030E+5
2.420000E-3	1.494960E+5
2.440000E-3	1.490180E+5
2.460000E-3	1.490510E+5
2.480000E-3	1.490700E+5
2.500000E-3	1.492350E+5
2.520000E-3	1.494510E+5
2.540000E-3	1.493590E+5
2.560000E-3	1.486540E+5
2.580000E-3	1.495460E+5
2.600000E-3	1.495520E+5
2.620000E-3	1.488820E+5
2.640000E-3	1.493410E+5
2.660000E-3	1.488760E+5
2.680000E-3	1.498460E+5
2.700000E-3	1.492060E+5
2.720000E-3	1.487980E+5
2.740000E-3	1.491660E+5
2.760000E-3	1.497640E+5
2.780000E-3	1.494480E+5
2.800000E-3	1.489440E+5
2.820000E-3	1.489010E+5
2.840000E-3	1.492330E+5
2.860000E-3	1.494370E+5
2.880000E-3	1.497030E+5
2.900000E-3	1.486350E+5
2.920000E-3	1.491790E+5
2.940000E-3	1.493520E+5
2.960000E-3	1.494700E+5
2.980000E-3	1.491450E+5
3.000000E-3	1.487620E+5
3.020000E-3	1.493980E+5
3.040000E-3	1.493850E+5
3.060000E-3	1.491750E+5
3.080000E-3	1.490830E+5
3.100000E-3	1.495180E+5
3.120000E-3	1.491360E+5
3.140000E-3	1.486370E+5
3.160000E-3	1.487650E+5
3.180000E-3	1.487070E+5
3.200000E-3	1.496150E+5
3.220000E-3	1.490190E+5
3.240000E-3	1.491300E+5
3.260000E-3	1.494080E+5
3.280000E-3	1.494910E+5
3.300000E-3	1.493560E+5
3.320000E-3	1.494580E+5
3.340000E-3	1.490820E+5
3.360000E-3	1.494440E+5
3.380000E-3	1.487490E+5
3.400000E-3	1.492540E+5
3.420000E-3	1.495810E+5
3.440000E-3	1.490830E+5
3.460000E-3	1.494560E+5
3.480000E-3	1.495320E+5
3.500000E-3	1.497920E+5
3.520000E-3	1.493620E+5
3.540000E-3	1.502270E+5
3.560000E-3	1.493480E+5
3.580000E-3	1.493800E+5
3.600000E-3	1.483520E+5
3.620000E-3	1.494120E+5
3.640000E-3	1.497350E+5
3.660000E-3	1.494460E+5
3.680000E-3	1.497190E+5
3.700000E-3	1.491190E+5
3.720000E-3	1.488600E+5
3.740000E-3	1.492860E+5
3.760000E-3	1.495540E+5
3.780000E-3	1.490650E+5
3.800000E-3	1.488620E+5
3.820000E-3	1.490810E+5
3.840000E-3	1.495270E+5
3.860000E-3	1.494950E+5
3.880000E-3	1.492340E+5
3.900000E-3	1.485390E+5
3.920000E-3	1.498700E+5
3.940000E-3	1.493710E+5
3.960000E-3	1.493310E+5
3.980000E-3	1.491050E+5
4.000000E-3	1.490270E+5
4.020000E-3	1.496930E+5
4.040000E-3	1.490890E+5
4.060000E-3	1.488710E+5
4.080000E-3	1.493770E+5
4.100000E-3	1.494110E+5
4.120000E-3	1.490460E+5
4.140000E-3	1.496200E+5
4.160000E-3	1.489600E+5
4.180000E-3	1.494510E+5
4.200000E-3	1.486190E+5
4.220000E-3	1.497960E+5
4.240000E-3	1.490410E+5
4.260000E-3	1.492470E+5
4.280000E-3	1.500690E+5
4.300000E-3	1.492720E+5
4.320000E-3	1.497690E+5
4.340000E-3	1.492020E+5
4.360000E-3	1.497570E+5
4.380000E-3	1.485070E+5
4.400000E-3	1.500990E+5
4.420000E-3	1.489820E+5
4.440000E-3	1.495050E+5
4.460000E-3	1.498140E+5
4.480000E-3	1.493800E+5
4.500000E-3	1.487170E+5
4.520000E-3	1.496400E+5
4.540000E-3	1.495370E+5
4.560000E-3	1.498350E+5
4.580000E-3	1.496080E+5
4.600000E-3	1.499270E+5
4.620000E-3	1.493850E+5
4.640000E-3	1.498490E+5
4.660000E-3	1.492960E+5
4.680000E-3	1.494920E+5
4.700000E-3	1.490570E+5
4.720000E-3	1.494340E+5
4.740000E-3	1.490000E+5
4.760000E-3	1.488160E+5
4.780000E-3	1.486390E+5
4.800000E-3	1.498670E+5
4.820000E-3	1.493230E+5
4.840000E-3	1.492080E+5
4.860000E-3	1.495620E+5
4.880000E-3	1.496420E+5
4.900000E-3	1.498220E+5
4.920000E-3	1.491380E+5
4.940000E-3	1.498350E+5
4.960000E-3	1.495270E+5
4.980000E-3	1.489100E+5
5.000000E-3	1.487080E+5
5.020000E-3	1.492210E+5
5.040000E-3	1.491940E+5
5.060000E-3	1.499450E+5
5.080000E-3	1.492860E+5
5.100000E-3	1.494520E+5
5.120000E-3	1.498540E+5
5.140000E-3	1.489840E+5
5.160000E-3	1.497630E+5
5.180000E-3	1.487580E+5
5.200000E-3	1.487290E+5
5.220000E-3	1.488450E+5
5.240000E-3	1.487980E+5
5.260000E-3	1.493860E+5
5.280000E-3	1.484560E+5
5.300000E-3	1.484340E+5
5.320000E-3	1.488260E+5
5.340000E-3	1.486100E+5
5.360000E-3	1.491830E+5
5.380000E-3	1.483490E+5
5.400000E-3	1.483750E+5
5.420000E-3	1.483620E+5
5.440000E-3	1.479780E+5
5.460000E-3	1.483110E+5
5.480000E-3	1.477340E+5
5.500000E-3	1.470970E+5
5.520000E-3	1.478170E+5
5.540000E-3	1.474850E+5
5.560000E-3	1.476410E+5
5.580000E-3	1.470250E+5
5.600000E-3	1.469800E+5
5.620000E-3	1.454110E+5
5.640000E-3	1.444660E+5
5.660000E-3	1.426530E+5
5.680000E-3	1.402010E+5
5.700000E-3	1.374000E+5
5.720000E-3	1.319290E+5
5.740000E-3	1.245250E+5
5.760000E-3	1.158900E+5
5.780000E-3	1.050180E+5
5.800000E-3	9.609600E+4
5.820000E-3	9.095800E+4
5.840000E-3	9.109300E+4
5.860000E-3	9.540900E+4
5.880000E-3	1.046460E+5
5.900000E-3	1.154880E+5
5.920000E-3	1.254580E+5
5.940000E-3	1.335590E+5
5.960000E-3	1.379320E+5
5.980000E-3	1.415270E+5
6.000000E-3	1.439390E+5
6.020000E-3	1.448150E+5
6.040000E-3	1.456560E+5
6.060000E-3	1.462600E+5
6.080000E-3	1.469110E+5
6.100000E-3	1.470170E+5
6.120000E-3	1.475120E+5
6.140000E-3	1.478780E+5
6.160000E-3	1.477000E+5
6.180000E-3	1.483440E+5
6.200000E-3	1.483320E+5
6.220000E-3	1.481060E+5
6.240000E-3	1.482450E+5
6.260000E-3	1.487030E+5
6.280000E-3	1.489610E+5
6.300000E-3	1.489060E+5
6.320000E-3	1.481390E+5
6.340000E-3	1.489190E+5
6.360000E-3	1.483830E+5
6.380000E-3	1.487330E+5
6.400000E-3	1.493180E+5
6.420000E-3	1.496960E+5
6.440000E-3	1.483640E+5
6.460000E-3	1.489600E+5
6.480000E-3	1.492190E+5
6.500000E-3	1.489840E+5
6.520000E-3	1.489610E+5
6.540000E-3	1.491080E+5
6.560000E-3	1.490440E+5
6.580000E-3	1.491510E+5
6.600000E-3	1.487880E+5
6.620000E-3	1.489850E+5
6.640000E-3	1.488930E+5
6.660000E-3	1.493930E+5
6.680000E-3	1.487740E+5
6.700000E-3	1.489290E+5
6.720000E-3	1.488860E+5
6.740000E-3	1.493260E+5
6.760000E-3	1.495270E+5
6.780000E-3	1.494290E+5
6.800000E-3	1.491990E+5
6.820000E-3	1.491460E+5
6.840000E-3	1.489180E+5
6.860000E-3	1.499510E+5
6.880000E-3	1.490980E+5
6.900000E-3	1.493640E+5
6.920000E-3	1.499530E+5
6.940000E-3	1.490330E+5
6.960000E-3	1.481290E+5
6.980000E-3	1.493280E+5
7.000000E-3	1.494890E+5
7.020000E-3	1.490600E+5
7.040000E-3	1.487640E+5
7.060000E-3	1.493000E+5
7.080000E-3	1.492980E+5
7.100000E-3	1.487330E+5
7.120000E-3	1.491000E+5
7.140000E-3	1.498300E+5
7.160000E-3	1.498790E+5
7.180000E-3	1.498140E+5
7.200000E-3	1.488340E+5
7.220000E-3	1.493960E+5
7.240000E-3	1.493920E+5
7.260000E-3	1.496740E+5
7.280000E-3	1.487910E+5
7.300000E-3	1.490740E+5
7.320000E-3	1.493560E+5
7.340000E-3	1.492270E+5
7.360000E-3	1.491050E+5
7.380000E-3	1.493250E+5
7.400000E-3	1.493570E+5
7.420000E-3	1.495790E+5
7.440000E-3	1.494760E+5
7.460000E-3	1.490310E+5
7.480000E-3	1.494850E+5
7.500000E-3	1.484500E+5
7.520000E-3	1.496920E+5
7.540000E-3	1.492860E+5
7.560000E-3	1.495480E+5
7.580000E-3	1.489630E+5
7.600000E-3	1.488690E+5
7.620000E-3	1.497250E+5
7.640000E-3	1.495610E+5
7.660000E-3	1.499180E+5
7.680000E-3	1.497140E+5
7.700000E-3	1.492670E+5
7.720000E-3	1.494630E+5
7.740000E-3	1.489300E+5
7.760000E-3	1.499070E+5
7.780000E-3	1.489490E+5
7.800000E-3	1.499770E+5
7.820000E-3	1.493950E+5
7.840000E-3	1.493820E+5
7.860000E-3	1.494330E+5
7.880000E-3	1.495420E+5
7.900000E-3	1.498890E+5
7.920000E-3	1.493300E+5
7.940000E-3	1.491960E+5
7.960000E-3	1.494520E+5
7.980000E-3	1.489120E+5
8.000000E-3	1.485890E+5
8.020000E-3	1.488830E+5
8.040000E-3	1.487220E+5
8.060000E-3	1.491770E+5
8.080000E-3	1.504380E+5
8.100000E-3	1.487020E+5
8.120000E-3	1.490060E+5
8.140000E-3	1.492380E+5
8.160000E-3	1.490720E+5
8.180000E-3	1.489920E+5
8.200000E-3	1.490160E+5
8.220000E-3	1.487220E+5
8.240000E-3	1.494080E+5
8.260000E-3	1.485880E+5
8.280000E-3	1.497580E+5
8.300000E-3	1.496980E+5
8.320000E-3	1.492610E+5
8.340000E-3	1.497690E+5
8.360000E-3	1.489830E+5
8.380000E-3	1.498630E+5
8.400000E-3	1.496220E+5
8.420000E-3	1.492150E+5
8.440000E-3	1.495310E+5
8.460000E-3	1.494650E+5
8.480000E-3	1.495250E+5
8.500000E-3	1.492140E+5
8.520000E-3	1.490890E+5
8.540000E-3	1.495360E+5
8.560000E-3	1.498940E+5
8.580000E-3	1.489460E+5
8.600000E-3	1.494540E+5
8.620000E-3	1.494520E+5
8.640000E-3	1.493800E+5
8.660000E-3	1.494050E+5
8.680000E-3	1.496180E+5
8.700000E-3	1.497330E+5
8.720000E-3	1.493110E+5
8.740000E-3	1.495650E+5
8.760000E-3	1.503930E+5
8.780000E-3	1.491340E+5
8.800000E-3	1.493420E+5
8.820000E-3	1.496830E+5
8.840000E-3	1.496510E+5
8.860000E-3	1.494460E+5
8.880000E-3	1.491640E+5
8.900000E-3	1.502920E+5
8.920000E-3	1.493710E+5
8.940000E-3	1.492390E+5
8.960000E-3	1.494130E+5
8.980000E-3	1.486400E+5
9.000000E-3	1.492170E+5
9.020000E-3	1.494050E+5
9.040000E-3	1.496140E+5
9.060000E-3	1.492160E+5
9.080000E-3	1.495690E+5
9.100000E-3	1.492940E+5
9.120000E-3	1.494870E+5
9.140000E-3	1.492810E+5
9.160000E-3	1.481140E+5
9.180000E-3	1.489730E+5
9.200000E-3	1.496640E+5
9.220000E-3	1.492240E+5
9.240000E-3	1.490510E+5
9.260000E-3	1.493860E+5
9.280000E-3	1.489400E+5
9.300000E-3	1.495660E+5
9.320000E-3	1.492600E+5
9.340000E-3	1.496550E+5
9.360000E-3	1.490260E+5
9.380000E-3	1.495210E+5
9.400000E-3	1.492980E+5
9.420000E-3	1.489250E+5
9.440000E-3	1.491420E+5
9.460000E-3	1.493910E+5
9.480000E-3	1.489630E+5
9.500000E-3	1.497810E+5
9.520000E-3	1.494390E+5
9.540000E-3	1.484210E+5
9.560000E-3	1.494030E+5
9.580000E-3	1.499060E+5
9.600000E-3	1.487220E+5
9.620000E-3	1.494920E+5
9.640000E-3	1.495080E+5
9.660000E-3	1.495030E+5
9.680000E-3	1.486680E+5
9.700000E-3	1.495660E+5
9.720000E-3	1.494410E+5
9.740000E-3	1.501830E+5
9.760000E-3	1.490310E+5
9.780000E-3	1.494460E+5
9.800000E-3	1.496130E+5
9.820000E-3	1.489320E+5
9.840000E-3	1.495500E+5
9.860000E-3	1.495080E+5
9.880000E-3	1.497470E+5
9.900000E-3	1.496770E+5
9.920000E-3	1.501290E+5
9.940000E-3	1.486370E+5
9.960000E-3	1.485400E+5
9.980000E-3	1.491210E+5
1.000000E-2	1.494760E+5
1.002000E-2	1.490930E+5
1.004000E-2	1.489940E+5
1.006000E-2	1.489450E+5
1.008000E-2	1.494870E+5
1.010000E-2	1.495710E+5
1.012000E-2	1.493310E+5
1.014000E-2	1.500130E+5
1.016000E-2	1.498500E+5
1.018000E-2	1.493310E+5
1.020000E-2	1.500910E+5
1.022000E-2	1.498390E+5
1.024000E-2	1.494600E+5
1.026000E-2	1.493490E+5
1.028000E-2	1.494290E+5
1.030000E-2	1.491360E+5
1.032000E-2	1.496620E+5
1.034000E-2	1.494300E+5
1.036000E-2	1.493500E+5
1.038000E-2	1.491760E+5
1.040000E-2	1.496050E+5
1.042000E-2	1.489840E+5
1.044000E-2	1.497720E+5
1.046000E-2	1.492970E+5
1.048000E-2	1.501140E+5
1.050000E-2	1.490330E+5
1.052000E-2	1.492740E+5
1.054000E-2	1.490820E+5
1.056000E-2	1.494750E+5
1.058000E-2	1.493020E+5
1.060000E-2	1.482820E+5
1.062000E-2	1.489860E+5
1.064000E-2	1.491550E+5
1.066000E-2	1.495140E+5
1.068000E-2	1.492920E+5
1.070000E-2	1.487310E+5
1.072000E-2	1.490660E+5
1.074000E-2	1.492940E+5
1.076000E-2	1.492960E+5
1.078000E-2	1.491880E+5
1.080000E-2	1.491830E+5
1.082000E-2	1.491110E+5
1.084000E-2	1.488920E+5
1.086000E-2	1.488010E+5
1.088000E-2	1.493780E+5
1.090000E-2	1.496040E+5
1.092000E-2	1.488050E+5
1.094000E-2	1.492560E+5
1.096000E-2	1.496310E+5
1.098000E-2	1.493800E+5
1.100000E-2	1.494360E+5
1.102000E-2	1.485400E+5
1.104000E-2	1.496240E+5
1.106000E-2	1.486980E+5
1.108000E-2	1.500510E+5
1.110000E-2	1.496850E+5
1.112000E-2	1.489580E+5
1.114000E-2	1.492520E+5
1.116000E-2	1.488060E+5
1.118000E-2	1.491940E+5
1.120000E-2	1.489290E+5
1.122000E-2	1.489310E+5
1.124000E-2	1.497560E+5
1.126000E-2	1.499350E+5
1.128000E-2	1.498600E+5
1.130000E-2	1.487990E+5
1.132000E-2	1.498060E+5
1.134000E-2	1.496610E+5
1.136000E-2	1.490070E+5
1.138000E-2	1.491180E+5
1.140000E-2	1.492640E+5
1.142000E-2	1.491830E+5
1.144000E-2	1.489630E+5
1.146000E-2	1.496860E+5
1.148000E-2	1.495200E+5
1.150000E-2	1.491350E+5
1.152000E-2	1.492010E+5
1.154000E-2	1.491180E+5
1.156000E-2	1.495940E+5
1.158000E-2	1.490880E+5
1.160000E-2	1.495720E+5
1.162000E-2	1.491430E+5
1.164000E-2	1.493450E+5
1.166000E-2	1.483860E+5
1.168000E-2	1.495730E+5
1.170000E-2	1.497630E+5
1.172000E-2	1.486550E+5
1.174000E-2	1.491760E+5
1.176000E-2	1.491280E+5
1.178000E-2	1.496080E+5
1.180000E-2	1.490950E+5
1.182000E-2	1.496140E+5
1.184000E-2	1.492900E+5
1.186000E-2	1.486890E+5
1.188000E-2	1.486260E+5
1.190000E-2	1.492430E+5
1.192000E-2	1.489490E+5
1.194000E-2	1.495140E+5
1.196000E-2	1.489970E+5
1.198000E-2	1.490870E+5
1.200000E-2	1.490150E+5
1.202000E-2	1.490230E+5
1.204000E-2	1.493730E+5
1.206000E-2	1.497340E+5
1.208000E-2	1.495640E+5
1.210000E-2	1.494720E+5
1.212000E-2	1.485480E+5
1.214000E-2	1.488700E+5
1.216000E-2	1.495890E+5
1.218000E-2	1.491350E+5
1.220000E-2	1.493510E+5
1.222000E-2	1.496940E+5
1.224000E-2	1.489900E+5
1.226000E-2	1.484000E+5
1.228000E-2	1.494640E+5
1.230000E-2	1.485340E+5
1.232000E-2	1.494570E+5
1.234000E-2	1.494200E+5
1.236000E-2	1.492660E+5
1.238000E-2	1.489170E+5
1.240000E-2	1.489220E+5
1.242000E-2	1.496420E+5
1.244000E-2	1.492910E+5
1.246000E-2	1.485370E+5
1.248000E-2	1.494210E+5
1.250000E-2	1.494530E+5
1.252000E-2	1.492280E+5
1.254000E-2	1.485280E+5
1.256000E-2	1.493610E+5
1.258000E-2	1.496740E+5
1.260000E-2	1.498110E+5
1.262000E-2	1.485480E+5
1.264000E-2	1.494050E+5
1.266000E-2	1.492930E+5
1.268000E-2	1.493600E+5
1.270000E-2	1.495100E+5
1.272000E-2	1.488650E+5
1.274000E-2	1.490420E+5
1.276000E-2	1.498880E+5
1.278000E-2	1.492880E+5
1.280000E-2	1.492870E+5
1.282000E-2	1.486260E+5
1.284000E-2	1.496980E+5
1.286000E-2	1.496490E+5
1.288000E-2	1.494150E+5
1.290000E-2	1.487780E+5
1.292000E-2	1.490910E+5
1.294000E-2	1.489860E+5
1.296000E-2	1.491950E+5
1.298000E-2	1.496260E+5
1.300000E-2	1.486760E+5
1.302000E-2	1.494710E+5
1.304000E-2	1.491690E+5
1.306000E-2	1.487880E+5
1.308000E-2	1.500940E+5
1.310000E-2	1.495810E+5
1.312000E-2	1.491120E+5
1.314000E-2	1.492660E+5
1.316000E-2	1.493200E+5
1.318000E-2	1.490860E+5
1.320000E-2	1.494360E+5
1.322000E-2	1.487460E+5
1.324000E-2	1.488030E+5
1.326000E-2	1.494550E+5
1.328000E-2	1.497760E+5
1.330000E-2	1.496540E+5
1.332000E-2	1.496320E+5
1.334000E-2	1.490720E+5
1.336000E-2	1.489300E+5
1.338000E-2	1.489370E+5
1.340000E-2	1.497190E+5
1.342000E-2	1.498580E+5
1.344000E-2	1.493990E+5
1.346000E-2	1.490870E+5
1.348000E-2	1.489010E+5
1.350000E-2	1.493230E+5
1.352000E-2	1.493400E+5
1.354000E-2	1.492500E+5
1.356000E-2	1.490040E+5
1.358000E-2	1.477230E+5
1.360000E-2	1.488810E+5
1.362000E-2	1.487210E+5
1.364000E-2	1.487410E+5
1.366000E-2	1.488090E+5
1.368000E-2	1.495520E+5
1.370000E-2	1.495740E+5
1.372000E-2	1.489900E+5
1.374000E-2	1.489630E+5
1.376000E-2	1.494830E+5
1.378000E-2	1.497580E+5
1.380000E-2	1.483890E+5
1.382000E-2	1.485240E+5
1.384000E-2	1.487570E+5
1.386000E-2	1.495820E+5
1.388000E-2	1.492600E+5
1.390000E-2	1.495220E+5
1.392000E-2	1.487610E+5
1.394000E-2	1.499160E+5
1.396000E-2	1.489120E+5
1.398000E-2	1.494510E+5
1.400000E-2	1.491970E+5
1.402000E-2	1.491470E+5
1.404000E-2	1.497280E+5
1.406000E-2	1.487550E+5
1.408000E-2	1.496190E+5
1.410000E-2	1.490230E+5
1.412000E-2	1.487620E+5
1.414000E-2	1.488820E+5
1.416000E-2	1.497410E+5
1.418000E-2	1.494770E+5
1.420000E-2	1.494780E+5
1.422000E-2	1.490070E+5
1.424000E-2	1.489600E+5
1.426000E-2	1.495390E+5
1.428000E-2	1.494690E+5
1.430000E-2	1.492270E+5
1.432000E-2	1.500250E+5
1.434000E-2	1.490480E+5
1.436000E-2	1.492090E+5
1.438000E-2	1.490590E+5
1.440000E-2	1.487630E+5
1.442000E-2	1.493300E+5
1.444000E-2	1.497370E+5
1.446000E-2	1.493760E+5
1.448000E-2	1.489890E+5
1.450000E-2	1.490180E+5
1.452000E-2	1.495230E+5
1.454000E-2	1.492420E+5
1.456000E-2	1.491000E+5
1.458000E-2	1.487470E+5
1.460000E-2	1.487740E+5
1.462000E-2	1.496910E+5
1.464000E-2	1.492400E+5
1.466000E-2	1.488620E+5
1.468000E-2	1.495450E+5
1.470000E-2	1.489540E+5
1.472000E-2	1.488040E+5
1.474000E-2	1.493380E+5
1.476000E-2	1.486110E+5
1.478000E-2	1.496340E+5
1.480000E-2	1.493430E+5
1.482000E-2	1.492700E+5
1.484000E-2	1.488720E+5
1.486000E-2	1.493490E+5
1.488000E-2	1.485890E+5
1.490000E-2	1.491690E+5
1.492000E-2	1.491050E+5
1.494000E-2	1.496620E+5
1.496000E-2	1.495000E+5
1.498000E-2	1.493350E+5
1.500000E-2	1.493740E+5
1.502000E-2	1.495190E+5
1.504000E-2	1.501690E+5
1.506000E-2	1.493720E+5
1.508000E-2	1.492350E+5
1.510000E-2	1.494080E+5
1.512000E-2	1.494310E+5
1.514000E-2	1.482740E+5
1.516000E-2	1.492630E+5
1.518000E-2	1.493790E+5
1.520000E-2	1.490380E+5
1.522000E-2	1.493220E+5
1.524000E-2	1.498250E+5
1.526000E-2	1.489320E+5
1.528000E-2	1.495580E+5
1.530000E-2	1.497180E+5
1.532000E-2	1.493530E+5
1.534000E-2	1.492230E+5
1.536000E-2	1.489760E+5
1.538000E-2	1.492470E+5
1.540000E-2	1.491100E+5
1.542000E-2	1.486920E+5
1.544000E-2	1.494280E+5
1.546000E-2	1.484780E+5
1.548000E-2	1.487520E+5
1.550000E-2	1.493010E+5
1.552000E-2	1.491000E+5
1.554000E-2	1.489720E+5
1.556000E-2	1.495880E+5
1.558000E-2	1.491690E+5
1.560000E-2	1.490310E+5
1.562000E-2	1.485240E+5
1.564000E-2	1.487660E+5
1.566000E-2	1.493450E+5
1.568000E-2	1.488370E+5
1.570000E-2	1.493360E+5
1.572000E-2	1.491130E+5
1.574000E-2	1.491860E+5
1.576000E-2	1.489200E+5
1.578000E-2	1.487260E+5
1.580000E-2	1.495370E+5
1.582000E-2	1.493110E+5
1.584000E-2	1.488720E+5
1.586000E-2	1.487960E+5
1.588000E-2	1.486020E+5
1.590000E-2	1.491340E+5
1.592000E-2	1.487390E+5
1.594000E-2	1.491250E+5
1.596000E-2	1.487590E+5
1.598000E-2	1.488350E+5
1.600000E-2	1.490160E+5
1.602000E-2	1.490140E+5
1.604000E-2	1.492550E+5
1.606000E-2	1.493460E+5
1.608000E-2	1.492830E+5
1.610000E-2	1.494770E+5
1.612000E-2	1.483700E+5
1.614000E-2	1.493560E+5
1.616000E-2	1.494020E+5
1.618000E-2	1.481260E+5
1.620000E-2	1.486300E+5
1.622000E-2	1.486140E+5
1.624000E-2	1.492250E+5
1.626000E-2	1.483630E+5
1.628000E-2	1.487680E+5
1.630000E-2	1.489800E+5
1.632000E-2	1.489260E+5
1.634000E-2	1.489180E+5
1.636000E-2	1.488240E+5
1.638000E-2	1.489820E+5
1.640000E-2	1.488070E+5
1.642000E-2	1.488690E+5
1.644000E-2	1.491130E+5
1.646000E-2	1.480220E+5
1.648000E-2	1.494870E+5
1.650000E-2	1.491760E+5
1.652000E-2	1.490680E+5
1.654000E-2	1.482340E+5
1.656000E-2	1.485320E+5
1.658000E-2	1.491970E+5
1.660000E-2	1.481930E+5
1.662000E-2	1.486010E+5
1.664000E-2	1.492510E+5
1.666000E-2	1.491210E+5
1.668000E-2	1.486730E+5
1.670000E-2	1.487470E+5
1.672000E-2	1.489180E+5
1.674000E-2	1.479220E+5
1.676000E-2	1.481660E+5
1.678000E-2	1.487920E+5
1.680000E-2	1.486860E+5
1.682000E-2	1.484310E+5
1.684000E-2	1.479060E+5
1.686000E-2	1.478850E+5
1.688000E-2	1.477560E+5
1.690000E-2	1.470860E+5
1.692000E-2	1.475610E+5
1.694000E-2	1.473990E+5
1.696000E-2	1.467020E+5
1.698000E-2	1.463870E+5
1.700000E-2	1.460820E+5
1.702000E-2	1.452020E+5
1.704000E-2	1.438340E+5
1.706000E-2	1.424520E+5
1.708000E-2	1.413900E+5
1.710000E-2	1.371960E+5
1.712000E-2	1.335390E+5
1.714000E-2	1.264440E+5
1.716000E-2	1.171010E+5
1.718000E-2	1.072630E+5
1.720000E-2	9.784400E+4
1.722000E-2	9.183600E+4
1.724000E-2	9.085500E+4
1.726000E-2	9.492100E+4
1.728000E-2	1.028170E+5
1.730000E-2	1.129770E+5
1.732000E-2	1.222370E+5
1.734000E-2	1.301970E+5
1.736000E-2	1.359100E+5
1.738000E-2	1.395110E+5
1.740000E-2	1.424980E+5
1.742000E-2	1.436980E+5
1.744000E-2	1.450250E+5
1.746000E-2	1.454920E+5
1.748000E-2	1.460810E+5
1.750000E-2	1.463150E+5
1.752000E-2	1.465690E+5
1.754000E-2	1.480730E+5
1.756000E-2	1.471110E+5
1.758000E-2	1.474130E+5
1.760000E-2	1.481100E+5
1.762000E-2	1.479730E+5
1.764000E-2	1.478280E+5
1.766000E-2	1.483250E+5
1.768000E-2	1.484570E+5
1.770000E-2	1.488220E+5
1.772000E-2	1.488510E+5
1.774000E-2	1.481740E+5
1.776000E-2	1.483360E+5
1.778000E-2	1.483370E+5
1.780000E-2	1.484670E+5
1.782000E-2	1.489630E+5
1.784000E-2	1.489990E+5
1.786000E-2	1.491180E+5
1.788000E-2	1.489460E+5
1.790000E-2	1.483940E+5
1.792000E-2	1.492450E+5
1.794000E-2	1.491150E+5
1.796000E-2	1.493040E+5
1.798000E-2	1.487230E+5
1.800000E-2	1.488910E+5
1.802000E-2	1.485230E+5
1.804000E-2	1.491570E+5
1.806000E-2	1.490050E+5
1.808000E-2	1.487800E+5
1.810000E-2	1.488770E+5
1.812000E-2	1.491770E+5
1.814000E-2	1.487910E+5
1.816000E-2	1.490020E+5
1.818000E-2	1.487350E+5
1.820000E-2	1.492910E+5
1.822000E-2	1.482550E+5
1.824000E-2	1.487410E+5
1.826000E-2	1.486530E+5
1.828000E-2	1.490500E+5
1.830000E-2	1.488630E+5
1.832000E-2	1.491490E+5
1.834000E-2	1.493830E+5
1.836000E-2	1.481360E+5
1.838000E-2	1.492220E+5
1.840000E-2	1.496830E+5
1.842000E-2	1.492050E+5
1.844000E-2	1.496610E+5
1.846000E-2	1.491860E+5
1.848000E-2	1.481610E+5
1.850000E-2	1.488810E+5
1.852000E-2	1.489060E+5
1.854000E-2	1.487710E+5
1.856000E-2	1.493070E+5
1.858000E-2	1.484630E+5
1.860000E-2	1.491140E+5
1.862000E-2	1.492550E+5
1.864000E-2	1.501570E+5
1.866000E-2	1.482840E+5
1.868000E-2	1.493720E+5
1.870000E-2	1.492260E+5
1.872000E-2	1.491610E+5
1.874000E-2	1.491580E+5
1.876000E-2	1.486400E+5
1.878000E-2	1.486060E+5
1.880000E-2	1.489920E+5
1.882000E-2	1.492330E+5
1.884000E-2	1.488170E+5
1.886000E-2	1.493690E+5
1.888000E-2	1.488350E+5
1.890000E-2	1.487100E+5
1.892000E-2	1.488970E+5
1.894000E-2	1.489630E+5
1.896000E-2	1.491500E+5
1.898000E-2	1.498700E+5
1.900000E-2	1.490220E+5
1.902000E-2	1.486080E+5
1.904000E-2	1.490990E+5
1.906000E-2	1.491540E+5
1.908000E-2	1.494760E+5
1.910000E-2	1.481660E+5
1.912000E-2	1.491200E+5
1.914000E-2	1.494710E+5
1.916000E-2	1.489670E+5
1.918000E-2	1.488890E+5
1.920000E-2	1.485620E+5
1.922000E-2	1.488140E+5
1.924000E-2	1.498080E+5
1.926000E-2	1.490200E+5
1.928000E-2	1.493160E+5
1.930000E-2	1.488620E+5
1.932000E-2	1.496400E+5
1.934000E-2	1.496320E+5
1.936000E-2	1.488870E+5
1.938000E-2	1.492540E+5
1.940000E-2	1.485280E+5
1.942000E-2	1.491560E+5
1.944000E-2	1.493440E+5
1.946000E-2	1.492460E+5
1.948000E-2	1.491130E+5
1.950000E-2	1.493220E+5
1.952000E-2	1.488740E+5
1.954000E-2	1.490190E+5
1.956000E-2	1.492240E+5
1.958000E-2	1.487570E+5
1.960000E-2	1.488300E+5
1.962000E-2	1.488860E+5
1.964000E-2	1.492900E+5
1.966000E-2	1.490380E+5
1.968000E-2	1.493700E+5
1.970000E-2	1.497940E+5
1.972000E-2	1.487130E+5
1.974000E-2	1.489550E+5
1.976000E-2	1.485850E+5
1.978000E-2	1.493060E+5
1.980000E-2	1.491590E+5
1.982000E-2	1.494130E+5
1.984000E-2	1.488740E+5
1.986000E-2	1.495850E+5
1.988000E-2	1.496760E+5
1.990000E-2	1.494920E+5
1.992000E-2	1.494540E+5
1.994000E-2	1.495300E+5
1.996000E-2	1.493010E+5
1.998000E-2	1.492050E+5
